PageNumber,PageCount,ResultCount,ResultDateTime
1,1,26084,2021-01-28T13:20:48.1620537-07:00
stationNum,siteId,measType,measDate,value,flagA,flagB,flagC,flagD,dataSource,modified,measUnit
37,USC00051772,Snow,1940-03-01T00:00:00.0000000-07:00,0.000000,,,6,,NOAA,2013-03-29T15:47:48.0770000-06:00,in
37,USC00051772,Snow,1940-03-02T00:00:00.0000000-07:00,0.000000,,,6,,NOAA,2013-03-29T15:47:48.0770000-06:00,in
37,USC00051772,Snow,1940-03-03T00:00:00.0000000-07:00,0.000000,,,6,,NOAA,2013-03-29T15:47:48.0770000-06:00,in
37,USC00051772,Snow,1940-03-04T00:00:00.0000000-07:00,0.000000,,,6,,NOAA,2013-03-29T15:47:48.0770000-06:00,in
37,USC00051772,Snow,1940-03-05T00:00:00.0000000-07:00,0.984252,,,6,,NOAA,2013-03-29T15:47:48.0770000-06:00,in
37,USC00051772,Snow,1940-03-06T00:00:00.0000000-07:00,0.000000,,,6,,NOAA,2013-03-29T15:47:48.0770000-06:00,in
37,USC00051772,Snow,1940-03-07T00:00:00.0000000-07:00,0.000000,,,6,,NOAA,2013-03-29T15:47:48.0770000-06:00,in
37,USC00051772,Snow,1940-03-08T00:00:00.0000000-07:00,0.000000,,,6,,NOAA,2013-03-29T15:47:48.0770000-06:00,in
37,USC00051772,Snow,1940-03-09T00:00:00.0000000-07:00,0.000000,,,6,,NOAA,2013-03-29T15:47:48.0770000-06:00,in
37,USC00051772,Snow,1940-03-10T00:00:00.0000000-07:00,0.000000,,,6,,NOAA,2013-03-29T15:47:48.0770000-06:00,in
37,USC00051772,Snow,1940-03-11T00:00:00.0000000-07:00,0.000000,T,,6,,NOAA,2013-03-29T15:47:48.0770000-06:00,in
37,USC00051772,Snow,1940-03-12T00:00:00.0000000-07:00,2.992126,,,6,,NOAA,2013-03-29T15:47:48.0770000-06:00,in
37,USC00051772,Snow,1940-03-13T00:00:00.0000000-07:00,0.000000,,,6,,NOAA,2013-03-29T15:47:48.0770000-06:00,in
37,USC00051772,Snow,1940-03-14T00:00:00.0000000-07:00,0.000000,,,6,,NOAA,2013-03-29T15:47:48.0770000-06:00,in
37,USC00051772,Snow,1940-03-15T00:00:00.0000000-07:00,0.000000,,,6,,NOAA,2013-03-29T15:47:48.0770000-06:00,in
37,USC00051772,Snow,1940-03-16T00:00:00.0000000-07:00,0.000000,,,6,,NOAA,2013-03-29T15:47:48.0770000-06:00,in
37,USC00051772,Snow,1940-03-17T00:00:00.0000000-07:00,0.000000,,,6,,NOAA,2013-03-29T15:47:48.0770000-06:00,in
37,USC00051772,Snow,1940-03-18T00:00:00.0000000-07:00,0.000000,,,6,,NOAA,2013-03-29T15:47:48.0770000-06:00,in
37,USC00051772,Snow,1940-03-19T00:00:00.0000000-07:00,0.000000,,,6,,NOAA,2013-03-29T15:47:48.0770000-06:00,in
37,USC00051772,Snow,1940-03-20T00:00:00.0000000-07:00,0.000000,,,6,,NOAA,2013-03-29T15:47:48.0770000-06:00,in
37,USC00051772,Snow,1940-03-21T00:00:00.0000000-07:00,0.000000,,,6,,NOAA,2013-03-29T15:47:48.0770000-06:00,in
37,USC00051772,Snow,1940-03-22T00:00:00.0000000-07:00,0.000000,,,6,,NOAA,2013-03-29T15:47:48.0770000-06:00,in
37,USC00051772,Snow,1940-03-23T00:00:00.0000000-07:00,0.000000,,,6,,NOAA,2013-03-29T15:47:48.0770000-06:00,in
37,USC00051772,Snow,1940-03-24T00:00:00.0000000-07:00,0.000000,,,6,,NOAA,2013-03-29T15:47:48.0770000-06:00,in
37,USC00051772,Snow,1940-03-25T00:00:00.0000000-07:00,0.000000,,,6,,NOAA,2013-03-29T15:47:48.0770000-06:00,in
37,USC00051772,Snow,1940-03-26T00:00:00.0000000-07:00,0.000000,,,6,,NOAA,2013-03-29T15:47:48.0770000-06:00,in
37,USC00051772,Snow,1940-03-27T00:00:00.0000000-07:00,0.000000,T,,6,,NOAA,2013-03-29T15:47:48.0770000-06:00,in
37,USC00051772,Snow,1940-03-28T00:00:00.0000000-07:00,5.000000,,,6,,NOAA,2013-03-29T15:47:48.0770000-06:00,in
37,USC00051772,Snow,1940-03-29T00:00:00.0000000-07:00,0.000000,,,6,,NOAA,2013-03-29T15:47:48.0770000-06:00,in
37,USC00051772,Snow,1940-03-30T00:00:00.0000000-07:00,0.000000,,,6,,NOAA,2013-03-29T15:47:48.0770000-06:00,in
37,USC00051772,Snow,1940-03-31T00:00:00.0000000-07:00,0.000000,,,6,,NOAA,2013-03-29T15:47:48.0770000-06:00,in
37,USC00051772,Snow,1940-04-01T00:00:00.0000000-07:00,0.000000,,,6,,NOAA,2013-03-29T15:47:48.0770000-06:00,in
37,USC00051772,Snow,1940-04-02T00:00:00.0000000-07:00,0.000000,T,,6,,NOAA,2013-03-29T15:47:48.0770000-06:00,in
37,USC00051772,Snow,1940-04-03T00:00:00.0000000-07:00,0.000000,,,6,,NOAA,2013-03-29T15:47:48.0770000-06:00,in
37,USC00051772,Snow,1940-04-04T00:00:00.0000000-07:00,0.000000,,,6,,NOAA,2013-03-29T15:47:48.0770000-06:00,in
37,USC00051772,Snow,1940-04-05T00:00:00.0000000-07:00,0.000000,,,6,,NOAA,2013-03-29T15:47:48.0770000-06:00,in
37,USC00051772,Snow,1940-04-06T00:00:00.0000000-07:00,0.000000,,,6,,NOAA,2013-03-29T15:47:48.0770000-06:00,in
37,USC00051772,Snow,1940-04-07T00:00:00.0000000-07:00,0.000000,,,6,,NOAA,2013-03-29T15:47:48.0770000-06:00,in
37,USC00051772,Snow,1940-04-08T00:00:00.0000000-06:00,0.000000,,,6,,NOAA,2013-03-29T15:47:48.0770000-06:00,in
37,USC00051772,Snow,1940-04-09T00:00:00.0000000-06:00,0.000000,,,6,,NOAA,2013-03-29T15:47:48.0770000-06:00,in
37,USC00051772,Snow,1940-04-10T00:00:00.0000000-06:00,0.000000,,,6,,NOAA,2013-03-29T15:47:48.0770000-06:00,in
37,USC00051772,Snow,1940-04-11T00:00:00.0000000-06:00,0.000000,,,6,,NOAA,2013-03-29T15:47:48.0770000-06:00,in
37,USC00051772,Snow,1940-04-12T00:00:00.0000000-06:00,0.000000,,,6,,NOAA,2013-03-29T15:47:48.0770000-06:00,in
37,USC00051772,Snow,1940-04-13T00:00:00.0000000-06:00,0.000000,,,6,,NOAA,2013-03-29T15:47:48.0770000-06:00,in
37,USC00051772,Snow,1940-04-14T00:00:00.0000000-06:00,0.000000,,,6,,NOAA,2013-03-29T15:47:48.0770000-06:00,in
37,USC00051772,Snow,1940-04-15T00:00:00.0000000-06:00,0.000000,,,6,,NOAA,2013-03-29T15:47:48.0770000-06:00,in
37,USC00051772,Snow,1940-04-16T00:00:00.0000000-06:00,0.000000,,,6,,NOAA,2013-03-29T15:47:48.0770000-06:00,in
37,USC00051772,Snow,1940-04-17T00:00:00.0000000-06:00,0.000000,,,6,,NOAA,2013-03-29T15:47:48.0770000-06:00,in
37,USC00051772,Snow,1940-04-18T00:00:00.0000000-06:00,0.000000,,,6,,NOAA,2013-03-29T15:47:48.0770000-06:00,in
37,USC00051772,Snow,1940-04-19T00:00:00.0000000-06:00,0.000000,,,6,,NOAA,2013-03-29T15:47:48.0770000-06:00,in
37,USC00051772,Snow,1940-04-20T00:00:00.0000000-06:00,0.000000,,,6,,NOAA,2013-03-29T15:47:48.0770000-06:00,in
37,USC00051772,Snow,1940-04-21T00:00:00.0000000-06:00,0.000000,,,6,,NOAA,2013-03-29T15:47:48.0770000-06:00,in
37,USC00051772,Snow,1940-04-22T00:00:00.0000000-06:00,0.000000,,,6,,NOAA,2013-03-29T15:47:48.0770000-06:00,in
37,USC00051772,Snow,1940-04-23T00:00:00.0000000-06:00,0.000000,,,6,,NOAA,2013-03-29T15:47:48.0770000-06:00,in
37,USC00051772,Snow,1940-04-24T00:00:00.0000000-06:00,0.000000,,,6,,NOAA,2013-03-29T15:47:48.0770000-06:00,in
37,USC00051772,Snow,1940-04-25T00:00:00.0000000-06:00,0.000000,,,6,,NOAA,2013-03-29T15:47:48.0770000-06:00,in
37,USC00051772,Snow,1940-04-26T00:00:00.0000000-06:00,0.000000,,,6,,NOAA,2013-03-29T15:47:48.0770000-06:00,in
37,USC00051772,Snow,1940-04-27T00:00:00.0000000-06:00,0.000000,,,6,,NOAA,2013-03-29T15:47:48.0770000-06:00,in
37,USC00051772,Snow,1940-04-28T00:00:00.0000000-06:00,0.000000,,,6,,NOAA,2013-03-29T15:47:48.0770000-06:00,in
37,USC00051772,Snow,1940-04-29T00:00:00.0000000-06:00,0.000000,,,6,,NOAA,2013-03-29T15:47:48.0770000-06:00,in
37,USC00051772,Snow,1940-04-30T00:00:00.0000000-06:00,0.000000,,,6,,NOAA,2013-03-29T15:47:48.0770000-06:00,in
37,USC00051772,Snow,1940-05-01T00:00:00.0000000-06:00,0.000000,,,6,,NOAA,2013-03-29T15:47:48.0770000-06:00,in
37,USC00051772,Snow,1940-05-02T00:00:00.0000000-06:00,0.000000,,,6,,NOAA,2013-03-29T15:47:48.0770000-06:00,in
37,USC00051772,Snow,1940-05-03T00:00:00.0000000-06:00,0.000000,,,6,,NOAA,2013-03-29T15:47:48.0770000-06:00,in
37,USC00051772,Snow,1940-05-04T00:00:00.0000000-06:00,0.000000,,,6,,NOAA,2013-03-29T15:47:48.0770000-06:00,in
37,USC00051772,Snow,1940-05-05T00:00:00.0000000-06:00,0.000000,,,6,,NOAA,2013-03-29T15:47:48.0770000-06:00,in
37,USC00051772,Snow,1940-05-06T00:00:00.0000000-06:00,0.000000,,,6,,NOAA,2013-03-29T15:47:48.0770000-06:00,in
37,USC00051772,Snow,1940-05-07T00:00:00.0000000-06:00,0.000000,,,6,,NOAA,2013-03-29T15:47:48.0770000-06:00,in
37,USC00051772,Snow,1940-05-08T00:00:00.0000000-06:00,0.000000,,,6,,NOAA,2013-03-29T15:47:48.0770000-06:00,in
37,USC00051772,Snow,1940-05-09T00:00:00.0000000-06:00,0.000000,,,6,,NOAA,2013-03-29T15:47:48.0770000-06:00,in
37,USC00051772,Snow,1940-05-10T00:00:00.0000000-06:00,0.000000,,,6,,NOAA,2013-03-29T15:47:48.0770000-06:00,in
37,USC00051772,Snow,1940-05-11T00:00:00.0000000-06:00,0.000000,,,6,,NOAA,2013-03-29T15:47:48.0770000-06:00,in
37,USC00051772,Snow,1940-05-12T00:00:00.0000000-06:00,0.000000,,,6,,NOAA,2013-03-29T15:47:48.0770000-06:00,in
37,USC00051772,Snow,1940-05-13T00:00:00.0000000-06:00,0.000000,,,6,,NOAA,2013-03-29T15:47:48.0770000-06:00,in
37,USC00051772,Snow,1940-05-14T00:00:00.0000000-06:00,0.000000,,,6,,NOAA,2013-03-29T15:47:48.0770000-06:00,in
37,USC00051772,Snow,1940-05-15T00:00:00.0000000-06:00,0.000000,,,6,,NOAA,2013-03-29T15:47:48.0770000-06:00,in
37,USC00051772,Snow,1940-05-16T00:00:00.0000000-06:00,0.000000,,,6,,NOAA,2013-03-29T15:47:48.0770000-06:00,in
37,USC00051772,Snow,1940-05-17T00:00:00.0000000-06:00,0.000000,,,6,,NOAA,2013-03-29T15:47:48.0770000-06:00,in
37,USC00051772,Snow,1940-05-18T00:00:00.0000000-06:00,0.000000,,,6,,NOAA,2013-03-29T15:47:48.0770000-06:00,in
37,USC00051772,Snow,1940-05-19T00:00:00.0000000-06:00,0.000000,,,6,,NOAA,2013-03-29T15:47:48.0770000-06:00,in
37,USC00051772,Snow,1940-05-20T00:00:00.0000000-06:00,0.000000,,,6,,NOAA,2013-03-29T15:47:48.0770000-06:00,in
37,USC00051772,Snow,1940-05-21T00:00:00.0000000-06:00,0.000000,,,6,,NOAA,2013-03-29T15:47:48.0770000-06:00,in
37,USC00051772,Snow,1940-05-22T00:00:00.0000000-06:00,0.000000,,,6,,NOAA,2013-03-29T15:47:48.0770000-06:00,in
37,USC00051772,Snow,1940-05-23T00:00:00.0000000-06:00,0.000000,,,6,,NOAA,2013-03-29T15:47:48.0770000-06:00,in
37,USC00051772,Snow,1940-05-24T00:00:00.0000000-06:00,0.000000,,,6,,NOAA,2013-03-29T15:47:48.0770000-06:00,in
37,USC00051772,Snow,1940-05-25T00:00:00.0000000-06:00,0.000000,,,6,,NOAA,2013-03-29T15:47:48.0770000-06:00,in
37,USC00051772,Snow,1940-05-26T00:00:00.0000000-06:00,0.000000,,,6,,NOAA,2013-03-29T15:47:48.0770000-06:00,in
37,USC00051772,Snow,1940-05-27T00:00:00.0000000-06:00,0.000000,,,6,,NOAA,2013-03-29T15:47:48.0770000-06:00,in
37,USC00051772,Snow,1940-05-28T00:00:00.0000000-06:00,0.000000,,,6,,NOAA,2013-03-29T15:47:48.0770000-06:00,in
37,USC00051772,Snow,1940-05-29T00:00:00.0000000-06:00,0.000000,,,6,,NOAA,2013-03-29T15:47:48.0770000-06:00,in
37,USC00051772,Snow,1940-05-30T00:00:00.0000000-06:00,0.000000,,,6,,NOAA,2013-03-29T15:47:48.0770000-06:00,in
37,USC00051772,Snow,1940-05-31T00:00:00.0000000-06:00,0.000000,,,6,,NOAA,2013-03-29T15:47:48.0770000-06:00,in
37,USC00051772,Snow,1940-06-01T00:00:00.0000000-06:00,0.000000,,,6,,NOAA,2013-03-29T15:47:48.0770000-06:00,in
37,USC00051772,Snow,1940-06-02T00:00:00.0000000-06:00,0.000000,,,6,,NOAA,2013-03-29T15:47:48.0770000-06:00,in
37,USC00051772,Snow,1940-06-03T00:00:00.0000000-06:00,0.000000,,,6,,NOAA,2013-03-29T15:47:48.0770000-06:00,in
37,USC00051772,Snow,1940-06-04T00:00:00.0000000-06:00,0.000000,,,6,,NOAA,2013-03-29T15:47:48.0770000-06:00,in
37,USC00051772,Snow,1940-06-05T00:00:00.0000000-06:00,0.000000,,,6,,NOAA,2013-03-29T15:47:48.0770000-06:00,in
37,USC00051772,Snow,1940-06-06T00:00:00.0000000-06:00,0.000000,,,6,,NOAA,2013-03-29T15:47:48.0770000-06:00,in
37,USC00051772,Snow,1940-06-07T00:00:00.0000000-06:00,0.000000,,,6,,NOAA,2013-03-29T15:47:48.0770000-06:00,in
37,USC00051772,Snow,1940-06-08T00:00:00.0000000-06:00,0.000000,,,6,,NOAA,2013-03-29T15:47:48.0770000-06:00,in
37,USC00051772,Snow,1940-06-09T00:00:00.0000000-06:00,0.000000,,,6,,NOAA,2013-03-29T15:47:48.0770000-06:00,in
37,USC00051772,Snow,1940-06-10T00:00:00.0000000-06:00,0.000000,,,6,,NOAA,2013-03-29T15:47:48.0770000-06:00,in
37,USC00051772,Snow,1940-06-11T00:00:00.0000000-06:00,0.000000,,,6,,NOAA,2013-03-29T15:47:48.0770000-06:00,in
37,USC00051772,Snow,1940-06-12T00:00:00.0000000-06:00,0.000000,,,6,,NOAA,2013-03-29T15:47:48.0770000-06:00,in
37,USC00051772,Snow,1940-06-13T00:00:00.0000000-06:00,0.000000,,,6,,NOAA,2013-03-29T15:47:48.0770000-06:00,in
37,USC00051772,Snow,1940-06-14T00:00:00.0000000-06:00,0.000000,,,6,,NOAA,2013-03-29T15:47:48.0770000-06:00,in
37,USC00051772,Snow,1940-06-15T00:00:00.0000000-06:00,0.000000,,,6,,NOAA,2013-03-29T15:47:48.0770000-06:00,in
37,USC00051772,Snow,1940-06-16T00:00:00.0000000-06:00,0.000000,,,6,,NOAA,2013-03-29T15:47:48.0770000-06:00,in
37,USC00051772,Snow,1940-06-17T00:00:00.0000000-06:00,0.000000,,,6,,NOAA,2013-03-29T15:47:48.0770000-06:00,in
37,USC00051772,Snow,1940-06-18T00:00:00.0000000-06:00,0.000000,,,6,,NOAA,2013-03-29T15:47:48.0770000-06:00,in
37,USC00051772,Snow,1940-06-19T00:00:00.0000000-06:00,0.000000,,,6,,NOAA,2013-03-29T15:47:48.0770000-06:00,in
37,USC00051772,Snow,1940-06-20T00:00:00.0000000-06:00,0.000000,,,6,,NOAA,2013-03-29T15:47:48.0770000-06:00,in
37,USC00051772,Snow,1940-06-21T00:00:00.0000000-06:00,0.000000,,,6,,NOAA,2013-03-29T15:47:48.0770000-06:00,in
37,USC00051772,Snow,1940-06-22T00:00:00.0000000-06:00,0.000000,,,6,,NOAA,2013-03-29T15:47:48.0770000-06:00,in
37,USC00051772,Snow,1940-06-23T00:00:00.0000000-06:00,0.000000,,,6,,NOAA,2013-03-29T15:47:48.0770000-06:00,in
37,USC00051772,Snow,1940-06-24T00:00:00.0000000-06:00,0.000000,,,6,,NOAA,2013-03-29T15:47:48.0770000-06:00,in
37,USC00051772,Snow,1940-06-25T00:00:00.0000000-06:00,0.000000,,,6,,NOAA,2013-03-29T15:47:48.0770000-06:00,in
37,USC00051772,Snow,1940-06-26T00:00:00.0000000-06:00,0.000000,,,6,,NOAA,2013-03-29T15:47:48.0770000-06:00,in
37,USC00051772,Snow,1940-06-27T00:00:00.0000000-06:00,0.000000,,,6,,NOAA,2013-03-29T15:47:48.0770000-06:00,in
37,USC00051772,Snow,1940-06-28T00:00:00.0000000-06:00,0.000000,,,6,,NOAA,2013-03-29T15:47:48.0770000-06:00,in
37,USC00051772,Snow,1940-06-29T00:00:00.0000000-06:00,0.000000,,,6,,NOAA,2013-03-29T15:47:48.0770000-06:00,in
37,USC00051772,Snow,1940-06-30T00:00:00.0000000-06:00,0.000000,,,6,,NOAA,2013-03-29T15:47:48.0770000-06:00,in
37,USC00051772,Snow,1940-07-01T00:00:00.0000000-06:00,0.000000,,,6,,NOAA,2013-03-29T15:47:48.0770000-06:00,in
37,USC00051772,Snow,1940-07-02T00:00:00.0000000-06:00,0.000000,,,6,,NOAA,2013-03-29T15:47:48.0770000-06:00,in
37,USC00051772,Snow,1940-07-03T00:00:00.0000000-06:00,0.000000,,,6,,NOAA,2013-03-29T15:47:48.0770000-06:00,in
37,USC00051772,Snow,1940-07-04T00:00:00.0000000-06:00,0.000000,,,6,,NOAA,2013-03-29T15:47:48.0770000-06:00,in
37,USC00051772,Snow,1940-07-05T00:00:00.0000000-06:00,0.000000,,,6,,NOAA,2013-03-29T15:47:48.0770000-06:00,in
37,USC00051772,Snow,1940-07-06T00:00:00.0000000-06:00,0.000000,,,6,,NOAA,2013-03-29T15:47:48.0770000-06:00,in
37,USC00051772,Snow,1940-07-07T00:00:00.0000000-06:00,0.000000,,,6,,NOAA,2013-03-29T15:47:48.0770000-06:00,in
37,USC00051772,Snow,1940-07-08T00:00:00.0000000-06:00,0.000000,,,6,,NOAA,2013-03-29T15:47:48.0770000-06:00,in
37,USC00051772,Snow,1940-07-09T00:00:00.0000000-06:00,0.000000,,,6,,NOAA,2013-03-29T15:47:48.0770000-06:00,in
37,USC00051772,Snow,1940-07-10T00:00:00.0000000-06:00,0.000000,,,6,,NOAA,2013-03-29T15:47:48.0770000-06:00,in
37,USC00051772,Snow,1940-07-11T00:00:00.0000000-06:00,0.000000,,,6,,NOAA,2013-03-29T15:47:48.0770000-06:00,in
37,USC00051772,Snow,1940-07-12T00:00:00.0000000-06:00,0.000000,,,6,,NOAA,2013-03-29T15:47:48.0770000-06:00,in
37,USC00051772,Snow,1940-07-13T00:00:00.0000000-06:00,0.000000,,,6,,NOAA,2013-03-29T15:47:48.0770000-06:00,in
37,USC00051772,Snow,1940-07-14T00:00:00.0000000-06:00,0.000000,,,6,,NOAA,2013-03-29T15:47:48.0770000-06:00,in
37,USC00051772,Snow,1940-07-15T00:00:00.0000000-06:00,0.000000,,,6,,NOAA,2013-03-29T15:47:48.0770000-06:00,in
37,USC00051772,Snow,1940-07-16T00:00:00.0000000-06:00,0.000000,,,6,,NOAA,2013-03-29T15:47:48.0770000-06:00,in
37,USC00051772,Snow,1940-07-17T00:00:00.0000000-06:00,0.000000,,,6,,NOAA,2013-03-29T15:47:48.0770000-06:00,in
37,USC00051772,Snow,1940-07-18T00:00:00.0000000-06:00,0.000000,,,6,,NOAA,2013-03-29T15:47:48.0770000-06:00,in
37,USC00051772,Snow,1940-07-19T00:00:00.0000000-06:00,0.000000,,,6,,NOAA,2013-03-29T15:47:48.0770000-06:00,in
37,USC00051772,Snow,1940-07-20T00:00:00.0000000-06:00,0.000000,,,6,,NOAA,2013-03-29T15:47:48.0770000-06:00,in
37,USC00051772,Snow,1940-07-21T00:00:00.0000000-06:00,0.000000,,,6,,NOAA,2013-03-29T15:47:48.0770000-06:00,in
37,USC00051772,Snow,1940-07-22T00:00:00.0000000-06:00,0.000000,,,6,,NOAA,2013-03-29T15:47:48.0770000-06:00,in
37,USC00051772,Snow,1940-07-23T00:00:00.0000000-06:00,0.000000,,,6,,NOAA,2013-03-29T15:47:48.0770000-06:00,in
37,USC00051772,Snow,1940-07-24T00:00:00.0000000-06:00,0.000000,,,6,,NOAA,2013-03-29T15:47:48.0770000-06:00,in
37,USC00051772,Snow,1940-07-25T00:00:00.0000000-06:00,0.000000,,,6,,NOAA,2013-03-29T15:47:48.0770000-06:00,in
37,USC00051772,Snow,1940-07-26T00:00:00.0000000-06:00,0.000000,,,6,,NOAA,2013-03-29T15:47:48.0770000-06:00,in
37,USC00051772,Snow,1940-07-27T00:00:00.0000000-06:00,0.000000,,,6,,NOAA,2013-03-29T15:47:48.0770000-06:00,in
37,USC00051772,Snow,1940-07-28T00:00:00.0000000-06:00,0.000000,,,6,,NOAA,2013-03-29T15:47:48.0770000-06:00,in
37,USC00051772,Snow,1940-07-29T00:00:00.0000000-06:00,0.000000,,,6,,NOAA,2013-03-29T15:47:48.0770000-06:00,in
37,USC00051772,Snow,1940-07-30T00:00:00.0000000-06:00,0.000000,,,6,,NOAA,2013-03-29T15:47:48.0770000-06:00,in
37,USC00051772,Snow,1940-07-31T00:00:00.0000000-06:00,0.000000,,,6,,NOAA,2013-03-29T15:47:48.0770000-06:00,in
37,USC00051772,Snow,1940-08-01T00:00:00.0000000-06:00,0.000000,,,6,,NOAA,2013-03-29T15:47:48.0770000-06:00,in
37,USC00051772,Snow,1940-08-02T00:00:00.0000000-06:00,0.000000,,,6,,NOAA,2013-03-29T15:47:48.0770000-06:00,in
37,USC00051772,Snow,1940-08-03T00:00:00.0000000-06:00,0.000000,,,6,,NOAA,2013-03-29T15:47:48.0770000-06:00,in
37,USC00051772,Snow,1940-08-04T00:00:00.0000000-06:00,0.000000,,,6,,NOAA,2013-03-29T15:47:48.0770000-06:00,in
37,USC00051772,Snow,1940-08-05T00:00:00.0000000-06:00,0.000000,,,6,,NOAA,2013-03-29T15:47:48.0770000-06:00,in
37,USC00051772,Snow,1940-08-06T00:00:00.0000000-06:00,0.000000,,,6,,NOAA,2013-03-29T15:47:48.0770000-06:00,in
37,USC00051772,Snow,1940-08-07T00:00:00.0000000-06:00,0.000000,,,6,,NOAA,2013-03-29T15:47:48.0770000-06:00,in
37,USC00051772,Snow,1940-08-08T00:00:00.0000000-06:00,0.000000,,,6,,NOAA,2013-03-29T15:47:48.0770000-06:00,in
37,USC00051772,Snow,1940-08-09T00:00:00.0000000-06:00,0.000000,,,6,,NOAA,2013-03-29T15:47:48.0770000-06:00,in
37,USC00051772,Snow,1940-08-10T00:00:00.0000000-06:00,0.000000,,,6,,NOAA,2013-03-29T15:47:48.0770000-06:00,in
37,USC00051772,Snow,1940-08-11T00:00:00.0000000-06:00,0.000000,,,6,,NOAA,2013-03-29T15:47:48.0770000-06:00,in
37,USC00051772,Snow,1940-08-12T00:00:00.0000000-06:00,0.000000,,,6,,NOAA,2013-03-29T15:47:48.0770000-06:00,in
37,USC00051772,Snow,1940-08-13T00:00:00.0000000-06:00,0.000000,,,6,,NOAA,2013-03-29T15:47:48.0770000-06:00,in
37,USC00051772,Snow,1940-08-14T00:00:00.0000000-06:00,0.000000,,,6,,NOAA,2013-03-29T15:47:48.0770000-06:00,in
37,USC00051772,Snow,1940-08-15T00:00:00.0000000-06:00,0.000000,,,6,,NOAA,2013-03-29T15:47:48.0770000-06:00,in
37,USC00051772,Snow,1940-08-16T00:00:00.0000000-06:00,0.000000,,,6,,NOAA,2013-03-29T15:47:48.0770000-06:00,in
37,USC00051772,Snow,1940-08-17T00:00:00.0000000-06:00,0.000000,,,6,,NOAA,2013-03-29T15:47:48.0770000-06:00,in
37,USC00051772,Snow,1940-08-18T00:00:00.0000000-06:00,0.000000,,,6,,NOAA,2013-03-29T15:47:48.0770000-06:00,in
37,USC00051772,Snow,1940-08-19T00:00:00.0000000-06:00,0.000000,,,6,,NOAA,2013-03-29T15:47:48.0770000-06:00,in
37,USC00051772,Snow,1940-08-20T00:00:00.0000000-06:00,0.000000,,,6,,NOAA,2013-03-29T15:47:48.0770000-06:00,in
37,USC00051772,Snow,1940-08-21T00:00:00.0000000-06:00,0.000000,,,6,,NOAA,2013-03-29T15:47:48.0770000-06:00,in
37,USC00051772,Snow,1940-08-22T00:00:00.0000000-06:00,0.000000,,,6,,NOAA,2013-03-29T15:47:48.0770000-06:00,in
37,USC00051772,Snow,1940-08-23T00:00:00.0000000-06:00,0.000000,,,6,,NOAA,2013-03-29T15:47:48.0770000-06:00,in
37,USC00051772,Snow,1940-08-24T00:00:00.0000000-06:00,0.000000,,,6,,NOAA,2013-03-29T15:47:48.0770000-06:00,in
37,USC00051772,Snow,1940-08-25T00:00:00.0000000-06:00,0.000000,,,6,,NOAA,2013-03-29T15:47:48.0770000-06:00,in
37,USC00051772,Snow,1940-08-26T00:00:00.0000000-06:00,0.000000,,,6,,NOAA,2013-03-29T15:47:48.0770000-06:00,in
37,USC00051772,Snow,1940-08-27T00:00:00.0000000-06:00,0.000000,,,6,,NOAA,2013-03-29T15:47:48.0770000-06:00,in
37,USC00051772,Snow,1940-08-28T00:00:00.0000000-06:00,0.000000,,,6,,NOAA,2013-03-29T15:47:48.0770000-06:00,in
37,USC00051772,Snow,1940-08-29T00:00:00.0000000-06:00,0.000000,,,6,,NOAA,2013-03-29T15:47:48.0770000-06:00,in
37,USC00051772,Snow,1940-08-30T00:00:00.0000000-06:00,0.000000,,,6,,NOAA,2013-03-29T15:47:48.0770000-06:00,in
37,USC00051772,Snow,1940-08-31T00:00:00.0000000-06:00,0.000000,,,6,,NOAA,2013-03-29T15:47:48.0770000-06:00,in
37,USC00051772,Snow,1940-09-01T00:00:00.0000000-06:00,0.000000,,,6,,NOAA,2013-03-29T15:47:48.0770000-06:00,in
37,USC00051772,Snow,1940-09-02T00:00:00.0000000-06:00,0.000000,,,6,,NOAA,2013-03-29T15:47:48.0770000-06:00,in
37,USC00051772,Snow,1940-09-03T00:00:00.0000000-06:00,0.000000,,,6,,NOAA,2013-03-29T15:47:48.0770000-06:00,in
37,USC00051772,Snow,1940-09-04T00:00:00.0000000-06:00,0.000000,,,6,,NOAA,2013-03-29T15:47:48.0770000-06:00,in
37,USC00051772,Snow,1940-09-05T00:00:00.0000000-06:00,0.000000,,,6,,NOAA,2013-03-29T15:47:48.0770000-06:00,in
37,USC00051772,Snow,1940-09-06T00:00:00.0000000-06:00,0.000000,,,6,,NOAA,2013-03-29T15:47:48.0770000-06:00,in
37,USC00051772,Snow,1940-09-07T00:00:00.0000000-06:00,0.000000,,,6,,NOAA,2013-03-29T15:47:48.0770000-06:00,in
37,USC00051772,Snow,1940-09-08T00:00:00.0000000-06:00,0.000000,,,6,,NOAA,2013-03-29T15:47:48.0770000-06:00,in
37,USC00051772,Snow,1940-09-09T00:00:00.0000000-06:00,0.000000,,,6,,NOAA,2013-03-29T15:47:48.0770000-06:00,in
37,USC00051772,Snow,1940-09-10T00:00:00.0000000-06:00,0.000000,,,6,,NOAA,2013-03-29T15:47:48.0770000-06:00,in
37,USC00051772,Snow,1940-09-11T00:00:00.0000000-06:00,0.000000,,,6,,NOAA,2013-03-29T15:47:48.0770000-06:00,in
37,USC00051772,Snow,1940-09-12T00:00:00.0000000-06:00,0.000000,,,6,,NOAA,2013-03-29T15:47:48.0770000-06:00,in
37,USC00051772,Snow,1940-09-13T00:00:00.0000000-06:00,0.000000,,,6,,NOAA,2013-03-29T15:47:48.0770000-06:00,in
37,USC00051772,Snow,1940-09-14T00:00:00.0000000-06:00,0.000000,,,6,,NOAA,2013-03-29T15:47:48.0770000-06:00,in
37,USC00051772,Snow,1940-09-15T00:00:00.0000000-06:00,0.000000,,,6,,NOAA,2013-03-29T15:47:48.0770000-06:00,in
37,USC00051772,Snow,1940-09-16T00:00:00.0000000-06:00,0.000000,,,6,,NOAA,2013-03-29T15:47:48.0770000-06:00,in
37,USC00051772,Snow,1940-09-17T00:00:00.0000000-06:00,0.000000,,,6,,NOAA,2013-03-29T15:47:48.0770000-06:00,in
37,USC00051772,Snow,1940-09-18T00:00:00.0000000-06:00,0.000000,,,6,,NOAA,2013-03-29T15:47:48.0770000-06:00,in
37,USC00051772,Snow,1940-09-19T00:00:00.0000000-06:00,0.000000,,,6,,NOAA,2013-03-29T15:47:48.0770000-06:00,in
37,USC00051772,Snow,1940-09-20T00:00:00.0000000-06:00,0.000000,,,6,,NOAA,2013-03-29T15:47:48.0770000-06:00,in
37,USC00051772,Snow,1940-09-21T00:00:00.0000000-06:00,0.000000,,,6,,NOAA,2013-03-29T15:47:48.0770000-06:00,in
37,USC00051772,Snow,1940-09-22T00:00:00.0000000-06:00,0.000000,,,6,,NOAA,2013-03-29T15:47:48.0770000-06:00,in
37,USC00051772,Snow,1940-09-23T00:00:00.0000000-06:00,0.000000,,,6,,NOAA,2013-03-29T15:47:48.0770000-06:00,in
37,USC00051772,Snow,1940-09-24T00:00:00.0000000-06:00,0.000000,,,6,,NOAA,2013-03-29T15:47:48.0770000-06:00,in
37,USC00051772,Snow,1940-09-25T00:00:00.0000000-06:00,0.000000,,,6,,NOAA,2013-03-29T15:47:48.0770000-06:00,in
37,USC00051772,Snow,1940-09-26T00:00:00.0000000-06:00,0.000000,,,6,,NOAA,2013-03-29T15:47:48.0770000-06:00,in
37,USC00051772,Snow,1940-09-27T00:00:00.0000000-06:00,0.000000,,,6,,NOAA,2013-03-29T15:47:48.0770000-06:00,in
37,USC00051772,Snow,1940-09-28T00:00:00.0000000-06:00,0.000000,,,6,,NOAA,2013-03-29T15:47:48.0770000-06:00,in
37,USC00051772,Snow,1940-09-29T00:00:00.0000000-06:00,0.000000,,,6,,NOAA,2013-03-29T15:47:48.0770000-06:00,in
37,USC00051772,Snow,1940-09-30T00:00:00.0000000-06:00,0.000000,,,6,,NOAA,2013-03-29T15:47:48.0770000-06:00,in
37,USC00051772,Snow,1940-10-01T00:00:00.0000000-06:00,0.000000,,,6,,NOAA,2013-03-29T15:47:48.0770000-06:00,in
37,USC00051772,Snow,1940-10-02T00:00:00.0000000-06:00,0.000000,,,6,,NOAA,2013-03-29T15:47:48.0770000-06:00,in
37,USC00051772,Snow,1940-10-03T00:00:00.0000000-06:00,0.000000,,,6,,NOAA,2013-03-29T15:47:48.0770000-06:00,in
37,USC00051772,Snow,1940-10-04T00:00:00.0000000-06:00,0.000000,,,6,,NOAA,2013-03-29T15:47:48.0770000-06:00,in
37,USC00051772,Snow,1940-10-05T00:00:00.0000000-06:00,0.000000,,,6,,NOAA,2013-03-29T15:47:48.0770000-06:00,in
37,USC00051772,Snow,1940-10-06T00:00:00.0000000-06:00,0.000000,,,6,,NOAA,2013-03-29T15:47:48.0770000-06:00,in
37,USC00051772,Snow,1940-10-07T00:00:00.0000000-06:00,0.000000,,,6,,NOAA,2013-03-29T15:47:48.0770000-06:00,in
37,USC00051772,Snow,1940-10-08T00:00:00.0000000-06:00,0.000000,,,6,,NOAA,2013-03-29T15:47:48.0770000-06:00,in
37,USC00051772,Snow,1940-10-09T00:00:00.0000000-06:00,0.000000,,,6,,NOAA,2013-03-29T15:47:48.0770000-06:00,in
37,USC00051772,Snow,1940-10-10T00:00:00.0000000-06:00,0.000000,,,6,,NOAA,2013-03-29T15:47:48.0770000-06:00,in
37,USC00051772,Snow,1940-10-11T00:00:00.0000000-06:00,0.000000,,,6,,NOAA,2013-03-29T15:47:48.0770000-06:00,in
37,USC00051772,Snow,1940-10-12T00:00:00.0000000-06:00,0.000000,,,6,,NOAA,2013-03-29T15:47:48.0770000-06:00,in
37,USC00051772,Snow,1940-10-13T00:00:00.0000000-06:00,0.000000,,,6,,NOAA,2013-03-29T15:47:48.0770000-06:00,in
37,USC00051772,Snow,1940-10-14T00:00:00.0000000-06:00,0.000000,,,6,,NOAA,2013-03-29T15:47:48.0770000-06:00,in
37,USC00051772,Snow,1940-10-15T00:00:00.0000000-06:00,0.000000,,,6,,NOAA,2013-03-29T15:47:48.0770000-06:00,in
37,USC00051772,Snow,1940-10-16T00:00:00.0000000-06:00,0.000000,,,6,,NOAA,2013-03-29T15:47:48.0770000-06:00,in
37,USC00051772,Snow,1940-10-17T00:00:00.0000000-06:00,0.000000,,,6,,NOAA,2013-03-29T15:47:48.0770000-06:00,in
37,USC00051772,Snow,1940-10-18T00:00:00.0000000-06:00,0.000000,,,6,,NOAA,2013-03-29T15:47:48.0770000-06:00,in
37,USC00051772,Snow,1940-10-19T00:00:00.0000000-06:00,0.000000,,,6,,NOAA,2013-03-29T15:47:48.0770000-06:00,in
37,USC00051772,Snow,1940-10-20T00:00:00.0000000-06:00,0.000000,,,6,,NOAA,2013-03-29T15:47:48.0770000-06:00,in
37,USC00051772,Snow,1940-10-21T00:00:00.0000000-06:00,0.000000,,,6,,NOAA,2013-03-29T15:47:48.0770000-06:00,in
37,USC00051772,Snow,1940-10-22T00:00:00.0000000-06:00,0.000000,,,6,,NOAA,2013-03-29T15:47:48.0770000-06:00,in
37,USC00051772,Snow,1940-10-23T00:00:00.0000000-06:00,0.000000,,,6,,NOAA,2013-03-29T15:47:48.0770000-06:00,in
37,USC00051772,Snow,1940-10-24T00:00:00.0000000-06:00,0.000000,,,6,,NOAA,2013-03-29T15:47:48.0770000-06:00,in
37,USC00051772,Snow,1940-10-25T00:00:00.0000000-06:00,0.000000,,,6,,NOAA,2013-03-29T15:47:48.0770000-06:00,in
37,USC00051772,Snow,1940-10-26T00:00:00.0000000-06:00,0.000000,,,6,,NOAA,2013-03-29T15:47:48.0770000-06:00,in
37,USC00051772,Snow,1940-10-27T00:00:00.0000000-06:00,0.000000,,,6,,NOAA,2013-03-29T15:47:48.0770000-06:00,in
37,USC00051772,Snow,1940-10-28T00:00:00.0000000-07:00,0.000000,,,6,,NOAA,2013-03-29T15:47:48.0770000-06:00,in
37,USC00051772,Snow,1940-10-29T00:00:00.0000000-07:00,0.000000,,,6,,NOAA,2013-03-29T15:47:48.0770000-06:00,in
37,USC00051772,Snow,1940-10-30T00:00:00.0000000-07:00,0.000000,T,,6,,NOAA,2013-03-29T15:47:48.0770000-06:00,in
37,USC00051772,Snow,1940-10-31T00:00:00.0000000-07:00,0.000000,,,6,,NOAA,2013-03-29T15:47:48.0770000-06:00,in
37,USC00051772,Snow,1940-11-01T00:00:00.0000000-07:00,0.000000,,,6,,NOAA,2013-03-29T15:47:48.0770000-06:00,in
37,USC00051772,Snow,1940-11-02T00:00:00.0000000-07:00,0.000000,,,6,,NOAA,2013-03-29T15:47:48.0770000-06:00,in
37,USC00051772,Snow,1940-11-03T00:00:00.0000000-07:00,0.000000,,,6,,NOAA,2013-03-29T15:47:48.0770000-06:00,in
37,USC00051772,Snow,1940-11-04T00:00:00.0000000-07:00,0.000000,,,6,,NOAA,2013-03-29T15:47:48.0770000-06:00,in
37,USC00051772,Snow,1940-11-05T00:00:00.0000000-07:00,0.000000,,,6,,NOAA,2013-03-29T15:47:48.0770000-06:00,in
37,USC00051772,Snow,1940-11-06T00:00:00.0000000-07:00,0.000000,,,6,,NOAA,2013-03-29T15:47:48.0770000-06:00,in
37,USC00051772,Snow,1940-11-07T00:00:00.0000000-07:00,0.000000,,,6,,NOAA,2013-03-29T15:47:48.0770000-06:00,in
37,USC00051772,Snow,1940-11-08T00:00:00.0000000-07:00,0.000000,,,6,,NOAA,2013-03-29T15:47:48.0770000-06:00,in
37,USC00051772,Snow,1940-11-09T00:00:00.0000000-07:00,0.000000,,,6,,NOAA,2013-03-29T15:47:48.0770000-06:00,in
37,USC00051772,Snow,1940-11-10T00:00:00.0000000-07:00,2.007874,,,6,,NOAA,2013-03-29T15:47:48.0770000-06:00,in
37,USC00051772,Snow,1940-11-11T00:00:00.0000000-07:00,0.000000,,,6,,NOAA,2013-03-29T15:47:48.0770000-06:00,in
37,USC00051772,Snow,1940-11-12T00:00:00.0000000-07:00,0.984252,,,6,,NOAA,2013-03-29T15:47:48.0770000-06:00,in
37,USC00051772,Snow,1940-11-13T00:00:00.0000000-07:00,0.000000,,,6,,NOAA,2013-03-29T15:47:48.0770000-06:00,in
37,USC00051772,Snow,1940-11-14T00:00:00.0000000-07:00,0.000000,,,6,,NOAA,2013-03-29T15:47:48.0770000-06:00,in
37,USC00051772,Snow,1940-11-15T00:00:00.0000000-07:00,0.000000,,,6,,NOAA,2013-03-29T15:47:48.0770000-06:00,in
37,USC00051772,Snow,1940-11-16T00:00:00.0000000-07:00,0.000000,,,6,,NOAA,2013-03-29T15:47:48.0770000-06:00,in
37,USC00051772,Snow,1940-11-17T00:00:00.0000000-07:00,0.000000,,,6,,NOAA,2013-03-29T15:47:48.0770000-06:00,in
37,USC00051772,Snow,1940-11-18T00:00:00.0000000-07:00,0.000000,T,,6,,NOAA,2013-03-29T15:47:48.0770000-06:00,in
37,USC00051772,Snow,1940-11-19T00:00:00.0000000-07:00,0.000000,T,,6,,NOAA,2013-03-29T15:47:48.0770000-06:00,in
37,USC00051772,Snow,1940-11-20T00:00:00.0000000-07:00,0.000000,T,,6,,NOAA,2013-03-29T15:47:48.0770000-06:00,in
37,USC00051772,Snow,1940-11-21T00:00:00.0000000-07:00,0.000000,T,,6,,NOAA,2013-03-29T15:47:48.0770000-06:00,in
37,USC00051772,Snow,1940-11-22T00:00:00.0000000-07:00,2.992126,,,6,,NOAA,2013-03-29T15:47:48.0770000-06:00,in
37,USC00051772,Snow,1940-11-23T00:00:00.0000000-07:00,0.000000,T,,6,,NOAA,2013-03-29T15:47:48.0770000-06:00,in
37,USC00051772,Snow,1940-11-24T00:00:00.0000000-07:00,0.000000,,,6,,NOAA,2013-03-29T15:47:48.0770000-06:00,in
37,USC00051772,Snow,1940-11-25T00:00:00.0000000-07:00,0.000000,,,6,,NOAA,2013-03-29T15:47:48.0770000-06:00,in
37,USC00051772,Snow,1940-11-26T00:00:00.0000000-07:00,0.000000,,,6,,NOAA,2013-03-29T15:47:48.0770000-06:00,in
37,USC00051772,Snow,1940-11-27T00:00:00.0000000-07:00,0.000000,,,6,,NOAA,2013-03-29T15:47:48.0770000-06:00,in
37,USC00051772,Snow,1940-11-28T00:00:00.0000000-07:00,0.000000,,,6,,NOAA,2013-03-29T15:47:48.0770000-06:00,in
37,USC00051772,Snow,1940-11-29T00:00:00.0000000-07:00,0.000000,,,6,,NOAA,2013-03-29T15:47:48.0770000-06:00,in
37,USC00051772,Snow,1940-11-30T00:00:00.0000000-07:00,0.000000,,,6,,NOAA,2013-03-29T15:47:48.0770000-06:00,in
37,USC00051772,Snow,1940-12-11T00:00:00.0000000-07:00,0.000000,T,,6,,NOAA,2013-03-29T15:47:48.0770000-06:00,in
37,USC00051772,Snow,1940-12-12T00:00:00.0000000-07:00,7.007874,,,6,,NOAA,2013-03-29T15:47:48.0770000-06:00,in
37,USC00051772,Snow,1940-12-14T00:00:00.0000000-07:00,0.000000,T,,6,,NOAA,2013-03-29T15:47:48.0770000-06:00,in
37,USC00051772,Snow,1940-12-17T00:00:00.0000000-07:00,0.787402,,,6,,NOAA,2013-03-29T15:47:48.0770000-06:00,in
37,USC00051772,Snow,1940-12-23T00:00:00.0000000-07:00,0.984252,,,6,,NOAA,2013-03-29T15:47:48.0770000-06:00,in
37,USC00051772,Snow,1940-12-25T00:00:00.0000000-07:00,7.007874,,,6,,NOAA,2013-03-29T15:47:48.0770000-06:00,in
37,USC00051772,Snow,1940-12-29T00:00:00.0000000-07:00,0.511811,,,6,,NOAA,2013-03-29T15:47:48.0770000-06:00,in
37,USC00051772,Snow,1940-12-30T00:00:00.0000000-07:00,0.511811,,,6,,NOAA,2013-03-29T15:47:48.0770000-06:00,in
37,USC00051772,Snow,1940-12-31T00:00:00.0000000-07:00,0.000000,T,,6,,NOAA,2013-03-29T15:47:48.0770000-06:00,in
37,USC00051772,Snow,1941-01-01T00:00:00.0000000-07:00,0.000000,,,6,,NOAA,2013-03-29T15:47:48.0770000-06:00,in
37,USC00051772,Snow,1941-01-02T00:00:00.0000000-07:00,0.000000,,,6,,NOAA,2013-03-29T15:47:48.0770000-06:00,in
37,USC00051772,Snow,1941-01-03T00:00:00.0000000-07:00,0.000000,,,6,,NOAA,2013-03-29T15:47:48.0770000-06:00,in
37,USC00051772,Snow,1941-01-04T00:00:00.0000000-07:00,0.000000,,,6,,NOAA,2013-03-29T15:47:48.0770000-06:00,in
37,USC00051772,Snow,1941-01-05T00:00:00.0000000-07:00,0.393701,,,6,,NOAA,2013-03-29T15:47:48.0770000-06:00,in
37,USC00051772,Snow,1941-01-06T00:00:00.0000000-07:00,0.511811,,,6,,NOAA,2013-03-29T15:47:48.0770000-06:00,in
37,USC00051772,Snow,1941-01-07T00:00:00.0000000-07:00,0.000000,,,6,,NOAA,2013-03-29T15:47:48.0770000-06:00,in
37,USC00051772,Snow,1941-01-08T00:00:00.0000000-07:00,0.000000,,,6,,NOAA,2013-03-29T15:47:48.0770000-06:00,in
37,USC00051772,Snow,1941-01-09T00:00:00.0000000-07:00,0.000000,,,6,,NOAA,2013-03-29T15:47:48.0770000-06:00,in
37,USC00051772,Snow,1941-01-10T00:00:00.0000000-07:00,0.000000,,,6,,NOAA,2013-03-29T15:47:48.0770000-06:00,in
37,USC00051772,Snow,1941-01-11T00:00:00.0000000-07:00,0.000000,,,6,,NOAA,2013-03-29T15:47:48.0770000-06:00,in
37,USC00051772,Snow,1941-01-12T00:00:00.0000000-07:00,0.000000,,,6,,NOAA,2013-03-29T15:47:48.0770000-06:00,in
37,USC00051772,Snow,1941-01-13T00:00:00.0000000-07:00,0.000000,,,6,,NOAA,2013-03-29T15:47:48.0770000-06:00,in
37,USC00051772,Snow,1941-01-14T00:00:00.0000000-07:00,0.511811,,,6,,NOAA,2013-03-29T15:47:48.0770000-06:00,in
37,USC00051772,Snow,1941-01-15T00:00:00.0000000-07:00,0.511811,,,6,,NOAA,2013-03-29T15:47:48.0770000-06:00,in
37,USC00051772,Snow,1941-01-16T00:00:00.0000000-07:00,0.984252,,,6,,NOAA,2013-03-29T15:47:48.0770000-06:00,in
37,USC00051772,Snow,1941-01-17T00:00:00.0000000-07:00,0.000000,,,6,,NOAA,2013-03-29T15:47:48.0770000-06:00,in
37,USC00051772,Snow,1941-01-18T00:00:00.0000000-07:00,0.000000,,,6,,NOAA,2013-03-29T15:47:48.0770000-06:00,in
37,USC00051772,Snow,1941-01-19T00:00:00.0000000-07:00,0.000000,,,6,,NOAA,2013-03-29T15:47:48.0770000-06:00,in
37,USC00051772,Snow,1941-01-20T00:00:00.0000000-07:00,0.984252,,,6,,NOAA,2013-03-29T15:47:48.0770000-06:00,in
37,USC00051772,Snow,1941-01-21T00:00:00.0000000-07:00,2.992126,,,6,,NOAA,2013-03-29T15:47:48.0770000-06:00,in
37,USC00051772,Snow,1941-01-22T00:00:00.0000000-07:00,2.007874,,,6,,NOAA,2013-03-29T15:47:48.0770000-06:00,in
37,USC00051772,Snow,1941-01-23T00:00:00.0000000-07:00,0.787402,,,6,,NOAA,2013-03-29T15:47:48.0770000-06:00,in
37,USC00051772,Snow,1941-01-24T00:00:00.0000000-07:00,3.503937,,,6,,NOAA,2013-03-29T15:47:48.0770000-06:00,in
37,USC00051772,Snow,1941-01-25T00:00:00.0000000-07:00,2.007874,,,6,,NOAA,2013-03-29T15:47:48.0770000-06:00,in
37,USC00051772,Snow,1941-01-26T00:00:00.0000000-07:00,0.000000,T,,6,,NOAA,2013-03-29T15:47:48.0770000-06:00,in
37,USC00051772,Snow,1941-01-27T00:00:00.0000000-07:00,0.000000,,,6,,NOAA,2013-03-29T15:47:48.0770000-06:00,in
37,USC00051772,Snow,1941-01-28T00:00:00.0000000-07:00,0.000000,,,6,,NOAA,2013-03-29T15:47:48.0770000-06:00,in
37,USC00051772,Snow,1941-01-29T00:00:00.0000000-07:00,4.015748,,,6,,NOAA,2013-03-29T15:47:48.0770000-06:00,in
37,USC00051772,Snow,1941-01-30T00:00:00.0000000-07:00,0.000000,T,,6,,NOAA,2013-03-29T15:47:48.0770000-06:00,in
37,USC00051772,Snow,1941-01-31T00:00:00.0000000-07:00,0.000000,,,6,,NOAA,2013-03-29T15:47:48.0770000-06:00,in
37,USC00051772,Snow,1941-02-01T00:00:00.0000000-07:00,0.000000,,,6,,NOAA,2013-03-29T15:47:48.0770000-06:00,in
37,USC00051772,Snow,1941-02-02T00:00:00.0000000-07:00,0.000000,,,6,,NOAA,2013-03-29T15:47:48.0770000-06:00,in
37,USC00051772,Snow,1941-02-03T00:00:00.0000000-07:00,0.000000,,,6,,NOAA,2013-03-29T15:47:48.0770000-06:00,in
37,USC00051772,Snow,1941-02-04T00:00:00.0000000-07:00,0.000000,,,6,,NOAA,2013-03-29T15:47:48.0770000-06:00,in
37,USC00051772,Snow,1941-02-05T00:00:00.0000000-07:00,0.000000,,,6,,NOAA,2013-03-29T15:47:48.0770000-06:00,in
37,USC00051772,Snow,1941-02-06T00:00:00.0000000-07:00,0.000000,,,6,,NOAA,2013-03-29T15:47:48.0770000-06:00,in
37,USC00051772,Snow,1941-02-07T00:00:00.0000000-07:00,0.000000,,,6,,NOAA,2013-03-29T15:47:48.0770000-06:00,in
37,USC00051772,Snow,1941-02-08T00:00:00.0000000-07:00,0.000000,T,,6,,NOAA,2013-03-29T15:47:48.0770000-06:00,in
37,USC00051772,Snow,1941-02-09T00:00:00.0000000-07:00,0.000000,,,6,,NOAA,2013-03-29T15:47:48.0770000-06:00,in
37,USC00051772,Snow,1941-02-10T00:00:00.0000000-07:00,0.000000,,,6,,NOAA,2013-03-29T15:47:48.0770000-06:00,in
37,USC00051772,Snow,1941-02-11T00:00:00.0000000-07:00,0.000000,,,6,,NOAA,2013-03-29T15:47:48.0770000-06:00,in
37,USC00051772,Snow,1941-02-12T00:00:00.0000000-07:00,0.000000,,,6,,NOAA,2013-03-29T15:47:48.0770000-06:00,in
37,USC00051772,Snow,1941-02-13T00:00:00.0000000-07:00,0.984252,,,6,,NOAA,2013-03-29T15:47:48.0770000-06:00,in
37,USC00051772,Snow,1941-02-14T00:00:00.0000000-07:00,0.000000,,,6,,NOAA,2013-03-29T15:47:48.0770000-06:00,in
37,USC00051772,Snow,1941-02-15T00:00:00.0000000-07:00,0.000000,T,,6,,NOAA,2013-03-29T15:47:48.0770000-06:00,in
37,USC00051772,Snow,1941-02-16T00:00:00.0000000-07:00,0.000000,,,6,,NOAA,2013-03-29T15:47:48.0770000-06:00,in
37,USC00051772,Snow,1941-02-17T00:00:00.0000000-07:00,0.000000,,,6,,NOAA,2013-03-29T15:47:48.0770000-06:00,in
37,USC00051772,Snow,1941-02-18T00:00:00.0000000-07:00,0.000000,,,6,,NOAA,2013-03-29T15:47:48.0770000-06:00,in
37,USC00051772,Snow,1941-02-19T00:00:00.0000000-07:00,0.000000,,,6,,NOAA,2013-03-29T15:47:48.0770000-06:00,in
37,USC00051772,Snow,1941-02-20T00:00:00.0000000-07:00,0.000000,,,6,,NOAA,2013-03-29T15:47:48.0770000-06:00,in
37,USC00051772,Snow,1941-02-21T00:00:00.0000000-07:00,0.000000,,,6,,NOAA,2013-03-29T15:47:48.0770000-06:00,in
37,USC00051772,Snow,1941-02-22T00:00:00.0000000-07:00,0.000000,,,6,,NOAA,2013-03-29T15:47:48.0770000-06:00,in
37,USC00051772,Snow,1941-02-23T00:00:00.0000000-07:00,0.000000,,,6,,NOAA,2013-03-29T15:47:48.0770000-06:00,in
37,USC00051772,Snow,1941-02-24T00:00:00.0000000-07:00,0.000000,T,,6,,NOAA,2013-03-29T15:47:48.0770000-06:00,in
37,USC00051772,Snow,1941-02-25T00:00:00.0000000-07:00,1.496063,,,6,,NOAA,2013-03-29T15:47:48.0770000-06:00,in
37,USC00051772,Snow,1941-02-26T00:00:00.0000000-07:00,0.000000,,,6,,NOAA,2013-03-29T15:47:48.0770000-06:00,in
37,USC00051772,Snow,1941-02-27T00:00:00.0000000-07:00,0.000000,,,6,,NOAA,2013-03-29T15:47:48.0770000-06:00,in
37,USC00051772,Snow,1941-02-28T00:00:00.0000000-07:00,0.000000,,,6,,NOAA,2013-03-29T15:47:48.0770000-06:00,in
37,USC00051772,Snow,1941-03-14T00:00:00.0000000-07:00,2.992126,,,6,,NOAA,2013-03-29T15:47:48.0770000-06:00,in
37,USC00051772,Snow,1941-03-15T00:00:00.0000000-07:00,0.000000,T,,6,,NOAA,2013-03-29T15:47:48.0770000-06:00,in
37,USC00051772,Snow,1941-03-24T00:00:00.0000000-07:00,5.511811,,,6,,NOAA,2013-03-29T15:47:48.0770000-06:00,in
37,USC00051772,Snow,1941-04-01T00:00:00.0000000-07:00,0.000000,,,6,,NOAA,2013-03-29T15:47:48.0770000-06:00,in
37,USC00051772,Snow,1941-04-02T00:00:00.0000000-07:00,0.000000,,,6,,NOAA,2013-03-29T15:47:48.0770000-06:00,in
37,USC00051772,Snow,1941-04-03T00:00:00.0000000-07:00,0.000000,,,6,,NOAA,2013-03-29T15:47:48.0770000-06:00,in
37,USC00051772,Snow,1941-04-04T00:00:00.0000000-07:00,0.000000,,,6,,NOAA,2013-03-29T15:47:48.0770000-06:00,in
37,USC00051772,Snow,1941-04-05T00:00:00.0000000-07:00,0.000000,T,,6,,NOAA,2013-03-29T15:47:48.0770000-06:00,in
37,USC00051772,Snow,1941-04-06T00:00:00.0000000-07:00,0.000000,T,,6,,NOAA,2013-03-29T15:47:48.0770000-06:00,in
37,USC00051772,Snow,1941-04-07T00:00:00.0000000-06:00,0.000000,T,,6,,NOAA,2013-03-29T15:47:48.0770000-06:00,in
37,USC00051772,Snow,1941-04-08T00:00:00.0000000-06:00,0.000000,,,6,,NOAA,2013-03-29T15:47:48.0770000-06:00,in
37,USC00051772,Snow,1941-04-09T00:00:00.0000000-06:00,0.000000,,,6,,NOAA,2013-03-29T15:47:48.0770000-06:00,in
37,USC00051772,Snow,1941-04-10T00:00:00.0000000-06:00,0.000000,,,6,,NOAA,2013-03-29T15:47:48.0770000-06:00,in
37,USC00051772,Snow,1941-04-11T00:00:00.0000000-06:00,0.000000,,,6,,NOAA,2013-03-29T15:47:48.0770000-06:00,in
37,USC00051772,Snow,1941-04-12T00:00:00.0000000-06:00,0.000000,,,6,,NOAA,2013-03-29T15:47:48.0770000-06:00,in
37,USC00051772,Snow,1941-04-13T00:00:00.0000000-06:00,0.000000,,,6,,NOAA,2013-03-29T15:47:48.0770000-06:00,in
37,USC00051772,Snow,1941-04-14T00:00:00.0000000-06:00,0.000000,,,6,,NOAA,2013-03-29T15:47:48.0770000-06:00,in
37,USC00051772,Snow,1941-04-15T00:00:00.0000000-06:00,0.000000,,,6,,NOAA,2013-03-29T15:47:48.0770000-06:00,in
37,USC00051772,Snow,1941-04-16T00:00:00.0000000-06:00,0.000000,,,6,,NOAA,2013-03-29T15:47:48.0770000-06:00,in
37,USC00051772,Snow,1941-04-17T00:00:00.0000000-06:00,0.000000,,,6,,NOAA,2013-03-29T15:47:48.0770000-06:00,in
37,USC00051772,Snow,1941-04-18T00:00:00.0000000-06:00,0.000000,T,,6,,NOAA,2013-03-29T15:47:48.0770000-06:00,in
37,USC00051772,Snow,1941-04-19T00:00:00.0000000-06:00,0.000000,T,,6,,NOAA,2013-03-29T15:47:48.0770000-06:00,in
37,USC00051772,Snow,1941-04-20T00:00:00.0000000-06:00,0.000000,,,6,,NOAA,2013-03-29T15:47:48.0770000-06:00,in
37,USC00051772,Snow,1941-04-21T00:00:00.0000000-06:00,0.000000,,,6,,NOAA,2013-03-29T15:47:48.0770000-06:00,in
37,USC00051772,Snow,1941-04-22T00:00:00.0000000-06:00,0.000000,,,6,,NOAA,2013-03-29T15:47:48.0770000-06:00,in
37,USC00051772,Snow,1941-04-23T00:00:00.0000000-06:00,0.000000,,,6,,NOAA,2013-03-29T15:47:48.0770000-06:00,in
37,USC00051772,Snow,1941-04-24T00:00:00.0000000-06:00,0.000000,,,6,,NOAA,2013-03-29T15:47:48.0770000-06:00,in
37,USC00051772,Snow,1941-04-25T00:00:00.0000000-06:00,0.000000,,,6,,NOAA,2013-03-29T15:47:48.0770000-06:00,in
37,USC00051772,Snow,1941-04-26T00:00:00.0000000-06:00,0.000000,,,6,,NOAA,2013-03-29T15:47:48.0770000-06:00,in
37,USC00051772,Snow,1941-04-27T00:00:00.0000000-06:00,0.000000,,,6,,NOAA,2013-03-29T15:47:48.0770000-06:00,in
37,USC00051772,Snow,1941-04-28T00:00:00.0000000-06:00,0.000000,,,6,,NOAA,2013-03-29T15:47:48.0770000-06:00,in
37,USC00051772,Snow,1941-04-29T00:00:00.0000000-06:00,0.000000,,,6,,NOAA,2013-03-29T15:47:48.0770000-06:00,in
37,USC00051772,Snow,1941-04-30T00:00:00.0000000-06:00,0.000000,,,6,,NOAA,2013-03-29T15:47:48.0770000-06:00,in
37,USC00051772,Snow,1941-05-01T00:00:00.0000000-06:00,0.000000,,,6,,NOAA,2013-03-29T15:47:48.0770000-06:00,in
37,USC00051772,Snow,1941-05-02T00:00:00.0000000-06:00,0.000000,,,6,,NOAA,2013-03-29T15:47:48.0770000-06:00,in
37,USC00051772,Snow,1941-05-03T00:00:00.0000000-06:00,0.000000,,,6,,NOAA,2013-03-29T15:47:48.0770000-06:00,in
37,USC00051772,Snow,1941-05-04T00:00:00.0000000-06:00,0.000000,,,6,,NOAA,2013-03-29T15:47:48.0770000-06:00,in
37,USC00051772,Snow,1941-05-05T00:00:00.0000000-06:00,0.000000,,,6,,NOAA,2013-03-29T15:47:48.0770000-06:00,in
37,USC00051772,Snow,1941-05-06T00:00:00.0000000-06:00,0.000000,,,6,,NOAA,2013-03-29T15:47:48.0770000-06:00,in
37,USC00051772,Snow,1941-05-07T00:00:00.0000000-06:00,0.000000,,,6,,NOAA,2013-03-29T15:47:48.0770000-06:00,in
37,USC00051772,Snow,1941-05-08T00:00:00.0000000-06:00,0.000000,,,6,,NOAA,2013-03-29T15:47:48.0770000-06:00,in
37,USC00051772,Snow,1941-05-09T00:00:00.0000000-06:00,0.000000,,,6,,NOAA,2013-03-29T15:47:48.0770000-06:00,in
37,USC00051772,Snow,1941-05-10T00:00:00.0000000-06:00,0.000000,,,6,,NOAA,2013-03-29T15:47:48.0770000-06:00,in
37,USC00051772,Snow,1941-05-11T00:00:00.0000000-06:00,0.000000,,,6,,NOAA,2013-03-29T15:47:48.0770000-06:00,in
37,USC00051772,Snow,1941-05-12T00:00:00.0000000-06:00,0.000000,,,6,,NOAA,2013-03-29T15:47:48.0770000-06:00,in
37,USC00051772,Snow,1941-05-13T00:00:00.0000000-06:00,0.000000,,,6,,NOAA,2013-03-29T15:47:48.0770000-06:00,in
37,USC00051772,Snow,1941-05-14T00:00:00.0000000-06:00,0.000000,,,6,,NOAA,2013-03-29T15:47:48.0770000-06:00,in
37,USC00051772,Snow,1941-05-15T00:00:00.0000000-06:00,0.000000,,,6,,NOAA,2013-03-29T15:47:48.0770000-06:00,in
37,USC00051772,Snow,1941-05-16T00:00:00.0000000-06:00,0.000000,,,6,,NOAA,2013-03-29T15:47:48.0770000-06:00,in
37,USC00051772,Snow,1941-05-17T00:00:00.0000000-06:00,0.000000,,,6,,NOAA,2013-03-29T15:47:48.0770000-06:00,in
37,USC00051772,Snow,1941-05-18T00:00:00.0000000-06:00,0.000000,,,6,,NOAA,2013-03-29T15:47:48.0770000-06:00,in
37,USC00051772,Snow,1941-05-19T00:00:00.0000000-06:00,0.000000,,,6,,NOAA,2013-03-29T15:47:48.0770000-06:00,in
37,USC00051772,Snow,1941-05-20T00:00:00.0000000-06:00,0.000000,,,6,,NOAA,2013-03-29T15:47:48.0770000-06:00,in
37,USC00051772,Snow,1941-05-21T00:00:00.0000000-06:00,0.000000,,,6,,NOAA,2013-03-29T15:47:48.0770000-06:00,in
37,USC00051772,Snow,1941-05-22T00:00:00.0000000-06:00,0.000000,,,6,,NOAA,2013-03-29T15:47:48.0770000-06:00,in
37,USC00051772,Snow,1941-05-23T00:00:00.0000000-06:00,0.000000,,,6,,NOAA,2013-03-29T15:47:48.0770000-06:00,in
37,USC00051772,Snow,1941-05-24T00:00:00.0000000-06:00,0.000000,,,6,,NOAA,2013-03-29T15:47:48.0770000-06:00,in
37,USC00051772,Snow,1941-05-25T00:00:00.0000000-06:00,0.000000,,,6,,NOAA,2013-03-29T15:47:48.0770000-06:00,in
37,USC00051772,Snow,1941-05-26T00:00:00.0000000-06:00,0.000000,,,6,,NOAA,2013-03-29T15:47:48.0770000-06:00,in
37,USC00051772,Snow,1941-05-27T00:00:00.0000000-06:00,0.000000,,,6,,NOAA,2013-03-29T15:47:48.0770000-06:00,in
37,USC00051772,Snow,1941-05-28T00:00:00.0000000-06:00,0.000000,,,6,,NOAA,2013-03-29T15:47:48.0770000-06:00,in
37,USC00051772,Snow,1941-05-29T00:00:00.0000000-06:00,0.000000,,,6,,NOAA,2013-03-29T15:47:48.0770000-06:00,in
37,USC00051772,Snow,1941-05-30T00:00:00.0000000-06:00,0.000000,,,6,,NOAA,2013-03-29T15:47:48.0770000-06:00,in
37,USC00051772,Snow,1941-05-31T00:00:00.0000000-06:00,0.000000,,,6,,NOAA,2013-03-29T15:47:48.0770000-06:00,in
37,USC00051772,Snow,1941-06-01T00:00:00.0000000-06:00,0.000000,,,6,,NOAA,2013-03-29T15:47:48.0770000-06:00,in
37,USC00051772,Snow,1941-06-02T00:00:00.0000000-06:00,0.000000,,,6,,NOAA,2013-03-29T15:47:48.0770000-06:00,in
37,USC00051772,Snow,1941-06-03T00:00:00.0000000-06:00,0.000000,,,6,,NOAA,2013-03-29T15:47:48.0770000-06:00,in
37,USC00051772,Snow,1941-06-04T00:00:00.0000000-06:00,0.000000,,,6,,NOAA,2013-03-29T15:47:48.0770000-06:00,in
37,USC00051772,Snow,1941-06-05T00:00:00.0000000-06:00,0.000000,,,6,,NOAA,2013-03-29T15:47:48.0770000-06:00,in
37,USC00051772,Snow,1941-06-06T00:00:00.0000000-06:00,0.000000,,,6,,NOAA,2013-03-29T15:47:48.0770000-06:00,in
37,USC00051772,Snow,1941-06-07T00:00:00.0000000-06:00,0.000000,,,6,,NOAA,2013-03-29T15:47:48.0770000-06:00,in
37,USC00051772,Snow,1941-06-08T00:00:00.0000000-06:00,0.000000,,,6,,NOAA,2013-03-29T15:47:48.0770000-06:00,in
37,USC00051772,Snow,1941-06-09T00:00:00.0000000-06:00,0.000000,,,6,,NOAA,2013-03-29T15:47:48.0770000-06:00,in
37,USC00051772,Snow,1941-06-10T00:00:00.0000000-06:00,0.000000,,,6,,NOAA,2013-03-29T15:47:48.0770000-06:00,in
37,USC00051772,Snow,1941-06-11T00:00:00.0000000-06:00,0.000000,,,6,,NOAA,2013-03-29T15:47:48.0770000-06:00,in
37,USC00051772,Snow,1941-06-12T00:00:00.0000000-06:00,0.000000,,,6,,NOAA,2013-03-29T15:47:48.0770000-06:00,in
37,USC00051772,Snow,1941-06-13T00:00:00.0000000-06:00,0.000000,,,6,,NOAA,2013-03-29T15:47:48.0770000-06:00,in
37,USC00051772,Snow,1941-06-14T00:00:00.0000000-06:00,0.000000,,,6,,NOAA,2013-03-29T15:47:48.0770000-06:00,in
37,USC00051772,Snow,1941-06-15T00:00:00.0000000-06:00,0.000000,,,6,,NOAA,2013-03-29T15:47:48.0770000-06:00,in
37,USC00051772,Snow,1941-06-16T00:00:00.0000000-06:00,0.000000,,,6,,NOAA,2013-03-29T15:47:48.0770000-06:00,in
37,USC00051772,Snow,1941-06-17T00:00:00.0000000-06:00,0.000000,,,6,,NOAA,2013-03-29T15:47:48.0770000-06:00,in
37,USC00051772,Snow,1941-06-18T00:00:00.0000000-06:00,0.000000,,,6,,NOAA,2013-03-29T15:47:48.0770000-06:00,in
37,USC00051772,Snow,1941-06-19T00:00:00.0000000-06:00,0.000000,,,6,,NOAA,2013-03-29T15:47:48.0770000-06:00,in
37,USC00051772,Snow,1941-06-20T00:00:00.0000000-06:00,0.000000,,,6,,NOAA,2013-03-29T15:47:48.0770000-06:00,in
37,USC00051772,Snow,1941-06-21T00:00:00.0000000-06:00,0.000000,,,6,,NOAA,2013-03-29T15:47:48.0770000-06:00,in
37,USC00051772,Snow,1941-06-22T00:00:00.0000000-06:00,0.000000,,,6,,NOAA,2013-03-29T15:47:48.0770000-06:00,in
37,USC00051772,Snow,1941-06-23T00:00:00.0000000-06:00,0.000000,,,6,,NOAA,2013-03-29T15:47:48.0770000-06:00,in
37,USC00051772,Snow,1941-06-24T00:00:00.0000000-06:00,0.000000,,,6,,NOAA,2013-03-29T15:47:48.0770000-06:00,in
37,USC00051772,Snow,1941-06-25T00:00:00.0000000-06:00,0.000000,,,6,,NOAA,2013-03-29T15:47:48.0770000-06:00,in
37,USC00051772,Snow,1941-06-26T00:00:00.0000000-06:00,0.000000,,,6,,NOAA,2013-03-29T15:47:48.0770000-06:00,in
37,USC00051772,Snow,1941-06-27T00:00:00.0000000-06:00,0.000000,,,6,,NOAA,2013-03-29T15:47:48.0770000-06:00,in
37,USC00051772,Snow,1941-06-28T00:00:00.0000000-06:00,0.000000,,,6,,NOAA,2013-03-29T15:47:48.0770000-06:00,in
37,USC00051772,Snow,1941-06-29T00:00:00.0000000-06:00,0.000000,,,6,,NOAA,2013-03-29T15:47:48.0770000-06:00,in
37,USC00051772,Snow,1941-06-30T00:00:00.0000000-06:00,0.000000,,,6,,NOAA,2013-03-29T15:47:48.0770000-06:00,in
37,USC00051772,Snow,1941-07-01T00:00:00.0000000-06:00,0.000000,,,6,,NOAA,2013-03-29T15:47:48.0770000-06:00,in
37,USC00051772,Snow,1941-07-02T00:00:00.0000000-06:00,0.000000,,,6,,NOAA,2013-03-29T15:47:48.0770000-06:00,in
37,USC00051772,Snow,1941-07-03T00:00:00.0000000-06:00,0.000000,,,6,,NOAA,2013-03-29T15:47:48.0770000-06:00,in
37,USC00051772,Snow,1941-07-04T00:00:00.0000000-06:00,0.000000,,,6,,NOAA,2013-03-29T15:47:48.0770000-06:00,in
37,USC00051772,Snow,1941-07-05T00:00:00.0000000-06:00,0.000000,,,6,,NOAA,2013-03-29T15:47:48.0770000-06:00,in
37,USC00051772,Snow,1941-07-06T00:00:00.0000000-06:00,0.000000,,,6,,NOAA,2013-03-29T15:47:48.0770000-06:00,in
37,USC00051772,Snow,1941-07-07T00:00:00.0000000-06:00,0.000000,,,6,,NOAA,2013-03-29T15:47:48.0770000-06:00,in
37,USC00051772,Snow,1941-07-08T00:00:00.0000000-06:00,0.000000,,,6,,NOAA,2013-03-29T15:47:48.0770000-06:00,in
37,USC00051772,Snow,1941-07-09T00:00:00.0000000-06:00,0.000000,,,6,,NOAA,2013-03-29T15:47:48.0770000-06:00,in
37,USC00051772,Snow,1941-07-10T00:00:00.0000000-06:00,0.000000,,,6,,NOAA,2013-03-29T15:47:48.0770000-06:00,in
37,USC00051772,Snow,1941-07-11T00:00:00.0000000-06:00,0.000000,,,6,,NOAA,2013-03-29T15:47:48.0770000-06:00,in
37,USC00051772,Snow,1941-07-12T00:00:00.0000000-06:00,0.000000,,,6,,NOAA,2013-03-29T15:47:48.0770000-06:00,in
37,USC00051772,Snow,1941-07-13T00:00:00.0000000-06:00,0.000000,,,6,,NOAA,2013-03-29T15:47:48.0770000-06:00,in
37,USC00051772,Snow,1941-07-14T00:00:00.0000000-06:00,0.000000,,,6,,NOAA,2013-03-29T15:47:48.0770000-06:00,in
37,USC00051772,Snow,1941-07-15T00:00:00.0000000-06:00,0.000000,,,6,,NOAA,2013-03-29T15:47:48.0770000-06:00,in
37,USC00051772,Snow,1941-07-16T00:00:00.0000000-06:00,0.000000,,,6,,NOAA,2013-03-29T15:47:48.0770000-06:00,in
37,USC00051772,Snow,1941-07-17T00:00:00.0000000-06:00,0.000000,,,6,,NOAA,2013-03-29T15:47:48.0770000-06:00,in
37,USC00051772,Snow,1941-07-18T00:00:00.0000000-06:00,0.000000,,,6,,NOAA,2013-03-29T15:47:48.0770000-06:00,in
37,USC00051772,Snow,1941-07-19T00:00:00.0000000-06:00,0.000000,,,6,,NOAA,2013-03-29T15:47:48.0770000-06:00,in
37,USC00051772,Snow,1941-07-20T00:00:00.0000000-06:00,0.000000,,,6,,NOAA,2013-03-29T15:47:48.0770000-06:00,in
37,USC00051772,Snow,1941-07-21T00:00:00.0000000-06:00,0.000000,,,6,,NOAA,2013-03-29T15:47:48.0770000-06:00,in
37,USC00051772,Snow,1941-07-22T00:00:00.0000000-06:00,0.000000,,,6,,NOAA,2013-03-29T15:47:48.0770000-06:00,in
37,USC00051772,Snow,1941-07-23T00:00:00.0000000-06:00,0.000000,,,6,,NOAA,2013-03-29T15:47:48.0770000-06:00,in
37,USC00051772,Snow,1941-07-24T00:00:00.0000000-06:00,0.000000,,,6,,NOAA,2013-03-29T15:47:48.0770000-06:00,in
37,USC00051772,Snow,1941-07-25T00:00:00.0000000-06:00,0.000000,,,6,,NOAA,2013-03-29T15:47:48.0770000-06:00,in
37,USC00051772,Snow,1941-07-26T00:00:00.0000000-06:00,0.000000,,,6,,NOAA,2013-03-29T15:47:48.0770000-06:00,in
37,USC00051772,Snow,1941-07-27T00:00:00.0000000-06:00,0.000000,,,6,,NOAA,2013-03-29T15:47:48.0770000-06:00,in
37,USC00051772,Snow,1941-07-28T00:00:00.0000000-06:00,0.000000,,,6,,NOAA,2013-03-29T15:47:48.0770000-06:00,in
37,USC00051772,Snow,1941-07-29T00:00:00.0000000-06:00,0.000000,,,6,,NOAA,2013-03-29T15:47:48.0770000-06:00,in
37,USC00051772,Snow,1941-07-30T00:00:00.0000000-06:00,0.000000,,,6,,NOAA,2013-03-29T15:47:48.0770000-06:00,in
37,USC00051772,Snow,1941-07-31T00:00:00.0000000-06:00,0.000000,,,6,,NOAA,2013-03-29T15:47:48.0770000-06:00,in
37,USC00051772,Snow,1941-08-01T00:00:00.0000000-06:00,0.000000,,,6,,NOAA,2013-03-29T15:47:48.0770000-06:00,in
37,USC00051772,Snow,1941-08-02T00:00:00.0000000-06:00,0.000000,,,6,,NOAA,2013-03-29T15:47:48.0770000-06:00,in
37,USC00051772,Snow,1941-08-03T00:00:00.0000000-06:00,0.000000,,,6,,NOAA,2013-03-29T15:47:48.0770000-06:00,in
37,USC00051772,Snow,1941-08-04T00:00:00.0000000-06:00,0.000000,,,6,,NOAA,2013-03-29T15:47:48.0770000-06:00,in
37,USC00051772,Snow,1941-08-05T00:00:00.0000000-06:00,0.000000,,,6,,NOAA,2013-03-29T15:47:48.0770000-06:00,in
37,USC00051772,Snow,1941-08-06T00:00:00.0000000-06:00,0.000000,,,6,,NOAA,2013-03-29T15:47:48.0770000-06:00,in
37,USC00051772,Snow,1941-08-07T00:00:00.0000000-06:00,0.000000,,,6,,NOAA,2013-03-29T15:47:48.0770000-06:00,in
37,USC00051772,Snow,1941-08-08T00:00:00.0000000-06:00,0.000000,,,6,,NOAA,2013-03-29T15:47:48.0770000-06:00,in
37,USC00051772,Snow,1941-08-09T00:00:00.0000000-06:00,0.000000,,,6,,NOAA,2013-03-29T15:47:48.0770000-06:00,in
37,USC00051772,Snow,1941-08-10T00:00:00.0000000-06:00,0.000000,,,6,,NOAA,2013-03-29T15:47:48.0770000-06:00,in
37,USC00051772,Snow,1941-08-11T00:00:00.0000000-06:00,0.000000,,,6,,NOAA,2013-03-29T15:47:48.0770000-06:00,in
37,USC00051772,Snow,1941-08-12T00:00:00.0000000-06:00,0.000000,,,6,,NOAA,2013-03-29T15:47:48.0770000-06:00,in
37,USC00051772,Snow,1941-08-13T00:00:00.0000000-06:00,0.000000,,,6,,NOAA,2013-03-29T15:47:48.0770000-06:00,in
37,USC00051772,Snow,1941-08-14T00:00:00.0000000-06:00,0.000000,,,6,,NOAA,2013-03-29T15:47:48.0770000-06:00,in
37,USC00051772,Snow,1941-08-15T00:00:00.0000000-06:00,0.000000,,,6,,NOAA,2013-03-29T15:47:48.0770000-06:00,in
37,USC00051772,Snow,1941-08-16T00:00:00.0000000-06:00,0.000000,,,6,,NOAA,2013-03-29T15:47:48.0770000-06:00,in
37,USC00051772,Snow,1941-08-17T00:00:00.0000000-06:00,0.000000,,,6,,NOAA,2013-03-29T15:47:48.0770000-06:00,in
37,USC00051772,Snow,1941-08-18T00:00:00.0000000-06:00,0.000000,,,6,,NOAA,2013-03-29T15:47:48.0770000-06:00,in
37,USC00051772,Snow,1941-08-19T00:00:00.0000000-06:00,0.000000,,,6,,NOAA,2013-03-29T15:47:48.0770000-06:00,in
37,USC00051772,Snow,1941-08-20T00:00:00.0000000-06:00,0.000000,,,6,,NOAA,2013-03-29T15:47:48.0770000-06:00,in
37,USC00051772,Snow,1941-08-21T00:00:00.0000000-06:00,0.000000,,,6,,NOAA,2013-03-29T15:47:48.0770000-06:00,in
37,USC00051772,Snow,1941-08-22T00:00:00.0000000-06:00,0.000000,,,6,,NOAA,2013-03-29T15:47:48.0770000-06:00,in
37,USC00051772,Snow,1941-08-23T00:00:00.0000000-06:00,0.000000,,,6,,NOAA,2013-03-29T15:47:48.0770000-06:00,in
37,USC00051772,Snow,1941-08-24T00:00:00.0000000-06:00,0.000000,,,6,,NOAA,2013-03-29T15:47:48.0770000-06:00,in
37,USC00051772,Snow,1941-08-25T00:00:00.0000000-06:00,0.000000,,,6,,NOAA,2013-03-29T15:47:48.0770000-06:00,in
37,USC00051772,Snow,1941-08-26T00:00:00.0000000-06:00,0.000000,,,6,,NOAA,2013-03-29T15:47:48.0770000-06:00,in
37,USC00051772,Snow,1941-08-27T00:00:00.0000000-06:00,0.000000,,,6,,NOAA,2013-03-29T15:47:48.0770000-06:00,in
37,USC00051772,Snow,1941-08-28T00:00:00.0000000-06:00,0.000000,,,6,,NOAA,2013-03-29T15:47:48.0770000-06:00,in
37,USC00051772,Snow,1941-08-29T00:00:00.0000000-06:00,0.000000,,,6,,NOAA,2013-03-29T15:47:48.0770000-06:00,in
37,USC00051772,Snow,1941-08-30T00:00:00.0000000-06:00,0.000000,,,6,,NOAA,2013-03-29T15:47:48.0770000-06:00,in
37,USC00051772,Snow,1941-08-31T00:00:00.0000000-06:00,0.000000,,,6,,NOAA,2013-03-29T15:47:48.0770000-06:00,in
37,USC00051772,Snow,1941-09-01T00:00:00.0000000-06:00,0.000000,,,6,,NOAA,2013-03-29T15:47:48.0770000-06:00,in
37,USC00051772,Snow,1941-09-02T00:00:00.0000000-06:00,0.000000,,,6,,NOAA,2013-03-29T15:47:48.0770000-06:00,in
37,USC00051772,Snow,1941-09-03T00:00:00.0000000-06:00,0.000000,,,6,,NOAA,2013-03-29T15:47:48.0770000-06:00,in
37,USC00051772,Snow,1941-09-04T00:00:00.0000000-06:00,0.000000,,,6,,NOAA,2013-03-29T15:47:48.0770000-06:00,in
37,USC00051772,Snow,1941-09-05T00:00:00.0000000-06:00,0.000000,,,6,,NOAA,2013-03-29T15:47:48.0770000-06:00,in
37,USC00051772,Snow,1941-09-06T00:00:00.0000000-06:00,0.000000,,,6,,NOAA,2013-03-29T15:47:48.0770000-06:00,in
37,USC00051772,Snow,1941-09-07T00:00:00.0000000-06:00,0.000000,,,6,,NOAA,2013-03-29T15:47:48.0770000-06:00,in
37,USC00051772,Snow,1941-09-08T00:00:00.0000000-06:00,0.000000,,,6,,NOAA,2013-03-29T15:47:48.0770000-06:00,in
37,USC00051772,Snow,1941-09-09T00:00:00.0000000-06:00,0.000000,,,6,,NOAA,2013-03-29T15:47:48.0770000-06:00,in
37,USC00051772,Snow,1941-09-10T00:00:00.0000000-06:00,0.000000,,,6,,NOAA,2013-03-29T15:47:48.0770000-06:00,in
37,USC00051772,Snow,1941-09-11T00:00:00.0000000-06:00,0.000000,,,6,,NOAA,2013-03-29T15:47:48.0770000-06:00,in
37,USC00051772,Snow,1941-09-12T00:00:00.0000000-06:00,0.000000,,,6,,NOAA,2013-03-29T15:47:48.0770000-06:00,in
37,USC00051772,Snow,1941-09-13T00:00:00.0000000-06:00,0.000000,,,6,,NOAA,2013-03-29T15:47:48.0770000-06:00,in
37,USC00051772,Snow,1941-09-14T00:00:00.0000000-06:00,0.000000,,,6,,NOAA,2013-03-29T15:47:48.0770000-06:00,in
37,USC00051772,Snow,1941-09-15T00:00:00.0000000-06:00,0.000000,,,6,,NOAA,2013-03-29T15:47:48.0770000-06:00,in
37,USC00051772,Snow,1941-09-16T00:00:00.0000000-06:00,0.000000,,,6,,NOAA,2013-03-29T15:47:48.0770000-06:00,in
37,USC00051772,Snow,1941-09-17T00:00:00.0000000-06:00,0.000000,,,6,,NOAA,2013-03-29T15:47:48.0770000-06:00,in
37,USC00051772,Snow,1941-09-18T00:00:00.0000000-06:00,0.000000,,,6,,NOAA,2013-03-29T15:47:48.0770000-06:00,in
37,USC00051772,Snow,1941-09-19T00:00:00.0000000-06:00,0.000000,,,6,,NOAA,2013-03-29T15:47:48.0770000-06:00,in
37,USC00051772,Snow,1941-09-20T00:00:00.0000000-06:00,0.000000,,,6,,NOAA,2013-03-29T15:47:48.0770000-06:00,in
37,USC00051772,Snow,1941-09-21T00:00:00.0000000-06:00,0.000000,,,6,,NOAA,2013-03-29T15:47:48.0770000-06:00,in
37,USC00051772,Snow,1941-09-22T00:00:00.0000000-06:00,0.000000,,,6,,NOAA,2013-03-29T15:47:48.0770000-06:00,in
37,USC00051772,Snow,1941-09-23T00:00:00.0000000-06:00,0.000000,,,6,,NOAA,2013-03-29T15:47:48.0770000-06:00,in
37,USC00051772,Snow,1941-09-24T00:00:00.0000000-06:00,0.000000,,,6,,NOAA,2013-03-29T15:47:48.0770000-06:00,in
37,USC00051772,Snow,1941-09-25T00:00:00.0000000-06:00,0.000000,,,6,,NOAA,2013-03-29T15:47:48.0770000-06:00,in
37,USC00051772,Snow,1941-09-26T00:00:00.0000000-06:00,0.000000,,,6,,NOAA,2013-03-29T15:47:48.0770000-06:00,in
37,USC00051772,Snow,1941-09-27T00:00:00.0000000-06:00,0.000000,,,6,,NOAA,2013-03-29T15:47:48.0770000-06:00,in
37,USC00051772,Snow,1941-09-28T00:00:00.0000000-06:00,0.000000,,,6,,NOAA,2013-03-29T15:47:48.0770000-06:00,in
37,USC00051772,Snow,1941-09-29T00:00:00.0000000-06:00,0.000000,,,6,,NOAA,2013-03-29T15:47:48.0770000-06:00,in
37,USC00051772,Snow,1941-09-30T00:00:00.0000000-06:00,0.000000,,,6,,NOAA,2013-03-29T15:47:48.0770000-06:00,in
37,USC00051772,Snow,1941-10-01T00:00:00.0000000-06:00,0.000000,,,6,,NOAA,2013-03-29T15:47:48.0770000-06:00,in
37,USC00051772,Snow,1941-10-02T00:00:00.0000000-06:00,0.000000,,,6,,NOAA,2013-03-29T15:47:48.0770000-06:00,in
37,USC00051772,Snow,1941-10-03T00:00:00.0000000-06:00,0.000000,,,6,,NOAA,2013-03-29T15:47:48.0770000-06:00,in
37,USC00051772,Snow,1941-10-04T00:00:00.0000000-06:00,0.000000,,,6,,NOAA,2013-03-29T15:47:48.0770000-06:00,in
37,USC00051772,Snow,1941-10-05T00:00:00.0000000-06:00,0.000000,,,6,,NOAA,2013-03-29T15:47:48.0770000-06:00,in
37,USC00051772,Snow,1941-10-06T00:00:00.0000000-06:00,0.000000,,,6,,NOAA,2013-03-29T15:47:48.0770000-06:00,in
37,USC00051772,Snow,1941-10-07T00:00:00.0000000-06:00,0.000000,,,6,,NOAA,2013-03-29T15:47:48.0770000-06:00,in
37,USC00051772,Snow,1941-10-08T00:00:00.0000000-06:00,0.000000,,,6,,NOAA,2013-03-29T15:47:48.0770000-06:00,in
37,USC00051772,Snow,1941-10-09T00:00:00.0000000-06:00,0.000000,,,6,,NOAA,2013-03-29T15:47:48.0770000-06:00,in
37,USC00051772,Snow,1941-10-10T00:00:00.0000000-06:00,0.000000,,,6,,NOAA,2013-03-29T15:47:48.0770000-06:00,in
37,USC00051772,Snow,1941-10-11T00:00:00.0000000-06:00,0.000000,,,6,,NOAA,2013-03-29T15:47:48.0770000-06:00,in
37,USC00051772,Snow,1941-10-12T00:00:00.0000000-06:00,0.000000,,,6,,NOAA,2013-03-29T15:47:48.0770000-06:00,in
37,USC00051772,Snow,1941-10-13T00:00:00.0000000-06:00,0.000000,,,6,,NOAA,2013-03-29T15:47:48.0770000-06:00,in
37,USC00051772,Snow,1941-10-14T00:00:00.0000000-06:00,0.000000,,,6,,NOAA,2013-03-29T15:47:48.0770000-06:00,in
37,USC00051772,Snow,1941-10-15T00:00:00.0000000-06:00,0.000000,,,6,,NOAA,2013-03-29T15:47:48.0770000-06:00,in
37,USC00051772,Snow,1941-10-16T00:00:00.0000000-06:00,0.000000,,,6,,NOAA,2013-03-29T15:47:48.0770000-06:00,in
37,USC00051772,Snow,1941-10-17T00:00:00.0000000-06:00,0.000000,,,6,,NOAA,2013-03-29T15:47:48.0770000-06:00,in
37,USC00051772,Snow,1941-10-18T00:00:00.0000000-06:00,0.000000,,,6,,NOAA,2013-03-29T15:47:48.0770000-06:00,in
37,USC00051772,Snow,1941-10-19T00:00:00.0000000-06:00,0.000000,,,6,,NOAA,2013-03-29T15:47:48.0770000-06:00,in
37,USC00051772,Snow,1941-10-20T00:00:00.0000000-06:00,0.000000,,,6,,NOAA,2013-03-29T15:47:48.0770000-06:00,in
37,USC00051772,Snow,1941-10-21T00:00:00.0000000-06:00,0.000000,,,6,,NOAA,2013-03-29T15:47:48.0770000-06:00,in
37,USC00051772,Snow,1941-10-22T00:00:00.0000000-06:00,0.000000,,,6,,NOAA,2013-03-29T15:47:48.0770000-06:00,in
37,USC00051772,Snow,1941-10-23T00:00:00.0000000-06:00,0.000000,,,6,,NOAA,2013-03-29T15:47:48.0770000-06:00,in
37,USC00051772,Snow,1941-10-24T00:00:00.0000000-06:00,0.000000,,,6,,NOAA,2013-03-29T15:47:48.0770000-06:00,in
37,USC00051772,Snow,1941-10-25T00:00:00.0000000-06:00,0.000000,,,6,,NOAA,2013-03-29T15:47:48.0770000-06:00,in
37,USC00051772,Snow,1941-10-26T00:00:00.0000000-06:00,0.000000,,,6,,NOAA,2013-03-29T15:47:48.0770000-06:00,in
37,USC00051772,Snow,1941-10-27T00:00:00.0000000-07:00,0.000000,,,6,,NOAA,2013-03-29T15:47:48.0770000-06:00,in
37,USC00051772,Snow,1941-10-28T00:00:00.0000000-07:00,0.000000,,,6,,NOAA,2013-03-29T15:47:48.0770000-06:00,in
37,USC00051772,Snow,1941-10-29T00:00:00.0000000-07:00,0.000000,,,6,,NOAA,2013-03-29T15:47:48.0770000-06:00,in
37,USC00051772,Snow,1941-10-30T00:00:00.0000000-07:00,0.000000,,,6,,NOAA,2013-03-29T15:47:48.0770000-06:00,in
37,USC00051772,Snow,1941-10-31T00:00:00.0000000-07:00,0.000000,,,6,,NOAA,2013-03-29T15:47:48.0770000-06:00,in
37,USC00051772,Snow,1941-11-01T00:00:00.0000000-07:00,0.000000,,,6,,NOAA,2013-03-29T15:47:48.0770000-06:00,in
37,USC00051772,Snow,1941-11-02T00:00:00.0000000-07:00,0.000000,,,6,,NOAA,2013-03-29T15:47:48.0770000-06:00,in
37,USC00051772,Snow,1941-11-03T00:00:00.0000000-07:00,0.000000,,,6,,NOAA,2013-03-29T15:47:48.0770000-06:00,in
37,USC00051772,Snow,1941-11-04T00:00:00.0000000-07:00,0.000000,,,6,,NOAA,2013-03-29T15:47:48.0770000-06:00,in
37,USC00051772,Snow,1941-11-05T00:00:00.0000000-07:00,0.000000,,,6,,NOAA,2013-03-29T15:47:48.0770000-06:00,in
37,USC00051772,Snow,1941-11-06T00:00:00.0000000-07:00,0.000000,,,6,,NOAA,2013-03-29T15:47:48.0770000-06:00,in
37,USC00051772,Snow,1941-11-07T00:00:00.0000000-07:00,0.000000,,,6,,NOAA,2013-03-29T15:47:48.0770000-06:00,in
37,USC00051772,Snow,1941-11-08T00:00:00.0000000-07:00,0.000000,,,6,,NOAA,2013-03-29T15:47:48.0770000-06:00,in
37,USC00051772,Snow,1941-11-09T00:00:00.0000000-07:00,0.000000,,,6,,NOAA,2013-03-29T15:47:48.0770000-06:00,in
37,USC00051772,Snow,1941-11-10T00:00:00.0000000-07:00,0.000000,,,6,,NOAA,2013-03-29T15:47:48.0770000-06:00,in
37,USC00051772,Snow,1941-11-11T00:00:00.0000000-07:00,0.000000,,,6,,NOAA,2013-03-29T15:47:48.0770000-06:00,in
37,USC00051772,Snow,1941-11-12T00:00:00.0000000-07:00,0.000000,,,6,,NOAA,2013-03-29T15:47:48.0770000-06:00,in
37,USC00051772,Snow,1941-11-13T00:00:00.0000000-07:00,0.000000,,,6,,NOAA,2013-03-29T15:47:48.0770000-06:00,in
37,USC00051772,Snow,1941-11-14T00:00:00.0000000-07:00,0.000000,,,6,,NOAA,2013-03-29T15:47:48.0770000-06:00,in
37,USC00051772,Snow,1941-11-15T00:00:00.0000000-07:00,0.000000,,,6,,NOAA,2013-03-29T15:47:48.0770000-06:00,in
37,USC00051772,Snow,1941-11-16T00:00:00.0000000-07:00,0.000000,,,6,,NOAA,2013-03-29T15:47:48.0770000-06:00,in
37,USC00051772,Snow,1941-11-17T00:00:00.0000000-07:00,0.000000,,,6,,NOAA,2013-03-29T15:47:48.0770000-06:00,in
37,USC00051772,Snow,1941-11-18T00:00:00.0000000-07:00,0.000000,T,,6,,NOAA,2013-03-29T15:47:48.0770000-06:00,in
37,USC00051772,Snow,1941-11-19T00:00:00.0000000-07:00,0.984252,,,6,,NOAA,2013-03-29T15:47:48.0770000-06:00,in
37,USC00051772,Snow,1941-11-20T00:00:00.0000000-07:00,0.000000,T,,6,,NOAA,2013-03-29T15:47:48.0770000-06:00,in
37,USC00051772,Snow,1941-11-21T00:00:00.0000000-07:00,0.000000,,,6,,NOAA,2013-03-29T15:47:48.0770000-06:00,in
37,USC00051772,Snow,1941-11-22T00:00:00.0000000-07:00,1.496063,,,6,,NOAA,2013-03-29T15:47:48.0770000-06:00,in
37,USC00051772,Snow,1941-11-23T00:00:00.0000000-07:00,0.000000,T,,6,,NOAA,2013-03-29T15:47:48.0770000-06:00,in
37,USC00051772,Snow,1941-11-24T00:00:00.0000000-07:00,0.000000,,,6,,NOAA,2013-03-29T15:47:48.0770000-06:00,in
37,USC00051772,Snow,1941-11-25T00:00:00.0000000-07:00,0.000000,,,6,,NOAA,2013-03-29T15:47:48.0770000-06:00,in
37,USC00051772,Snow,1941-11-26T00:00:00.0000000-07:00,0.000000,,,6,,NOAA,2013-03-29T15:47:48.0770000-06:00,in
37,USC00051772,Snow,1941-11-27T00:00:00.0000000-07:00,0.000000,,,6,,NOAA,2013-03-29T15:47:48.0770000-06:00,in
37,USC00051772,Snow,1941-11-28T00:00:00.0000000-07:00,0.000000,,,6,,NOAA,2013-03-29T15:47:48.0770000-06:00,in
37,USC00051772,Snow,1941-11-29T00:00:00.0000000-07:00,0.000000,,,6,,NOAA,2013-03-29T15:47:48.0770000-06:00,in
37,USC00051772,Snow,1941-11-30T00:00:00.0000000-07:00,0.000000,,,6,,NOAA,2013-03-29T15:47:48.0770000-06:00,in
37,USC00051772,Snow,1941-12-01T00:00:00.0000000-07:00,0.000000,,,6,,NOAA,2013-03-29T15:47:48.0770000-06:00,in
37,USC00051772,Snow,1941-12-02T00:00:00.0000000-07:00,0.000000,,,6,,NOAA,2013-03-29T15:47:48.0770000-06:00,in
37,USC00051772,Snow,1941-12-03T00:00:00.0000000-07:00,0.000000,,,6,,NOAA,2013-03-29T15:47:48.0770000-06:00,in
37,USC00051772,Snow,1941-12-04T00:00:00.0000000-07:00,4.488189,,,6,,NOAA,2013-03-29T15:47:48.0770000-06:00,in
37,USC00051772,Snow,1941-12-05T00:00:00.0000000-07:00,0.000000,,,6,,NOAA,2013-03-29T15:47:48.0770000-06:00,in
37,USC00051772,Snow,1941-12-06T00:00:00.0000000-07:00,0.000000,,,6,,NOAA,2013-03-29T15:47:48.0770000-06:00,in
37,USC00051772,Snow,1941-12-07T00:00:00.0000000-07:00,0.000000,,,6,,NOAA,2013-03-29T15:47:48.0770000-06:00,in
37,USC00051772,Snow,1941-12-08T00:00:00.0000000-07:00,0.000000,,,6,,NOAA,2013-03-29T15:47:48.0770000-06:00,in
37,USC00051772,Snow,1941-12-09T00:00:00.0000000-07:00,0.000000,,,6,,NOAA,2013-03-29T15:47:48.0770000-06:00,in
37,USC00051772,Snow,1941-12-10T00:00:00.0000000-07:00,0.000000,T,,6,,NOAA,2013-03-29T15:47:48.0770000-06:00,in
37,USC00051772,Snow,1941-12-11T00:00:00.0000000-07:00,0.000000,,,6,,NOAA,2013-03-29T15:47:48.0770000-06:00,in
37,USC00051772,Snow,1941-12-12T00:00:00.0000000-07:00,0.000000,,,6,,NOAA,2013-03-29T15:47:48.0770000-06:00,in
37,USC00051772,Snow,1941-12-13T00:00:00.0000000-07:00,0.000000,T,,6,,NOAA,2013-03-29T15:47:48.0770000-06:00,in
37,USC00051772,Snow,1941-12-14T00:00:00.0000000-07:00,0.000000,,,6,,NOAA,2013-03-29T15:47:48.0770000-06:00,in
37,USC00051772,Snow,1941-12-15T00:00:00.0000000-07:00,0.000000,,,6,,NOAA,2013-03-29T15:47:48.0770000-06:00,in
37,USC00051772,Snow,1941-12-16T00:00:00.0000000-07:00,0.000000,,,6,,NOAA,2013-03-29T15:47:48.0770000-06:00,in
37,USC00051772,Snow,1941-12-17T00:00:00.0000000-07:00,0.196850,,,6,,NOAA,2013-03-29T15:47:48.0770000-06:00,in
37,USC00051772,Snow,1941-12-18T00:00:00.0000000-07:00,0.000000,,,6,,NOAA,2013-03-29T15:47:48.0770000-06:00,in
37,USC00051772,Snow,1941-12-19T00:00:00.0000000-07:00,0.000000,,,6,,NOAA,2013-03-29T15:47:48.0770000-06:00,in
37,USC00051772,Snow,1941-12-20T00:00:00.0000000-07:00,0.000000,,,6,,NOAA,2013-03-29T15:47:48.0770000-06:00,in
37,USC00051772,Snow,1941-12-21T00:00:00.0000000-07:00,0.000000,,,6,,NOAA,2013-03-29T15:47:48.0770000-06:00,in
37,USC00051772,Snow,1941-12-22T00:00:00.0000000-07:00,0.000000,,,6,,NOAA,2013-03-29T15:47:48.0770000-06:00,in
37,USC00051772,Snow,1941-12-23T00:00:00.0000000-07:00,0.000000,,,6,,NOAA,2013-03-29T15:47:48.0770000-06:00,in
37,USC00051772,Snow,1941-12-24T00:00:00.0000000-07:00,0.000000,T,,6,,NOAA,2013-03-29T15:47:48.0770000-06:00,in
37,USC00051772,Snow,1941-12-25T00:00:00.0000000-07:00,0.000000,T,,6,,NOAA,2013-03-29T15:47:48.0770000-06:00,in
37,USC00051772,Snow,1941-12-26T00:00:00.0000000-07:00,0.000000,,,6,,NOAA,2013-03-29T15:47:48.0770000-06:00,in
37,USC00051772,Snow,1941-12-27T00:00:00.0000000-07:00,0.000000,,,6,,NOAA,2013-03-29T15:47:48.0770000-06:00,in
37,USC00051772,Snow,1941-12-28T00:00:00.0000000-07:00,0.000000,,,6,,NOAA,2013-03-29T15:47:48.0770000-06:00,in
37,USC00051772,Snow,1941-12-29T00:00:00.0000000-07:00,0.000000,,,6,,NOAA,2013-03-29T15:47:48.0770000-06:00,in
37,USC00051772,Snow,1941-12-30T00:00:00.0000000-07:00,0.000000,T,,6,,NOAA,2013-03-29T15:47:48.0770000-06:00,in
37,USC00051772,Snow,1941-12-31T00:00:00.0000000-07:00,0.314961,,,6,,NOAA,2013-03-29T15:47:48.0770000-06:00,in
37,USC00051772,Snow,1942-01-01T00:00:00.0000000-07:00,0.984252,,,6,,NOAA,2013-03-29T15:47:48.0770000-06:00,in
37,USC00051772,Snow,1942-01-02T00:00:00.0000000-07:00,0.000000,,,6,,NOAA,2013-03-29T15:47:48.0770000-06:00,in
37,USC00051772,Snow,1942-01-03T00:00:00.0000000-07:00,2.204725,,,6,,NOAA,2013-03-29T15:47:48.0770000-06:00,in
37,USC00051772,Snow,1942-01-04T00:00:00.0000000-07:00,0.000000,,,6,,NOAA,2013-03-29T15:47:48.0770000-06:00,in
37,USC00051772,Snow,1942-01-05T00:00:00.0000000-07:00,0.000000,,,6,,NOAA,2013-03-29T15:47:48.0770000-06:00,in
37,USC00051772,Snow,1942-01-06T00:00:00.0000000-07:00,0.000000,,,6,,NOAA,2013-03-29T15:47:48.0770000-06:00,in
37,USC00051772,Snow,1942-01-07T00:00:00.0000000-07:00,0.000000,,,6,,NOAA,2013-03-29T15:47:48.0770000-06:00,in
37,USC00051772,Snow,1942-01-08T00:00:00.0000000-07:00,0.000000,,,6,,NOAA,2013-03-29T15:47:48.0770000-06:00,in
37,USC00051772,Snow,1942-01-09T00:00:00.0000000-07:00,0.000000,,,6,,NOAA,2013-03-29T15:47:48.0770000-06:00,in
37,USC00051772,Snow,1942-01-10T00:00:00.0000000-07:00,0.000000,,,6,,NOAA,2013-03-29T15:47:48.0770000-06:00,in
37,USC00051772,Snow,1942-01-11T00:00:00.0000000-07:00,0.000000,,,6,,NOAA,2013-03-29T15:47:48.0770000-06:00,in
37,USC00051772,Snow,1942-01-12T00:00:00.0000000-07:00,0.000000,,,6,,NOAA,2013-03-29T15:47:48.0770000-06:00,in
37,USC00051772,Snow,1942-01-13T00:00:00.0000000-07:00,0.000000,,,6,,NOAA,2013-03-29T15:47:48.0770000-06:00,in
37,USC00051772,Snow,1942-01-14T00:00:00.0000000-07:00,0.000000,,,6,,NOAA,2013-03-29T15:47:48.0770000-06:00,in
37,USC00051772,Snow,1942-01-15T00:00:00.0000000-07:00,0.000000,,,6,,NOAA,2013-03-29T15:47:48.0770000-06:00,in
37,USC00051772,Snow,1942-01-16T00:00:00.0000000-07:00,0.000000,,,6,,NOAA,2013-03-29T15:47:48.0770000-06:00,in
37,USC00051772,Snow,1942-01-17T00:00:00.0000000-07:00,0.984252,,,6,,NOAA,2013-03-29T15:47:48.0770000-06:00,in
37,USC00051772,Snow,1942-01-18T00:00:00.0000000-07:00,0.000000,,,6,,NOAA,2013-03-29T15:47:48.0770000-06:00,in
37,USC00051772,Snow,1942-01-19T00:00:00.0000000-07:00,0.000000,,,6,,NOAA,2013-03-29T15:47:48.0770000-06:00,in
37,USC00051772,Snow,1942-01-20T00:00:00.0000000-07:00,0.000000,,,6,,NOAA,2013-03-29T15:47:48.0770000-06:00,in
37,USC00051772,Snow,1942-01-21T00:00:00.0000000-07:00,0.000000,,,6,,NOAA,2013-03-29T15:47:48.0770000-06:00,in
37,USC00051772,Snow,1942-01-22T00:00:00.0000000-07:00,0.000000,,,6,,NOAA,2013-03-29T15:47:48.0770000-06:00,in
37,USC00051772,Snow,1942-01-23T00:00:00.0000000-07:00,0.000000,,,6,,NOAA,2013-03-29T15:47:48.0770000-06:00,in
37,USC00051772,Snow,1942-01-24T00:00:00.0000000-07:00,0.000000,,,6,,NOAA,2013-03-29T15:47:48.0770000-06:00,in
37,USC00051772,Snow,1942-01-25T00:00:00.0000000-07:00,0.000000,,,6,,NOAA,2013-03-29T15:47:48.0770000-06:00,in
37,USC00051772,Snow,1942-01-26T00:00:00.0000000-07:00,0.000000,,,6,,NOAA,2013-03-29T15:47:48.0770000-06:00,in
37,USC00051772,Snow,1942-01-27T00:00:00.0000000-07:00,0.000000,,,6,,NOAA,2013-03-29T15:47:48.0770000-06:00,in
37,USC00051772,Snow,1942-01-28T00:00:00.0000000-07:00,0.000000,,,6,,NOAA,2013-03-29T15:47:48.0770000-06:00,in
37,USC00051772,Snow,1942-01-29T00:00:00.0000000-07:00,0.984252,,,6,,NOAA,2013-03-29T15:47:48.0770000-06:00,in
37,USC00051772,Snow,1942-01-30T00:00:00.0000000-07:00,0.000000,,,6,,NOAA,2013-03-29T15:47:48.0770000-06:00,in
37,USC00051772,Snow,1942-01-31T00:00:00.0000000-07:00,0.000000,,,6,,NOAA,2013-03-29T15:47:48.0770000-06:00,in
37,USC00051772,Snow,1942-02-01T00:00:00.0000000-07:00,0.000000,,,6,,NOAA,2013-03-29T15:47:48.0770000-06:00,in
37,USC00051772,Snow,1942-02-02T00:00:00.0000000-07:00,0.000000,,,6,,NOAA,2013-03-29T15:47:48.0770000-06:00,in
37,USC00051772,Snow,1942-02-03T00:00:00.0000000-07:00,0.000000,,,6,,NOAA,2013-03-29T15:47:48.0770000-06:00,in
37,USC00051772,Snow,1942-02-04T00:00:00.0000000-07:00,0.000000,,,6,,NOAA,2013-03-29T15:47:48.0770000-06:00,in
37,USC00051772,Snow,1942-02-05T00:00:00.0000000-07:00,0.196850,,,6,,NOAA,2013-03-29T15:47:48.0770000-06:00,in
37,USC00051772,Snow,1942-02-06T00:00:00.0000000-07:00,0.000000,,,6,,NOAA,2013-03-29T15:47:48.0770000-06:00,in
37,USC00051772,Snow,1942-02-07T00:00:00.0000000-07:00,0.000000,,,6,,NOAA,2013-03-29T15:47:48.0770000-06:00,in
37,USC00051772,Snow,1942-02-08T00:00:00.0000000-07:00,3.188977,,,6,,NOAA,2013-03-29T15:47:48.0770000-06:00,in
37,USC00051772,Snow,1942-02-09T00:00:00.0000000-07:00,0.000000,,,6,,NOAA,2013-03-29T15:47:48.0770000-06:00,in
37,USC00051772,Snow,1942-02-10T00:00:00.0000000-07:00,0.000000,,,6,,NOAA,2013-03-29T15:47:48.0770000-06:00,in
37,USC00051772,Snow,1942-02-11T00:00:00.0000000-07:00,0.000000,,,6,,NOAA,2013-03-29T15:47:48.0770000-06:00,in
37,USC00051772,Snow,1942-02-12T00:00:00.0000000-07:00,0.000000,,,6,,NOAA,2013-03-29T15:47:48.0770000-06:00,in
37,USC00051772,Snow,1942-02-13T00:00:00.0000000-07:00,2.007874,,,6,,NOAA,2013-03-29T15:47:48.0770000-06:00,in
37,USC00051772,Snow,1942-02-14T00:00:00.0000000-07:00,5.196850,,,6,,NOAA,2013-03-29T15:47:48.0770000-06:00,in
37,USC00051772,Snow,1942-02-15T00:00:00.0000000-07:00,0.511811,,,6,,NOAA,2013-03-29T15:47:48.0770000-06:00,in
37,USC00051772,Snow,1942-02-16T00:00:00.0000000-07:00,0.511811,,,6,,NOAA,2013-03-29T15:47:48.0770000-06:00,in
37,USC00051772,Snow,1942-02-17T00:00:00.0000000-07:00,0.000000,,,6,,NOAA,2013-03-29T15:47:48.0770000-06:00,in
37,USC00051772,Snow,1942-02-18T00:00:00.0000000-07:00,0.000000,,,6,,NOAA,2013-03-29T15:47:48.0770000-06:00,in
37,USC00051772,Snow,1942-02-19T00:00:00.0000000-07:00,0.000000,,,6,,NOAA,2013-03-29T15:47:48.0770000-06:00,in
37,USC00051772,Snow,1942-02-20T00:00:00.0000000-07:00,0.000000,,,6,,NOAA,2013-03-29T15:47:48.0770000-06:00,in
37,USC00051772,Snow,1942-02-21T00:00:00.0000000-07:00,0.000000,,,6,,NOAA,2013-03-29T15:47:48.0770000-06:00,in
37,USC00051772,Snow,1942-02-22T00:00:00.0000000-07:00,0.984252,,,6,,NOAA,2013-03-29T15:47:48.0770000-06:00,in
37,USC00051772,Snow,1942-02-23T00:00:00.0000000-07:00,0.000000,,,6,,NOAA,2013-03-29T15:47:48.0770000-06:00,in
37,USC00051772,Snow,1942-02-24T00:00:00.0000000-07:00,0.000000,,,6,,NOAA,2013-03-29T15:47:48.0770000-06:00,in
37,USC00051772,Snow,1942-02-25T00:00:00.0000000-07:00,2.007874,,,6,,NOAA,2013-03-29T15:47:48.0770000-06:00,in
37,USC00051772,Snow,1942-02-26T00:00:00.0000000-07:00,0.000000,,,6,,NOAA,2013-03-29T15:47:48.0770000-06:00,in
37,USC00051772,Snow,1942-02-27T00:00:00.0000000-07:00,0.000000,,,6,,NOAA,2013-03-29T15:47:48.0770000-06:00,in
37,USC00051772,Snow,1942-02-28T00:00:00.0000000-07:00,0.196850,,,6,,NOAA,2013-03-29T15:47:48.0770000-06:00,in
37,USC00051772,Snow,1942-03-01T00:00:00.0000000-07:00,0.000000,,,6,,NOAA,2013-03-29T15:47:48.0770000-06:00,in
37,USC00051772,Snow,1942-03-02T00:00:00.0000000-07:00,0.000000,,,6,,NOAA,2013-03-29T15:47:48.0770000-06:00,in
37,USC00051772,Snow,1942-03-03T00:00:00.0000000-07:00,0.000000,,,6,,NOAA,2013-03-29T15:47:48.0770000-06:00,in
37,USC00051772,Snow,1942-03-04T00:00:00.0000000-07:00,0.000000,,,6,,NOAA,2013-03-29T15:47:48.0770000-06:00,in
37,USC00051772,Snow,1942-03-05T00:00:00.0000000-07:00,0.000000,,,6,,NOAA,2013-03-29T15:47:48.0770000-06:00,in
37,USC00051772,Snow,1942-03-06T00:00:00.0000000-07:00,0.984252,,,6,,NOAA,2013-03-29T15:47:48.0770000-06:00,in
37,USC00051772,Snow,1942-03-07T00:00:00.0000000-07:00,0.000000,,,6,,NOAA,2013-03-29T15:47:48.0770000-06:00,in
37,USC00051772,Snow,1942-03-08T00:00:00.0000000-07:00,0.000000,,,6,,NOAA,2013-03-29T15:47:48.0770000-06:00,in
37,USC00051772,Snow,1942-03-09T00:00:00.0000000-07:00,0.000000,,,6,,NOAA,2013-03-29T15:47:48.0770000-06:00,in
37,USC00051772,Snow,1942-03-10T00:00:00.0000000-07:00,0.000000,,,6,,NOAA,2013-03-29T15:47:48.0770000-06:00,in
37,USC00051772,Snow,1942-03-11T00:00:00.0000000-07:00,0.000000,T,,6,,NOAA,2013-03-29T15:47:48.0770000-06:00,in
37,USC00051772,Snow,1942-03-12T00:00:00.0000000-07:00,0.000000,,,6,,NOAA,2013-03-29T15:47:48.0770000-06:00,in
37,USC00051772,Snow,1942-03-13T00:00:00.0000000-07:00,0.000000,,,6,,NOAA,2013-03-29T15:47:48.0770000-06:00,in
37,USC00051772,Snow,1942-03-14T00:00:00.0000000-07:00,0.984252,,,6,,NOAA,2013-03-29T15:47:48.0770000-06:00,in
37,USC00051772,Snow,1942-03-15T00:00:00.0000000-07:00,0.000000,,,6,,NOAA,2013-03-29T15:47:48.0770000-06:00,in
37,USC00051772,Snow,1942-03-16T00:00:00.0000000-07:00,0.000000,T,,6,,NOAA,2013-03-29T15:47:48.0770000-06:00,in
37,USC00051772,Snow,1942-03-17T00:00:00.0000000-07:00,0.000000,,,6,,NOAA,2013-03-29T15:47:48.0770000-06:00,in
37,USC00051772,Snow,1942-03-18T00:00:00.0000000-07:00,0.000000,,,6,,NOAA,2013-03-29T15:47:48.0770000-06:00,in
37,USC00051772,Snow,1942-03-19T00:00:00.0000000-07:00,5.984252,,,6,,NOAA,2013-03-29T15:47:48.0770000-06:00,in
37,USC00051772,Snow,1942-03-20T00:00:00.0000000-07:00,0.000000,,,6,,NOAA,2013-03-29T15:47:48.0770000-06:00,in
37,USC00051772,Snow,1942-03-21T00:00:00.0000000-07:00,0.000000,,,6,,NOAA,2013-03-29T15:47:48.0770000-06:00,in
37,USC00051772,Snow,1942-03-22T00:00:00.0000000-07:00,0.000000,,,6,,NOAA,2013-03-29T15:47:48.0770000-06:00,in
37,USC00051772,Snow,1942-03-23T00:00:00.0000000-07:00,0.000000,,,6,,NOAA,2013-03-29T15:47:48.0770000-06:00,in
37,USC00051772,Snow,1942-03-24T00:00:00.0000000-07:00,0.000000,,,6,,NOAA,2013-03-29T15:47:48.0770000-06:00,in
37,USC00051772,Snow,1942-03-25T00:00:00.0000000-07:00,2.007874,,,6,,NOAA,2013-03-29T15:47:48.0770000-06:00,in
37,USC00051772,Snow,1942-03-26T00:00:00.0000000-07:00,0.511811,,,6,,NOAA,2013-03-29T15:47:48.0770000-06:00,in
37,USC00051772,Snow,1942-03-27T00:00:00.0000000-07:00,0.000000,T,,6,,NOAA,2013-03-29T15:47:48.0770000-06:00,in
37,USC00051772,Snow,1942-03-28T00:00:00.0000000-07:00,0.000000,,,6,,NOAA,2013-03-29T15:47:48.0770000-06:00,in
37,USC00051772,Snow,1942-03-29T00:00:00.0000000-07:00,0.000000,,,6,,NOAA,2013-03-29T15:47:48.0770000-06:00,in
37,USC00051772,Snow,1942-03-30T00:00:00.0000000-07:00,0.000000,,,6,,NOAA,2013-03-29T15:47:48.0770000-06:00,in
37,USC00051772,Snow,1942-03-31T00:00:00.0000000-07:00,0.000000,,,6,,NOAA,2013-03-29T15:47:48.0770000-06:00,in
37,USC00051772,Snow,1942-04-01T00:00:00.0000000-07:00,0.000000,,,6,,NOAA,2013-03-29T15:47:48.0770000-06:00,in
37,USC00051772,Snow,1942-04-02T00:00:00.0000000-07:00,0.000000,,,6,,NOAA,2013-03-29T15:47:48.0770000-06:00,in
37,USC00051772,Snow,1942-04-03T00:00:00.0000000-07:00,0.000000,,,6,,NOAA,2013-03-29T15:47:48.0770000-06:00,in
37,USC00051772,Snow,1942-04-04T00:00:00.0000000-07:00,0.000000,,,6,,NOAA,2013-03-29T15:47:48.0770000-06:00,in
37,USC00051772,Snow,1942-04-05T00:00:00.0000000-07:00,0.000000,,,6,,NOAA,2013-03-29T15:47:48.0770000-06:00,in
37,USC00051772,Snow,1942-04-06T00:00:00.0000000-06:00,0.000000,,,6,,NOAA,2013-03-29T15:47:48.0770000-06:00,in
37,USC00051772,Snow,1942-04-07T00:00:00.0000000-06:00,0.000000,,,6,,NOAA,2013-03-29T15:47:48.0770000-06:00,in
37,USC00051772,Snow,1942-04-08T00:00:00.0000000-06:00,0.000000,,,6,,NOAA,2013-03-29T15:47:48.0770000-06:00,in
37,USC00051772,Snow,1942-04-09T00:00:00.0000000-06:00,0.000000,,,6,,NOAA,2013-03-29T15:47:48.0770000-06:00,in
37,USC00051772,Snow,1942-04-10T00:00:00.0000000-06:00,0.000000,,,6,,NOAA,2013-03-29T15:47:48.0770000-06:00,in
37,USC00051772,Snow,1942-04-11T00:00:00.0000000-06:00,0.000000,,,6,,NOAA,2013-03-29T15:47:48.0770000-06:00,in
37,USC00051772,Snow,1942-04-12T00:00:00.0000000-06:00,0.000000,,,6,,NOAA,2013-03-29T15:47:48.0770000-06:00,in
37,USC00051772,Snow,1942-04-13T00:00:00.0000000-06:00,0.000000,,,6,,NOAA,2013-03-29T15:47:48.0770000-06:00,in
37,USC00051772,Snow,1942-04-14T00:00:00.0000000-06:00,0.000000,,,6,,NOAA,2013-03-29T15:47:48.0770000-06:00,in
37,USC00051772,Snow,1942-04-15T00:00:00.0000000-06:00,0.000000,,,6,,NOAA,2013-03-29T15:47:48.0770000-06:00,in
37,USC00051772,Snow,1942-04-16T00:00:00.0000000-06:00,0.000000,,,6,,NOAA,2013-03-29T15:47:48.0770000-06:00,in
37,USC00051772,Snow,1942-04-17T00:00:00.0000000-06:00,0.000000,,,6,,NOAA,2013-03-29T15:47:48.0770000-06:00,in
37,USC00051772,Snow,1942-04-18T00:00:00.0000000-06:00,0.000000,,,6,,NOAA,2013-03-29T15:47:48.0770000-06:00,in
37,USC00051772,Snow,1942-04-19T00:00:00.0000000-06:00,0.000000,,,6,,NOAA,2013-03-29T15:47:48.0770000-06:00,in
37,USC00051772,Snow,1942-04-20T00:00:00.0000000-06:00,0.000000,,,6,,NOAA,2013-03-29T15:47:48.0770000-06:00,in
37,USC00051772,Snow,1942-04-21T00:00:00.0000000-06:00,0.000000,,,6,,NOAA,2013-03-29T15:47:48.0770000-06:00,in
37,USC00051772,Snow,1942-04-22T00:00:00.0000000-06:00,0.000000,,,6,,NOAA,2013-03-29T15:47:48.0770000-06:00,in
37,USC00051772,Snow,1942-04-23T00:00:00.0000000-06:00,0.984252,,,6,,NOAA,2013-03-29T15:47:48.0770000-06:00,in
37,USC00051772,Snow,1942-04-24T00:00:00.0000000-06:00,0.000000,T,,6,,NOAA,2013-03-29T15:47:48.0770000-06:00,in
37,USC00051772,Snow,1942-04-25T00:00:00.0000000-06:00,0.000000,T,,6,,NOAA,2013-03-29T15:47:48.0770000-06:00,in
37,USC00051772,Snow,1942-04-26T00:00:00.0000000-06:00,0.000000,T,,6,,NOAA,2013-03-29T15:47:48.0770000-06:00,in
37,USC00051772,Snow,1942-04-27T00:00:00.0000000-06:00,0.511811,,,6,,NOAA,2013-03-29T15:47:48.0770000-06:00,in
37,USC00051772,Snow,1942-04-28T00:00:00.0000000-06:00,0.000000,,,6,,NOAA,2013-03-29T15:47:48.0770000-06:00,in
37,USC00051772,Snow,1942-04-29T00:00:00.0000000-06:00,0.000000,T,,6,,NOAA,2013-03-29T15:47:48.0770000-06:00,in
37,USC00051772,Snow,1942-04-30T00:00:00.0000000-06:00,0.000000,,,6,,NOAA,2013-03-29T15:47:48.0770000-06:00,in
37,USC00051772,Snow,1942-05-01T00:00:00.0000000-06:00,0.000000,,,6,,NOAA,2013-03-29T15:47:48.0770000-06:00,in
37,USC00051772,Snow,1942-05-02T00:00:00.0000000-06:00,0.000000,,,6,,NOAA,2013-03-29T15:47:48.0770000-06:00,in
37,USC00051772,Snow,1942-05-03T00:00:00.0000000-06:00,0.000000,,,6,,NOAA,2013-03-29T15:47:48.0770000-06:00,in
37,USC00051772,Snow,1942-05-04T00:00:00.0000000-06:00,0.000000,,,6,,NOAA,2013-03-29T15:47:48.0770000-06:00,in
37,USC00051772,Snow,1942-05-05T00:00:00.0000000-06:00,0.000000,,,6,,NOAA,2013-03-29T15:47:48.0770000-06:00,in
37,USC00051772,Snow,1942-05-06T00:00:00.0000000-06:00,0.000000,,,6,,NOAA,2013-03-29T15:47:48.0770000-06:00,in
37,USC00051772,Snow,1942-05-07T00:00:00.0000000-06:00,0.000000,,,6,,NOAA,2013-03-29T15:47:48.0770000-06:00,in
37,USC00051772,Snow,1942-05-08T00:00:00.0000000-06:00,0.000000,,,6,,NOAA,2013-03-29T15:47:48.0770000-06:00,in
37,USC00051772,Snow,1942-05-09T00:00:00.0000000-06:00,0.000000,,,6,,NOAA,2013-03-29T15:47:48.0770000-06:00,in
37,USC00051772,Snow,1942-05-10T00:00:00.0000000-06:00,0.000000,,,6,,NOAA,2013-03-29T15:47:48.0770000-06:00,in
37,USC00051772,Snow,1942-05-11T00:00:00.0000000-06:00,0.000000,,,6,,NOAA,2013-03-29T15:47:48.0770000-06:00,in
37,USC00051772,Snow,1942-05-12T00:00:00.0000000-06:00,0.984252,,,6,,NOAA,2013-03-29T15:47:48.0770000-06:00,in
37,USC00051772,Snow,1942-05-13T00:00:00.0000000-06:00,0.000000,,,6,,NOAA,2013-03-29T15:47:48.0770000-06:00,in
37,USC00051772,Snow,1942-05-14T00:00:00.0000000-06:00,0.000000,,,6,,NOAA,2013-03-29T15:47:48.0770000-06:00,in
37,USC00051772,Snow,1942-05-15T00:00:00.0000000-06:00,0.000000,,,6,,NOAA,2013-03-29T15:47:48.0770000-06:00,in
37,USC00051772,Snow,1942-05-16T00:00:00.0000000-06:00,0.000000,,,6,,NOAA,2013-03-29T15:47:48.0770000-06:00,in
37,USC00051772,Snow,1942-05-17T00:00:00.0000000-06:00,0.000000,,,6,,NOAA,2013-03-29T15:47:48.0770000-06:00,in
37,USC00051772,Snow,1942-05-18T00:00:00.0000000-06:00,0.000000,,,6,,NOAA,2013-03-29T15:47:48.0770000-06:00,in
37,USC00051772,Snow,1942-05-19T00:00:00.0000000-06:00,0.000000,,,6,,NOAA,2013-03-29T15:47:48.0770000-06:00,in
37,USC00051772,Snow,1942-05-20T00:00:00.0000000-06:00,0.000000,,,6,,NOAA,2013-03-29T15:47:48.0770000-06:00,in
37,USC00051772,Snow,1942-05-21T00:00:00.0000000-06:00,0.000000,,,6,,NOAA,2013-03-29T15:47:48.0770000-06:00,in
37,USC00051772,Snow,1942-05-22T00:00:00.0000000-06:00,0.000000,,,6,,NOAA,2013-03-29T15:47:48.0770000-06:00,in
37,USC00051772,Snow,1942-05-23T00:00:00.0000000-06:00,0.000000,,,6,,NOAA,2013-03-29T15:47:48.0770000-06:00,in
37,USC00051772,Snow,1942-05-24T00:00:00.0000000-06:00,0.000000,,,6,,NOAA,2013-03-29T15:47:48.0770000-06:00,in
37,USC00051772,Snow,1942-05-25T00:00:00.0000000-06:00,0.000000,,,6,,NOAA,2013-03-29T15:47:48.0770000-06:00,in
37,USC00051772,Snow,1942-05-26T00:00:00.0000000-06:00,0.000000,,,6,,NOAA,2013-03-29T15:47:48.0770000-06:00,in
37,USC00051772,Snow,1942-05-27T00:00:00.0000000-06:00,0.000000,,,6,,NOAA,2013-03-29T15:47:48.0770000-06:00,in
37,USC00051772,Snow,1942-05-28T00:00:00.0000000-06:00,0.000000,,,6,,NOAA,2013-03-29T15:47:48.0770000-06:00,in
37,USC00051772,Snow,1942-05-29T00:00:00.0000000-06:00,0.000000,,,6,,NOAA,2013-03-29T15:47:48.0770000-06:00,in
37,USC00051772,Snow,1942-05-30T00:00:00.0000000-06:00,0.000000,,,6,,NOAA,2013-03-29T15:47:48.0770000-06:00,in
37,USC00051772,Snow,1942-05-31T00:00:00.0000000-06:00,0.000000,,,6,,NOAA,2013-03-29T15:47:48.0770000-06:00,in
37,USC00051772,Snow,1942-06-01T00:00:00.0000000-06:00,0.000000,,,6,,NOAA,2013-03-29T15:47:48.0770000-06:00,in
37,USC00051772,Snow,1942-06-02T00:00:00.0000000-06:00,0.000000,,,6,,NOAA,2013-03-29T15:47:48.0770000-06:00,in
37,USC00051772,Snow,1942-06-03T00:00:00.0000000-06:00,0.000000,,,6,,NOAA,2013-03-29T15:47:48.0770000-06:00,in
37,USC00051772,Snow,1942-06-04T00:00:00.0000000-06:00,0.000000,,,6,,NOAA,2013-03-29T15:47:48.0770000-06:00,in
37,USC00051772,Snow,1942-06-05T00:00:00.0000000-06:00,0.000000,,,6,,NOAA,2013-03-29T15:47:48.0770000-06:00,in
37,USC00051772,Snow,1942-06-06T00:00:00.0000000-06:00,0.000000,,,6,,NOAA,2013-03-29T15:47:48.0770000-06:00,in
37,USC00051772,Snow,1942-06-07T00:00:00.0000000-06:00,0.000000,,,6,,NOAA,2013-03-29T15:47:48.0770000-06:00,in
37,USC00051772,Snow,1942-06-08T00:00:00.0000000-06:00,0.000000,,,6,,NOAA,2013-03-29T15:47:48.0770000-06:00,in
37,USC00051772,Snow,1942-06-09T00:00:00.0000000-06:00,0.000000,,,6,,NOAA,2013-03-29T15:47:48.0770000-06:00,in
37,USC00051772,Snow,1942-06-10T00:00:00.0000000-06:00,0.000000,,,6,,NOAA,2013-03-29T15:47:48.0770000-06:00,in
37,USC00051772,Snow,1942-06-11T00:00:00.0000000-06:00,0.000000,,,6,,NOAA,2013-03-29T15:47:48.0770000-06:00,in
37,USC00051772,Snow,1942-06-12T00:00:00.0000000-06:00,0.000000,,,6,,NOAA,2013-03-29T15:47:48.0770000-06:00,in
37,USC00051772,Snow,1942-06-13T00:00:00.0000000-06:00,0.000000,,,6,,NOAA,2013-03-29T15:47:48.0770000-06:00,in
37,USC00051772,Snow,1942-06-14T00:00:00.0000000-06:00,0.000000,,,6,,NOAA,2013-03-29T15:47:48.0770000-06:00,in
37,USC00051772,Snow,1942-06-15T00:00:00.0000000-06:00,0.000000,,,6,,NOAA,2013-03-29T15:47:48.0770000-06:00,in
37,USC00051772,Snow,1942-06-16T00:00:00.0000000-06:00,0.000000,,,6,,NOAA,2013-03-29T15:47:48.0770000-06:00,in
37,USC00051772,Snow,1942-06-17T00:00:00.0000000-06:00,0.000000,,,6,,NOAA,2013-03-29T15:47:48.0770000-06:00,in
37,USC00051772,Snow,1942-06-18T00:00:00.0000000-06:00,0.000000,,,6,,NOAA,2013-03-29T15:47:48.0770000-06:00,in
37,USC00051772,Snow,1942-06-19T00:00:00.0000000-06:00,0.000000,,,6,,NOAA,2013-03-29T15:47:48.0770000-06:00,in
37,USC00051772,Snow,1942-06-20T00:00:00.0000000-06:00,0.000000,,,6,,NOAA,2013-03-29T15:47:48.0770000-06:00,in
37,USC00051772,Snow,1942-06-21T00:00:00.0000000-06:00,0.000000,,,6,,NOAA,2013-03-29T15:47:48.0770000-06:00,in
37,USC00051772,Snow,1942-06-22T00:00:00.0000000-06:00,0.000000,,,6,,NOAA,2013-03-29T15:47:48.0770000-06:00,in
37,USC00051772,Snow,1942-06-23T00:00:00.0000000-06:00,0.000000,,,6,,NOAA,2013-03-29T15:47:48.0770000-06:00,in
37,USC00051772,Snow,1942-06-24T00:00:00.0000000-06:00,0.000000,,,6,,NOAA,2013-03-29T15:47:48.0770000-06:00,in
37,USC00051772,Snow,1942-06-25T00:00:00.0000000-06:00,0.000000,,,6,,NOAA,2013-03-29T15:47:48.0770000-06:00,in
37,USC00051772,Snow,1942-06-26T00:00:00.0000000-06:00,0.000000,,,6,,NOAA,2013-03-29T15:47:48.0770000-06:00,in
37,USC00051772,Snow,1942-06-27T00:00:00.0000000-06:00,0.000000,,,6,,NOAA,2013-03-29T15:47:48.0770000-06:00,in
37,USC00051772,Snow,1942-06-28T00:00:00.0000000-06:00,0.000000,,,6,,NOAA,2013-03-29T15:47:48.0770000-06:00,in
37,USC00051772,Snow,1942-06-29T00:00:00.0000000-06:00,0.000000,,,6,,NOAA,2013-03-29T15:47:48.0770000-06:00,in
37,USC00051772,Snow,1942-06-30T00:00:00.0000000-06:00,0.000000,,,6,,NOAA,2013-03-29T15:47:48.0770000-06:00,in
37,USC00051772,Snow,1942-07-01T00:00:00.0000000-06:00,0.000000,,,6,,NOAA,2013-03-29T15:47:48.0770000-06:00,in
37,USC00051772,Snow,1942-07-02T00:00:00.0000000-06:00,0.000000,,,6,,NOAA,2013-03-29T15:47:48.0770000-06:00,in
37,USC00051772,Snow,1942-07-03T00:00:00.0000000-06:00,0.000000,,,6,,NOAA,2013-03-29T15:47:48.0770000-06:00,in
37,USC00051772,Snow,1942-07-04T00:00:00.0000000-06:00,0.000000,,,6,,NOAA,2013-03-29T15:47:48.0770000-06:00,in
37,USC00051772,Snow,1942-07-05T00:00:00.0000000-06:00,0.000000,,,6,,NOAA,2013-03-29T15:47:48.0770000-06:00,in
37,USC00051772,Snow,1942-07-06T00:00:00.0000000-06:00,0.000000,,,6,,NOAA,2013-03-29T15:47:48.0770000-06:00,in
37,USC00051772,Snow,1942-07-07T00:00:00.0000000-06:00,0.000000,,,6,,NOAA,2013-03-29T15:47:48.0770000-06:00,in
37,USC00051772,Snow,1942-07-08T00:00:00.0000000-06:00,0.000000,,,6,,NOAA,2013-03-29T15:47:48.0770000-06:00,in
37,USC00051772,Snow,1942-07-09T00:00:00.0000000-06:00,0.000000,,,6,,NOAA,2013-03-29T15:47:48.0770000-06:00,in
37,USC00051772,Snow,1942-07-10T00:00:00.0000000-06:00,0.000000,,,6,,NOAA,2013-03-29T15:47:48.0770000-06:00,in
37,USC00051772,Snow,1942-07-11T00:00:00.0000000-06:00,0.000000,,,6,,NOAA,2013-03-29T15:47:48.0770000-06:00,in
37,USC00051772,Snow,1942-07-12T00:00:00.0000000-06:00,0.000000,,,6,,NOAA,2013-03-29T15:47:48.0770000-06:00,in
37,USC00051772,Snow,1942-07-13T00:00:00.0000000-06:00,0.000000,,,6,,NOAA,2013-03-29T15:47:48.0770000-06:00,in
37,USC00051772,Snow,1942-07-14T00:00:00.0000000-06:00,0.000000,,,6,,NOAA,2013-03-29T15:47:48.0770000-06:00,in
37,USC00051772,Snow,1942-07-15T00:00:00.0000000-06:00,0.000000,,,6,,NOAA,2013-03-29T15:47:48.0770000-06:00,in
37,USC00051772,Snow,1942-07-16T00:00:00.0000000-06:00,0.000000,,,6,,NOAA,2013-03-29T15:47:48.0770000-06:00,in
37,USC00051772,Snow,1942-07-17T00:00:00.0000000-06:00,0.000000,,,6,,NOAA,2013-03-29T15:47:48.0770000-06:00,in
37,USC00051772,Snow,1942-07-18T00:00:00.0000000-06:00,0.000000,,,6,,NOAA,2013-03-29T15:47:48.0770000-06:00,in
37,USC00051772,Snow,1942-07-19T00:00:00.0000000-06:00,0.000000,,,6,,NOAA,2013-03-29T15:47:48.0770000-06:00,in
37,USC00051772,Snow,1942-07-20T00:00:00.0000000-06:00,0.000000,,,6,,NOAA,2013-03-29T15:47:48.0770000-06:00,in
37,USC00051772,Snow,1942-07-21T00:00:00.0000000-06:00,0.000000,,,6,,NOAA,2013-03-29T15:47:48.0770000-06:00,in
37,USC00051772,Snow,1942-07-22T00:00:00.0000000-06:00,0.000000,,,6,,NOAA,2013-03-29T15:47:48.0770000-06:00,in
37,USC00051772,Snow,1942-07-23T00:00:00.0000000-06:00,0.000000,,,6,,NOAA,2013-03-29T15:47:48.0770000-06:00,in
37,USC00051772,Snow,1942-07-24T00:00:00.0000000-06:00,0.000000,,,6,,NOAA,2013-03-29T15:47:48.0770000-06:00,in
37,USC00051772,Snow,1942-07-25T00:00:00.0000000-06:00,0.000000,,,6,,NOAA,2013-03-29T15:47:48.0770000-06:00,in
37,USC00051772,Snow,1942-07-26T00:00:00.0000000-06:00,0.000000,,,6,,NOAA,2013-03-29T15:47:48.0770000-06:00,in
37,USC00051772,Snow,1942-07-27T00:00:00.0000000-06:00,0.000000,,,6,,NOAA,2013-03-29T15:47:48.0770000-06:00,in
37,USC00051772,Snow,1942-07-28T00:00:00.0000000-06:00,0.000000,,,6,,NOAA,2013-03-29T15:47:48.0770000-06:00,in
37,USC00051772,Snow,1942-07-29T00:00:00.0000000-06:00,0.000000,,,6,,NOAA,2013-03-29T15:47:48.0770000-06:00,in
37,USC00051772,Snow,1942-07-30T00:00:00.0000000-06:00,0.000000,,,6,,NOAA,2013-03-29T15:47:48.0770000-06:00,in
37,USC00051772,Snow,1942-07-31T00:00:00.0000000-06:00,0.000000,,,6,,NOAA,2013-03-29T15:47:48.0770000-06:00,in
37,USC00051772,Snow,1942-08-01T00:00:00.0000000-06:00,0.000000,,,6,,NOAA,2013-03-29T15:47:48.0770000-06:00,in
37,USC00051772,Snow,1942-08-02T00:00:00.0000000-06:00,0.000000,,,6,,NOAA,2013-03-29T15:47:48.0770000-06:00,in
37,USC00051772,Snow,1942-08-03T00:00:00.0000000-06:00,0.000000,,,6,,NOAA,2013-03-29T15:47:48.0770000-06:00,in
37,USC00051772,Snow,1942-08-04T00:00:00.0000000-06:00,0.000000,,,6,,NOAA,2013-03-29T15:47:48.0770000-06:00,in
37,USC00051772,Snow,1942-08-05T00:00:00.0000000-06:00,0.000000,,,6,,NOAA,2013-03-29T15:47:48.0770000-06:00,in
37,USC00051772,Snow,1942-08-06T00:00:00.0000000-06:00,0.000000,,,6,,NOAA,2013-03-29T15:47:48.0770000-06:00,in
37,USC00051772,Snow,1942-08-07T00:00:00.0000000-06:00,0.000000,,,6,,NOAA,2013-03-29T15:47:48.0770000-06:00,in
37,USC00051772,Snow,1942-08-08T00:00:00.0000000-06:00,0.000000,,,6,,NOAA,2013-03-29T15:47:48.0770000-06:00,in
37,USC00051772,Snow,1942-08-09T00:00:00.0000000-06:00,0.000000,,,6,,NOAA,2013-03-29T15:47:48.0770000-06:00,in
37,USC00051772,Snow,1942-08-10T00:00:00.0000000-06:00,0.000000,,,6,,NOAA,2013-03-29T15:47:48.0770000-06:00,in
37,USC00051772,Snow,1942-08-11T00:00:00.0000000-06:00,0.000000,,,6,,NOAA,2013-03-29T15:47:48.0770000-06:00,in
37,USC00051772,Snow,1942-08-12T00:00:00.0000000-06:00,0.000000,,,6,,NOAA,2013-03-29T15:47:48.0770000-06:00,in
37,USC00051772,Snow,1942-08-13T00:00:00.0000000-06:00,0.000000,,,6,,NOAA,2013-03-29T15:47:48.0770000-06:00,in
37,USC00051772,Snow,1942-08-14T00:00:00.0000000-06:00,0.000000,,,6,,NOAA,2013-03-29T15:47:48.0770000-06:00,in
37,USC00051772,Snow,1942-08-15T00:00:00.0000000-06:00,0.000000,,,6,,NOAA,2013-03-29T15:47:48.0770000-06:00,in
37,USC00051772,Snow,1942-08-16T00:00:00.0000000-06:00,0.000000,,,6,,NOAA,2013-03-29T15:47:48.0770000-06:00,in
37,USC00051772,Snow,1942-08-17T00:00:00.0000000-06:00,0.000000,,,6,,NOAA,2013-03-29T15:47:48.0770000-06:00,in
37,USC00051772,Snow,1942-08-18T00:00:00.0000000-06:00,0.000000,,,6,,NOAA,2013-03-29T15:47:48.0770000-06:00,in
37,USC00051772,Snow,1942-08-19T00:00:00.0000000-06:00,0.000000,,,6,,NOAA,2013-03-29T15:47:48.0770000-06:00,in
37,USC00051772,Snow,1942-08-20T00:00:00.0000000-06:00,0.000000,,,6,,NOAA,2013-03-29T15:47:48.0770000-06:00,in
37,USC00051772,Snow,1942-08-21T00:00:00.0000000-06:00,0.000000,,,6,,NOAA,2013-03-29T15:47:48.0770000-06:00,in
37,USC00051772,Snow,1942-08-22T00:00:00.0000000-06:00,0.000000,,,6,,NOAA,2013-03-29T15:47:48.0770000-06:00,in
37,USC00051772,Snow,1942-08-23T00:00:00.0000000-06:00,0.000000,,,6,,NOAA,2013-03-29T15:47:48.0770000-06:00,in
37,USC00051772,Snow,1942-08-24T00:00:00.0000000-06:00,0.000000,,,6,,NOAA,2013-03-29T15:47:48.0770000-06:00,in
37,USC00051772,Snow,1942-08-25T00:00:00.0000000-06:00,0.000000,,,6,,NOAA,2013-03-29T15:47:48.0770000-06:00,in
37,USC00051772,Snow,1942-08-26T00:00:00.0000000-06:00,0.000000,,,6,,NOAA,2013-03-29T15:47:48.0770000-06:00,in
37,USC00051772,Snow,1942-08-27T00:00:00.0000000-06:00,0.000000,,,6,,NOAA,2013-03-29T15:47:48.0770000-06:00,in
37,USC00051772,Snow,1942-08-28T00:00:00.0000000-06:00,0.000000,,,6,,NOAA,2013-03-29T15:47:48.0770000-06:00,in
37,USC00051772,Snow,1942-08-29T00:00:00.0000000-06:00,0.000000,,,6,,NOAA,2013-03-29T15:47:48.0770000-06:00,in
37,USC00051772,Snow,1942-08-30T00:00:00.0000000-06:00,0.000000,,,6,,NOAA,2013-03-29T15:47:48.0770000-06:00,in
37,USC00051772,Snow,1942-08-31T00:00:00.0000000-06:00,0.000000,,,6,,NOAA,2013-03-29T15:47:48.0770000-06:00,in
37,USC00051772,Snow,1942-09-01T00:00:00.0000000-06:00,0.000000,,,6,,NOAA,2013-03-29T15:47:48.0770000-06:00,in
37,USC00051772,Snow,1942-09-02T00:00:00.0000000-06:00,0.000000,,,6,,NOAA,2013-03-29T15:47:48.0770000-06:00,in
37,USC00051772,Snow,1942-09-03T00:00:00.0000000-06:00,0.000000,,,6,,NOAA,2013-03-29T15:47:48.0770000-06:00,in
37,USC00051772,Snow,1942-09-04T00:00:00.0000000-06:00,0.000000,,,6,,NOAA,2013-03-29T15:47:48.0770000-06:00,in
37,USC00051772,Snow,1942-09-05T00:00:00.0000000-06:00,0.000000,,,6,,NOAA,2013-03-29T15:47:48.0770000-06:00,in
37,USC00051772,Snow,1942-09-06T00:00:00.0000000-06:00,0.000000,,,6,,NOAA,2013-03-29T15:47:48.0770000-06:00,in
37,USC00051772,Snow,1942-09-07T00:00:00.0000000-06:00,0.000000,,,6,,NOAA,2013-03-29T15:47:48.0770000-06:00,in
37,USC00051772,Snow,1942-09-08T00:00:00.0000000-06:00,0.000000,,,6,,NOAA,2013-03-29T15:47:48.0770000-06:00,in
37,USC00051772,Snow,1942-09-09T00:00:00.0000000-06:00,0.000000,,,6,,NOAA,2013-03-29T15:47:48.0770000-06:00,in
37,USC00051772,Snow,1942-09-10T00:00:00.0000000-06:00,0.000000,,,6,,NOAA,2013-03-29T15:47:48.0770000-06:00,in
37,USC00051772,Snow,1942-09-11T00:00:00.0000000-06:00,0.000000,,,6,,NOAA,2013-03-29T15:47:48.0770000-06:00,in
37,USC00051772,Snow,1942-09-12T00:00:00.0000000-06:00,0.000000,,,6,,NOAA,2013-03-29T15:47:48.0770000-06:00,in
37,USC00051772,Snow,1942-09-13T00:00:00.0000000-06:00,0.000000,,,6,,NOAA,2013-03-29T15:47:48.0770000-06:00,in
37,USC00051772,Snow,1942-09-14T00:00:00.0000000-06:00,0.000000,,,6,,NOAA,2013-03-29T15:47:48.0770000-06:00,in
37,USC00051772,Snow,1942-09-15T00:00:00.0000000-06:00,0.000000,,,6,,NOAA,2013-03-29T15:47:48.0770000-06:00,in
37,USC00051772,Snow,1942-09-16T00:00:00.0000000-06:00,0.000000,,,6,,NOAA,2013-03-29T15:47:48.0770000-06:00,in
37,USC00051772,Snow,1942-09-17T00:00:00.0000000-06:00,0.000000,,,6,,NOAA,2013-03-29T15:47:48.0770000-06:00,in
37,USC00051772,Snow,1942-09-18T00:00:00.0000000-06:00,0.000000,,,6,,NOAA,2013-03-29T15:47:48.0770000-06:00,in
37,USC00051772,Snow,1942-09-19T00:00:00.0000000-06:00,0.000000,,,6,,NOAA,2013-03-29T15:47:48.0770000-06:00,in
37,USC00051772,Snow,1942-09-20T00:00:00.0000000-06:00,0.000000,,,6,,NOAA,2013-03-29T15:47:48.0770000-06:00,in
37,USC00051772,Snow,1942-09-21T00:00:00.0000000-06:00,0.000000,,,6,,NOAA,2013-03-29T15:47:48.0770000-06:00,in
37,USC00051772,Snow,1942-09-22T00:00:00.0000000-06:00,0.000000,,,6,,NOAA,2013-03-29T15:47:48.0770000-06:00,in
37,USC00051772,Snow,1942-09-23T00:00:00.0000000-06:00,0.000000,,,6,,NOAA,2013-03-29T15:47:48.0770000-06:00,in
37,USC00051772,Snow,1942-09-24T00:00:00.0000000-06:00,0.000000,,,6,,NOAA,2013-03-29T15:47:48.0770000-06:00,in
37,USC00051772,Snow,1942-09-25T00:00:00.0000000-06:00,0.000000,,,6,,NOAA,2013-03-29T15:47:48.0770000-06:00,in
37,USC00051772,Snow,1942-09-26T00:00:00.0000000-06:00,0.000000,,,6,,NOAA,2013-03-29T15:47:48.0770000-06:00,in
37,USC00051772,Snow,1942-09-27T00:00:00.0000000-06:00,0.000000,,,6,,NOAA,2013-03-29T15:47:48.0770000-06:00,in
37,USC00051772,Snow,1942-09-28T00:00:00.0000000-06:00,0.000000,,,6,,NOAA,2013-03-29T15:47:48.0770000-06:00,in
37,USC00051772,Snow,1942-09-29T00:00:00.0000000-06:00,0.000000,,,6,,NOAA,2013-03-29T15:47:48.0770000-06:00,in
37,USC00051772,Snow,1942-09-30T00:00:00.0000000-06:00,0.000000,,,6,,NOAA,2013-03-29T15:47:48.0770000-06:00,in
37,USC00051772,Snow,1942-10-01T00:00:00.0000000-06:00,0.000000,,,6,,NOAA,2013-03-29T15:47:48.0770000-06:00,in
37,USC00051772,Snow,1942-10-02T00:00:00.0000000-06:00,0.000000,,,6,,NOAA,2013-03-29T15:47:48.0770000-06:00,in
37,USC00051772,Snow,1942-10-03T00:00:00.0000000-06:00,0.000000,,,6,,NOAA,2013-03-29T15:47:48.0770000-06:00,in
37,USC00051772,Snow,1942-10-04T00:00:00.0000000-06:00,0.000000,,,6,,NOAA,2013-03-29T15:47:48.0770000-06:00,in
37,USC00051772,Snow,1942-10-05T00:00:00.0000000-06:00,0.000000,,,6,,NOAA,2013-03-29T15:47:48.0770000-06:00,in
37,USC00051772,Snow,1942-10-06T00:00:00.0000000-06:00,0.000000,,,6,,NOAA,2013-03-29T15:47:48.0770000-06:00,in
37,USC00051772,Snow,1942-10-07T00:00:00.0000000-06:00,0.000000,,,6,,NOAA,2013-03-29T15:47:48.0770000-06:00,in
37,USC00051772,Snow,1942-10-08T00:00:00.0000000-06:00,0.000000,,,6,,NOAA,2013-03-29T15:47:48.0770000-06:00,in
37,USC00051772,Snow,1942-10-09T00:00:00.0000000-06:00,0.000000,,,6,,NOAA,2013-03-29T15:47:48.0770000-06:00,in
37,USC00051772,Snow,1942-10-10T00:00:00.0000000-06:00,0.000000,,,6,,NOAA,2013-03-29T15:47:48.0770000-06:00,in
37,USC00051772,Snow,1942-10-11T00:00:00.0000000-06:00,0.000000,,,6,,NOAA,2013-03-29T15:47:48.0770000-06:00,in
37,USC00051772,Snow,1942-10-12T00:00:00.0000000-06:00,0.000000,,,6,,NOAA,2013-03-29T15:47:48.0770000-06:00,in
37,USC00051772,Snow,1942-10-13T00:00:00.0000000-06:00,0.000000,,,6,,NOAA,2013-03-29T15:47:48.0770000-06:00,in
37,USC00051772,Snow,1942-10-14T00:00:00.0000000-06:00,0.000000,,,6,,NOAA,2013-03-29T15:47:48.0770000-06:00,in
37,USC00051772,Snow,1942-10-15T00:00:00.0000000-06:00,0.000000,,,6,,NOAA,2013-03-29T15:47:48.0770000-06:00,in
37,USC00051772,Snow,1942-10-16T00:00:00.0000000-06:00,0.000000,,,6,,NOAA,2013-03-29T15:47:48.0770000-06:00,in
37,USC00051772,Snow,1942-10-17T00:00:00.0000000-06:00,0.000000,,,6,,NOAA,2013-03-29T15:47:48.0770000-06:00,in
37,USC00051772,Snow,1942-10-18T00:00:00.0000000-06:00,0.000000,,,6,,NOAA,2013-03-29T15:47:48.0770000-06:00,in
37,USC00051772,Snow,1942-10-19T00:00:00.0000000-06:00,0.000000,,,6,,NOAA,2013-03-29T15:47:48.0770000-06:00,in
37,USC00051772,Snow,1942-10-20T00:00:00.0000000-06:00,0.000000,,,6,,NOAA,2013-03-29T15:47:48.0770000-06:00,in
37,USC00051772,Snow,1942-10-21T00:00:00.0000000-06:00,0.000000,,,6,,NOAA,2013-03-29T15:47:48.0770000-06:00,in
37,USC00051772,Snow,1942-10-22T00:00:00.0000000-06:00,0.000000,,,6,,NOAA,2013-03-29T15:47:48.0770000-06:00,in
37,USC00051772,Snow,1942-10-23T00:00:00.0000000-06:00,0.000000,,,6,,NOAA,2013-03-29T15:47:48.0770000-06:00,in
37,USC00051772,Snow,1942-10-24T00:00:00.0000000-06:00,0.000000,,,6,,NOAA,2013-03-29T15:47:48.0770000-06:00,in
37,USC00051772,Snow,1942-10-25T00:00:00.0000000-06:00,0.000000,,,6,,NOAA,2013-03-29T15:47:48.0770000-06:00,in
37,USC00051772,Snow,1942-10-26T00:00:00.0000000-07:00,0.000000,,,6,,NOAA,2013-03-29T15:47:48.0770000-06:00,in
37,USC00051772,Snow,1942-10-27T00:00:00.0000000-07:00,0.000000,,,6,,NOAA,2013-03-29T15:47:48.0770000-06:00,in
37,USC00051772,Snow,1942-10-28T00:00:00.0000000-07:00,0.000000,,,6,,NOAA,2013-03-29T15:47:48.0770000-06:00,in
37,USC00051772,Snow,1942-10-29T00:00:00.0000000-07:00,0.000000,,,6,,NOAA,2013-03-29T15:47:48.0770000-06:00,in
37,USC00051772,Snow,1942-10-30T00:00:00.0000000-07:00,0.000000,,,6,,NOAA,2013-03-29T15:47:48.0770000-06:00,in
37,USC00051772,Snow,1942-10-31T00:00:00.0000000-07:00,0.000000,,,6,,NOAA,2013-03-29T15:47:48.0770000-06:00,in
37,USC00051772,Snow,1942-11-01T00:00:00.0000000-07:00,0.000000,,,6,,NOAA,2013-03-29T15:47:48.0770000-06:00,in
37,USC00051772,Snow,1942-11-02T00:00:00.0000000-07:00,0.000000,,,6,,NOAA,2013-03-29T15:47:48.0770000-06:00,in
37,USC00051772,Snow,1942-11-03T00:00:00.0000000-07:00,0.000000,,,6,,NOAA,2013-03-29T15:47:48.0770000-06:00,in
37,USC00051772,Snow,1942-11-04T00:00:00.0000000-07:00,0.000000,,,6,,NOAA,2013-03-29T15:47:48.0770000-06:00,in
37,USC00051772,Snow,1942-11-05T00:00:00.0000000-07:00,0.000000,,,6,,NOAA,2013-03-29T15:47:48.0770000-06:00,in
37,USC00051772,Snow,1942-11-06T00:00:00.0000000-07:00,0.000000,,,6,,NOAA,2013-03-29T15:47:48.0770000-06:00,in
37,USC00051772,Snow,1942-11-07T00:00:00.0000000-07:00,0.000000,,,6,,NOAA,2013-03-29T15:47:48.0770000-06:00,in
37,USC00051772,Snow,1942-11-08T00:00:00.0000000-07:00,0.000000,,,6,,NOAA,2013-03-29T15:47:48.0770000-06:00,in
37,USC00051772,Snow,1942-11-09T00:00:00.0000000-07:00,0.000000,,,6,,NOAA,2013-03-29T15:47:48.0770000-06:00,in
37,USC00051772,Snow,1942-11-10T00:00:00.0000000-07:00,0.000000,,,6,,NOAA,2013-03-29T15:47:48.0770000-06:00,in
37,USC00051772,Snow,1942-11-11T00:00:00.0000000-07:00,0.000000,,,6,,NOAA,2013-03-29T15:47:48.0770000-06:00,in
37,USC00051772,Snow,1942-11-12T00:00:00.0000000-07:00,0.000000,,,6,,NOAA,2013-03-29T15:47:48.0770000-06:00,in
37,USC00051772,Snow,1942-11-13T00:00:00.0000000-07:00,0.000000,,,6,,NOAA,2013-03-29T15:47:48.0770000-06:00,in
37,USC00051772,Snow,1942-11-14T00:00:00.0000000-07:00,0.000000,,,6,,NOAA,2013-03-29T15:47:48.0770000-06:00,in
37,USC00051772,Snow,1942-11-15T00:00:00.0000000-07:00,0.000000,,,6,,NOAA,2013-03-29T15:47:48.0770000-06:00,in
37,USC00051772,Snow,1942-11-16T00:00:00.0000000-07:00,0.984252,,,6,,NOAA,2013-03-29T15:47:48.0770000-06:00,in
37,USC00051772,Snow,1942-11-17T00:00:00.0000000-07:00,0.000000,,,6,,NOAA,2013-03-29T15:47:48.0770000-06:00,in
37,USC00051772,Snow,1942-11-18T00:00:00.0000000-07:00,0.000000,,,6,,NOAA,2013-03-29T15:47:48.0770000-06:00,in
37,USC00051772,Snow,1942-11-19T00:00:00.0000000-07:00,0.000000,,,6,,NOAA,2013-03-29T15:47:48.0770000-06:00,in
37,USC00051772,Snow,1942-11-20T00:00:00.0000000-07:00,0.511811,,,6,,NOAA,2013-03-29T15:47:48.0770000-06:00,in
37,USC00051772,Snow,1942-11-21T00:00:00.0000000-07:00,0.000000,,,6,,NOAA,2013-03-29T15:47:48.0770000-06:00,in
37,USC00051772,Snow,1942-11-22T00:00:00.0000000-07:00,0.000000,,,6,,NOAA,2013-03-29T15:47:48.0770000-06:00,in
37,USC00051772,Snow,1942-11-23T00:00:00.0000000-07:00,0.000000,,,6,,NOAA,2013-03-29T15:47:48.0770000-06:00,in
37,USC00051772,Snow,1942-11-24T00:00:00.0000000-07:00,0.000000,,,6,,NOAA,2013-03-29T15:47:48.0770000-06:00,in
37,USC00051772,Snow,1942-11-25T00:00:00.0000000-07:00,0.000000,,,6,,NOAA,2013-03-29T15:47:48.0770000-06:00,in
37,USC00051772,Snow,1942-11-26T00:00:00.0000000-07:00,0.000000,,,6,,NOAA,2013-03-29T15:47:48.0770000-06:00,in
37,USC00051772,Snow,1942-11-27T00:00:00.0000000-07:00,0.000000,,,6,,NOAA,2013-03-29T15:47:48.0770000-06:00,in
37,USC00051772,Snow,1942-11-28T00:00:00.0000000-07:00,0.000000,,,6,,NOAA,2013-03-29T15:47:48.0770000-06:00,in
37,USC00051772,Snow,1942-11-29T00:00:00.0000000-07:00,0.000000,,,6,,NOAA,2013-03-29T15:47:48.0770000-06:00,in
37,USC00051772,Snow,1942-11-30T00:00:00.0000000-07:00,0.000000,,,6,,NOAA,2013-03-29T15:47:48.0770000-06:00,in
37,USC00051772,Snow,1942-12-01T00:00:00.0000000-07:00,0.000000,,,6,,NOAA,2013-03-29T15:47:48.0770000-06:00,in
37,USC00051772,Snow,1942-12-02T00:00:00.0000000-07:00,0.000000,T,,6,,NOAA,2013-03-29T15:47:48.0770000-06:00,in
37,USC00051772,Snow,1942-12-03T00:00:00.0000000-07:00,0.000000,,,6,,NOAA,2013-03-29T15:47:48.0770000-06:00,in
37,USC00051772,Snow,1942-12-04T00:00:00.0000000-07:00,0.000000,,,6,,NOAA,2013-03-29T15:47:48.0770000-06:00,in
37,USC00051772,Snow,1942-12-05T00:00:00.0000000-07:00,0.000000,,,6,,NOAA,2013-03-29T15:47:48.0770000-06:00,in
37,USC00051772,Snow,1942-12-06T00:00:00.0000000-07:00,0.000000,,,6,,NOAA,2013-03-29T15:47:48.0770000-06:00,in
37,USC00051772,Snow,1942-12-07T00:00:00.0000000-07:00,0.000000,,,6,,NOAA,2013-03-29T15:47:48.0770000-06:00,in
37,USC00051772,Snow,1942-12-08T00:00:00.0000000-07:00,0.000000,T,,6,,NOAA,2013-03-29T15:47:48.0770000-06:00,in
37,USC00051772,Snow,1942-12-09T00:00:00.0000000-07:00,0.000000,,,6,,NOAA,2013-03-29T15:47:48.0770000-06:00,in
37,USC00051772,Snow,1942-12-10T00:00:00.0000000-07:00,0.000000,,,6,,NOAA,2013-03-29T15:47:48.0770000-06:00,in
37,USC00051772,Snow,1942-12-11T00:00:00.0000000-07:00,0.000000,,,6,,NOAA,2013-03-29T15:47:48.0770000-06:00,in
37,USC00051772,Snow,1942-12-12T00:00:00.0000000-07:00,0.000000,,,6,,NOAA,2013-03-29T15:47:48.0770000-06:00,in
37,USC00051772,Snow,1942-12-13T00:00:00.0000000-07:00,0.000000,,,6,,NOAA,2013-03-29T15:47:48.0770000-06:00,in
37,USC00051772,Snow,1942-12-14T00:00:00.0000000-07:00,0.000000,,,6,,NOAA,2013-03-29T15:47:48.0770000-06:00,in
37,USC00051772,Snow,1942-12-15T00:00:00.0000000-07:00,0.000000,,,6,,NOAA,2013-03-29T15:47:48.0770000-06:00,in
37,USC00051772,Snow,1942-12-16T00:00:00.0000000-07:00,0.000000,,,6,,NOAA,2013-03-29T15:47:48.0770000-06:00,in
37,USC00051772,Snow,1942-12-17T00:00:00.0000000-07:00,0.000000,,,6,,NOAA,2013-03-29T15:47:48.0770000-06:00,in
37,USC00051772,Snow,1942-12-18T00:00:00.0000000-07:00,0.000000,,,6,,NOAA,2013-03-29T15:47:48.0770000-06:00,in
37,USC00051772,Snow,1942-12-19T00:00:00.0000000-07:00,0.000000,,,6,,NOAA,2013-03-29T15:47:48.0770000-06:00,in
37,USC00051772,Snow,1942-12-20T00:00:00.0000000-07:00,0.000000,,,6,,NOAA,2013-03-29T15:47:48.0770000-06:00,in
37,USC00051772,Snow,1942-12-21T00:00:00.0000000-07:00,0.000000,,,6,,NOAA,2013-03-29T15:47:48.0770000-06:00,in
37,USC00051772,Snow,1942-12-22T00:00:00.0000000-07:00,0.000000,,,6,,NOAA,2013-03-29T15:47:48.0770000-06:00,in
37,USC00051772,Snow,1942-12-23T00:00:00.0000000-07:00,0.000000,,,6,,NOAA,2013-03-29T15:47:48.0770000-06:00,in
37,USC00051772,Snow,1942-12-24T00:00:00.0000000-07:00,0.984252,,,6,,NOAA,2013-03-29T15:47:48.0770000-06:00,in
37,USC00051772,Snow,1942-12-25T00:00:00.0000000-07:00,0.000000,,,6,,NOAA,2013-03-29T15:47:48.0770000-06:00,in
37,USC00051772,Snow,1942-12-26T00:00:00.0000000-07:00,0.000000,,,6,,NOAA,2013-03-29T15:47:48.0770000-06:00,in
37,USC00051772,Snow,1942-12-27T00:00:00.0000000-07:00,0.000000,,,6,,NOAA,2013-03-29T15:47:48.0770000-06:00,in
37,USC00051772,Snow,1942-12-28T00:00:00.0000000-07:00,0.000000,,,6,,NOAA,2013-03-29T15:47:48.0770000-06:00,in
37,USC00051772,Snow,1942-12-29T00:00:00.0000000-07:00,0.000000,,,6,,NOAA,2013-03-29T15:47:48.0770000-06:00,in
37,USC00051772,Snow,1942-12-30T00:00:00.0000000-07:00,0.000000,,,6,,NOAA,2013-03-29T15:47:48.0770000-06:00,in
37,USC00051772,Snow,1942-12-31T00:00:00.0000000-07:00,0.000000,,,6,,NOAA,2013-03-29T15:47:48.0770000-06:00,in
37,USC00051772,Snow,1943-01-01T00:00:00.0000000-07:00,0.000000,,,6,,NOAA,2013-03-29T15:47:48.0770000-06:00,in
37,USC00051772,Snow,1943-01-02T00:00:00.0000000-07:00,0.000000,,,6,,NOAA,2013-03-29T15:47:48.0770000-06:00,in
37,USC00051772,Snow,1943-01-03T00:00:00.0000000-07:00,0.000000,,,6,,NOAA,2013-03-29T15:47:48.0770000-06:00,in
37,USC00051772,Snow,1943-01-04T00:00:00.0000000-07:00,0.000000,,,6,,NOAA,2013-03-29T15:47:48.0770000-06:00,in
37,USC00051772,Snow,1943-01-05T00:00:00.0000000-07:00,0.000000,,,6,,NOAA,2013-03-29T15:47:48.0770000-06:00,in
37,USC00051772,Snow,1943-01-06T00:00:00.0000000-07:00,0.000000,,,6,,NOAA,2013-03-29T15:47:48.0770000-06:00,in
37,USC00051772,Snow,1943-01-07T00:00:00.0000000-07:00,0.000000,,,6,,NOAA,2013-03-29T15:47:48.0770000-06:00,in
37,USC00051772,Snow,1943-01-08T00:00:00.0000000-07:00,0.000000,,,6,,NOAA,2013-03-29T15:47:48.0770000-06:00,in
37,USC00051772,Snow,1943-01-09T00:00:00.0000000-07:00,0.000000,,,6,,NOAA,2013-03-29T15:47:48.0770000-06:00,in
37,USC00051772,Snow,1943-01-10T00:00:00.0000000-07:00,0.000000,,,6,,NOAA,2013-03-29T15:47:48.0770000-06:00,in
37,USC00051772,Snow,1943-01-11T00:00:00.0000000-07:00,0.000000,,,6,,NOAA,2013-03-29T15:47:48.0770000-06:00,in
37,USC00051772,Snow,1943-01-12T00:00:00.0000000-07:00,0.000000,,,6,,NOAA,2013-03-29T15:47:48.0770000-06:00,in
37,USC00051772,Snow,1943-01-13T00:00:00.0000000-07:00,0.000000,,,6,,NOAA,2013-03-29T15:47:48.0770000-06:00,in
37,USC00051772,Snow,1943-01-14T00:00:00.0000000-07:00,0.000000,,,6,,NOAA,2013-03-29T15:47:48.0770000-06:00,in
37,USC00051772,Snow,1943-01-15T00:00:00.0000000-07:00,0.000000,,,6,,NOAA,2013-03-29T15:47:48.0770000-06:00,in
37,USC00051772,Snow,1943-01-16T00:00:00.0000000-07:00,0.000000,,,6,,NOAA,2013-03-29T15:47:48.0770000-06:00,in
37,USC00051772,Snow,1943-01-17T00:00:00.0000000-07:00,0.000000,,,6,,NOAA,2013-03-29T15:47:48.0770000-06:00,in
37,USC00051772,Snow,1943-01-18T00:00:00.0000000-07:00,0.000000,,,6,,NOAA,2013-03-29T15:47:48.0770000-06:00,in
37,USC00051772,Snow,1943-01-19T00:00:00.0000000-07:00,0.000000,,,6,,NOAA,2013-03-29T15:47:48.0770000-06:00,in
37,USC00051772,Snow,1943-01-20T00:00:00.0000000-07:00,0.000000,,,6,,NOAA,2013-03-29T15:47:48.0770000-06:00,in
37,USC00051772,Snow,1943-01-21T00:00:00.0000000-07:00,0.000000,,,6,,NOAA,2013-03-29T15:47:48.0770000-06:00,in
37,USC00051772,Snow,1943-01-22T00:00:00.0000000-07:00,0.000000,T,,6,,NOAA,2013-03-29T15:47:48.0770000-06:00,in
37,USC00051772,Snow,1943-01-23T00:00:00.0000000-07:00,0.000000,T,,6,,NOAA,2013-03-29T15:47:48.0770000-06:00,in
37,USC00051772,Snow,1943-01-24T00:00:00.0000000-07:00,0.000000,T,,6,,NOAA,2013-03-29T15:47:48.0770000-06:00,in
37,USC00051772,Snow,1943-01-25T00:00:00.0000000-07:00,0.000000,,,6,,NOAA,2013-03-29T15:47:48.0770000-06:00,in
37,USC00051772,Snow,1943-01-26T00:00:00.0000000-07:00,0.000000,,,6,,NOAA,2013-03-29T15:47:48.0770000-06:00,in
37,USC00051772,Snow,1943-01-27T00:00:00.0000000-07:00,0.118110,,,6,,NOAA,2013-03-29T15:47:48.0770000-06:00,in
37,USC00051772,Snow,1943-01-28T00:00:00.0000000-07:00,0.000000,,,6,,NOAA,2013-03-29T15:47:48.0770000-06:00,in
37,USC00051772,Snow,1943-01-29T00:00:00.0000000-07:00,0.000000,,,6,,NOAA,2013-03-29T15:47:48.0770000-06:00,in
37,USC00051772,Snow,1943-01-30T00:00:00.0000000-07:00,0.118110,,,6,,NOAA,2013-03-29T15:47:48.0770000-06:00,in
37,USC00051772,Snow,1943-01-31T00:00:00.0000000-07:00,0.000000,,,6,,NOAA,2013-03-29T15:47:48.0770000-06:00,in
37,USC00051772,Snow,1943-02-01T00:00:00.0000000-07:00,0.000000,,,6,,NOAA,2013-03-29T15:47:48.0770000-06:00,in
37,USC00051772,Snow,1943-02-02T00:00:00.0000000-07:00,0.000000,,,6,,NOAA,2013-03-29T15:47:48.0770000-06:00,in
37,USC00051772,Snow,1943-02-03T00:00:00.0000000-07:00,0.000000,,,6,,NOAA,2013-03-29T15:47:48.0770000-06:00,in
37,USC00051772,Snow,1943-02-04T00:00:00.0000000-07:00,0.000000,,,6,,NOAA,2013-03-29T15:47:48.0770000-06:00,in
37,USC00051772,Snow,1943-02-05T00:00:00.0000000-07:00,0.000000,,,6,,NOAA,2013-03-29T15:47:48.0770000-06:00,in
37,USC00051772,Snow,1943-02-06T00:00:00.0000000-07:00,0.000000,,,6,,NOAA,2013-03-29T15:47:48.0770000-06:00,in
37,USC00051772,Snow,1943-02-07T00:00:00.0000000-07:00,0.000000,,,6,,NOAA,2013-03-29T15:47:48.0770000-06:00,in
37,USC00051772,Snow,1943-02-08T00:00:00.0000000-07:00,0.000000,,,6,,NOAA,2013-03-29T15:47:48.0770000-06:00,in
37,USC00051772,Snow,1943-02-09T00:00:00.0000000-07:00,0.984252,,,6,,NOAA,2013-03-29T15:47:48.0770000-06:00,in
37,USC00051772,Snow,1943-02-10T00:00:00.0000000-07:00,0.000000,T,,6,,NOAA,2013-03-29T15:47:48.0770000-06:00,in
37,USC00051772,Snow,1943-02-11T00:00:00.0000000-07:00,0.000000,,,6,,NOAA,2013-03-29T15:47:48.0770000-06:00,in
37,USC00051772,Snow,1943-02-12T00:00:00.0000000-07:00,0.000000,,,6,,NOAA,2013-03-29T15:47:48.0770000-06:00,in
37,USC00051772,Snow,1943-02-13T00:00:00.0000000-07:00,0.000000,,,6,,NOAA,2013-03-29T15:47:48.0770000-06:00,in
37,USC00051772,Snow,1943-02-14T00:00:00.0000000-07:00,0.000000,,,6,,NOAA,2013-03-29T15:47:48.0770000-06:00,in
37,USC00051772,Snow,1943-02-15T00:00:00.0000000-07:00,0.000000,,,6,,NOAA,2013-03-29T15:47:48.0770000-06:00,in
37,USC00051772,Snow,1943-02-16T00:00:00.0000000-07:00,0.000000,,,6,,NOAA,2013-03-29T15:47:48.0770000-06:00,in
37,USC00051772,Snow,1943-02-17T00:00:00.0000000-07:00,0.000000,,,6,,NOAA,2013-03-29T15:47:48.0770000-06:00,in
37,USC00051772,Snow,1943-02-18T00:00:00.0000000-07:00,0.000000,,,6,,NOAA,2013-03-29T15:47:48.0770000-06:00,in
37,USC00051772,Snow,1943-02-19T00:00:00.0000000-07:00,0.000000,,,6,,NOAA,2013-03-29T15:47:48.0770000-06:00,in
37,USC00051772,Snow,1943-02-20T00:00:00.0000000-07:00,0.000000,,,6,,NOAA,2013-03-29T15:47:48.0770000-06:00,in
37,USC00051772,Snow,1943-02-21T00:00:00.0000000-07:00,0.000000,,,6,,NOAA,2013-03-29T15:47:48.0770000-06:00,in
37,USC00051772,Snow,1943-02-22T00:00:00.0000000-07:00,0.000000,,,6,,NOAA,2013-03-29T15:47:48.0770000-06:00,in
37,USC00051772,Snow,1943-02-23T00:00:00.0000000-07:00,0.000000,,,6,,NOAA,2013-03-29T15:47:48.0770000-06:00,in
37,USC00051772,Snow,1943-02-24T00:00:00.0000000-07:00,0.000000,,,6,,NOAA,2013-03-29T15:47:48.0770000-06:00,in
37,USC00051772,Snow,1943-02-25T00:00:00.0000000-07:00,0.000000,,,6,,NOAA,2013-03-29T15:47:48.0770000-06:00,in
37,USC00051772,Snow,1943-02-26T00:00:00.0000000-07:00,0.000000,,,6,,NOAA,2013-03-29T15:47:48.0770000-06:00,in
37,USC00051772,Snow,1943-02-27T00:00:00.0000000-07:00,0.000000,,,6,,NOAA,2013-03-29T15:47:48.0770000-06:00,in
37,USC00051772,Snow,1943-02-28T00:00:00.0000000-07:00,0.000000,,,6,,NOAA,2013-03-29T15:47:48.0770000-06:00,in
37,USC00051772,Snow,1943-03-01T00:00:00.0000000-07:00,0.000000,,,6,,NOAA,2013-03-29T15:47:48.0770000-06:00,in
37,USC00051772,Snow,1943-03-02T00:00:00.0000000-07:00,0.000000,,,6,,NOAA,2013-03-29T15:47:48.0770000-06:00,in
37,USC00051772,Snow,1943-03-03T00:00:00.0000000-07:00,0.000000,,,6,,NOAA,2013-03-29T15:47:48.0770000-06:00,in
37,USC00051772,Snow,1943-03-04T00:00:00.0000000-07:00,0.511811,,,6,,NOAA,2013-03-29T15:47:48.0770000-06:00,in
37,USC00051772,Snow,1943-03-05T00:00:00.0000000-07:00,0.000000,T,,6,,NOAA,2013-03-29T15:47:48.0770000-06:00,in
37,USC00051772,Snow,1943-03-06T00:00:00.0000000-07:00,0.000000,,,6,,NOAA,2013-03-29T15:47:48.0770000-06:00,in
37,USC00051772,Snow,1943-03-07T00:00:00.0000000-07:00,0.000000,,,6,,NOAA,2013-03-29T15:47:48.0770000-06:00,in
37,USC00051772,Snow,1943-03-08T00:00:00.0000000-07:00,0.000000,,,6,,NOAA,2013-03-29T15:47:48.0770000-06:00,in
37,USC00051772,Snow,1943-03-09T00:00:00.0000000-07:00,0.000000,,,6,,NOAA,2013-03-29T15:47:48.0770000-06:00,in
37,USC00051772,Snow,1943-03-10T00:00:00.0000000-07:00,0.000000,,,6,,NOAA,2013-03-29T15:47:48.0770000-06:00,in
37,USC00051772,Snow,1943-03-11T00:00:00.0000000-07:00,0.000000,,,6,,NOAA,2013-03-29T15:47:48.0770000-06:00,in
37,USC00051772,Snow,1943-03-12T00:00:00.0000000-07:00,0.000000,,,6,,NOAA,2013-03-29T15:47:48.0770000-06:00,in
37,USC00051772,Snow,1943-03-13T00:00:00.0000000-07:00,0.000000,,,6,,NOAA,2013-03-29T15:47:48.0770000-06:00,in
37,USC00051772,Snow,1943-03-14T00:00:00.0000000-07:00,0.000000,,,6,,NOAA,2013-03-29T15:47:48.0770000-06:00,in
37,USC00051772,Snow,1943-03-15T00:00:00.0000000-07:00,0.000000,T,,6,,NOAA,2013-03-29T15:47:48.0770000-06:00,in
37,USC00051772,Snow,1943-03-16T00:00:00.0000000-07:00,0.000000,,,6,,NOAA,2013-03-29T15:47:48.0770000-06:00,in
37,USC00051772,Snow,1943-03-17T00:00:00.0000000-07:00,0.000000,,,6,,NOAA,2013-03-29T15:47:48.0770000-06:00,in
37,USC00051772,Snow,1943-03-18T00:00:00.0000000-07:00,0.511811,,,6,,NOAA,2013-03-29T15:47:48.0770000-06:00,in
37,USC00051772,Snow,1943-03-19T00:00:00.0000000-07:00,0.000000,,,6,,NOAA,2013-03-29T15:47:48.0770000-06:00,in
37,USC00051772,Snow,1943-03-20T00:00:00.0000000-07:00,0.000000,T,,6,,NOAA,2013-03-29T15:47:48.0770000-06:00,in
37,USC00051772,Snow,1943-03-21T00:00:00.0000000-07:00,0.000000,,,6,,NOAA,2013-03-29T15:47:48.0770000-06:00,in
37,USC00051772,Snow,1943-03-22T00:00:00.0000000-07:00,0.000000,,,6,,NOAA,2013-03-29T15:47:48.0770000-06:00,in
37,USC00051772,Snow,1943-03-23T00:00:00.0000000-07:00,0.000000,,,6,,NOAA,2013-03-29T15:47:48.0770000-06:00,in
37,USC00051772,Snow,1943-03-24T00:00:00.0000000-07:00,0.000000,,,6,,NOAA,2013-03-29T15:47:48.0770000-06:00,in
37,USC00051772,Snow,1943-03-25T00:00:00.0000000-07:00,0.000000,,,6,,NOAA,2013-03-29T15:47:48.0770000-06:00,in
37,USC00051772,Snow,1943-03-26T00:00:00.0000000-07:00,0.000000,,,6,,NOAA,2013-03-29T15:47:48.0770000-06:00,in
37,USC00051772,Snow,1943-03-27T00:00:00.0000000-07:00,0.000000,,,6,,NOAA,2013-03-29T15:47:48.0770000-06:00,in
37,USC00051772,Snow,1943-03-28T00:00:00.0000000-07:00,0.000000,,,6,,NOAA,2013-03-29T15:47:48.0770000-06:00,in
37,USC00051772,Snow,1943-03-29T00:00:00.0000000-07:00,0.000000,,,6,,NOAA,2013-03-29T15:47:48.0770000-06:00,in
37,USC00051772,Snow,1943-03-30T00:00:00.0000000-07:00,0.000000,,,6,,NOAA,2013-03-29T15:47:48.0770000-06:00,in
37,USC00051772,Snow,1943-03-31T00:00:00.0000000-07:00,0.000000,,,6,,NOAA,2013-03-29T15:47:48.0770000-06:00,in
37,USC00051772,Snow,1943-04-01T00:00:00.0000000-07:00,0.000000,,,6,,NOAA,2013-03-29T15:47:48.0770000-06:00,in
37,USC00051772,Snow,1943-04-02T00:00:00.0000000-07:00,0.000000,,,6,,NOAA,2013-03-29T15:47:48.0770000-06:00,in
37,USC00051772,Snow,1943-04-03T00:00:00.0000000-07:00,0.000000,,,6,,NOAA,2013-03-29T15:47:48.0770000-06:00,in
37,USC00051772,Snow,1943-04-04T00:00:00.0000000-07:00,0.000000,,,6,,NOAA,2013-03-29T15:47:48.0770000-06:00,in
37,USC00051772,Snow,1943-04-05T00:00:00.0000000-06:00,0.000000,,,6,,NOAA,2013-03-29T15:47:48.0770000-06:00,in
37,USC00051772,Snow,1943-04-06T00:00:00.0000000-06:00,0.000000,,,6,,NOAA,2013-03-29T15:47:48.0770000-06:00,in
37,USC00051772,Snow,1943-04-07T00:00:00.0000000-06:00,0.000000,,,6,,NOAA,2013-03-29T15:47:48.0770000-06:00,in
37,USC00051772,Snow,1943-04-08T00:00:00.0000000-06:00,0.000000,,,6,,NOAA,2013-03-29T15:47:48.0770000-06:00,in
37,USC00051772,Snow,1943-04-09T00:00:00.0000000-06:00,0.000000,,,6,,NOAA,2013-03-29T15:47:48.0770000-06:00,in
37,USC00051772,Snow,1943-04-10T00:00:00.0000000-06:00,0.000000,,,6,,NOAA,2013-03-29T15:47:48.0770000-06:00,in
37,USC00051772,Snow,1943-04-11T00:00:00.0000000-06:00,0.000000,,,6,,NOAA,2013-03-29T15:47:48.0770000-06:00,in
37,USC00051772,Snow,1943-04-12T00:00:00.0000000-06:00,0.000000,,,6,,NOAA,2013-03-29T15:47:48.0770000-06:00,in
37,USC00051772,Snow,1943-04-13T00:00:00.0000000-06:00,0.000000,,,6,,NOAA,2013-03-29T15:47:48.0770000-06:00,in
37,USC00051772,Snow,1943-04-14T00:00:00.0000000-06:00,0.000000,,,6,,NOAA,2013-03-29T15:47:48.0770000-06:00,in
37,USC00051772,Snow,1943-04-15T00:00:00.0000000-06:00,0.000000,,,6,,NOAA,2013-03-29T15:47:48.0770000-06:00,in
37,USC00051772,Snow,1943-04-16T00:00:00.0000000-06:00,0.000000,,,6,,NOAA,2013-03-29T15:47:48.0770000-06:00,in
37,USC00051772,Snow,1943-04-17T00:00:00.0000000-06:00,0.000000,,,6,,NOAA,2013-03-29T15:47:48.0770000-06:00,in
37,USC00051772,Snow,1943-04-18T00:00:00.0000000-06:00,0.000000,,,6,,NOAA,2013-03-29T15:47:48.0770000-06:00,in
37,USC00051772,Snow,1943-04-19T00:00:00.0000000-06:00,0.000000,,,6,,NOAA,2013-03-29T15:47:48.0770000-06:00,in
37,USC00051772,Snow,1943-04-20T00:00:00.0000000-06:00,0.000000,,,6,,NOAA,2013-03-29T15:47:48.0770000-06:00,in
37,USC00051772,Snow,1943-04-21T00:00:00.0000000-06:00,0.000000,,,6,,NOAA,2013-03-29T15:47:48.0770000-06:00,in
37,USC00051772,Snow,1943-04-22T00:00:00.0000000-06:00,0.000000,,,6,,NOAA,2013-03-29T15:47:48.0770000-06:00,in
37,USC00051772,Snow,1943-04-23T00:00:00.0000000-06:00,0.000000,,,6,,NOAA,2013-03-29T15:47:48.0770000-06:00,in
37,USC00051772,Snow,1943-04-24T00:00:00.0000000-06:00,0.000000,,,6,,NOAA,2013-03-29T15:47:48.0770000-06:00,in
37,USC00051772,Snow,1943-04-25T00:00:00.0000000-06:00,0.000000,,,6,,NOAA,2013-03-29T15:47:48.0770000-06:00,in
37,USC00051772,Snow,1943-04-26T00:00:00.0000000-06:00,0.000000,,,6,,NOAA,2013-03-29T15:47:48.0770000-06:00,in
37,USC00051772,Snow,1943-04-27T00:00:00.0000000-06:00,0.000000,,,6,,NOAA,2013-03-29T15:47:48.0770000-06:00,in
37,USC00051772,Snow,1943-04-28T00:00:00.0000000-06:00,0.000000,,,6,,NOAA,2013-03-29T15:47:48.0770000-06:00,in
37,USC00051772,Snow,1943-04-29T00:00:00.0000000-06:00,0.000000,,,6,,NOAA,2013-03-29T15:47:48.0770000-06:00,in
37,USC00051772,Snow,1943-04-30T00:00:00.0000000-06:00,0.000000,,,6,,NOAA,2013-03-29T15:47:48.0770000-06:00,in
37,USC00051772,Snow,1943-05-01T00:00:00.0000000-06:00,0.000000,,,6,,NOAA,2013-03-29T15:47:48.0770000-06:00,in
37,USC00051772,Snow,1943-05-02T00:00:00.0000000-06:00,0.000000,,,6,,NOAA,2013-03-29T15:47:48.0770000-06:00,in
37,USC00051772,Snow,1943-05-03T00:00:00.0000000-06:00,0.000000,,,6,,NOAA,2013-03-29T15:47:48.0770000-06:00,in
37,USC00051772,Snow,1943-05-04T00:00:00.0000000-06:00,0.000000,,,6,,NOAA,2013-03-29T15:47:48.0770000-06:00,in
37,USC00051772,Snow,1943-05-05T00:00:00.0000000-06:00,0.000000,,,6,,NOAA,2013-03-29T15:47:48.0770000-06:00,in
37,USC00051772,Snow,1943-05-06T00:00:00.0000000-06:00,0.000000,,,6,,NOAA,2013-03-29T15:47:48.0770000-06:00,in
37,USC00051772,Snow,1943-05-07T00:00:00.0000000-06:00,0.000000,,,6,,NOAA,2013-03-29T15:47:48.0770000-06:00,in
37,USC00051772,Snow,1943-05-08T00:00:00.0000000-06:00,0.000000,,,6,,NOAA,2013-03-29T15:47:48.0770000-06:00,in
37,USC00051772,Snow,1943-05-09T00:00:00.0000000-06:00,0.000000,T,,6,,NOAA,2013-03-29T15:47:48.0770000-06:00,in
37,USC00051772,Snow,1943-05-10T00:00:00.0000000-06:00,0.000000,,,6,,NOAA,2013-03-29T15:47:48.0770000-06:00,in
37,USC00051772,Snow,1943-05-11T00:00:00.0000000-06:00,0.000000,,,6,,NOAA,2013-03-29T15:47:48.0770000-06:00,in
37,USC00051772,Snow,1943-05-12T00:00:00.0000000-06:00,0.000000,,,6,,NOAA,2013-03-29T15:47:48.0770000-06:00,in
37,USC00051772,Snow,1943-05-13T00:00:00.0000000-06:00,0.000000,,,6,,NOAA,2013-03-29T15:47:48.0770000-06:00,in
37,USC00051772,Snow,1943-05-14T00:00:00.0000000-06:00,0.000000,,,6,,NOAA,2013-03-29T15:47:48.0770000-06:00,in
37,USC00051772,Snow,1943-05-15T00:00:00.0000000-06:00,0.000000,,,6,,NOAA,2013-03-29T15:47:48.0770000-06:00,in
37,USC00051772,Snow,1943-05-16T00:00:00.0000000-06:00,0.000000,,,6,,NOAA,2013-03-29T15:47:48.0770000-06:00,in
37,USC00051772,Snow,1943-05-17T00:00:00.0000000-06:00,0.000000,,,6,,NOAA,2013-03-29T15:47:48.0770000-06:00,in
37,USC00051772,Snow,1943-05-18T00:00:00.0000000-06:00,0.000000,,,6,,NOAA,2013-03-29T15:47:48.0770000-06:00,in
37,USC00051772,Snow,1943-05-19T00:00:00.0000000-06:00,0.000000,,,6,,NOAA,2013-03-29T15:47:48.0770000-06:00,in
37,USC00051772,Snow,1943-05-20T00:00:00.0000000-06:00,0.000000,,,6,,NOAA,2013-03-29T15:47:48.0770000-06:00,in
37,USC00051772,Snow,1943-05-21T00:00:00.0000000-06:00,0.000000,,,6,,NOAA,2013-03-29T15:47:48.0770000-06:00,in
37,USC00051772,Snow,1943-05-22T00:00:00.0000000-06:00,0.000000,,,6,,NOAA,2013-03-29T15:47:48.0770000-06:00,in
37,USC00051772,Snow,1943-05-23T00:00:00.0000000-06:00,0.000000,,,6,,NOAA,2013-03-29T15:47:48.0770000-06:00,in
37,USC00051772,Snow,1943-05-24T00:00:00.0000000-06:00,0.000000,,,6,,NOAA,2013-03-29T15:47:48.0770000-06:00,in
37,USC00051772,Snow,1943-05-25T00:00:00.0000000-06:00,0.000000,,,6,,NOAA,2013-03-29T15:47:48.0770000-06:00,in
37,USC00051772,Snow,1943-05-26T00:00:00.0000000-06:00,0.000000,,,6,,NOAA,2013-03-29T15:47:48.0770000-06:00,in
37,USC00051772,Snow,1943-05-27T00:00:00.0000000-06:00,0.000000,,,6,,NOAA,2013-03-29T15:47:48.0770000-06:00,in
37,USC00051772,Snow,1943-05-28T00:00:00.0000000-06:00,0.000000,,,6,,NOAA,2013-03-29T15:47:48.0770000-06:00,in
37,USC00051772,Snow,1943-05-29T00:00:00.0000000-06:00,0.000000,,,6,,NOAA,2013-03-29T15:47:48.0770000-06:00,in
37,USC00051772,Snow,1943-05-30T00:00:00.0000000-06:00,0.000000,,,6,,NOAA,2013-03-29T15:47:48.0770000-06:00,in
37,USC00051772,Snow,1943-05-31T00:00:00.0000000-06:00,0.000000,,,6,,NOAA,2013-03-29T15:47:48.0770000-06:00,in
37,USC00051772,Snow,1943-06-01T00:00:00.0000000-06:00,0.000000,,,6,,NOAA,2013-03-29T15:47:48.0770000-06:00,in
37,USC00051772,Snow,1943-06-02T00:00:00.0000000-06:00,0.000000,,,6,,NOAA,2013-03-29T15:47:48.0770000-06:00,in
37,USC00051772,Snow,1943-06-03T00:00:00.0000000-06:00,0.000000,,,6,,NOAA,2013-03-29T15:47:48.0770000-06:00,in
37,USC00051772,Snow,1943-06-04T00:00:00.0000000-06:00,0.000000,,,6,,NOAA,2013-03-29T15:47:48.0770000-06:00,in
37,USC00051772,Snow,1943-06-05T00:00:00.0000000-06:00,0.000000,,,6,,NOAA,2013-03-29T15:47:48.0770000-06:00,in
37,USC00051772,Snow,1943-06-06T00:00:00.0000000-06:00,0.000000,,,6,,NOAA,2013-03-29T15:47:48.0770000-06:00,in
37,USC00051772,Snow,1943-06-07T00:00:00.0000000-06:00,0.000000,,,6,,NOAA,2013-03-29T15:47:48.0770000-06:00,in
37,USC00051772,Snow,1943-06-08T00:00:00.0000000-06:00,0.000000,,,6,,NOAA,2013-03-29T15:47:48.0770000-06:00,in
37,USC00051772,Snow,1943-06-09T00:00:00.0000000-06:00,0.000000,,,6,,NOAA,2013-03-29T15:47:48.0770000-06:00,in
37,USC00051772,Snow,1943-06-10T00:00:00.0000000-06:00,0.000000,,,6,,NOAA,2013-03-29T15:47:48.0770000-06:00,in
37,USC00051772,Snow,1943-06-11T00:00:00.0000000-06:00,0.000000,,,6,,NOAA,2013-03-29T15:47:48.0770000-06:00,in
37,USC00051772,Snow,1943-06-12T00:00:00.0000000-06:00,0.000000,,,6,,NOAA,2013-03-29T15:47:48.0770000-06:00,in
37,USC00051772,Snow,1943-06-13T00:00:00.0000000-06:00,0.000000,,,6,,NOAA,2013-03-29T15:47:48.0770000-06:00,in
37,USC00051772,Snow,1943-06-14T00:00:00.0000000-06:00,0.000000,,,6,,NOAA,2013-03-29T15:47:48.0770000-06:00,in
37,USC00051772,Snow,1943-06-15T00:00:00.0000000-06:00,0.000000,,,6,,NOAA,2013-03-29T15:47:48.0770000-06:00,in
37,USC00051772,Snow,1943-06-16T00:00:00.0000000-06:00,0.000000,,,6,,NOAA,2013-03-29T15:47:48.0770000-06:00,in
37,USC00051772,Snow,1943-06-17T00:00:00.0000000-06:00,0.000000,,,6,,NOAA,2013-03-29T15:47:48.0770000-06:00,in
37,USC00051772,Snow,1943-06-18T00:00:00.0000000-06:00,0.000000,,,6,,NOAA,2013-03-29T15:47:48.0770000-06:00,in
37,USC00051772,Snow,1943-06-19T00:00:00.0000000-06:00,0.000000,,,6,,NOAA,2013-03-29T15:47:48.0770000-06:00,in
37,USC00051772,Snow,1943-06-20T00:00:00.0000000-06:00,0.000000,,,6,,NOAA,2013-03-29T15:47:48.0770000-06:00,in
37,USC00051772,Snow,1943-06-21T00:00:00.0000000-06:00,0.000000,,,6,,NOAA,2013-03-29T15:47:48.0770000-06:00,in
37,USC00051772,Snow,1943-06-22T00:00:00.0000000-06:00,0.000000,,,6,,NOAA,2013-03-29T15:47:48.0770000-06:00,in
37,USC00051772,Snow,1943-06-23T00:00:00.0000000-06:00,0.000000,,,6,,NOAA,2013-03-29T15:47:48.0770000-06:00,in
37,USC00051772,Snow,1943-06-24T00:00:00.0000000-06:00,0.000000,,,6,,NOAA,2013-03-29T15:47:48.0770000-06:00,in
37,USC00051772,Snow,1943-06-25T00:00:00.0000000-06:00,0.000000,,,6,,NOAA,2013-03-29T15:47:48.0770000-06:00,in
37,USC00051772,Snow,1943-06-26T00:00:00.0000000-06:00,0.000000,,,6,,NOAA,2013-03-29T15:47:48.0770000-06:00,in
37,USC00051772,Snow,1943-06-27T00:00:00.0000000-06:00,0.000000,,,6,,NOAA,2013-03-29T15:47:48.0770000-06:00,in
37,USC00051772,Snow,1943-06-28T00:00:00.0000000-06:00,0.000000,,,6,,NOAA,2013-03-29T15:47:48.0770000-06:00,in
37,USC00051772,Snow,1943-06-29T00:00:00.0000000-06:00,0.000000,,,6,,NOAA,2013-03-29T15:47:48.0770000-06:00,in
37,USC00051772,Snow,1943-06-30T00:00:00.0000000-06:00,0.000000,,,6,,NOAA,2013-03-29T15:47:48.0770000-06:00,in
37,USC00051772,Snow,1943-07-01T00:00:00.0000000-06:00,0.000000,,,6,,NOAA,2013-03-29T15:47:48.0770000-06:00,in
37,USC00051772,Snow,1943-07-02T00:00:00.0000000-06:00,0.000000,,,6,,NOAA,2013-03-29T15:47:48.0770000-06:00,in
37,USC00051772,Snow,1943-07-03T00:00:00.0000000-06:00,0.000000,,,6,,NOAA,2013-03-29T15:47:48.0770000-06:00,in
37,USC00051772,Snow,1943-07-04T00:00:00.0000000-06:00,0.000000,,,6,,NOAA,2013-03-29T15:47:48.0770000-06:00,in
37,USC00051772,Snow,1943-07-05T00:00:00.0000000-06:00,0.000000,,,6,,NOAA,2013-03-29T15:47:48.0770000-06:00,in
37,USC00051772,Snow,1943-07-06T00:00:00.0000000-06:00,0.000000,,,6,,NOAA,2013-03-29T15:47:48.0770000-06:00,in
37,USC00051772,Snow,1943-07-07T00:00:00.0000000-06:00,0.000000,,,6,,NOAA,2013-03-29T15:47:48.0770000-06:00,in
37,USC00051772,Snow,1943-07-08T00:00:00.0000000-06:00,0.000000,,,6,,NOAA,2013-03-29T15:47:48.0770000-06:00,in
37,USC00051772,Snow,1943-07-09T00:00:00.0000000-06:00,0.000000,,,6,,NOAA,2013-03-29T15:47:48.0770000-06:00,in
37,USC00051772,Snow,1943-07-10T00:00:00.0000000-06:00,0.000000,,,6,,NOAA,2013-03-29T15:47:48.0770000-06:00,in
37,USC00051772,Snow,1943-07-11T00:00:00.0000000-06:00,0.000000,,,6,,NOAA,2013-03-29T15:47:48.0770000-06:00,in
37,USC00051772,Snow,1943-07-12T00:00:00.0000000-06:00,0.000000,,,6,,NOAA,2013-03-29T15:47:48.0770000-06:00,in
37,USC00051772,Snow,1943-07-13T00:00:00.0000000-06:00,0.000000,,,6,,NOAA,2013-03-29T15:47:48.0770000-06:00,in
37,USC00051772,Snow,1943-07-14T00:00:00.0000000-06:00,0.000000,,,6,,NOAA,2013-03-29T15:47:48.0770000-06:00,in
37,USC00051772,Snow,1943-07-15T00:00:00.0000000-06:00,0.000000,,,6,,NOAA,2013-03-29T15:47:48.0770000-06:00,in
37,USC00051772,Snow,1943-07-16T00:00:00.0000000-06:00,0.000000,,,6,,NOAA,2013-03-29T15:47:48.0770000-06:00,in
37,USC00051772,Snow,1943-07-17T00:00:00.0000000-06:00,0.000000,,,6,,NOAA,2013-03-29T15:47:48.0770000-06:00,in
37,USC00051772,Snow,1943-07-18T00:00:00.0000000-06:00,0.000000,,,6,,NOAA,2013-03-29T15:47:48.0770000-06:00,in
37,USC00051772,Snow,1943-07-19T00:00:00.0000000-06:00,0.000000,,,6,,NOAA,2013-03-29T15:47:48.0770000-06:00,in
37,USC00051772,Snow,1943-07-20T00:00:00.0000000-06:00,0.000000,,,6,,NOAA,2013-03-29T15:47:48.0770000-06:00,in
37,USC00051772,Snow,1943-07-21T00:00:00.0000000-06:00,0.000000,,,6,,NOAA,2013-03-29T15:47:48.0770000-06:00,in
37,USC00051772,Snow,1943-07-22T00:00:00.0000000-06:00,0.000000,,,6,,NOAA,2013-03-29T15:47:48.0770000-06:00,in
37,USC00051772,Snow,1943-07-23T00:00:00.0000000-06:00,0.000000,,,6,,NOAA,2013-03-29T15:47:48.0770000-06:00,in
37,USC00051772,Snow,1943-07-24T00:00:00.0000000-06:00,0.000000,,,6,,NOAA,2013-03-29T15:47:48.0770000-06:00,in
37,USC00051772,Snow,1943-07-25T00:00:00.0000000-06:00,0.000000,,,6,,NOAA,2013-03-29T15:47:48.0770000-06:00,in
37,USC00051772,Snow,1943-07-26T00:00:00.0000000-06:00,0.000000,,,6,,NOAA,2013-03-29T15:47:48.0770000-06:00,in
37,USC00051772,Snow,1943-07-27T00:00:00.0000000-06:00,0.000000,,,6,,NOAA,2013-03-29T15:47:48.0770000-06:00,in
37,USC00051772,Snow,1943-07-28T00:00:00.0000000-06:00,0.000000,,,6,,NOAA,2013-03-29T15:47:48.0770000-06:00,in
37,USC00051772,Snow,1943-07-29T00:00:00.0000000-06:00,0.000000,,,6,,NOAA,2013-03-29T15:47:48.0770000-06:00,in
37,USC00051772,Snow,1943-07-30T00:00:00.0000000-06:00,0.000000,,,6,,NOAA,2013-03-29T15:47:48.0770000-06:00,in
37,USC00051772,Snow,1943-07-31T00:00:00.0000000-06:00,0.000000,,,6,,NOAA,2013-03-29T15:47:48.0770000-06:00,in
37,USC00051772,Snow,1943-08-01T00:00:00.0000000-06:00,0.000000,,,6,,NOAA,2013-03-29T15:47:48.0770000-06:00,in
37,USC00051772,Snow,1943-08-02T00:00:00.0000000-06:00,0.000000,,,6,,NOAA,2013-03-29T15:47:48.0770000-06:00,in
37,USC00051772,Snow,1943-08-03T00:00:00.0000000-06:00,0.000000,,,6,,NOAA,2013-03-29T15:47:48.0770000-06:00,in
37,USC00051772,Snow,1943-08-04T00:00:00.0000000-06:00,0.000000,,,6,,NOAA,2013-03-29T15:47:48.0770000-06:00,in
37,USC00051772,Snow,1943-08-05T00:00:00.0000000-06:00,0.000000,,,6,,NOAA,2013-03-29T15:47:48.0770000-06:00,in
37,USC00051772,Snow,1943-08-06T00:00:00.0000000-06:00,0.000000,,,6,,NOAA,2013-03-29T15:47:48.0770000-06:00,in
37,USC00051772,Snow,1943-08-07T00:00:00.0000000-06:00,0.000000,,,6,,NOAA,2013-03-29T15:47:48.0770000-06:00,in
37,USC00051772,Snow,1943-08-08T00:00:00.0000000-06:00,0.000000,,,6,,NOAA,2013-03-29T15:47:48.0770000-06:00,in
37,USC00051772,Snow,1943-08-09T00:00:00.0000000-06:00,0.000000,,,6,,NOAA,2013-03-29T15:47:48.0770000-06:00,in
37,USC00051772,Snow,1943-08-10T00:00:00.0000000-06:00,0.000000,,,6,,NOAA,2013-03-29T15:47:48.0770000-06:00,in
37,USC00051772,Snow,1943-08-11T00:00:00.0000000-06:00,0.000000,,,6,,NOAA,2013-03-29T15:47:48.0770000-06:00,in
37,USC00051772,Snow,1943-08-12T00:00:00.0000000-06:00,0.000000,,,6,,NOAA,2013-03-29T15:47:48.0770000-06:00,in
37,USC00051772,Snow,1943-08-13T00:00:00.0000000-06:00,0.000000,,,6,,NOAA,2013-03-29T15:47:48.0770000-06:00,in
37,USC00051772,Snow,1943-08-14T00:00:00.0000000-06:00,0.000000,,,6,,NOAA,2013-03-29T15:47:48.0770000-06:00,in
37,USC00051772,Snow,1943-08-15T00:00:00.0000000-06:00,0.000000,,,6,,NOAA,2013-03-29T15:47:48.0770000-06:00,in
37,USC00051772,Snow,1943-08-16T00:00:00.0000000-06:00,0.000000,,,6,,NOAA,2013-03-29T15:47:48.0770000-06:00,in
37,USC00051772,Snow,1943-08-17T00:00:00.0000000-06:00,0.000000,,,6,,NOAA,2013-03-29T15:47:48.0770000-06:00,in
37,USC00051772,Snow,1943-08-18T00:00:00.0000000-06:00,0.000000,,,6,,NOAA,2013-03-29T15:47:48.0770000-06:00,in
37,USC00051772,Snow,1943-08-19T00:00:00.0000000-06:00,0.000000,,,6,,NOAA,2013-03-29T15:47:48.0770000-06:00,in
37,USC00051772,Snow,1943-08-20T00:00:00.0000000-06:00,0.000000,,,6,,NOAA,2013-03-29T15:47:48.0770000-06:00,in
37,USC00051772,Snow,1943-08-21T00:00:00.0000000-06:00,0.000000,,,6,,NOAA,2013-03-29T15:47:48.0770000-06:00,in
37,USC00051772,Snow,1943-08-22T00:00:00.0000000-06:00,0.000000,,,6,,NOAA,2013-03-29T15:47:48.0770000-06:00,in
37,USC00051772,Snow,1943-08-23T00:00:00.0000000-06:00,0.000000,,,6,,NOAA,2013-03-29T15:47:48.0770000-06:00,in
37,USC00051772,Snow,1943-08-24T00:00:00.0000000-06:00,0.000000,,,6,,NOAA,2013-03-29T15:47:48.0770000-06:00,in
37,USC00051772,Snow,1943-08-25T00:00:00.0000000-06:00,0.000000,,,6,,NOAA,2013-03-29T15:47:48.0770000-06:00,in
37,USC00051772,Snow,1943-08-26T00:00:00.0000000-06:00,0.000000,,,6,,NOAA,2013-03-29T15:47:48.0770000-06:00,in
37,USC00051772,Snow,1943-08-27T00:00:00.0000000-06:00,0.000000,,,6,,NOAA,2013-03-29T15:47:48.0770000-06:00,in
37,USC00051772,Snow,1943-08-28T00:00:00.0000000-06:00,0.000000,,,6,,NOAA,2013-03-29T15:47:48.0770000-06:00,in
37,USC00051772,Snow,1943-08-29T00:00:00.0000000-06:00,0.000000,,,6,,NOAA,2013-03-29T15:47:48.0770000-06:00,in
37,USC00051772,Snow,1943-08-30T00:00:00.0000000-06:00,0.000000,,,6,,NOAA,2013-03-29T15:47:48.0770000-06:00,in
37,USC00051772,Snow,1943-08-31T00:00:00.0000000-06:00,0.000000,,,6,,NOAA,2013-03-29T15:47:48.0770000-06:00,in
37,USC00051772,Snow,1943-09-01T00:00:00.0000000-06:00,0.000000,,,6,,NOAA,2013-03-29T15:47:48.0770000-06:00,in
37,USC00051772,Snow,1943-09-02T00:00:00.0000000-06:00,0.000000,,,6,,NOAA,2013-03-29T15:47:48.0770000-06:00,in
37,USC00051772,Snow,1943-09-03T00:00:00.0000000-06:00,0.000000,,,6,,NOAA,2013-03-29T15:47:48.0770000-06:00,in
37,USC00051772,Snow,1943-09-04T00:00:00.0000000-06:00,0.000000,,,6,,NOAA,2013-03-29T15:47:48.0770000-06:00,in
37,USC00051772,Snow,1943-09-05T00:00:00.0000000-06:00,0.000000,,,6,,NOAA,2013-03-29T15:47:48.0770000-06:00,in
37,USC00051772,Snow,1943-09-06T00:00:00.0000000-06:00,0.000000,,,6,,NOAA,2013-03-29T15:47:48.0770000-06:00,in
37,USC00051772,Snow,1943-09-07T00:00:00.0000000-06:00,0.000000,,,6,,NOAA,2013-03-29T15:47:48.0770000-06:00,in
37,USC00051772,Snow,1943-09-08T00:00:00.0000000-06:00,0.000000,,,6,,NOAA,2013-03-29T15:47:48.0770000-06:00,in
37,USC00051772,Snow,1943-09-09T00:00:00.0000000-06:00,0.000000,,,6,,NOAA,2013-03-29T15:47:48.0770000-06:00,in
37,USC00051772,Snow,1943-09-10T00:00:00.0000000-06:00,0.000000,,,6,,NOAA,2013-03-29T15:47:48.0770000-06:00,in
37,USC00051772,Snow,1943-09-11T00:00:00.0000000-06:00,0.000000,,,6,,NOAA,2013-03-29T15:47:48.0770000-06:00,in
37,USC00051772,Snow,1943-09-12T00:00:00.0000000-06:00,0.000000,,,6,,NOAA,2013-03-29T15:47:48.0770000-06:00,in
37,USC00051772,Snow,1943-09-13T00:00:00.0000000-06:00,0.000000,,,6,,NOAA,2013-03-29T15:47:48.0770000-06:00,in
37,USC00051772,Snow,1943-09-14T00:00:00.0000000-06:00,0.000000,,,6,,NOAA,2013-03-29T15:47:48.0770000-06:00,in
37,USC00051772,Snow,1943-09-15T00:00:00.0000000-06:00,0.000000,,,6,,NOAA,2013-03-29T15:47:48.0770000-06:00,in
37,USC00051772,Snow,1943-09-16T00:00:00.0000000-06:00,0.000000,,,6,,NOAA,2013-03-29T15:47:48.0770000-06:00,in
37,USC00051772,Snow,1943-09-17T00:00:00.0000000-06:00,0.000000,,,6,,NOAA,2013-03-29T15:47:48.0770000-06:00,in
37,USC00051772,Snow,1943-09-18T00:00:00.0000000-06:00,0.000000,,,6,,NOAA,2013-03-29T15:47:48.0770000-06:00,in
37,USC00051772,Snow,1943-09-19T00:00:00.0000000-06:00,0.000000,,,6,,NOAA,2013-03-29T15:47:48.0770000-06:00,in
37,USC00051772,Snow,1943-09-20T00:00:00.0000000-06:00,0.000000,,,6,,NOAA,2013-03-29T15:47:48.0770000-06:00,in
37,USC00051772,Snow,1943-09-21T00:00:00.0000000-06:00,0.000000,,,6,,NOAA,2013-03-29T15:47:48.0770000-06:00,in
37,USC00051772,Snow,1943-09-22T00:00:00.0000000-06:00,0.000000,,,6,,NOAA,2013-03-29T15:47:48.0770000-06:00,in
37,USC00051772,Snow,1943-09-23T00:00:00.0000000-06:00,0.000000,,,6,,NOAA,2013-03-29T15:47:48.0770000-06:00,in
37,USC00051772,Snow,1943-09-24T00:00:00.0000000-06:00,0.000000,,,6,,NOAA,2013-03-29T15:47:48.0770000-06:00,in
37,USC00051772,Snow,1943-09-25T00:00:00.0000000-06:00,0.000000,,,6,,NOAA,2013-03-29T15:47:48.0770000-06:00,in
37,USC00051772,Snow,1943-09-26T00:00:00.0000000-06:00,0.000000,,,6,,NOAA,2013-03-29T15:47:48.0770000-06:00,in
37,USC00051772,Snow,1943-09-27T00:00:00.0000000-06:00,0.000000,,,6,,NOAA,2013-03-29T15:47:48.0770000-06:00,in
37,USC00051772,Snow,1943-09-28T00:00:00.0000000-06:00,0.000000,,,6,,NOAA,2013-03-29T15:47:48.0770000-06:00,in
37,USC00051772,Snow,1943-09-29T00:00:00.0000000-06:00,0.000000,,,6,,NOAA,2013-03-29T15:47:48.0770000-06:00,in
37,USC00051772,Snow,1943-09-30T00:00:00.0000000-06:00,0.000000,,,6,,NOAA,2013-03-29T15:47:48.0770000-06:00,in
37,USC00051772,Snow,1943-10-01T00:00:00.0000000-06:00,0.000000,,,6,,NOAA,2013-03-29T15:47:48.0770000-06:00,in
37,USC00051772,Snow,1943-10-02T00:00:00.0000000-06:00,0.000000,,,6,,NOAA,2013-03-29T15:47:48.0770000-06:00,in
37,USC00051772,Snow,1943-10-03T00:00:00.0000000-06:00,0.000000,,,6,,NOAA,2013-03-29T15:47:48.0770000-06:00,in
37,USC00051772,Snow,1943-10-04T00:00:00.0000000-06:00,0.000000,,,6,,NOAA,2013-03-29T15:47:48.0770000-06:00,in
37,USC00051772,Snow,1943-10-05T00:00:00.0000000-06:00,0.000000,,,6,,NOAA,2013-03-29T15:47:48.0770000-06:00,in
37,USC00051772,Snow,1943-10-06T00:00:00.0000000-06:00,0.000000,,,6,,NOAA,2013-03-29T15:47:48.0770000-06:00,in
37,USC00051772,Snow,1943-10-07T00:00:00.0000000-06:00,0.000000,,,6,,NOAA,2013-03-29T15:47:48.0770000-06:00,in
37,USC00051772,Snow,1943-10-08T00:00:00.0000000-06:00,0.000000,,,6,,NOAA,2013-03-29T15:47:48.0770000-06:00,in
37,USC00051772,Snow,1943-10-09T00:00:00.0000000-06:00,0.000000,,,6,,NOAA,2013-03-29T15:47:48.0770000-06:00,in
37,USC00051772,Snow,1943-10-10T00:00:00.0000000-06:00,0.000000,,,6,,NOAA,2013-03-29T15:47:48.0770000-06:00,in
37,USC00051772,Snow,1943-10-11T00:00:00.0000000-06:00,0.000000,,,6,,NOAA,2013-03-29T15:47:48.0770000-06:00,in
37,USC00051772,Snow,1943-10-12T00:00:00.0000000-06:00,0.000000,,,6,,NOAA,2013-03-29T15:47:48.0770000-06:00,in
37,USC00051772,Snow,1943-10-13T00:00:00.0000000-06:00,0.000000,,,6,,NOAA,2013-03-29T15:47:48.0770000-06:00,in
37,USC00051772,Snow,1943-10-14T00:00:00.0000000-06:00,0.000000,,,6,,NOAA,2013-03-29T15:47:48.0770000-06:00,in
37,USC00051772,Snow,1943-10-15T00:00:00.0000000-06:00,0.000000,,,6,,NOAA,2013-03-29T15:47:48.0770000-06:00,in
37,USC00051772,Snow,1943-10-16T00:00:00.0000000-06:00,0.000000,,,6,,NOAA,2013-03-29T15:47:48.0770000-06:00,in
37,USC00051772,Snow,1943-10-17T00:00:00.0000000-06:00,0.000000,,,6,,NOAA,2013-03-29T15:47:48.0770000-06:00,in
37,USC00051772,Snow,1943-10-18T00:00:00.0000000-06:00,0.000000,,,6,,NOAA,2013-03-29T15:47:48.0770000-06:00,in
37,USC00051772,Snow,1943-10-19T00:00:00.0000000-06:00,0.000000,T,,6,,NOAA,2013-03-29T15:47:48.0770000-06:00,in
37,USC00051772,Snow,1943-10-20T00:00:00.0000000-06:00,0.000000,,,6,,NOAA,2013-03-29T15:47:48.0770000-06:00,in
37,USC00051772,Snow,1943-10-21T00:00:00.0000000-06:00,0.000000,,,6,,NOAA,2013-03-29T15:47:48.0770000-06:00,in
37,USC00051772,Snow,1943-10-22T00:00:00.0000000-06:00,0.000000,,,6,,NOAA,2013-03-29T15:47:48.0770000-06:00,in
37,USC00051772,Snow,1943-10-23T00:00:00.0000000-06:00,0.000000,,,6,,NOAA,2013-03-29T15:47:48.0770000-06:00,in
37,USC00051772,Snow,1943-10-24T00:00:00.0000000-06:00,0.000000,,,6,,NOAA,2013-03-29T15:47:48.0770000-06:00,in
37,USC00051772,Snow,1943-10-25T00:00:00.0000000-06:00,0.000000,,,6,,NOAA,2013-03-29T15:47:48.0770000-06:00,in
37,USC00051772,Snow,1943-10-26T00:00:00.0000000-06:00,0.000000,,,6,,NOAA,2013-03-29T15:47:48.0770000-06:00,in
37,USC00051772,Snow,1943-10-27T00:00:00.0000000-06:00,0.000000,,,6,,NOAA,2013-03-29T15:47:48.0770000-06:00,in
37,USC00051772,Snow,1943-10-28T00:00:00.0000000-06:00,0.000000,,,6,,NOAA,2013-03-29T15:47:48.0770000-06:00,in
37,USC00051772,Snow,1943-10-29T00:00:00.0000000-06:00,0.000000,,,6,,NOAA,2013-03-29T15:47:48.0770000-06:00,in
37,USC00051772,Snow,1943-10-30T00:00:00.0000000-06:00,0.000000,,,6,,NOAA,2013-03-29T15:47:48.0770000-06:00,in
37,USC00051772,Snow,1943-10-31T00:00:00.0000000-06:00,0.000000,T,,6,,NOAA,2013-03-29T15:47:48.0770000-06:00,in
37,USC00051772,Snow,1943-11-01T00:00:00.0000000-07:00,0.000000,,,6,,NOAA,2013-03-29T15:47:48.0770000-06:00,in
37,USC00051772,Snow,1943-11-02T00:00:00.0000000-07:00,0.000000,,,6,,NOAA,2013-03-29T15:47:48.0770000-06:00,in
37,USC00051772,Snow,1943-11-03T00:00:00.0000000-07:00,0.000000,,,6,,NOAA,2013-03-29T15:47:48.0770000-06:00,in
37,USC00051772,Snow,1943-11-04T00:00:00.0000000-07:00,0.000000,,,6,,NOAA,2013-03-29T15:47:48.0770000-06:00,in
37,USC00051772,Snow,1943-11-05T00:00:00.0000000-07:00,0.000000,,,6,,NOAA,2013-03-29T15:47:48.0770000-06:00,in
37,USC00051772,Snow,1943-11-06T00:00:00.0000000-07:00,0.000000,,,6,,NOAA,2013-03-29T15:47:48.0770000-06:00,in
37,USC00051772,Snow,1943-11-07T00:00:00.0000000-07:00,0.000000,,,6,,NOAA,2013-03-29T15:47:48.0770000-06:00,in
37,USC00051772,Snow,1943-11-08T00:00:00.0000000-07:00,0.000000,,,6,,NOAA,2013-03-29T15:47:48.0770000-06:00,in
37,USC00051772,Snow,1943-11-09T00:00:00.0000000-07:00,0.000000,,,6,,NOAA,2013-03-29T15:47:48.0770000-06:00,in
37,USC00051772,Snow,1943-11-10T00:00:00.0000000-07:00,0.000000,,,6,,NOAA,2013-03-29T15:47:48.0770000-06:00,in
37,USC00051772,Snow,1943-11-11T00:00:00.0000000-07:00,0.000000,,,6,,NOAA,2013-03-29T15:47:48.0770000-06:00,in
37,USC00051772,Snow,1943-11-12T00:00:00.0000000-07:00,0.000000,,,6,,NOAA,2013-03-29T15:47:48.0770000-06:00,in
37,USC00051772,Snow,1943-11-13T00:00:00.0000000-07:00,0.000000,,,6,,NOAA,2013-03-29T15:47:48.0770000-06:00,in
37,USC00051772,Snow,1943-11-14T00:00:00.0000000-07:00,0.000000,,,6,,NOAA,2013-03-29T15:47:48.0770000-06:00,in
37,USC00051772,Snow,1943-11-15T00:00:00.0000000-07:00,0.000000,,,6,,NOAA,2013-03-29T15:47:48.0770000-06:00,in
37,USC00051772,Snow,1943-11-16T00:00:00.0000000-07:00,0.000000,,,6,,NOAA,2013-03-29T15:47:48.0770000-06:00,in
37,USC00051772,Snow,1943-11-17T00:00:00.0000000-07:00,0.000000,,,6,,NOAA,2013-03-29T15:47:48.0770000-06:00,in
37,USC00051772,Snow,1943-11-18T00:00:00.0000000-07:00,0.000000,,,6,,NOAA,2013-03-29T15:47:48.0770000-06:00,in
37,USC00051772,Snow,1943-11-19T00:00:00.0000000-07:00,0.000000,,,6,,NOAA,2013-03-29T15:47:48.0770000-06:00,in
37,USC00051772,Snow,1943-11-20T00:00:00.0000000-07:00,0.000000,,,6,,NOAA,2013-03-29T15:47:48.0770000-06:00,in
37,USC00051772,Snow,1943-11-21T00:00:00.0000000-07:00,0.000000,,,6,,NOAA,2013-03-29T15:47:48.0770000-06:00,in
37,USC00051772,Snow,1943-11-22T00:00:00.0000000-07:00,0.000000,T,,6,,NOAA,2013-03-29T15:47:48.0770000-06:00,in
37,USC00051772,Snow,1943-11-23T00:00:00.0000000-07:00,0.000000,,,6,,NOAA,2013-03-29T15:47:48.0770000-06:00,in
37,USC00051772,Snow,1943-11-24T00:00:00.0000000-07:00,0.000000,,,6,,NOAA,2013-03-29T15:47:48.0770000-06:00,in
37,USC00051772,Snow,1943-11-25T00:00:00.0000000-07:00,0.000000,,,6,,NOAA,2013-03-29T15:47:48.0770000-06:00,in
37,USC00051772,Snow,1943-11-26T00:00:00.0000000-07:00,0.000000,,,6,,NOAA,2013-03-29T15:47:48.0770000-06:00,in
37,USC00051772,Snow,1943-11-27T00:00:00.0000000-07:00,0.000000,,,6,,NOAA,2013-03-29T15:47:48.0770000-06:00,in
37,USC00051772,Snow,1943-11-28T00:00:00.0000000-07:00,0.000000,,,6,,NOAA,2013-03-29T15:47:48.0770000-06:00,in
37,USC00051772,Snow,1943-11-29T00:00:00.0000000-07:00,0.000000,,,6,,NOAA,2013-03-29T15:47:48.0770000-06:00,in
37,USC00051772,Snow,1943-11-30T00:00:00.0000000-07:00,0.000000,,,6,,NOAA,2013-03-29T15:47:48.0770000-06:00,in
37,USC00051772,Snow,1943-12-01T00:00:00.0000000-07:00,0.000000,,,6,,NOAA,2013-03-29T15:47:48.0770000-06:00,in
37,USC00051772,Snow,1943-12-02T00:00:00.0000000-07:00,0.000000,T,,6,,NOAA,2013-03-29T15:47:48.0770000-06:00,in
37,USC00051772,Snow,1943-12-03T00:00:00.0000000-07:00,0.000000,,,6,,NOAA,2013-03-29T15:47:48.0770000-06:00,in
37,USC00051772,Snow,1943-12-04T00:00:00.0000000-07:00,0.000000,,,6,,NOAA,2013-03-29T15:47:48.0770000-06:00,in
37,USC00051772,Snow,1943-12-05T00:00:00.0000000-07:00,0.000000,,,6,,NOAA,2013-03-29T15:47:48.0770000-06:00,in
37,USC00051772,Snow,1943-12-06T00:00:00.0000000-07:00,0.000000,,,6,,NOAA,2013-03-29T15:47:48.0770000-06:00,in
37,USC00051772,Snow,1943-12-07T00:00:00.0000000-07:00,0.000000,,,6,,NOAA,2013-03-29T15:47:48.0770000-06:00,in
37,USC00051772,Snow,1943-12-08T00:00:00.0000000-07:00,0.000000,,,6,,NOAA,2013-03-29T15:47:48.0770000-06:00,in
37,USC00051772,Snow,1943-12-09T00:00:00.0000000-07:00,2.007874,,,6,,NOAA,2013-03-29T15:47:48.0770000-06:00,in
37,USC00051772,Snow,1943-12-10T00:00:00.0000000-07:00,0.000000,T,,6,,NOAA,2013-03-29T15:47:48.0770000-06:00,in
37,USC00051772,Snow,1943-12-11T00:00:00.0000000-07:00,0.000000,,,6,,NOAA,2013-03-29T15:47:48.0770000-06:00,in
37,USC00051772,Snow,1943-12-12T00:00:00.0000000-07:00,0.000000,,,6,,NOAA,2013-03-29T15:47:48.0770000-06:00,in
37,USC00051772,Snow,1943-12-13T00:00:00.0000000-07:00,0.000000,,,6,,NOAA,2013-03-29T15:47:48.0770000-06:00,in
37,USC00051772,Snow,1943-12-14T00:00:00.0000000-07:00,0.000000,,,6,,NOAA,2013-03-29T15:47:48.0770000-06:00,in
37,USC00051772,Snow,1943-12-15T00:00:00.0000000-07:00,0.000000,,,6,,NOAA,2013-03-29T15:47:48.0770000-06:00,in
37,USC00051772,Snow,1943-12-16T00:00:00.0000000-07:00,0.000000,,,6,,NOAA,2013-03-29T15:47:48.0770000-06:00,in
37,USC00051772,Snow,1943-12-17T00:00:00.0000000-07:00,0.000000,,,6,,NOAA,2013-03-29T15:47:48.0770000-06:00,in
37,USC00051772,Snow,1943-12-18T00:00:00.0000000-07:00,0.000000,,,6,,NOAA,2013-03-29T15:47:48.0770000-06:00,in
37,USC00051772,Snow,1943-12-19T00:00:00.0000000-07:00,0.000000,,,6,,NOAA,2013-03-29T15:47:48.0770000-06:00,in
37,USC00051772,Snow,1943-12-20T00:00:00.0000000-07:00,0.000000,T,,6,,NOAA,2013-03-29T15:47:48.0770000-06:00,in
37,USC00051772,Snow,1943-12-21T00:00:00.0000000-07:00,0.000000,,,6,,NOAA,2013-03-29T15:47:48.0770000-06:00,in
37,USC00051772,Snow,1943-12-22T00:00:00.0000000-07:00,0.000000,,,6,,NOAA,2013-03-29T15:47:48.0770000-06:00,in
37,USC00051772,Snow,1943-12-23T00:00:00.0000000-07:00,0.000000,T,,6,,NOAA,2013-03-29T15:47:48.0770000-06:00,in
37,USC00051772,Snow,1943-12-24T00:00:00.0000000-07:00,0.000000,,,6,,NOAA,2013-03-29T15:47:48.0770000-06:00,in
37,USC00051772,Snow,1943-12-25T00:00:00.0000000-07:00,0.000000,T,,6,,NOAA,2013-03-29T15:47:48.0770000-06:00,in
37,USC00051772,Snow,1943-12-26T00:00:00.0000000-07:00,0.000000,T,,6,,NOAA,2013-03-29T15:47:48.0770000-06:00,in
37,USC00051772,Snow,1943-12-27T00:00:00.0000000-07:00,0.000000,,,6,,NOAA,2013-03-29T15:47:48.0770000-06:00,in
37,USC00051772,Snow,1943-12-28T00:00:00.0000000-07:00,0.000000,,,6,,NOAA,2013-03-29T15:47:48.0770000-06:00,in
37,USC00051772,Snow,1943-12-29T00:00:00.0000000-07:00,0.000000,,,6,,NOAA,2013-03-29T15:47:48.0770000-06:00,in
37,USC00051772,Snow,1943-12-30T00:00:00.0000000-07:00,0.000000,,,6,,NOAA,2013-03-29T15:47:48.0770000-06:00,in
37,USC00051772,Snow,1943-12-31T00:00:00.0000000-07:00,0.000000,,,6,,NOAA,2013-03-29T15:47:48.0770000-06:00,in
37,USC00051772,Snow,1944-01-04T00:00:00.0000000-07:00,1.417323,,,6,,NOAA,2013-03-29T15:47:48.0770000-06:00,in
37,USC00051772,Snow,1944-01-07T00:00:00.0000000-07:00,0.393701,,,6,,NOAA,2013-03-29T15:47:48.0770000-06:00,in
37,USC00051772,Snow,1944-02-01T00:00:00.0000000-07:00,0.000000,T,,6,,NOAA,2013-03-29T15:47:48.0770000-06:00,in
37,USC00051772,Snow,1944-02-02T00:00:00.0000000-07:00,0.000000,,,6,,NOAA,2013-03-29T15:47:48.0770000-06:00,in
37,USC00051772,Snow,1944-02-03T00:00:00.0000000-07:00,0.000000,,,6,,NOAA,2013-03-29T15:47:48.0770000-06:00,in
37,USC00051772,Snow,1944-02-04T00:00:00.0000000-07:00,0.984252,,,6,,NOAA,2013-03-29T15:47:48.0770000-06:00,in
37,USC00051772,Snow,1944-02-05T00:00:00.0000000-07:00,0.000000,,,6,,NOAA,2013-03-29T15:47:48.0770000-06:00,in
37,USC00051772,Snow,1944-02-06T00:00:00.0000000-07:00,0.000000,,,6,,NOAA,2013-03-29T15:47:48.0770000-06:00,in
37,USC00051772,Snow,1944-02-07T00:00:00.0000000-07:00,0.000000,,,6,,NOAA,2013-03-29T15:47:48.0770000-06:00,in
37,USC00051772,Snow,1944-02-08T00:00:00.0000000-07:00,0.000000,,,6,,NOAA,2013-03-29T15:47:48.0770000-06:00,in
37,USC00051772,Snow,1944-02-09T00:00:00.0000000-07:00,1.496063,,,6,,NOAA,2013-03-29T15:47:48.0770000-06:00,in
37,USC00051772,Snow,1944-02-10T00:00:00.0000000-07:00,0.000000,,,6,,NOAA,2013-03-29T15:47:48.0770000-06:00,in
37,USC00051772,Snow,1944-02-11T00:00:00.0000000-07:00,0.000000,,,6,,NOAA,2013-03-29T15:47:48.0770000-06:00,in
37,USC00051772,Snow,1944-02-12T00:00:00.0000000-07:00,0.000000,,,6,,NOAA,2013-03-29T15:47:48.0770000-06:00,in
37,USC00051772,Snow,1944-02-13T00:00:00.0000000-07:00,0.000000,,,6,,NOAA,2013-03-29T15:47:48.0770000-06:00,in
37,USC00051772,Snow,1944-02-14T00:00:00.0000000-07:00,1.102362,,,6,,NOAA,2013-03-29T15:47:48.0770000-06:00,in
37,USC00051772,Snow,1944-02-15T00:00:00.0000000-07:00,0.000000,,,6,,NOAA,2013-03-29T15:47:48.0770000-06:00,in
37,USC00051772,Snow,1944-02-16T00:00:00.0000000-07:00,0.000000,,,6,,NOAA,2013-03-29T15:47:48.0770000-06:00,in
37,USC00051772,Snow,1944-02-17T00:00:00.0000000-07:00,0.000000,,,6,,NOAA,2013-03-29T15:47:48.0770000-06:00,in
37,USC00051772,Snow,1944-02-18T00:00:00.0000000-07:00,0.000000,,,6,,NOAA,2013-03-29T15:47:48.0770000-06:00,in
37,USC00051772,Snow,1944-02-19T00:00:00.0000000-07:00,0.000000,,,6,,NOAA,2013-03-29T15:47:48.0770000-06:00,in
37,USC00051772,Snow,1944-02-20T00:00:00.0000000-07:00,0.000000,,,6,,NOAA,2013-03-29T15:47:48.0770000-06:00,in
37,USC00051772,Snow,1944-02-21T00:00:00.0000000-07:00,0.905512,,,6,,NOAA,2013-03-29T15:47:48.0770000-06:00,in
37,USC00051772,Snow,1944-02-22T00:00:00.0000000-07:00,0.000000,,,6,,NOAA,2013-03-29T15:47:48.0770000-06:00,in
37,USC00051772,Snow,1944-02-23T00:00:00.0000000-07:00,0.000000,,,6,,NOAA,2013-03-29T15:47:48.0770000-06:00,in
37,USC00051772,Snow,1944-02-24T00:00:00.0000000-07:00,0.000000,,,6,,NOAA,2013-03-29T15:47:48.0770000-06:00,in
37,USC00051772,Snow,1944-02-25T00:00:00.0000000-07:00,1.496063,,,6,,NOAA,2013-03-29T15:47:48.0770000-06:00,in
37,USC00051772,Snow,1944-02-26T00:00:00.0000000-07:00,4.015748,,,6,,NOAA,2013-03-29T15:47:48.0770000-06:00,in
37,USC00051772,Snow,1944-02-27T00:00:00.0000000-07:00,0.000000,,,6,,NOAA,2013-03-29T15:47:48.0770000-06:00,in
37,USC00051772,Snow,1944-02-28T00:00:00.0000000-07:00,0.000000,,,6,,NOAA,2013-03-29T15:47:48.0770000-06:00,in
37,USC00051772,Snow,1944-02-29T00:00:00.0000000-07:00,0.000000,,,6,,NOAA,2013-03-29T15:47:48.0770000-06:00,in
37,USC00051772,Snow,1944-03-01T00:00:00.0000000-07:00,0.000000,,,6,,NOAA,2013-03-29T15:47:48.0770000-06:00,in
37,USC00051772,Snow,1944-03-02T00:00:00.0000000-07:00,0.000000,,,6,,NOAA,2013-03-29T15:47:48.0770000-06:00,in
37,USC00051772,Snow,1944-03-03T00:00:00.0000000-07:00,0.000000,,,6,,NOAA,2013-03-29T15:47:48.0770000-06:00,in
37,USC00051772,Snow,1944-03-04T00:00:00.0000000-07:00,0.000000,,,6,,NOAA,2013-03-29T15:47:48.0770000-06:00,in
37,USC00051772,Snow,1944-03-05T00:00:00.0000000-07:00,5.000000,,,6,,NOAA,2013-03-29T15:47:48.0770000-06:00,in
37,USC00051772,Snow,1944-03-06T00:00:00.0000000-07:00,0.000000,,,6,,NOAA,2013-03-29T15:47:48.0770000-06:00,in
37,USC00051772,Snow,1944-03-07T00:00:00.0000000-07:00,0.000000,,,6,,NOAA,2013-03-29T15:47:48.0770000-06:00,in
37,USC00051772,Snow,1944-03-08T00:00:00.0000000-07:00,0.000000,,,6,,NOAA,2013-03-29T15:47:48.0770000-06:00,in
37,USC00051772,Snow,1944-03-09T00:00:00.0000000-07:00,0.000000,,,6,,NOAA,2013-03-29T15:47:48.0770000-06:00,in
37,USC00051772,Snow,1944-03-10T00:00:00.0000000-07:00,0.000000,,,6,,NOAA,2013-03-29T15:47:48.0770000-06:00,in
37,USC00051772,Snow,1944-03-11T00:00:00.0000000-07:00,0.000000,,,6,,NOAA,2013-03-29T15:47:48.0770000-06:00,in
37,USC00051772,Snow,1944-03-12T00:00:00.0000000-07:00,0.000000,,,6,,NOAA,2013-03-29T15:47:48.0770000-06:00,in
37,USC00051772,Snow,1944-03-13T00:00:00.0000000-07:00,0.000000,,,6,,NOAA,2013-03-29T15:47:48.0770000-06:00,in
37,USC00051772,Snow,1944-03-14T00:00:00.0000000-07:00,0.000000,,,6,,NOAA,2013-03-29T15:47:48.0770000-06:00,in
37,USC00051772,Snow,1944-03-15T00:00:00.0000000-07:00,0.000000,,,6,,NOAA,2013-03-29T15:47:48.0770000-06:00,in
37,USC00051772,Snow,1944-03-16T00:00:00.0000000-07:00,0.000000,,,6,,NOAA,2013-03-29T15:47:48.0770000-06:00,in
37,USC00051772,Snow,1944-03-17T00:00:00.0000000-07:00,0.000000,,,6,,NOAA,2013-03-29T15:47:48.0770000-06:00,in
37,USC00051772,Snow,1944-03-18T00:00:00.0000000-07:00,0.000000,,,6,,NOAA,2013-03-29T15:47:48.0770000-06:00,in
37,USC00051772,Snow,1944-03-19T00:00:00.0000000-07:00,0.000000,,,6,,NOAA,2013-03-29T15:47:48.0770000-06:00,in
37,USC00051772,Snow,1944-03-20T00:00:00.0000000-07:00,0.000000,,,6,,NOAA,2013-03-29T15:47:48.0770000-06:00,in
37,USC00051772,Snow,1944-03-21T00:00:00.0000000-07:00,0.000000,,,6,,NOAA,2013-03-29T15:47:48.0770000-06:00,in
37,USC00051772,Snow,1944-03-22T00:00:00.0000000-07:00,0.000000,,,6,,NOAA,2013-03-29T15:47:48.0770000-06:00,in
37,USC00051772,Snow,1944-03-23T00:00:00.0000000-07:00,0.000000,,,6,,NOAA,2013-03-29T15:47:48.0770000-06:00,in
37,USC00051772,Snow,1944-03-24T00:00:00.0000000-07:00,0.000000,,,6,,NOAA,2013-03-29T15:47:48.0770000-06:00,in
37,USC00051772,Snow,1944-03-25T00:00:00.0000000-07:00,0.000000,,,6,,NOAA,2013-03-29T15:47:48.0770000-06:00,in
37,USC00051772,Snow,1944-03-26T00:00:00.0000000-07:00,0.000000,,,6,,NOAA,2013-03-29T15:47:48.0770000-06:00,in
37,USC00051772,Snow,1944-03-27T00:00:00.0000000-07:00,0.000000,,,6,,NOAA,2013-03-29T15:47:48.0770000-06:00,in
37,USC00051772,Snow,1944-03-28T00:00:00.0000000-07:00,0.000000,,,6,,NOAA,2013-03-29T15:47:48.0770000-06:00,in
37,USC00051772,Snow,1944-03-29T00:00:00.0000000-07:00,0.000000,,,6,,NOAA,2013-03-29T15:47:48.0770000-06:00,in
37,USC00051772,Snow,1944-03-30T00:00:00.0000000-07:00,0.000000,,,6,,NOAA,2013-03-29T15:47:48.0770000-06:00,in
37,USC00051772,Snow,1944-03-31T00:00:00.0000000-07:00,0.000000,,,6,,NOAA,2013-03-29T15:47:48.0770000-06:00,in
37,USC00051772,Snow,1944-04-01T00:00:00.0000000-07:00,0.000000,,,6,,NOAA,2013-03-29T15:47:48.0770000-06:00,in
37,USC00051772,Snow,1944-04-02T00:00:00.0000000-07:00,0.000000,,,6,,NOAA,2013-03-29T15:47:48.0770000-06:00,in
37,USC00051772,Snow,1944-04-03T00:00:00.0000000-06:00,0.000000,,,6,,NOAA,2013-03-29T15:47:48.0770000-06:00,in
37,USC00051772,Snow,1944-04-04T00:00:00.0000000-06:00,0.000000,,,6,,NOAA,2013-03-29T15:47:48.0770000-06:00,in
37,USC00051772,Snow,1944-04-05T00:00:00.0000000-06:00,0.000000,,,6,,NOAA,2013-03-29T15:47:48.0770000-06:00,in
37,USC00051772,Snow,1944-04-06T00:00:00.0000000-06:00,0.000000,,,6,,NOAA,2013-03-29T15:47:48.0770000-06:00,in
37,USC00051772,Snow,1944-04-07T00:00:00.0000000-06:00,0.000000,,,6,,NOAA,2013-03-29T15:47:48.0770000-06:00,in
37,USC00051772,Snow,1944-04-08T00:00:00.0000000-06:00,0.000000,,,6,,NOAA,2013-03-29T15:47:48.0770000-06:00,in
37,USC00051772,Snow,1944-04-09T00:00:00.0000000-06:00,0.000000,,,6,,NOAA,2013-03-29T15:47:48.0770000-06:00,in
37,USC00051772,Snow,1944-04-10T00:00:00.0000000-06:00,0.000000,,,6,,NOAA,2013-03-29T15:47:48.0770000-06:00,in
37,USC00051772,Snow,1944-04-11T00:00:00.0000000-06:00,0.000000,,,6,,NOAA,2013-03-29T15:47:48.0770000-06:00,in
37,USC00051772,Snow,1944-04-12T00:00:00.0000000-06:00,0.000000,,,6,,NOAA,2013-03-29T15:47:48.0770000-06:00,in
37,USC00051772,Snow,1944-04-13T00:00:00.0000000-06:00,0.000000,,,6,,NOAA,2013-03-29T15:47:48.0770000-06:00,in
37,USC00051772,Snow,1944-04-14T00:00:00.0000000-06:00,0.000000,T,,6,,NOAA,2013-03-29T15:47:48.0770000-06:00,in
37,USC00051772,Snow,1944-04-15T00:00:00.0000000-06:00,0.000000,,,6,,NOAA,2013-03-29T15:47:48.0770000-06:00,in
37,USC00051772,Snow,1944-04-16T00:00:00.0000000-06:00,0.000000,T,,6,,NOAA,2013-03-29T15:47:48.0770000-06:00,in
37,USC00051772,Snow,1944-04-17T00:00:00.0000000-06:00,0.000000,,,6,,NOAA,2013-03-29T15:47:48.0770000-06:00,in
37,USC00051772,Snow,1944-04-18T00:00:00.0000000-06:00,0.000000,,,6,,NOAA,2013-03-29T15:47:48.0770000-06:00,in
37,USC00051772,Snow,1944-04-19T00:00:00.0000000-06:00,0.000000,,,6,,NOAA,2013-03-29T15:47:48.0770000-06:00,in
37,USC00051772,Snow,1944-04-20T00:00:00.0000000-06:00,0.000000,,,6,,NOAA,2013-03-29T15:47:48.0770000-06:00,in
37,USC00051772,Snow,1944-04-21T00:00:00.0000000-06:00,0.000000,,,6,,NOAA,2013-03-29T15:47:48.0770000-06:00,in
37,USC00051772,Snow,1944-04-22T00:00:00.0000000-06:00,0.000000,,,6,,NOAA,2013-03-29T15:47:48.0770000-06:00,in
37,USC00051772,Snow,1944-04-23T00:00:00.0000000-06:00,0.000000,,,6,,NOAA,2013-03-29T15:47:48.0770000-06:00,in
37,USC00051772,Snow,1944-04-24T00:00:00.0000000-06:00,0.000000,,,6,,NOAA,2013-03-29T15:47:48.0770000-06:00,in
37,USC00051772,Snow,1944-04-25T00:00:00.0000000-06:00,0.000000,,,6,,NOAA,2013-03-29T15:47:48.0770000-06:00,in
37,USC00051772,Snow,1944-04-26T00:00:00.0000000-06:00,0.000000,,,6,,NOAA,2013-03-29T15:47:48.0770000-06:00,in
37,USC00051772,Snow,1944-04-27T00:00:00.0000000-06:00,0.000000,,,6,,NOAA,2013-03-29T15:47:48.0770000-06:00,in
37,USC00051772,Snow,1944-04-28T00:00:00.0000000-06:00,0.000000,T,,6,,NOAA,2013-03-29T15:47:48.0770000-06:00,in
37,USC00051772,Snow,1944-04-29T00:00:00.0000000-06:00,0.000000,,,6,,NOAA,2013-03-29T15:47:48.0770000-06:00,in
37,USC00051772,Snow,1944-04-30T00:00:00.0000000-06:00,0.000000,,,6,,NOAA,2013-03-29T15:47:48.0770000-06:00,in
37,USC00051772,Snow,1944-05-01T00:00:00.0000000-06:00,0.000000,,,6,,NOAA,2013-03-29T15:47:48.0770000-06:00,in
37,USC00051772,Snow,1944-05-02T00:00:00.0000000-06:00,0.000000,,,6,,NOAA,2013-03-29T15:47:48.0770000-06:00,in
37,USC00051772,Snow,1944-05-03T00:00:00.0000000-06:00,0.000000,,,6,,NOAA,2013-03-29T15:47:48.0770000-06:00,in
37,USC00051772,Snow,1944-05-04T00:00:00.0000000-06:00,0.000000,,,6,,NOAA,2013-03-29T15:47:48.0770000-06:00,in
37,USC00051772,Snow,1944-05-05T00:00:00.0000000-06:00,0.000000,,,6,,NOAA,2013-03-29T15:47:48.0770000-06:00,in
37,USC00051772,Snow,1944-05-06T00:00:00.0000000-06:00,0.000000,,,6,,NOAA,2013-03-29T15:47:48.0770000-06:00,in
37,USC00051772,Snow,1944-05-07T00:00:00.0000000-06:00,0.000000,,,6,,NOAA,2013-03-29T15:47:48.0770000-06:00,in
37,USC00051772,Snow,1944-05-08T00:00:00.0000000-06:00,0.000000,,,6,,NOAA,2013-03-29T15:47:48.0770000-06:00,in
37,USC00051772,Snow,1944-05-09T00:00:00.0000000-06:00,0.000000,,,6,,NOAA,2013-03-29T15:47:48.0770000-06:00,in
37,USC00051772,Snow,1944-05-10T00:00:00.0000000-06:00,0.000000,,,6,,NOAA,2013-03-29T15:47:48.0770000-06:00,in
37,USC00051772,Snow,1944-05-11T00:00:00.0000000-06:00,0.000000,,,6,,NOAA,2013-03-29T15:47:48.0770000-06:00,in
37,USC00051772,Snow,1944-05-12T00:00:00.0000000-06:00,0.000000,,,6,,NOAA,2013-03-29T15:47:48.0770000-06:00,in
37,USC00051772,Snow,1944-05-13T00:00:00.0000000-06:00,0.000000,,,6,,NOAA,2013-03-29T15:47:48.0770000-06:00,in
37,USC00051772,Snow,1944-05-14T00:00:00.0000000-06:00,0.000000,,,6,,NOAA,2013-03-29T15:47:48.0770000-06:00,in
37,USC00051772,Snow,1944-05-15T00:00:00.0000000-06:00,0.000000,,,6,,NOAA,2013-03-29T15:47:48.0770000-06:00,in
37,USC00051772,Snow,1944-05-16T00:00:00.0000000-06:00,0.000000,,,6,,NOAA,2013-03-29T15:47:48.0770000-06:00,in
37,USC00051772,Snow,1944-05-17T00:00:00.0000000-06:00,0.000000,,,6,,NOAA,2013-03-29T15:47:48.0770000-06:00,in
37,USC00051772,Snow,1944-05-18T00:00:00.0000000-06:00,0.000000,,,6,,NOAA,2013-03-29T15:47:48.0770000-06:00,in
37,USC00051772,Snow,1944-05-19T00:00:00.0000000-06:00,0.000000,,,6,,NOAA,2013-03-29T15:47:48.0770000-06:00,in
37,USC00051772,Snow,1944-05-20T00:00:00.0000000-06:00,0.000000,,,6,,NOAA,2013-03-29T15:47:48.0770000-06:00,in
37,USC00051772,Snow,1944-05-21T00:00:00.0000000-06:00,0.000000,,,6,,NOAA,2013-03-29T15:47:48.0770000-06:00,in
37,USC00051772,Snow,1944-05-22T00:00:00.0000000-06:00,0.000000,,,6,,NOAA,2013-03-29T15:47:48.0770000-06:00,in
37,USC00051772,Snow,1944-05-23T00:00:00.0000000-06:00,0.000000,,,6,,NOAA,2013-03-29T15:47:48.0770000-06:00,in
37,USC00051772,Snow,1944-05-24T00:00:00.0000000-06:00,0.000000,,,6,,NOAA,2013-03-29T15:47:48.0770000-06:00,in
37,USC00051772,Snow,1944-05-25T00:00:00.0000000-06:00,0.000000,,,6,,NOAA,2013-03-29T15:47:48.0770000-06:00,in
37,USC00051772,Snow,1944-05-26T00:00:00.0000000-06:00,0.000000,,,6,,NOAA,2013-03-29T15:47:48.0770000-06:00,in
37,USC00051772,Snow,1944-05-27T00:00:00.0000000-06:00,0.000000,,,6,,NOAA,2013-03-29T15:47:48.0770000-06:00,in
37,USC00051772,Snow,1944-05-28T00:00:00.0000000-06:00,0.000000,,,6,,NOAA,2013-03-29T15:47:48.0770000-06:00,in
37,USC00051772,Snow,1944-05-29T00:00:00.0000000-06:00,0.000000,,,6,,NOAA,2013-03-29T15:47:48.0770000-06:00,in
37,USC00051772,Snow,1944-05-30T00:00:00.0000000-06:00,0.000000,,,6,,NOAA,2013-03-29T15:47:48.0770000-06:00,in
37,USC00051772,Snow,1944-05-31T00:00:00.0000000-06:00,0.000000,,,6,,NOAA,2013-03-29T15:47:48.0770000-06:00,in
37,USC00051772,Snow,1944-06-01T00:00:00.0000000-06:00,0.000000,,,6,,NOAA,2013-03-29T15:47:48.0770000-06:00,in
37,USC00051772,Snow,1944-06-02T00:00:00.0000000-06:00,0.000000,,,6,,NOAA,2013-03-29T15:47:48.0770000-06:00,in
37,USC00051772,Snow,1944-06-03T00:00:00.0000000-06:00,0.000000,,,6,,NOAA,2013-03-29T15:47:48.0770000-06:00,in
37,USC00051772,Snow,1944-06-04T00:00:00.0000000-06:00,0.000000,,,6,,NOAA,2013-03-29T15:47:48.0770000-06:00,in
37,USC00051772,Snow,1944-06-05T00:00:00.0000000-06:00,0.000000,,,6,,NOAA,2013-03-29T15:47:48.0770000-06:00,in
37,USC00051772,Snow,1944-06-06T00:00:00.0000000-06:00,0.000000,,,6,,NOAA,2013-03-29T15:47:48.0770000-06:00,in
37,USC00051772,Snow,1944-06-07T00:00:00.0000000-06:00,0.000000,,,6,,NOAA,2013-03-29T15:47:48.0770000-06:00,in
37,USC00051772,Snow,1944-06-08T00:00:00.0000000-06:00,0.000000,,,6,,NOAA,2013-03-29T15:47:48.0770000-06:00,in
37,USC00051772,Snow,1944-06-09T00:00:00.0000000-06:00,0.000000,,,6,,NOAA,2013-03-29T15:47:48.0770000-06:00,in
37,USC00051772,Snow,1944-06-10T00:00:00.0000000-06:00,0.000000,,,6,,NOAA,2013-03-29T15:47:48.0770000-06:00,in
37,USC00051772,Snow,1944-06-11T00:00:00.0000000-06:00,0.000000,,,6,,NOAA,2013-03-29T15:47:48.0770000-06:00,in
37,USC00051772,Snow,1944-06-12T00:00:00.0000000-06:00,0.000000,,,6,,NOAA,2013-03-29T15:47:48.0770000-06:00,in
37,USC00051772,Snow,1944-06-13T00:00:00.0000000-06:00,0.000000,,,6,,NOAA,2013-03-29T15:47:48.0770000-06:00,in
37,USC00051772,Snow,1944-06-14T00:00:00.0000000-06:00,0.000000,,,6,,NOAA,2013-03-29T15:47:48.0770000-06:00,in
37,USC00051772,Snow,1944-06-15T00:00:00.0000000-06:00,0.000000,,,6,,NOAA,2013-03-29T15:47:48.0770000-06:00,in
37,USC00051772,Snow,1944-06-16T00:00:00.0000000-06:00,0.000000,,,6,,NOAA,2013-03-29T15:47:48.0770000-06:00,in
37,USC00051772,Snow,1944-06-17T00:00:00.0000000-06:00,0.000000,,,6,,NOAA,2013-03-29T15:47:48.0770000-06:00,in
37,USC00051772,Snow,1944-06-18T00:00:00.0000000-06:00,0.000000,,,6,,NOAA,2013-03-29T15:47:48.0770000-06:00,in
37,USC00051772,Snow,1944-06-19T00:00:00.0000000-06:00,0.000000,,,6,,NOAA,2013-03-29T15:47:48.0770000-06:00,in
37,USC00051772,Snow,1944-06-20T00:00:00.0000000-06:00,0.000000,,,6,,NOAA,2013-03-29T15:47:48.0770000-06:00,in
37,USC00051772,Snow,1944-06-21T00:00:00.0000000-06:00,0.000000,,,6,,NOAA,2013-03-29T15:47:48.0770000-06:00,in
37,USC00051772,Snow,1944-06-22T00:00:00.0000000-06:00,0.000000,,,6,,NOAA,2013-03-29T15:47:48.0770000-06:00,in
37,USC00051772,Snow,1944-06-23T00:00:00.0000000-06:00,0.000000,,,6,,NOAA,2013-03-29T15:47:48.0770000-06:00,in
37,USC00051772,Snow,1944-06-24T00:00:00.0000000-06:00,0.000000,,,6,,NOAA,2013-03-29T15:47:48.0770000-06:00,in
37,USC00051772,Snow,1944-06-25T00:00:00.0000000-06:00,0.000000,,,6,,NOAA,2013-03-29T15:47:48.0770000-06:00,in
37,USC00051772,Snow,1944-06-26T00:00:00.0000000-06:00,0.000000,,,6,,NOAA,2013-03-29T15:47:48.0770000-06:00,in
37,USC00051772,Snow,1944-06-27T00:00:00.0000000-06:00,0.000000,,,6,,NOAA,2013-03-29T15:47:48.0770000-06:00,in
37,USC00051772,Snow,1944-06-28T00:00:00.0000000-06:00,0.000000,,,6,,NOAA,2013-03-29T15:47:48.0770000-06:00,in
37,USC00051772,Snow,1944-06-29T00:00:00.0000000-06:00,0.000000,,,6,,NOAA,2013-03-29T15:47:48.0770000-06:00,in
37,USC00051772,Snow,1944-06-30T00:00:00.0000000-06:00,0.000000,,,6,,NOAA,2013-03-29T15:47:48.0770000-06:00,in
37,USC00051772,Snow,1944-07-01T00:00:00.0000000-06:00,0.000000,,,6,,NOAA,2013-03-29T15:47:48.0770000-06:00,in
37,USC00051772,Snow,1944-07-02T00:00:00.0000000-06:00,0.000000,,,6,,NOAA,2013-03-29T15:47:48.0770000-06:00,in
37,USC00051772,Snow,1944-07-03T00:00:00.0000000-06:00,0.000000,,,6,,NOAA,2013-03-29T15:47:48.0770000-06:00,in
37,USC00051772,Snow,1944-07-04T00:00:00.0000000-06:00,0.000000,,,6,,NOAA,2013-03-29T15:47:48.0770000-06:00,in
37,USC00051772,Snow,1944-07-05T00:00:00.0000000-06:00,0.000000,,,6,,NOAA,2013-03-29T15:47:48.0770000-06:00,in
37,USC00051772,Snow,1944-07-06T00:00:00.0000000-06:00,0.000000,,,6,,NOAA,2013-03-29T15:47:48.0770000-06:00,in
37,USC00051772,Snow,1944-07-07T00:00:00.0000000-06:00,0.000000,,,6,,NOAA,2013-03-29T15:47:48.0770000-06:00,in
37,USC00051772,Snow,1944-07-08T00:00:00.0000000-06:00,0.000000,,,6,,NOAA,2013-03-29T15:47:48.0770000-06:00,in
37,USC00051772,Snow,1944-07-09T00:00:00.0000000-06:00,0.000000,,,6,,NOAA,2013-03-29T15:47:48.0770000-06:00,in
37,USC00051772,Snow,1944-07-10T00:00:00.0000000-06:00,0.000000,,,6,,NOAA,2013-03-29T15:47:48.0770000-06:00,in
37,USC00051772,Snow,1944-07-11T00:00:00.0000000-06:00,0.000000,,,6,,NOAA,2013-03-29T15:47:48.0770000-06:00,in
37,USC00051772,Snow,1944-07-12T00:00:00.0000000-06:00,0.000000,,,6,,NOAA,2013-03-29T15:47:48.0770000-06:00,in
37,USC00051772,Snow,1944-07-13T00:00:00.0000000-06:00,0.000000,,,6,,NOAA,2013-03-29T15:47:48.0770000-06:00,in
37,USC00051772,Snow,1944-07-14T00:00:00.0000000-06:00,0.000000,,,6,,NOAA,2013-03-29T15:47:48.0770000-06:00,in
37,USC00051772,Snow,1944-07-15T00:00:00.0000000-06:00,0.000000,,,6,,NOAA,2013-03-29T15:47:48.0770000-06:00,in
37,USC00051772,Snow,1944-07-16T00:00:00.0000000-06:00,0.000000,,,6,,NOAA,2013-03-29T15:47:48.0770000-06:00,in
37,USC00051772,Snow,1944-07-17T00:00:00.0000000-06:00,0.000000,,,6,,NOAA,2013-03-29T15:47:48.0770000-06:00,in
37,USC00051772,Snow,1944-07-18T00:00:00.0000000-06:00,0.000000,,,6,,NOAA,2013-03-29T15:47:48.0770000-06:00,in
37,USC00051772,Snow,1944-07-19T00:00:00.0000000-06:00,0.000000,,,6,,NOAA,2013-03-29T15:47:48.0770000-06:00,in
37,USC00051772,Snow,1944-07-20T00:00:00.0000000-06:00,0.000000,,,6,,NOAA,2013-03-29T15:47:48.0770000-06:00,in
37,USC00051772,Snow,1944-07-21T00:00:00.0000000-06:00,0.000000,,,6,,NOAA,2013-03-29T15:47:48.0770000-06:00,in
37,USC00051772,Snow,1944-07-22T00:00:00.0000000-06:00,0.000000,,,6,,NOAA,2013-03-29T15:47:48.0770000-06:00,in
37,USC00051772,Snow,1944-07-23T00:00:00.0000000-06:00,0.000000,,,6,,NOAA,2013-03-29T15:47:48.0770000-06:00,in
37,USC00051772,Snow,1944-07-24T00:00:00.0000000-06:00,0.000000,,,6,,NOAA,2013-03-29T15:47:48.0770000-06:00,in
37,USC00051772,Snow,1944-07-25T00:00:00.0000000-06:00,0.000000,,,6,,NOAA,2013-03-29T15:47:48.0770000-06:00,in
37,USC00051772,Snow,1944-07-26T00:00:00.0000000-06:00,0.000000,,,6,,NOAA,2013-03-29T15:47:48.0770000-06:00,in
37,USC00051772,Snow,1944-07-27T00:00:00.0000000-06:00,0.000000,,,6,,NOAA,2013-03-29T15:47:48.0770000-06:00,in
37,USC00051772,Snow,1944-07-28T00:00:00.0000000-06:00,0.000000,,,6,,NOAA,2013-03-29T15:47:48.0770000-06:00,in
37,USC00051772,Snow,1944-07-29T00:00:00.0000000-06:00,0.000000,,,6,,NOAA,2013-03-29T15:47:48.0770000-06:00,in
37,USC00051772,Snow,1944-07-30T00:00:00.0000000-06:00,0.000000,,,6,,NOAA,2013-03-29T15:47:48.0770000-06:00,in
37,USC00051772,Snow,1944-07-31T00:00:00.0000000-06:00,0.000000,,,6,,NOAA,2013-03-29T15:47:48.0770000-06:00,in
37,USC00051772,Snow,1944-08-01T00:00:00.0000000-06:00,0.000000,,,6,,NOAA,2013-03-29T15:47:48.0770000-06:00,in
37,USC00051772,Snow,1944-08-02T00:00:00.0000000-06:00,0.000000,,,6,,NOAA,2013-03-29T15:47:48.0770000-06:00,in
37,USC00051772,Snow,1944-08-03T00:00:00.0000000-06:00,0.000000,,,6,,NOAA,2013-03-29T15:47:48.0770000-06:00,in
37,USC00051772,Snow,1944-08-04T00:00:00.0000000-06:00,0.000000,,,6,,NOAA,2013-03-29T15:47:48.0770000-06:00,in
37,USC00051772,Snow,1944-08-05T00:00:00.0000000-06:00,0.000000,,,6,,NOAA,2013-03-29T15:47:48.0770000-06:00,in
37,USC00051772,Snow,1944-08-06T00:00:00.0000000-06:00,0.000000,,,6,,NOAA,2013-03-29T15:47:48.0770000-06:00,in
37,USC00051772,Snow,1944-08-07T00:00:00.0000000-06:00,0.000000,,,6,,NOAA,2013-03-29T15:47:48.0770000-06:00,in
37,USC00051772,Snow,1944-08-08T00:00:00.0000000-06:00,0.000000,,,6,,NOAA,2013-03-29T15:47:48.0770000-06:00,in
37,USC00051772,Snow,1944-08-09T00:00:00.0000000-06:00,0.000000,,,6,,NOAA,2013-03-29T15:47:48.0770000-06:00,in
37,USC00051772,Snow,1944-08-10T00:00:00.0000000-06:00,0.000000,,,6,,NOAA,2013-03-29T15:47:48.0770000-06:00,in
37,USC00051772,Snow,1944-08-11T00:00:00.0000000-06:00,0.000000,,,6,,NOAA,2013-03-29T15:47:48.0770000-06:00,in
37,USC00051772,Snow,1944-08-12T00:00:00.0000000-06:00,0.000000,,,6,,NOAA,2013-03-29T15:47:48.0770000-06:00,in
37,USC00051772,Snow,1944-08-13T00:00:00.0000000-06:00,0.000000,,,6,,NOAA,2013-03-29T15:47:48.0770000-06:00,in
37,USC00051772,Snow,1944-08-14T00:00:00.0000000-06:00,0.000000,,,6,,NOAA,2013-03-29T15:47:48.0770000-06:00,in
37,USC00051772,Snow,1944-08-15T00:00:00.0000000-06:00,0.000000,,,6,,NOAA,2013-03-29T15:47:48.0770000-06:00,in
37,USC00051772,Snow,1944-08-16T00:00:00.0000000-06:00,0.000000,,,6,,NOAA,2013-03-29T15:47:48.0770000-06:00,in
37,USC00051772,Snow,1944-08-17T00:00:00.0000000-06:00,0.000000,,,6,,NOAA,2013-03-29T15:47:48.0770000-06:00,in
37,USC00051772,Snow,1944-08-18T00:00:00.0000000-06:00,0.000000,,,6,,NOAA,2013-03-29T15:47:48.0770000-06:00,in
37,USC00051772,Snow,1944-08-19T00:00:00.0000000-06:00,0.000000,,,6,,NOAA,2013-03-29T15:47:48.0770000-06:00,in
37,USC00051772,Snow,1944-08-20T00:00:00.0000000-06:00,0.000000,,,6,,NOAA,2013-03-29T15:47:48.0770000-06:00,in
37,USC00051772,Snow,1944-08-21T00:00:00.0000000-06:00,0.000000,,,6,,NOAA,2013-03-29T15:47:48.0770000-06:00,in
37,USC00051772,Snow,1944-08-22T00:00:00.0000000-06:00,0.000000,,,6,,NOAA,2013-03-29T15:47:48.0770000-06:00,in
37,USC00051772,Snow,1944-08-23T00:00:00.0000000-06:00,0.000000,,,6,,NOAA,2013-03-29T15:47:48.0770000-06:00,in
37,USC00051772,Snow,1944-08-24T00:00:00.0000000-06:00,0.000000,,,6,,NOAA,2013-03-29T15:47:48.0770000-06:00,in
37,USC00051772,Snow,1944-08-25T00:00:00.0000000-06:00,0.000000,,,6,,NOAA,2013-03-29T15:47:48.0770000-06:00,in
37,USC00051772,Snow,1944-08-26T00:00:00.0000000-06:00,0.000000,,,6,,NOAA,2013-03-29T15:47:48.0770000-06:00,in
37,USC00051772,Snow,1944-08-27T00:00:00.0000000-06:00,0.000000,,,6,,NOAA,2013-03-29T15:47:48.0770000-06:00,in
37,USC00051772,Snow,1944-08-28T00:00:00.0000000-06:00,0.000000,,,6,,NOAA,2013-03-29T15:47:48.0770000-06:00,in
37,USC00051772,Snow,1944-08-29T00:00:00.0000000-06:00,0.000000,,,6,,NOAA,2013-03-29T15:47:48.0770000-06:00,in
37,USC00051772,Snow,1944-08-30T00:00:00.0000000-06:00,0.000000,,,6,,NOAA,2013-03-29T15:47:48.0770000-06:00,in
37,USC00051772,Snow,1944-08-31T00:00:00.0000000-06:00,0.000000,,,6,,NOAA,2013-03-29T15:47:48.0770000-06:00,in
37,USC00051772,Snow,1944-09-01T00:00:00.0000000-06:00,0.000000,,,6,,NOAA,2013-03-29T15:47:48.0770000-06:00,in
37,USC00051772,Snow,1944-09-02T00:00:00.0000000-06:00,0.000000,,,6,,NOAA,2013-03-29T15:47:48.0770000-06:00,in
37,USC00051772,Snow,1944-09-03T00:00:00.0000000-06:00,0.000000,,,6,,NOAA,2013-03-29T15:47:48.0770000-06:00,in
37,USC00051772,Snow,1944-09-04T00:00:00.0000000-06:00,0.000000,,,6,,NOAA,2013-03-29T15:47:48.0770000-06:00,in
37,USC00051772,Snow,1944-09-05T00:00:00.0000000-06:00,0.000000,,,6,,NOAA,2013-03-29T15:47:48.0770000-06:00,in
37,USC00051772,Snow,1944-09-06T00:00:00.0000000-06:00,0.000000,,,6,,NOAA,2013-03-29T15:47:48.0770000-06:00,in
37,USC00051772,Snow,1944-09-07T00:00:00.0000000-06:00,0.000000,,,6,,NOAA,2013-03-29T15:47:48.0770000-06:00,in
37,USC00051772,Snow,1944-09-08T00:00:00.0000000-06:00,0.000000,,,6,,NOAA,2013-03-29T15:47:48.0770000-06:00,in
37,USC00051772,Snow,1944-09-09T00:00:00.0000000-06:00,0.000000,,,6,,NOAA,2013-03-29T15:47:48.0770000-06:00,in
37,USC00051772,Snow,1944-09-10T00:00:00.0000000-06:00,0.000000,,,6,,NOAA,2013-03-29T15:47:48.0770000-06:00,in
37,USC00051772,Snow,1944-09-11T00:00:00.0000000-06:00,0.000000,,,6,,NOAA,2013-03-29T15:47:48.0770000-06:00,in
37,USC00051772,Snow,1944-09-12T00:00:00.0000000-06:00,0.000000,,,6,,NOAA,2013-03-29T15:47:48.0770000-06:00,in
37,USC00051772,Snow,1944-09-13T00:00:00.0000000-06:00,0.000000,,,6,,NOAA,2013-03-29T15:47:48.0770000-06:00,in
37,USC00051772,Snow,1944-09-14T00:00:00.0000000-06:00,0.000000,,,6,,NOAA,2013-03-29T15:47:48.0770000-06:00,in
37,USC00051772,Snow,1944-09-15T00:00:00.0000000-06:00,0.000000,,,6,,NOAA,2013-03-29T15:47:48.0770000-06:00,in
37,USC00051772,Snow,1944-09-16T00:00:00.0000000-06:00,0.000000,,,6,,NOAA,2013-03-29T15:47:48.0770000-06:00,in
37,USC00051772,Snow,1944-09-17T00:00:00.0000000-06:00,0.000000,,,6,,NOAA,2013-03-29T15:47:48.0770000-06:00,in
37,USC00051772,Snow,1944-09-18T00:00:00.0000000-06:00,0.000000,,,6,,NOAA,2013-03-29T15:47:48.0770000-06:00,in
37,USC00051772,Snow,1944-09-19T00:00:00.0000000-06:00,0.000000,,,6,,NOAA,2013-03-29T15:47:48.0770000-06:00,in
37,USC00051772,Snow,1944-09-20T00:00:00.0000000-06:00,0.000000,,,6,,NOAA,2013-03-29T15:47:48.0770000-06:00,in
37,USC00051772,Snow,1944-09-21T00:00:00.0000000-06:00,0.000000,,,6,,NOAA,2013-03-29T15:47:48.0770000-06:00,in
37,USC00051772,Snow,1944-09-22T00:00:00.0000000-06:00,0.000000,,,6,,NOAA,2013-03-29T15:47:48.0770000-06:00,in
37,USC00051772,Snow,1944-09-23T00:00:00.0000000-06:00,0.000000,,,6,,NOAA,2013-03-29T15:47:48.0770000-06:00,in
37,USC00051772,Snow,1944-09-24T00:00:00.0000000-06:00,0.000000,,,6,,NOAA,2013-03-29T15:47:48.0770000-06:00,in
37,USC00051772,Snow,1944-09-25T00:00:00.0000000-06:00,0.000000,,,6,,NOAA,2013-03-29T15:47:48.0770000-06:00,in
37,USC00051772,Snow,1944-09-26T00:00:00.0000000-06:00,0.000000,,,6,,NOAA,2013-03-29T15:47:48.0770000-06:00,in
37,USC00051772,Snow,1944-09-27T00:00:00.0000000-06:00,0.000000,,,6,,NOAA,2013-03-29T15:47:48.0770000-06:00,in
37,USC00051772,Snow,1944-09-28T00:00:00.0000000-06:00,0.000000,,,6,,NOAA,2013-03-29T15:47:48.0770000-06:00,in
37,USC00051772,Snow,1944-09-29T00:00:00.0000000-06:00,0.000000,,,6,,NOAA,2013-03-29T15:47:48.0770000-06:00,in
37,USC00051772,Snow,1944-09-30T00:00:00.0000000-06:00,0.000000,,,6,,NOAA,2013-03-29T15:47:48.0770000-06:00,in
37,USC00051772,Snow,1944-10-01T00:00:00.0000000-06:00,0.000000,,,6,,NOAA,2013-03-29T15:47:48.0770000-06:00,in
37,USC00051772,Snow,1944-10-02T00:00:00.0000000-06:00,0.000000,,,6,,NOAA,2013-03-29T15:47:48.0770000-06:00,in
37,USC00051772,Snow,1944-10-03T00:00:00.0000000-06:00,0.000000,,,6,,NOAA,2013-03-29T15:47:48.0770000-06:00,in
37,USC00051772,Snow,1944-10-04T00:00:00.0000000-06:00,0.000000,,,6,,NOAA,2013-03-29T15:47:48.0770000-06:00,in
37,USC00051772,Snow,1944-10-05T00:00:00.0000000-06:00,0.000000,,,6,,NOAA,2013-03-29T15:47:48.0770000-06:00,in
37,USC00051772,Snow,1944-10-06T00:00:00.0000000-06:00,0.000000,,,6,,NOAA,2013-03-29T15:47:48.0770000-06:00,in
37,USC00051772,Snow,1944-10-07T00:00:00.0000000-06:00,0.000000,,,6,,NOAA,2013-03-29T15:47:48.0770000-06:00,in
37,USC00051772,Snow,1944-10-08T00:00:00.0000000-06:00,0.000000,,,6,,NOAA,2013-03-29T15:47:48.0770000-06:00,in
37,USC00051772,Snow,1944-10-09T00:00:00.0000000-06:00,0.000000,,,6,,NOAA,2013-03-29T15:47:48.0770000-06:00,in
37,USC00051772,Snow,1944-10-10T00:00:00.0000000-06:00,0.000000,,,6,,NOAA,2013-03-29T15:47:48.0770000-06:00,in
37,USC00051772,Snow,1944-10-11T00:00:00.0000000-06:00,0.000000,,,6,,NOAA,2013-03-29T15:47:48.0770000-06:00,in
37,USC00051772,Snow,1944-10-12T00:00:00.0000000-06:00,0.000000,,,6,,NOAA,2013-03-29T15:47:48.0770000-06:00,in
37,USC00051772,Snow,1944-10-13T00:00:00.0000000-06:00,0.000000,,,6,,NOAA,2013-03-29T15:47:48.0770000-06:00,in
37,USC00051772,Snow,1944-10-14T00:00:00.0000000-06:00,0.000000,,,6,,NOAA,2013-03-29T15:47:48.0770000-06:00,in
37,USC00051772,Snow,1944-10-15T00:00:00.0000000-06:00,0.000000,,,6,,NOAA,2013-03-29T15:47:48.0770000-06:00,in
37,USC00051772,Snow,1944-10-16T00:00:00.0000000-06:00,0.000000,,,6,,NOAA,2013-03-29T15:47:48.0770000-06:00,in
37,USC00051772,Snow,1944-10-17T00:00:00.0000000-06:00,0.000000,,,6,,NOAA,2013-03-29T15:47:48.0770000-06:00,in
37,USC00051772,Snow,1944-10-18T00:00:00.0000000-06:00,0.000000,,,6,,NOAA,2013-03-29T15:47:48.0770000-06:00,in
37,USC00051772,Snow,1944-10-19T00:00:00.0000000-06:00,0.000000,,,6,,NOAA,2013-03-29T15:47:48.0770000-06:00,in
37,USC00051772,Snow,1944-10-20T00:00:00.0000000-06:00,0.000000,,,6,,NOAA,2013-03-29T15:47:48.0770000-06:00,in
37,USC00051772,Snow,1944-10-21T00:00:00.0000000-06:00,0.000000,,,6,,NOAA,2013-03-29T15:47:48.0770000-06:00,in
37,USC00051772,Snow,1944-10-22T00:00:00.0000000-06:00,0.000000,,,6,,NOAA,2013-03-29T15:47:48.0770000-06:00,in
37,USC00051772,Snow,1944-10-23T00:00:00.0000000-06:00,0.000000,,,6,,NOAA,2013-03-29T15:47:48.0770000-06:00,in
37,USC00051772,Snow,1944-10-24T00:00:00.0000000-06:00,0.000000,,,6,,NOAA,2013-03-29T15:47:48.0770000-06:00,in
37,USC00051772,Snow,1944-10-25T00:00:00.0000000-06:00,0.000000,,,6,,NOAA,2013-03-29T15:47:48.0770000-06:00,in
37,USC00051772,Snow,1944-10-26T00:00:00.0000000-06:00,0.000000,,,6,,NOAA,2013-03-29T15:47:48.0770000-06:00,in
37,USC00051772,Snow,1944-10-27T00:00:00.0000000-06:00,0.000000,,,6,,NOAA,2013-03-29T15:47:48.0770000-06:00,in
37,USC00051772,Snow,1944-10-28T00:00:00.0000000-06:00,0.000000,,,6,,NOAA,2013-03-29T15:47:48.0770000-06:00,in
37,USC00051772,Snow,1944-10-29T00:00:00.0000000-06:00,0.000000,,,6,,NOAA,2013-03-29T15:47:48.0770000-06:00,in
37,USC00051772,Snow,1944-10-30T00:00:00.0000000-07:00,0.000000,,,6,,NOAA,2013-03-29T15:47:48.0770000-06:00,in
37,USC00051772,Snow,1944-10-31T00:00:00.0000000-07:00,0.000000,,,6,,NOAA,2013-03-29T15:47:48.0770000-06:00,in
37,USC00051772,Snow,1944-11-01T00:00:00.0000000-07:00,0.000000,,,6,,NOAA,2013-03-29T15:47:48.0770000-06:00,in
37,USC00051772,Snow,1944-11-02T00:00:00.0000000-07:00,0.000000,,,6,,NOAA,2013-03-29T15:47:48.0770000-06:00,in
37,USC00051772,Snow,1944-11-03T00:00:00.0000000-07:00,0.000000,,,6,,NOAA,2013-03-29T15:47:48.0770000-06:00,in
37,USC00051772,Snow,1944-11-04T00:00:00.0000000-07:00,0.000000,,,6,,NOAA,2013-03-29T15:47:48.0770000-06:00,in
37,USC00051772,Snow,1944-11-05T00:00:00.0000000-07:00,0.000000,,,6,,NOAA,2013-03-29T15:47:48.0770000-06:00,in
37,USC00051772,Snow,1944-11-06T00:00:00.0000000-07:00,0.000000,,,6,,NOAA,2013-03-29T15:47:48.0770000-06:00,in
37,USC00051772,Snow,1944-11-07T00:00:00.0000000-07:00,0.000000,,,6,,NOAA,2013-03-29T15:47:48.0770000-06:00,in
37,USC00051772,Snow,1944-11-08T00:00:00.0000000-07:00,0.000000,,,6,,NOAA,2013-03-29T15:47:48.0770000-06:00,in
37,USC00051772,Snow,1944-11-09T00:00:00.0000000-07:00,0.000000,,,6,,NOAA,2013-03-29T15:47:48.0770000-06:00,in
37,USC00051772,Snow,1944-11-10T00:00:00.0000000-07:00,0.000000,,,6,,NOAA,2013-03-29T15:47:48.0770000-06:00,in
37,USC00051772,Snow,1944-11-11T00:00:00.0000000-07:00,0.000000,,,6,,NOAA,2013-03-29T15:47:48.0770000-06:00,in
37,USC00051772,Snow,1944-11-12T00:00:00.0000000-07:00,0.000000,,,6,,NOAA,2013-03-29T15:47:48.0770000-06:00,in
37,USC00051772,Snow,1944-11-13T00:00:00.0000000-07:00,0.000000,,,6,,NOAA,2013-03-29T15:47:48.0770000-06:00,in
37,USC00051772,Snow,1944-11-14T00:00:00.0000000-07:00,0.000000,T,,6,,NOAA,2013-03-29T15:47:48.0770000-06:00,in
37,USC00051772,Snow,1944-11-15T00:00:00.0000000-07:00,0.000000,,,6,,NOAA,2013-03-29T15:47:48.0770000-06:00,in
37,USC00051772,Snow,1944-11-16T00:00:00.0000000-07:00,0.000000,,,6,,NOAA,2013-03-29T15:47:48.0770000-06:00,in
37,USC00051772,Snow,1944-11-17T00:00:00.0000000-07:00,0.000000,,,6,,NOAA,2013-03-29T15:47:48.0770000-06:00,in
37,USC00051772,Snow,1944-11-18T00:00:00.0000000-07:00,2.992126,,,6,,NOAA,2013-03-29T15:47:48.0770000-06:00,in
37,USC00051772,Snow,1944-11-19T00:00:00.0000000-07:00,0.984252,,,6,,NOAA,2013-03-29T15:47:48.0770000-06:00,in
37,USC00051772,Snow,1944-11-20T00:00:00.0000000-07:00,0.000000,,,6,,NOAA,2013-03-29T15:47:48.0770000-06:00,in
37,USC00051772,Snow,1944-11-21T00:00:00.0000000-07:00,0.000000,,,6,,NOAA,2013-03-29T15:47:48.0770000-06:00,in
37,USC00051772,Snow,1944-11-22T00:00:00.0000000-07:00,0.000000,,,6,,NOAA,2013-03-29T15:47:48.0770000-06:00,in
37,USC00051772,Snow,1944-11-23T00:00:00.0000000-07:00,0.000000,,,6,,NOAA,2013-03-29T15:47:48.0770000-06:00,in
37,USC00051772,Snow,1944-11-24T00:00:00.0000000-07:00,1.496063,,,6,,NOAA,2013-03-29T15:47:48.0770000-06:00,in
37,USC00051772,Snow,1944-11-25T00:00:00.0000000-07:00,0.000000,,,6,,NOAA,2013-03-29T15:47:48.0770000-06:00,in
37,USC00051772,Snow,1944-11-26T00:00:00.0000000-07:00,0.000000,,,6,,NOAA,2013-03-29T15:47:48.0770000-06:00,in
37,USC00051772,Snow,1944-11-27T00:00:00.0000000-07:00,0.000000,,,6,,NOAA,2013-03-29T15:47:48.0770000-06:00,in
37,USC00051772,Snow,1944-11-28T00:00:00.0000000-07:00,0.000000,,,6,,NOAA,2013-03-29T15:47:48.0770000-06:00,in
37,USC00051772,Snow,1944-11-29T00:00:00.0000000-07:00,0.000000,,,6,,NOAA,2013-03-29T15:47:48.0770000-06:00,in
37,USC00051772,Snow,1944-11-30T00:00:00.0000000-07:00,0.000000,,,6,,NOAA,2013-03-29T15:47:48.0770000-06:00,in
37,USC00051772,Snow,1944-12-01T00:00:00.0000000-07:00,0.000000,,,6,,NOAA,2013-03-29T15:47:48.0770000-06:00,in
37,USC00051772,Snow,1944-12-02T00:00:00.0000000-07:00,0.000000,,,6,,NOAA,2013-03-29T15:47:48.0770000-06:00,in
37,USC00051772,Snow,1944-12-03T00:00:00.0000000-07:00,0.000000,T,,6,,NOAA,2013-03-29T15:47:48.0770000-06:00,in
37,USC00051772,Snow,1944-12-04T00:00:00.0000000-07:00,0.000000,,,6,,NOAA,2013-03-29T15:47:48.0770000-06:00,in
37,USC00051772,Snow,1944-12-05T00:00:00.0000000-07:00,0.000000,,,6,,NOAA,2013-03-29T15:47:48.0770000-06:00,in
37,USC00051772,Snow,1944-12-06T00:00:00.0000000-07:00,0.000000,,,6,,NOAA,2013-03-29T15:47:48.0770000-06:00,in
37,USC00051772,Snow,1944-12-07T00:00:00.0000000-07:00,0.000000,,,6,,NOAA,2013-03-29T15:47:48.0770000-06:00,in
37,USC00051772,Snow,1944-12-08T00:00:00.0000000-07:00,0.000000,,,6,,NOAA,2013-03-29T15:47:48.0770000-06:00,in
37,USC00051772,Snow,1944-12-09T00:00:00.0000000-07:00,0.000000,,,6,,NOAA,2013-03-29T15:47:48.0770000-06:00,in
37,USC00051772,Snow,1944-12-10T00:00:00.0000000-07:00,0.000000,,,6,,NOAA,2013-03-29T15:47:48.0770000-06:00,in
37,USC00051772,Snow,1944-12-11T00:00:00.0000000-07:00,0.000000,,,6,,NOAA,2013-03-29T15:47:48.0770000-06:00,in
37,USC00051772,Snow,1944-12-12T00:00:00.0000000-07:00,0.000000,,,6,,NOAA,2013-03-29T15:47:48.0770000-06:00,in
37,USC00051772,Snow,1944-12-13T00:00:00.0000000-07:00,0.000000,,,6,,NOAA,2013-03-29T15:47:48.0770000-06:00,in
37,USC00051772,Snow,1944-12-14T00:00:00.0000000-07:00,0.000000,,,6,,NOAA,2013-03-29T15:47:48.0770000-06:00,in
37,USC00051772,Snow,1944-12-15T00:00:00.0000000-07:00,0.000000,,,6,,NOAA,2013-03-29T15:47:48.0770000-06:00,in
37,USC00051772,Snow,1944-12-16T00:00:00.0000000-07:00,0.000000,,,6,,NOAA,2013-03-29T15:47:48.0770000-06:00,in
37,USC00051772,Snow,1944-12-17T00:00:00.0000000-07:00,0.000000,,,6,,NOAA,2013-03-29T15:47:48.0770000-06:00,in
37,USC00051772,Snow,1944-12-18T00:00:00.0000000-07:00,0.000000,,,6,,NOAA,2013-03-29T15:47:48.0770000-06:00,in
37,USC00051772,Snow,1944-12-19T00:00:00.0000000-07:00,0.000000,,,6,,NOAA,2013-03-29T15:47:48.0770000-06:00,in
37,USC00051772,Snow,1944-12-20T00:00:00.0000000-07:00,0.000000,,,6,,NOAA,2013-03-29T15:47:48.0770000-06:00,in
37,USC00051772,Snow,1944-12-21T00:00:00.0000000-07:00,0.000000,,,6,,NOAA,2013-03-29T15:47:48.0770000-06:00,in
37,USC00051772,Snow,1944-12-22T00:00:00.0000000-07:00,0.000000,,,6,,NOAA,2013-03-29T15:47:48.0770000-06:00,in
37,USC00051772,Snow,1944-12-23T00:00:00.0000000-07:00,0.000000,T,,6,,NOAA,2013-03-29T15:47:48.0770000-06:00,in
37,USC00051772,Snow,1944-12-24T00:00:00.0000000-07:00,0.511811,,,6,,NOAA,2013-03-29T15:47:48.0770000-06:00,in
37,USC00051772,Snow,1944-12-25T00:00:00.0000000-07:00,0.000000,,,6,,NOAA,2013-03-29T15:47:48.0770000-06:00,in
37,USC00051772,Snow,1944-12-26T00:00:00.0000000-07:00,0.984252,,,6,,NOAA,2013-03-29T15:47:48.0770000-06:00,in
37,USC00051772,Snow,1944-12-27T00:00:00.0000000-07:00,0.000000,,,6,,NOAA,2013-03-29T15:47:48.0770000-06:00,in
37,USC00051772,Snow,1944-12-28T00:00:00.0000000-07:00,0.984252,,,6,,NOAA,2013-03-29T15:47:48.0770000-06:00,in
37,USC00051772,Snow,1944-12-29T00:00:00.0000000-07:00,0.000000,,,6,,NOAA,2013-03-29T15:47:48.0770000-06:00,in
37,USC00051772,Snow,1944-12-30T00:00:00.0000000-07:00,0.000000,,,6,,NOAA,2013-03-29T15:47:48.0770000-06:00,in
37,USC00051772,Snow,1944-12-31T00:00:00.0000000-07:00,0.000000,,,6,,NOAA,2013-03-29T15:47:48.0770000-06:00,in
37,USC00051772,Snow,1945-01-01T00:00:00.0000000-07:00,0.000000,T,,6,,NOAA,2013-03-29T15:47:48.0770000-06:00,in
37,USC00051772,Snow,1945-01-02T00:00:00.0000000-07:00,0.000000,,,6,,NOAA,2013-03-29T15:47:48.0770000-06:00,in
37,USC00051772,Snow,1945-01-03T00:00:00.0000000-07:00,0.000000,,,6,,NOAA,2013-03-29T15:47:48.0770000-06:00,in
37,USC00051772,Snow,1945-01-04T00:00:00.0000000-07:00,0.000000,,,6,,NOAA,2013-03-29T15:47:48.0770000-06:00,in
37,USC00051772,Snow,1945-01-05T00:00:00.0000000-07:00,0.000000,,,6,,NOAA,2013-03-29T15:47:48.0770000-06:00,in
37,USC00051772,Snow,1945-01-06T00:00:00.0000000-07:00,0.000000,,,6,,NOAA,2013-03-29T15:47:48.0770000-06:00,in
37,USC00051772,Snow,1945-01-07T00:00:00.0000000-07:00,0.000000,,,6,,NOAA,2013-03-29T15:47:48.0770000-06:00,in
37,USC00051772,Snow,1945-01-08T00:00:00.0000000-07:00,0.000000,,,6,,NOAA,2013-03-29T15:47:48.0770000-06:00,in
37,USC00051772,Snow,1945-01-09T00:00:00.0000000-07:00,0.000000,,,6,,NOAA,2013-03-29T15:47:48.0770000-06:00,in
37,USC00051772,Snow,1945-01-10T00:00:00.0000000-07:00,0.000000,,,6,,NOAA,2013-03-29T15:47:48.0770000-06:00,in
37,USC00051772,Snow,1945-01-11T00:00:00.0000000-07:00,0.000000,,,6,,NOAA,2013-03-29T15:47:48.0770000-06:00,in
37,USC00051772,Snow,1945-01-12T00:00:00.0000000-07:00,0.000000,,,6,,NOAA,2013-03-29T15:47:48.0770000-06:00,in
37,USC00051772,Snow,1945-01-13T00:00:00.0000000-07:00,0.000000,,,6,,NOAA,2013-03-29T15:47:48.0770000-06:00,in
37,USC00051772,Snow,1945-01-14T00:00:00.0000000-07:00,0.000000,,,6,,NOAA,2013-03-29T15:47:48.0770000-06:00,in
37,USC00051772,Snow,1945-01-15T00:00:00.0000000-07:00,0.000000,,,6,,NOAA,2013-03-29T15:47:48.0770000-06:00,in
37,USC00051772,Snow,1945-01-16T00:00:00.0000000-07:00,0.000000,T,,6,,NOAA,2013-03-29T15:47:48.0770000-06:00,in
37,USC00051772,Snow,1945-01-17T00:00:00.0000000-07:00,0.000000,T,,6,,NOAA,2013-03-29T15:47:48.0770000-06:00,in
37,USC00051772,Snow,1945-01-18T00:00:00.0000000-07:00,0.000000,T,,6,,NOAA,2013-03-29T15:47:48.0770000-06:00,in
37,USC00051772,Snow,1945-01-19T00:00:00.0000000-07:00,0.000000,T,,6,,NOAA,2013-03-29T15:47:48.0770000-06:00,in
37,USC00051772,Snow,1945-01-20T00:00:00.0000000-07:00,0.000000,T,,6,,NOAA,2013-03-29T15:47:48.0770000-06:00,in
37,USC00051772,Snow,1945-01-21T00:00:00.0000000-07:00,0.000000,,,6,,NOAA,2013-03-29T15:47:48.0770000-06:00,in
37,USC00051772,Snow,1945-01-22T00:00:00.0000000-07:00,0.000000,,,6,,NOAA,2013-03-29T15:47:48.0770000-06:00,in
37,USC00051772,Snow,1945-01-23T00:00:00.0000000-07:00,0.000000,,,6,,NOAA,2013-03-29T15:47:48.0770000-06:00,in
37,USC00051772,Snow,1945-01-24T00:00:00.0000000-07:00,1.102362,,,6,,NOAA,2013-03-29T15:47:48.0770000-06:00,in
37,USC00051772,Snow,1945-01-25T00:00:00.0000000-07:00,0.000000,,,6,,NOAA,2013-03-29T15:47:48.0770000-06:00,in
37,USC00051772,Snow,1945-01-26T00:00:00.0000000-07:00,0.000000,,,6,,NOAA,2013-03-29T15:47:48.0770000-06:00,in
37,USC00051772,Snow,1945-01-27T00:00:00.0000000-07:00,0.787402,,,6,,NOAA,2013-03-29T15:47:48.0770000-06:00,in
37,USC00051772,Snow,1945-01-28T00:00:00.0000000-07:00,0.000000,,,6,,NOAA,2013-03-29T15:47:48.0770000-06:00,in
37,USC00051772,Snow,1945-01-29T00:00:00.0000000-07:00,0.000000,,,6,,NOAA,2013-03-29T15:47:48.0770000-06:00,in
37,USC00051772,Snow,1945-01-30T00:00:00.0000000-07:00,0.000000,,,6,,NOAA,2013-03-29T15:47:48.0770000-06:00,in
37,USC00051772,Snow,1945-01-31T00:00:00.0000000-07:00,0.000000,,,6,,NOAA,2013-03-29T15:47:48.0770000-06:00,in
37,USC00051772,Snow,1945-02-01T00:00:00.0000000-07:00,0.000000,,,6,,NOAA,2013-03-29T15:47:48.0770000-06:00,in
37,USC00051772,Snow,1945-02-02T00:00:00.0000000-07:00,0.000000,T,,6,,NOAA,2013-03-29T15:47:48.0770000-06:00,in
37,USC00051772,Snow,1945-02-03T00:00:00.0000000-07:00,0.000000,,,6,,NOAA,2013-03-29T15:47:48.0770000-06:00,in
37,USC00051772,Snow,1945-02-04T00:00:00.0000000-07:00,0.000000,T,,6,,NOAA,2013-03-29T15:47:48.0770000-06:00,in
37,USC00051772,Snow,1945-02-05T00:00:00.0000000-07:00,0.000000,,,6,,NOAA,2013-03-29T15:47:48.0770000-06:00,in
37,USC00051772,Snow,1945-02-06T00:00:00.0000000-07:00,1.496063,,,6,,NOAA,2013-03-29T15:47:48.0770000-06:00,in
37,USC00051772,Snow,1945-02-07T00:00:00.0000000-07:00,0.000000,,,6,,NOAA,2013-03-29T15:47:48.0770000-06:00,in
37,USC00051772,Snow,1945-02-08T00:00:00.0000000-07:00,0.000000,,,6,,NOAA,2013-03-29T15:47:48.0770000-06:00,in
37,USC00051772,Snow,1945-02-09T00:00:00.0000000-07:00,1.811024,,,6,,NOAA,2013-03-29T15:47:48.0770000-06:00,in
37,USC00051772,Snow,1945-02-10T00:00:00.0000000-07:00,0.000000,,,6,,NOAA,2013-03-29T15:47:48.0770000-06:00,in
37,USC00051772,Snow,1945-02-11T00:00:00.0000000-07:00,0.000000,T,,6,,NOAA,2013-03-29T15:47:48.0770000-06:00,in
37,USC00051772,Snow,1945-02-12T00:00:00.0000000-07:00,0.000000,,,6,,NOAA,2013-03-29T15:47:48.0770000-06:00,in
37,USC00051772,Snow,1945-02-13T00:00:00.0000000-07:00,0.000000,,,6,,NOAA,2013-03-29T15:47:48.0770000-06:00,in
37,USC00051772,Snow,1945-02-14T00:00:00.0000000-07:00,0.000000,,,6,,NOAA,2013-03-29T15:47:48.0770000-06:00,in
37,USC00051772,Snow,1945-02-15T00:00:00.0000000-07:00,0.000000,,,6,,NOAA,2013-03-29T15:47:48.0770000-06:00,in
37,USC00051772,Snow,1945-02-16T00:00:00.0000000-07:00,1.692913,,,6,,NOAA,2013-03-29T15:47:48.0770000-06:00,in
37,USC00051772,Snow,1945-02-17T00:00:00.0000000-07:00,0.000000,,,6,,NOAA,2013-03-29T15:47:48.0770000-06:00,in
37,USC00051772,Snow,1945-02-18T00:00:00.0000000-07:00,0.000000,,,6,,NOAA,2013-03-29T15:47:48.0770000-06:00,in
37,USC00051772,Snow,1945-02-19T00:00:00.0000000-07:00,0.000000,,,6,,NOAA,2013-03-29T15:47:48.0770000-06:00,in
37,USC00051772,Snow,1945-02-20T00:00:00.0000000-07:00,0.000000,,,6,,NOAA,2013-03-29T15:47:48.0770000-06:00,in
37,USC00051772,Snow,1945-02-21T00:00:00.0000000-07:00,0.000000,T,,6,,NOAA,2013-03-29T15:47:48.0770000-06:00,in
37,USC00051772,Snow,1945-02-22T00:00:00.0000000-07:00,0.000000,,,6,,NOAA,2013-03-29T15:47:48.0770000-06:00,in
37,USC00051772,Snow,1945-02-23T00:00:00.0000000-07:00,0.000000,,,6,,NOAA,2013-03-29T15:47:48.0770000-06:00,in
37,USC00051772,Snow,1945-02-24T00:00:00.0000000-07:00,0.000000,,,6,,NOAA,2013-03-29T15:47:48.0770000-06:00,in
37,USC00051772,Snow,1945-02-25T00:00:00.0000000-07:00,0.000000,,,6,,NOAA,2013-03-29T15:47:48.0770000-06:00,in
37,USC00051772,Snow,1945-02-26T00:00:00.0000000-07:00,0.000000,,,6,,NOAA,2013-03-29T15:47:48.0770000-06:00,in
37,USC00051772,Snow,1945-02-27T00:00:00.0000000-07:00,0.000000,,,6,,NOAA,2013-03-29T15:47:48.0770000-06:00,in
37,USC00051772,Snow,1945-02-28T00:00:00.0000000-07:00,0.000000,,,6,,NOAA,2013-03-29T15:47:48.0770000-06:00,in
37,USC00051772,Snow,1945-03-01T00:00:00.0000000-07:00,1.299213,,,6,,NOAA,2013-03-29T15:47:48.0770000-06:00,in
37,USC00051772,Snow,1945-03-02T00:00:00.0000000-07:00,0.000000,T,,6,,NOAA,2013-03-29T15:47:48.0770000-06:00,in
37,USC00051772,Snow,1945-03-03T00:00:00.0000000-07:00,0.000000,,,6,,NOAA,2013-03-29T15:47:48.0770000-06:00,in
37,USC00051772,Snow,1945-03-04T00:00:00.0000000-07:00,1.417323,,,6,,NOAA,2013-03-29T15:47:48.0770000-06:00,in
37,USC00051772,Snow,1945-03-05T00:00:00.0000000-07:00,2.007874,,,6,,NOAA,2013-03-29T15:47:48.0770000-06:00,in
37,USC00051772,Snow,1945-03-06T00:00:00.0000000-07:00,0.984252,,,6,,NOAA,2013-03-29T15:47:48.0770000-06:00,in
37,USC00051772,Snow,1945-03-07T00:00:00.0000000-07:00,0.000000,,,6,,NOAA,2013-03-29T15:47:48.0770000-06:00,in
37,USC00051772,Snow,1945-03-08T00:00:00.0000000-07:00,0.000000,,,6,,NOAA,2013-03-29T15:47:48.0770000-06:00,in
37,USC00051772,Snow,1945-03-09T00:00:00.0000000-07:00,0.000000,,,6,,NOAA,2013-03-29T15:47:48.0770000-06:00,in
37,USC00051772,Snow,1945-03-10T00:00:00.0000000-07:00,0.000000,,,6,,NOAA,2013-03-29T15:47:48.0770000-06:00,in
37,USC00051772,Snow,1945-03-11T00:00:00.0000000-07:00,0.000000,,,6,,NOAA,2013-03-29T15:47:48.0770000-06:00,in
37,USC00051772,Snow,1945-03-12T00:00:00.0000000-07:00,0.000000,,,6,,NOAA,2013-03-29T15:47:48.0770000-06:00,in
37,USC00051772,Snow,1945-03-13T00:00:00.0000000-07:00,0.000000,,,6,,NOAA,2013-03-29T15:47:48.0770000-06:00,in
37,USC00051772,Snow,1945-03-14T00:00:00.0000000-07:00,0.000000,,,6,,NOAA,2013-03-29T15:47:48.0770000-06:00,in
37,USC00051772,Snow,1945-03-15T00:00:00.0000000-07:00,0.000000,,,6,,NOAA,2013-03-29T15:47:48.0770000-06:00,in
37,USC00051772,Snow,1945-03-16T00:00:00.0000000-07:00,1.417323,,,6,,NOAA,2013-03-29T15:47:48.0770000-06:00,in
37,USC00051772,Snow,1945-03-17T00:00:00.0000000-07:00,0.000000,,,6,,NOAA,2013-03-29T15:47:48.0770000-06:00,in
37,USC00051772,Snow,1945-03-18T00:00:00.0000000-07:00,0.984252,,,6,,NOAA,2013-03-29T15:47:48.0770000-06:00,in
37,USC00051772,Snow,1945-03-19T00:00:00.0000000-07:00,0.000000,,,6,,NOAA,2013-03-29T15:47:48.0770000-06:00,in
37,USC00051772,Snow,1945-03-20T00:00:00.0000000-07:00,0.000000,,,6,,NOAA,2013-03-29T15:47:48.0770000-06:00,in
37,USC00051772,Snow,1945-03-21T00:00:00.0000000-07:00,0.000000,,,6,,NOAA,2013-03-29T15:47:48.0770000-06:00,in
37,USC00051772,Snow,1945-03-22T00:00:00.0000000-07:00,0.000000,,,6,,NOAA,2013-03-29T15:47:48.0770000-06:00,in
37,USC00051772,Snow,1945-03-23T00:00:00.0000000-07:00,0.000000,T,,6,,NOAA,2013-03-29T15:47:48.0770000-06:00,in
37,USC00051772,Snow,1945-03-24T00:00:00.0000000-07:00,0.000000,T,,6,,NOAA,2013-03-29T15:47:48.0770000-06:00,in
37,USC00051772,Snow,1945-03-25T00:00:00.0000000-07:00,0.000000,,,6,,NOAA,2013-03-29T15:47:48.0770000-06:00,in
37,USC00051772,Snow,1945-03-26T00:00:00.0000000-07:00,0.000000,T,,6,,NOAA,2013-03-29T15:47:48.0770000-06:00,in
37,USC00051772,Snow,1945-03-27T00:00:00.0000000-07:00,0.000000,T,,6,,NOAA,2013-03-29T15:47:48.0770000-06:00,in
37,USC00051772,Snow,1945-03-28T00:00:00.0000000-07:00,0.000000,,,6,,NOAA,2013-03-29T15:47:48.0770000-06:00,in
37,USC00051772,Snow,1945-03-29T00:00:00.0000000-07:00,0.000000,,,6,,NOAA,2013-03-29T15:47:48.0770000-06:00,in
37,USC00051772,Snow,1945-03-30T00:00:00.0000000-07:00,0.000000,,,6,,NOAA,2013-03-29T15:47:48.0770000-06:00,in
37,USC00051772,Snow,1945-03-31T00:00:00.0000000-07:00,0.000000,,,6,,NOAA,2013-03-29T15:47:48.0770000-06:00,in
37,USC00051772,Snow,1945-04-01T00:00:00.0000000-07:00,0.000000,,,6,,NOAA,2013-03-29T15:47:48.0770000-06:00,in
37,USC00051772,Snow,1945-04-02T00:00:00.0000000-06:00,1.181102,,,6,,NOAA,2013-03-29T15:47:48.0770000-06:00,in
37,USC00051772,Snow,1945-04-03T00:00:00.0000000-06:00,0.000000,,,6,,NOAA,2013-03-29T15:47:48.0770000-06:00,in
37,USC00051772,Snow,1945-04-04T00:00:00.0000000-06:00,0.000000,,,6,,NOAA,2013-03-29T15:47:48.0770000-06:00,in
37,USC00051772,Snow,1945-04-05T00:00:00.0000000-06:00,0.000000,,,6,,NOAA,2013-03-29T15:47:48.0770000-06:00,in
37,USC00051772,Snow,1945-04-06T00:00:00.0000000-06:00,0.000000,,,6,,NOAA,2013-03-29T15:47:48.0770000-06:00,in
37,USC00051772,Snow,1945-04-07T00:00:00.0000000-06:00,0.000000,,,6,,NOAA,2013-03-29T15:47:48.0770000-06:00,in
37,USC00051772,Snow,1945-04-08T00:00:00.0000000-06:00,0.000000,,,6,,NOAA,2013-03-29T15:47:48.0770000-06:00,in
37,USC00051772,Snow,1945-04-09T00:00:00.0000000-06:00,0.000000,,,6,,NOAA,2013-03-29T15:47:48.0770000-06:00,in
37,USC00051772,Snow,1945-04-10T00:00:00.0000000-06:00,2.007874,,,6,,NOAA,2013-03-29T15:47:48.0770000-06:00,in
37,USC00051772,Snow,1945-04-11T00:00:00.0000000-06:00,0.000000,,,6,,NOAA,2013-03-29T15:47:48.0770000-06:00,in
37,USC00051772,Snow,1945-04-12T00:00:00.0000000-06:00,0.000000,,,6,,NOAA,2013-03-29T15:47:48.0770000-06:00,in
37,USC00051772,Snow,1945-04-13T00:00:00.0000000-06:00,0.000000,,,6,,NOAA,2013-03-29T15:47:48.0770000-06:00,in
37,USC00051772,Snow,1945-04-14T00:00:00.0000000-06:00,0.000000,T,,6,,NOAA,2013-03-29T15:47:48.0770000-06:00,in
37,USC00051772,Snow,1945-04-15T00:00:00.0000000-06:00,0.000000,,,6,,NOAA,2013-03-29T15:47:48.0770000-06:00,in
37,USC00051772,Snow,1945-04-16T00:00:00.0000000-06:00,0.000000,,,6,,NOAA,2013-03-29T15:47:48.0770000-06:00,in
37,USC00051772,Snow,1945-04-17T00:00:00.0000000-06:00,0.000000,,,6,,NOAA,2013-03-29T15:47:48.0770000-06:00,in
37,USC00051772,Snow,1945-04-18T00:00:00.0000000-06:00,0.000000,,,6,,NOAA,2013-03-29T15:47:48.0770000-06:00,in
37,USC00051772,Snow,1945-04-19T00:00:00.0000000-06:00,0.000000,,,6,,NOAA,2013-03-29T15:47:48.0770000-06:00,in
37,USC00051772,Snow,1945-04-20T00:00:00.0000000-06:00,0.000000,,,6,,NOAA,2013-03-29T15:47:48.0770000-06:00,in
37,USC00051772,Snow,1945-04-21T00:00:00.0000000-06:00,0.000000,,,6,,NOAA,2013-03-29T15:47:48.0770000-06:00,in
37,USC00051772,Snow,1945-04-22T00:00:00.0000000-06:00,0.000000,,,6,,NOAA,2013-03-29T15:47:48.0770000-06:00,in
37,USC00051772,Snow,1945-04-23T00:00:00.0000000-06:00,0.000000,,,6,,NOAA,2013-03-29T15:47:48.0770000-06:00,in
37,USC00051772,Snow,1945-04-24T00:00:00.0000000-06:00,0.000000,,,6,,NOAA,2013-03-29T15:47:48.0770000-06:00,in
37,USC00051772,Snow,1945-04-25T00:00:00.0000000-06:00,0.000000,,,6,,NOAA,2013-03-29T15:47:48.0770000-06:00,in
37,USC00051772,Snow,1945-04-26T00:00:00.0000000-06:00,0.000000,,,6,,NOAA,2013-03-29T15:47:48.0770000-06:00,in
37,USC00051772,Snow,1945-04-27T00:00:00.0000000-06:00,0.000000,,,6,,NOAA,2013-03-29T15:47:48.0770000-06:00,in
37,USC00051772,Snow,1945-04-28T00:00:00.0000000-06:00,0.000000,,,6,,NOAA,2013-03-29T15:47:48.0770000-06:00,in
37,USC00051772,Snow,1945-04-29T00:00:00.0000000-06:00,0.000000,,,6,,NOAA,2013-03-29T15:47:48.0770000-06:00,in
37,USC00051772,Snow,1945-04-30T00:00:00.0000000-06:00,0.000000,,,6,,NOAA,2013-03-29T15:47:48.0770000-06:00,in
37,USC00051772,Snow,1945-05-01T00:00:00.0000000-06:00,0.000000,,,6,,NOAA,2013-03-29T15:47:48.0770000-06:00,in
37,USC00051772,Snow,1945-05-02T00:00:00.0000000-06:00,0.000000,,,6,,NOAA,2013-03-29T15:47:48.0770000-06:00,in
37,USC00051772,Snow,1945-05-03T00:00:00.0000000-06:00,0.000000,,,6,,NOAA,2013-03-29T15:47:48.0770000-06:00,in
37,USC00051772,Snow,1945-05-04T00:00:00.0000000-06:00,0.000000,,,6,,NOAA,2013-03-29T15:47:48.0770000-06:00,in
37,USC00051772,Snow,1945-05-05T00:00:00.0000000-06:00,0.000000,,,6,,NOAA,2013-03-29T15:47:48.0770000-06:00,in
37,USC00051772,Snow,1945-05-06T00:00:00.0000000-06:00,0.000000,,,6,,NOAA,2013-03-29T15:47:48.0770000-06:00,in
37,USC00051772,Snow,1945-05-07T00:00:00.0000000-06:00,0.000000,,,6,,NOAA,2013-03-29T15:47:48.0770000-06:00,in
37,USC00051772,Snow,1945-05-08T00:00:00.0000000-06:00,0.000000,,,6,,NOAA,2013-03-29T15:47:48.0770000-06:00,in
37,USC00051772,Snow,1945-05-09T00:00:00.0000000-06:00,0.000000,,,6,,NOAA,2013-03-29T15:47:48.0770000-06:00,in
37,USC00051772,Snow,1945-05-10T00:00:00.0000000-06:00,0.000000,,,6,,NOAA,2013-03-29T15:47:48.0770000-06:00,in
37,USC00051772,Snow,1945-05-11T00:00:00.0000000-06:00,0.000000,,,6,,NOAA,2013-03-29T15:47:48.0770000-06:00,in
37,USC00051772,Snow,1945-05-12T00:00:00.0000000-06:00,0.000000,,,6,,NOAA,2013-03-29T15:47:48.0770000-06:00,in
37,USC00051772,Snow,1945-05-13T00:00:00.0000000-06:00,0.000000,,,6,,NOAA,2013-03-29T15:47:48.0770000-06:00,in
37,USC00051772,Snow,1945-05-14T00:00:00.0000000-06:00,0.000000,,,6,,NOAA,2013-03-29T15:47:48.0770000-06:00,in
37,USC00051772,Snow,1945-05-15T00:00:00.0000000-06:00,0.000000,,,6,,NOAA,2013-03-29T15:47:48.0770000-06:00,in
37,USC00051772,Snow,1945-05-16T00:00:00.0000000-06:00,0.000000,,,6,,NOAA,2013-03-29T15:47:48.0770000-06:00,in
37,USC00051772,Snow,1945-05-17T00:00:00.0000000-06:00,0.000000,,,6,,NOAA,2013-03-29T15:47:48.0770000-06:00,in
37,USC00051772,Snow,1945-05-18T00:00:00.0000000-06:00,0.000000,,,6,,NOAA,2013-03-29T15:47:48.0770000-06:00,in
37,USC00051772,Snow,1945-05-19T00:00:00.0000000-06:00,0.000000,,,6,,NOAA,2013-03-29T15:47:48.0770000-06:00,in
37,USC00051772,Snow,1945-05-20T00:00:00.0000000-06:00,0.000000,,,6,,NOAA,2013-03-29T15:47:48.0770000-06:00,in
37,USC00051772,Snow,1945-05-21T00:00:00.0000000-06:00,0.000000,,,6,,NOAA,2013-03-29T15:47:48.0770000-06:00,in
37,USC00051772,Snow,1945-05-22T00:00:00.0000000-06:00,0.000000,,,6,,NOAA,2013-03-29T15:47:48.0770000-06:00,in
37,USC00051772,Snow,1945-05-23T00:00:00.0000000-06:00,0.000000,,,6,,NOAA,2013-03-29T15:47:48.0770000-06:00,in
37,USC00051772,Snow,1945-05-24T00:00:00.0000000-06:00,0.000000,,,6,,NOAA,2013-03-29T15:47:48.0770000-06:00,in
37,USC00051772,Snow,1945-05-25T00:00:00.0000000-06:00,0.000000,,,6,,NOAA,2013-03-29T15:47:48.0770000-06:00,in
37,USC00051772,Snow,1945-05-26T00:00:00.0000000-06:00,0.000000,,,6,,NOAA,2013-03-29T15:47:48.0770000-06:00,in
37,USC00051772,Snow,1945-05-27T00:00:00.0000000-06:00,0.000000,,,6,,NOAA,2013-03-29T15:47:48.0770000-06:00,in
37,USC00051772,Snow,1945-05-28T00:00:00.0000000-06:00,0.000000,,,6,,NOAA,2013-03-29T15:47:48.0770000-06:00,in
37,USC00051772,Snow,1945-05-29T00:00:00.0000000-06:00,0.000000,,,6,,NOAA,2013-03-29T15:47:48.0770000-06:00,in
37,USC00051772,Snow,1945-05-30T00:00:00.0000000-06:00,0.000000,,,6,,NOAA,2013-03-29T15:47:48.0770000-06:00,in
37,USC00051772,Snow,1945-05-31T00:00:00.0000000-06:00,0.000000,,,6,,NOAA,2013-03-29T15:47:48.0770000-06:00,in
37,USC00051772,Snow,1945-06-01T00:00:00.0000000-06:00,0.000000,,,6,,NOAA,2013-03-29T15:47:48.0770000-06:00,in
37,USC00051772,Snow,1945-06-02T00:00:00.0000000-06:00,0.000000,,,6,,NOAA,2013-03-29T15:47:48.0770000-06:00,in
37,USC00051772,Snow,1945-06-03T00:00:00.0000000-06:00,0.000000,,,6,,NOAA,2013-03-29T15:47:48.0770000-06:00,in
37,USC00051772,Snow,1945-06-04T00:00:00.0000000-06:00,0.000000,,,6,,NOAA,2013-03-29T15:47:48.0770000-06:00,in
37,USC00051772,Snow,1945-06-05T00:00:00.0000000-06:00,0.000000,,,6,,NOAA,2013-03-29T15:47:48.0770000-06:00,in
37,USC00051772,Snow,1945-06-06T00:00:00.0000000-06:00,0.000000,,,6,,NOAA,2013-03-29T15:47:48.0770000-06:00,in
37,USC00051772,Snow,1945-06-07T00:00:00.0000000-06:00,0.000000,,,6,,NOAA,2013-03-29T15:47:48.0770000-06:00,in
37,USC00051772,Snow,1945-06-08T00:00:00.0000000-06:00,0.000000,,,6,,NOAA,2013-03-29T15:47:48.0770000-06:00,in
37,USC00051772,Snow,1945-06-09T00:00:00.0000000-06:00,0.000000,,,6,,NOAA,2013-03-29T15:47:48.0770000-06:00,in
37,USC00051772,Snow,1945-06-10T00:00:00.0000000-06:00,0.000000,,,6,,NOAA,2013-03-29T15:47:48.0770000-06:00,in
37,USC00051772,Snow,1945-06-11T00:00:00.0000000-06:00,0.000000,,,6,,NOAA,2013-03-29T15:47:48.0770000-06:00,in
37,USC00051772,Snow,1945-06-12T00:00:00.0000000-06:00,0.000000,,,6,,NOAA,2013-03-29T15:47:48.0770000-06:00,in
37,USC00051772,Snow,1945-06-13T00:00:00.0000000-06:00,0.000000,,,6,,NOAA,2013-03-29T15:47:48.0770000-06:00,in
37,USC00051772,Snow,1945-06-14T00:00:00.0000000-06:00,0.000000,,,6,,NOAA,2013-03-29T15:47:48.0770000-06:00,in
37,USC00051772,Snow,1945-06-15T00:00:00.0000000-06:00,0.000000,,,6,,NOAA,2013-03-29T15:47:48.0770000-06:00,in
37,USC00051772,Snow,1945-06-16T00:00:00.0000000-06:00,0.000000,,,6,,NOAA,2013-03-29T15:47:48.0770000-06:00,in
37,USC00051772,Snow,1945-06-17T00:00:00.0000000-06:00,0.000000,,,6,,NOAA,2013-03-29T15:47:48.0770000-06:00,in
37,USC00051772,Snow,1945-06-18T00:00:00.0000000-06:00,0.000000,,,6,,NOAA,2013-03-29T15:47:48.0770000-06:00,in
37,USC00051772,Snow,1945-06-19T00:00:00.0000000-06:00,0.000000,,,6,,NOAA,2013-03-29T15:47:48.0770000-06:00,in
37,USC00051772,Snow,1945-06-20T00:00:00.0000000-06:00,0.000000,,,6,,NOAA,2013-03-29T15:47:48.0770000-06:00,in
37,USC00051772,Snow,1945-06-21T00:00:00.0000000-06:00,0.000000,,,6,,NOAA,2013-03-29T15:47:48.0770000-06:00,in
37,USC00051772,Snow,1945-06-22T00:00:00.0000000-06:00,0.000000,,,6,,NOAA,2013-03-29T15:47:48.0770000-06:00,in
37,USC00051772,Snow,1945-06-23T00:00:00.0000000-06:00,0.000000,,,6,,NOAA,2013-03-29T15:47:48.0770000-06:00,in
37,USC00051772,Snow,1945-06-24T00:00:00.0000000-06:00,0.000000,,,6,,NOAA,2013-03-29T15:47:48.0770000-06:00,in
37,USC00051772,Snow,1945-06-25T00:00:00.0000000-06:00,0.000000,,,6,,NOAA,2013-03-29T15:47:48.0770000-06:00,in
37,USC00051772,Snow,1945-06-26T00:00:00.0000000-06:00,0.000000,,,6,,NOAA,2013-03-29T15:47:48.0770000-06:00,in
37,USC00051772,Snow,1945-06-27T00:00:00.0000000-06:00,0.000000,,,6,,NOAA,2013-03-29T15:47:48.0770000-06:00,in
37,USC00051772,Snow,1945-06-28T00:00:00.0000000-06:00,0.000000,,,6,,NOAA,2013-03-29T15:47:48.0770000-06:00,in
37,USC00051772,Snow,1945-06-29T00:00:00.0000000-06:00,0.000000,,,6,,NOAA,2013-03-29T15:47:48.0770000-06:00,in
37,USC00051772,Snow,1945-06-30T00:00:00.0000000-06:00,0.000000,,,6,,NOAA,2013-03-29T15:47:48.0770000-06:00,in
37,USC00051772,Snow,1945-07-01T00:00:00.0000000-06:00,0.000000,,,6,,NOAA,2013-03-29T15:47:48.0770000-06:00,in
37,USC00051772,Snow,1945-07-02T00:00:00.0000000-06:00,0.000000,,,6,,NOAA,2013-03-29T15:47:48.0770000-06:00,in
37,USC00051772,Snow,1945-07-03T00:00:00.0000000-06:00,0.000000,,,6,,NOAA,2013-03-29T15:47:48.0770000-06:00,in
37,USC00051772,Snow,1945-07-04T00:00:00.0000000-06:00,0.000000,,,6,,NOAA,2013-03-29T15:47:48.0770000-06:00,in
37,USC00051772,Snow,1945-07-05T00:00:00.0000000-06:00,0.000000,,,6,,NOAA,2013-03-29T15:47:48.0770000-06:00,in
37,USC00051772,Snow,1945-07-06T00:00:00.0000000-06:00,0.000000,,,6,,NOAA,2013-03-29T15:47:48.0770000-06:00,in
37,USC00051772,Snow,1945-07-07T00:00:00.0000000-06:00,0.000000,,,6,,NOAA,2013-03-29T15:47:48.0770000-06:00,in
37,USC00051772,Snow,1945-07-08T00:00:00.0000000-06:00,0.000000,,,6,,NOAA,2013-03-29T15:47:48.0770000-06:00,in
37,USC00051772,Snow,1945-07-09T00:00:00.0000000-06:00,0.000000,,,6,,NOAA,2013-03-29T15:47:48.0770000-06:00,in
37,USC00051772,Snow,1945-07-10T00:00:00.0000000-06:00,0.000000,,,6,,NOAA,2013-03-29T15:47:48.0770000-06:00,in
37,USC00051772,Snow,1945-07-11T00:00:00.0000000-06:00,0.000000,,,6,,NOAA,2013-03-29T15:47:48.0770000-06:00,in
37,USC00051772,Snow,1945-07-12T00:00:00.0000000-06:00,0.000000,,,6,,NOAA,2013-03-29T15:47:48.0770000-06:00,in
37,USC00051772,Snow,1945-07-13T00:00:00.0000000-06:00,0.000000,,,6,,NOAA,2013-03-29T15:47:48.0770000-06:00,in
37,USC00051772,Snow,1945-07-14T00:00:00.0000000-06:00,0.000000,,,6,,NOAA,2013-03-29T15:47:48.0770000-06:00,in
37,USC00051772,Snow,1945-07-15T00:00:00.0000000-06:00,0.000000,,,6,,NOAA,2013-03-29T15:47:48.0770000-06:00,in
37,USC00051772,Snow,1945-07-16T00:00:00.0000000-06:00,0.000000,,,6,,NOAA,2013-03-29T15:47:48.0770000-06:00,in
37,USC00051772,Snow,1945-07-17T00:00:00.0000000-06:00,0.000000,,,6,,NOAA,2013-03-29T15:47:48.0770000-06:00,in
37,USC00051772,Snow,1945-07-18T00:00:00.0000000-06:00,0.000000,,,6,,NOAA,2013-03-29T15:47:48.0770000-06:00,in
37,USC00051772,Snow,1945-07-19T00:00:00.0000000-06:00,0.000000,,,6,,NOAA,2013-03-29T15:47:48.0770000-06:00,in
37,USC00051772,Snow,1945-07-20T00:00:00.0000000-06:00,0.000000,,,6,,NOAA,2013-03-29T15:47:48.0770000-06:00,in
37,USC00051772,Snow,1945-07-21T00:00:00.0000000-06:00,0.000000,,,6,,NOAA,2013-03-29T15:47:48.0770000-06:00,in
37,USC00051772,Snow,1945-07-22T00:00:00.0000000-06:00,0.000000,,,6,,NOAA,2013-03-29T15:47:48.0770000-06:00,in
37,USC00051772,Snow,1945-07-23T00:00:00.0000000-06:00,0.000000,,,6,,NOAA,2013-03-29T15:47:48.0770000-06:00,in
37,USC00051772,Snow,1945-07-24T00:00:00.0000000-06:00,0.000000,,,6,,NOAA,2013-03-29T15:47:48.0770000-06:00,in
37,USC00051772,Snow,1945-07-25T00:00:00.0000000-06:00,0.000000,,,6,,NOAA,2013-03-29T15:47:48.0770000-06:00,in
37,USC00051772,Snow,1945-07-26T00:00:00.0000000-06:00,0.000000,,,6,,NOAA,2013-03-29T15:47:48.0770000-06:00,in
37,USC00051772,Snow,1945-07-27T00:00:00.0000000-06:00,0.000000,,,6,,NOAA,2013-03-29T15:47:48.0770000-06:00,in
37,USC00051772,Snow,1945-07-28T00:00:00.0000000-06:00,0.000000,,,6,,NOAA,2013-03-29T15:47:48.0770000-06:00,in
37,USC00051772,Snow,1945-07-29T00:00:00.0000000-06:00,0.000000,,,6,,NOAA,2013-03-29T15:47:48.0770000-06:00,in
37,USC00051772,Snow,1945-07-30T00:00:00.0000000-06:00,0.000000,,,6,,NOAA,2013-03-29T15:47:48.0770000-06:00,in
37,USC00051772,Snow,1945-07-31T00:00:00.0000000-06:00,0.000000,,,6,,NOAA,2013-03-29T15:47:48.0770000-06:00,in
37,USC00051772,Snow,1945-08-01T00:00:00.0000000-06:00,0.000000,,,6,,NOAA,2013-03-29T15:47:48.0770000-06:00,in
37,USC00051772,Snow,1945-08-02T00:00:00.0000000-06:00,0.000000,,,6,,NOAA,2013-03-29T15:47:48.0770000-06:00,in
37,USC00051772,Snow,1945-08-03T00:00:00.0000000-06:00,0.000000,,,6,,NOAA,2013-03-29T15:47:48.0770000-06:00,in
37,USC00051772,Snow,1945-08-04T00:00:00.0000000-06:00,0.000000,,,6,,NOAA,2013-03-29T15:47:48.0770000-06:00,in
37,USC00051772,Snow,1945-08-05T00:00:00.0000000-06:00,0.000000,,,6,,NOAA,2013-03-29T15:47:48.0770000-06:00,in
37,USC00051772,Snow,1945-08-06T00:00:00.0000000-06:00,0.000000,,,6,,NOAA,2013-03-29T15:47:48.0770000-06:00,in
37,USC00051772,Snow,1945-08-07T00:00:00.0000000-06:00,0.000000,,,6,,NOAA,2013-03-29T15:47:48.0770000-06:00,in
37,USC00051772,Snow,1945-08-08T00:00:00.0000000-06:00,0.000000,,,6,,NOAA,2013-03-29T15:47:48.0770000-06:00,in
37,USC00051772,Snow,1945-08-09T00:00:00.0000000-06:00,0.000000,,,6,,NOAA,2013-03-29T15:47:48.0770000-06:00,in
37,USC00051772,Snow,1945-08-10T00:00:00.0000000-06:00,0.000000,,,6,,NOAA,2013-03-29T15:47:48.0770000-06:00,in
37,USC00051772,Snow,1945-08-11T00:00:00.0000000-06:00,0.000000,,,6,,NOAA,2013-03-29T15:47:48.0770000-06:00,in
37,USC00051772,Snow,1945-08-12T00:00:00.0000000-06:00,0.000000,,,6,,NOAA,2013-03-29T15:47:48.0770000-06:00,in
37,USC00051772,Snow,1945-08-13T00:00:00.0000000-06:00,0.000000,,,6,,NOAA,2013-03-29T15:47:48.0770000-06:00,in
37,USC00051772,Snow,1945-08-14T00:00:00.0000000-06:00,0.000000,,,6,,NOAA,2013-03-29T15:47:48.0770000-06:00,in
37,USC00051772,Snow,1945-08-15T00:00:00.0000000-06:00,0.000000,,,6,,NOAA,2013-03-29T15:47:48.0770000-06:00,in
37,USC00051772,Snow,1945-08-16T00:00:00.0000000-06:00,0.000000,,,6,,NOAA,2013-03-29T15:47:48.0770000-06:00,in
37,USC00051772,Snow,1945-08-17T00:00:00.0000000-06:00,0.000000,,,6,,NOAA,2013-03-29T15:47:48.0770000-06:00,in
37,USC00051772,Snow,1945-08-18T00:00:00.0000000-06:00,0.000000,,,6,,NOAA,2013-03-29T15:47:48.0770000-06:00,in
37,USC00051772,Snow,1945-08-19T00:00:00.0000000-06:00,0.000000,,,6,,NOAA,2013-03-29T15:47:48.0770000-06:00,in
37,USC00051772,Snow,1945-08-20T00:00:00.0000000-06:00,0.000000,,,6,,NOAA,2013-03-29T15:47:48.0770000-06:00,in
37,USC00051772,Snow,1945-08-21T00:00:00.0000000-06:00,0.000000,,,6,,NOAA,2013-03-29T15:47:48.0770000-06:00,in
37,USC00051772,Snow,1945-08-22T00:00:00.0000000-06:00,0.000000,,,6,,NOAA,2013-03-29T15:47:48.0770000-06:00,in
37,USC00051772,Snow,1945-08-23T00:00:00.0000000-06:00,0.000000,,,6,,NOAA,2013-03-29T15:47:48.0770000-06:00,in
37,USC00051772,Snow,1945-08-24T00:00:00.0000000-06:00,0.000000,,,6,,NOAA,2013-03-29T15:47:48.0770000-06:00,in
37,USC00051772,Snow,1945-08-25T00:00:00.0000000-06:00,0.000000,,,6,,NOAA,2013-03-29T15:47:48.0770000-06:00,in
37,USC00051772,Snow,1945-08-26T00:00:00.0000000-06:00,0.000000,,,6,,NOAA,2013-03-29T15:47:48.0770000-06:00,in
37,USC00051772,Snow,1945-08-27T00:00:00.0000000-06:00,0.000000,,,6,,NOAA,2013-03-29T15:47:48.0770000-06:00,in
37,USC00051772,Snow,1945-08-28T00:00:00.0000000-06:00,0.000000,,,6,,NOAA,2013-03-29T15:47:48.0770000-06:00,in
37,USC00051772,Snow,1945-08-29T00:00:00.0000000-06:00,0.000000,,,6,,NOAA,2013-03-29T15:47:48.0770000-06:00,in
37,USC00051772,Snow,1945-08-30T00:00:00.0000000-06:00,0.000000,,,6,,NOAA,2013-03-29T15:47:48.0770000-06:00,in
37,USC00051772,Snow,1945-08-31T00:00:00.0000000-06:00,0.000000,,,6,,NOAA,2013-03-29T15:47:48.0770000-06:00,in
37,USC00051772,Snow,1945-09-01T00:00:00.0000000-06:00,0.000000,,,6,,NOAA,2013-03-29T15:47:48.0770000-06:00,in
37,USC00051772,Snow,1945-09-02T00:00:00.0000000-06:00,0.000000,,,6,,NOAA,2013-03-29T15:47:48.0770000-06:00,in
37,USC00051772,Snow,1945-09-03T00:00:00.0000000-06:00,0.000000,,,6,,NOAA,2013-03-29T15:47:48.0770000-06:00,in
37,USC00051772,Snow,1945-09-04T00:00:00.0000000-06:00,0.000000,,,6,,NOAA,2013-03-29T15:47:48.0770000-06:00,in
37,USC00051772,Snow,1945-09-05T00:00:00.0000000-06:00,0.000000,,,6,,NOAA,2013-03-29T15:47:48.0770000-06:00,in
37,USC00051772,Snow,1945-09-06T00:00:00.0000000-06:00,0.000000,,,6,,NOAA,2013-03-29T15:47:48.0770000-06:00,in
37,USC00051772,Snow,1945-09-07T00:00:00.0000000-06:00,0.000000,,,6,,NOAA,2013-03-29T15:47:48.0770000-06:00,in
37,USC00051772,Snow,1945-09-08T00:00:00.0000000-06:00,0.000000,,,6,,NOAA,2013-03-29T15:47:48.0770000-06:00,in
37,USC00051772,Snow,1945-09-09T00:00:00.0000000-06:00,0.000000,,,6,,NOAA,2013-03-29T15:47:48.0770000-06:00,in
37,USC00051772,Snow,1945-09-10T00:00:00.0000000-06:00,0.000000,,,6,,NOAA,2013-03-29T15:47:48.0770000-06:00,in
37,USC00051772,Snow,1945-09-11T00:00:00.0000000-06:00,0.000000,,,6,,NOAA,2013-03-29T15:47:48.0770000-06:00,in
37,USC00051772,Snow,1945-09-12T00:00:00.0000000-06:00,0.000000,,,6,,NOAA,2013-03-29T15:47:48.0770000-06:00,in
37,USC00051772,Snow,1945-09-13T00:00:00.0000000-06:00,0.000000,,,6,,NOAA,2013-03-29T15:47:48.0770000-06:00,in
37,USC00051772,Snow,1945-09-14T00:00:00.0000000-06:00,0.000000,,,6,,NOAA,2013-03-29T15:47:48.0770000-06:00,in
37,USC00051772,Snow,1945-09-15T00:00:00.0000000-06:00,0.000000,,,6,,NOAA,2013-03-29T15:47:48.0770000-06:00,in
37,USC00051772,Snow,1945-09-16T00:00:00.0000000-06:00,0.000000,,,6,,NOAA,2013-03-29T15:47:48.0770000-06:00,in
37,USC00051772,Snow,1945-09-17T00:00:00.0000000-06:00,0.000000,,,6,,NOAA,2013-03-29T15:47:48.0770000-06:00,in
37,USC00051772,Snow,1945-09-18T00:00:00.0000000-06:00,0.000000,,,6,,NOAA,2013-03-29T15:47:48.0770000-06:00,in
37,USC00051772,Snow,1945-09-19T00:00:00.0000000-06:00,0.000000,,,6,,NOAA,2013-03-29T15:47:48.0770000-06:00,in
37,USC00051772,Snow,1945-09-20T00:00:00.0000000-06:00,0.000000,,,6,,NOAA,2013-03-29T15:47:48.0770000-06:00,in
37,USC00051772,Snow,1945-09-21T00:00:00.0000000-06:00,0.000000,,,6,,NOAA,2013-03-29T15:47:48.0770000-06:00,in
37,USC00051772,Snow,1945-09-22T00:00:00.0000000-06:00,0.000000,,,6,,NOAA,2013-03-29T15:47:48.0770000-06:00,in
37,USC00051772,Snow,1945-09-23T00:00:00.0000000-06:00,0.000000,,,6,,NOAA,2013-03-29T15:47:48.0770000-06:00,in
37,USC00051772,Snow,1945-09-24T00:00:00.0000000-06:00,0.000000,,,6,,NOAA,2013-03-29T15:47:48.0770000-06:00,in
37,USC00051772,Snow,1945-09-25T00:00:00.0000000-06:00,0.000000,,,6,,NOAA,2013-03-29T15:47:48.0770000-06:00,in
37,USC00051772,Snow,1945-09-26T00:00:00.0000000-06:00,0.000000,,,6,,NOAA,2013-03-29T15:47:48.0770000-06:00,in
37,USC00051772,Snow,1945-09-27T00:00:00.0000000-06:00,0.000000,,,6,,NOAA,2013-03-29T15:47:48.0770000-06:00,in
37,USC00051772,Snow,1945-09-28T00:00:00.0000000-06:00,0.000000,,,6,,NOAA,2013-03-29T15:47:48.0770000-06:00,in
37,USC00051772,Snow,1945-09-29T00:00:00.0000000-06:00,0.000000,,,6,,NOAA,2013-03-29T15:47:48.0770000-06:00,in
37,USC00051772,Snow,1945-09-30T00:00:00.0000000-06:00,0.000000,,,6,,NOAA,2013-03-29T15:47:48.0770000-06:00,in
37,USC00051772,Snow,1945-10-01T00:00:00.0000000-06:00,0.000000,,,6,,NOAA,2013-03-29T15:47:48.0770000-06:00,in
37,USC00051772,Snow,1945-10-02T00:00:00.0000000-06:00,0.000000,,,6,,NOAA,2013-03-29T15:47:48.0770000-06:00,in
37,USC00051772,Snow,1945-10-03T00:00:00.0000000-06:00,0.000000,,,6,,NOAA,2013-03-29T15:47:48.0770000-06:00,in
37,USC00051772,Snow,1945-10-04T00:00:00.0000000-06:00,0.000000,,,6,,NOAA,2013-03-29T15:47:48.0770000-06:00,in
37,USC00051772,Snow,1945-10-05T00:00:00.0000000-06:00,0.000000,,,6,,NOAA,2013-03-29T15:47:48.0770000-06:00,in
37,USC00051772,Snow,1945-10-06T00:00:00.0000000-06:00,0.000000,,,6,,NOAA,2013-03-29T15:47:48.0770000-06:00,in
37,USC00051772,Snow,1945-10-07T00:00:00.0000000-06:00,0.000000,,,6,,NOAA,2013-03-29T15:47:48.0770000-06:00,in
37,USC00051772,Snow,1945-10-08T00:00:00.0000000-06:00,0.000000,,,6,,NOAA,2013-03-29T15:47:48.0770000-06:00,in
37,USC00051772,Snow,1945-10-09T00:00:00.0000000-06:00,0.000000,,,6,,NOAA,2013-03-29T15:47:48.0770000-06:00,in
37,USC00051772,Snow,1945-10-10T00:00:00.0000000-06:00,0.000000,,,6,,NOAA,2013-03-29T15:47:48.0770000-06:00,in
37,USC00051772,Snow,1945-10-11T00:00:00.0000000-06:00,0.000000,,,6,,NOAA,2013-03-29T15:47:48.0770000-06:00,in
37,USC00051772,Snow,1945-10-12T00:00:00.0000000-06:00,0.000000,,,6,,NOAA,2013-03-29T15:47:48.0770000-06:00,in
37,USC00051772,Snow,1945-10-13T00:00:00.0000000-06:00,0.000000,,,6,,NOAA,2013-03-29T15:47:48.0770000-06:00,in
37,USC00051772,Snow,1945-10-14T00:00:00.0000000-06:00,0.000000,,,6,,NOAA,2013-03-29T15:47:48.0770000-06:00,in
37,USC00051772,Snow,1945-10-15T00:00:00.0000000-06:00,0.000000,,,6,,NOAA,2013-03-29T15:47:48.0770000-06:00,in
37,USC00051772,Snow,1945-10-16T00:00:00.0000000-06:00,0.000000,,,6,,NOAA,2013-03-29T15:47:48.0770000-06:00,in
37,USC00051772,Snow,1945-10-17T00:00:00.0000000-06:00,0.000000,,,6,,NOAA,2013-03-29T15:47:48.0770000-06:00,in
37,USC00051772,Snow,1945-10-18T00:00:00.0000000-06:00,0.000000,,,6,,NOAA,2013-03-29T15:47:48.0770000-06:00,in
37,USC00051772,Snow,1945-10-19T00:00:00.0000000-06:00,0.000000,,,6,,NOAA,2013-03-29T15:47:48.0770000-06:00,in
37,USC00051772,Snow,1945-10-20T00:00:00.0000000-06:00,0.000000,,,6,,NOAA,2013-03-29T15:47:48.0770000-06:00,in
37,USC00051772,Snow,1945-10-21T00:00:00.0000000-06:00,0.000000,,,6,,NOAA,2013-03-29T15:47:48.0770000-06:00,in
37,USC00051772,Snow,1945-10-22T00:00:00.0000000-06:00,0.000000,,,6,,NOAA,2013-03-29T15:47:48.0770000-06:00,in
37,USC00051772,Snow,1945-10-23T00:00:00.0000000-06:00,0.000000,,,6,,NOAA,2013-03-29T15:47:48.0770000-06:00,in
37,USC00051772,Snow,1945-10-24T00:00:00.0000000-06:00,0.000000,,,6,,NOAA,2013-03-29T15:47:48.0770000-06:00,in
37,USC00051772,Snow,1945-10-25T00:00:00.0000000-06:00,0.000000,,,6,,NOAA,2013-03-29T15:47:48.0770000-06:00,in
37,USC00051772,Snow,1945-10-26T00:00:00.0000000-06:00,0.000000,,,6,,NOAA,2013-03-29T15:47:48.0770000-06:00,in
37,USC00051772,Snow,1945-10-27T00:00:00.0000000-06:00,0.000000,,,6,,NOAA,2013-03-29T15:47:48.0770000-06:00,in
37,USC00051772,Snow,1945-10-28T00:00:00.0000000-06:00,0.000000,,,6,,NOAA,2013-03-29T15:47:48.0770000-06:00,in
37,USC00051772,Snow,1945-10-29T00:00:00.0000000-07:00,0.000000,,,6,,NOAA,2013-03-29T15:47:48.0770000-06:00,in
37,USC00051772,Snow,1945-10-30T00:00:00.0000000-07:00,0.000000,,,6,,NOAA,2013-03-29T15:47:48.0770000-06:00,in
37,USC00051772,Snow,1945-10-31T00:00:00.0000000-07:00,0.000000,,,6,,NOAA,2013-03-29T15:47:48.0770000-06:00,in
37,USC00051772,Snow,1945-11-01T00:00:00.0000000-07:00,0.000000,,,6,,NOAA,2013-03-29T15:47:48.0770000-06:00,in
37,USC00051772,Snow,1945-11-02T00:00:00.0000000-07:00,0.000000,,,6,,NOAA,2013-03-29T15:47:48.0770000-06:00,in
37,USC00051772,Snow,1945-11-03T00:00:00.0000000-07:00,0.000000,,,6,,NOAA,2013-03-29T15:47:48.0770000-06:00,in
37,USC00051772,Snow,1945-11-04T00:00:00.0000000-07:00,0.000000,,,6,,NOAA,2013-03-29T15:47:48.0770000-06:00,in
37,USC00051772,Snow,1945-11-05T00:00:00.0000000-07:00,0.000000,,,6,,NOAA,2013-03-29T15:47:48.0770000-06:00,in
37,USC00051772,Snow,1945-11-06T00:00:00.0000000-07:00,0.000000,,,6,,NOAA,2013-03-29T15:47:48.0770000-06:00,in
37,USC00051772,Snow,1945-11-07T00:00:00.0000000-07:00,3.818898,,,6,,NOAA,2013-03-29T15:47:48.0770000-06:00,in
37,USC00051772,Snow,1945-11-08T00:00:00.0000000-07:00,0.000000,T,,6,,NOAA,2013-03-29T15:47:48.0770000-06:00,in
37,USC00051772,Snow,1945-11-09T00:00:00.0000000-07:00,0.000000,,,6,,NOAA,2013-03-29T15:47:48.0770000-06:00,in
37,USC00051772,Snow,1945-11-10T00:00:00.0000000-07:00,0.000000,,,6,,NOAA,2013-03-29T15:47:48.0770000-06:00,in
37,USC00051772,Snow,1945-11-11T00:00:00.0000000-07:00,0.000000,,,6,,NOAA,2013-03-29T15:47:48.0770000-06:00,in
37,USC00051772,Snow,1945-11-12T00:00:00.0000000-07:00,0.000000,T,,6,,NOAA,2013-03-29T15:47:48.0770000-06:00,in
37,USC00051772,Snow,1945-11-13T00:00:00.0000000-07:00,0.000000,,,6,,NOAA,2013-03-29T15:47:48.0770000-06:00,in
37,USC00051772,Snow,1945-11-14T00:00:00.0000000-07:00,0.000000,,,6,,NOAA,2013-03-29T15:47:48.0770000-06:00,in
37,USC00051772,Snow,1945-11-15T00:00:00.0000000-07:00,0.000000,,,6,,NOAA,2013-03-29T15:47:48.0770000-06:00,in
37,USC00051772,Snow,1945-11-16T00:00:00.0000000-07:00,0.000000,,,6,,NOAA,2013-03-29T15:47:48.0770000-06:00,in
37,USC00051772,Snow,1945-11-17T00:00:00.0000000-07:00,0.000000,,,6,,NOAA,2013-03-29T15:47:48.0770000-06:00,in
37,USC00051772,Snow,1945-11-18T00:00:00.0000000-07:00,0.000000,,,6,,NOAA,2013-03-29T15:47:48.0770000-06:00,in
37,USC00051772,Snow,1945-11-19T00:00:00.0000000-07:00,0.000000,,,6,,NOAA,2013-03-29T15:47:48.0770000-06:00,in
37,USC00051772,Snow,1945-11-20T00:00:00.0000000-07:00,0.000000,,,6,,NOAA,2013-03-29T15:47:48.0770000-06:00,in
37,USC00051772,Snow,1945-11-21T00:00:00.0000000-07:00,0.000000,,,6,,NOAA,2013-03-29T15:47:48.0770000-06:00,in
37,USC00051772,Snow,1945-11-22T00:00:00.0000000-07:00,0.000000,,,6,,NOAA,2013-03-29T15:47:48.0770000-06:00,in
37,USC00051772,Snow,1945-11-23T00:00:00.0000000-07:00,0.000000,,,6,,NOAA,2013-03-29T15:47:48.0770000-06:00,in
37,USC00051772,Snow,1945-11-24T00:00:00.0000000-07:00,0.000000,,,6,,NOAA,2013-03-29T15:47:48.0770000-06:00,in
37,USC00051772,Snow,1945-11-25T00:00:00.0000000-07:00,0.000000,,,6,,NOAA,2013-03-29T15:47:48.0770000-06:00,in
37,USC00051772,Snow,1945-11-26T00:00:00.0000000-07:00,0.000000,,,6,,NOAA,2013-03-29T15:47:48.0770000-06:00,in
37,USC00051772,Snow,1945-11-27T00:00:00.0000000-07:00,0.000000,,,6,,NOAA,2013-03-29T15:47:48.0770000-06:00,in
37,USC00051772,Snow,1945-11-28T00:00:00.0000000-07:00,0.000000,,,6,,NOAA,2013-03-29T15:47:48.0770000-06:00,in
37,USC00051772,Snow,1945-11-29T00:00:00.0000000-07:00,0.000000,,,6,,NOAA,2013-03-29T15:47:48.0770000-06:00,in
37,USC00051772,Snow,1945-11-30T00:00:00.0000000-07:00,0.000000,,,6,,NOAA,2013-03-29T15:47:48.0770000-06:00,in
37,USC00051772,Snow,1945-12-01T00:00:00.0000000-07:00,0.000000,,,6,,NOAA,2013-03-29T15:47:48.0770000-06:00,in
37,USC00051772,Snow,1945-12-02T00:00:00.0000000-07:00,0.000000,,,6,,NOAA,2013-03-29T15:47:48.0770000-06:00,in
37,USC00051772,Snow,1945-12-03T00:00:00.0000000-07:00,0.000000,,,6,,NOAA,2013-03-29T15:47:48.0770000-06:00,in
37,USC00051772,Snow,1945-12-04T00:00:00.0000000-07:00,0.000000,,,6,,NOAA,2013-03-29T15:47:48.0770000-06:00,in
37,USC00051772,Snow,1945-12-05T00:00:00.0000000-07:00,0.000000,,,6,,NOAA,2013-03-29T15:47:48.0770000-06:00,in
37,USC00051772,Snow,1945-12-06T00:00:00.0000000-07:00,0.000000,,,6,,NOAA,2013-03-29T15:47:48.0770000-06:00,in
37,USC00051772,Snow,1945-12-07T00:00:00.0000000-07:00,0.000000,,,6,,NOAA,2013-03-29T15:47:48.0770000-06:00,in
37,USC00051772,Snow,1945-12-08T00:00:00.0000000-07:00,0.000000,,,6,,NOAA,2013-03-29T15:47:48.0770000-06:00,in
37,USC00051772,Snow,1945-12-09T00:00:00.0000000-07:00,2.007874,,,6,,NOAA,2013-03-29T15:47:48.0770000-06:00,in
37,USC00051772,Snow,1945-12-10T00:00:00.0000000-07:00,0.000000,,,6,,NOAA,2013-03-29T15:47:48.0770000-06:00,in
37,USC00051772,Snow,1945-12-11T00:00:00.0000000-07:00,0.000000,,,6,,NOAA,2013-03-29T15:47:48.0770000-06:00,in
37,USC00051772,Snow,1945-12-12T00:00:00.0000000-07:00,2.007874,,,6,,NOAA,2013-03-29T15:47:48.0770000-06:00,in
37,USC00051772,Snow,1945-12-13T00:00:00.0000000-07:00,0.000000,,,6,,NOAA,2013-03-29T15:47:48.0770000-06:00,in
37,USC00051772,Snow,1945-12-14T00:00:00.0000000-07:00,0.000000,,,6,,NOAA,2013-03-29T15:47:48.0770000-06:00,in
37,USC00051772,Snow,1945-12-15T00:00:00.0000000-07:00,0.000000,,,6,,NOAA,2013-03-29T15:47:48.0770000-06:00,in
37,USC00051772,Snow,1945-12-16T00:00:00.0000000-07:00,0.000000,,,6,,NOAA,2013-03-29T15:47:48.0770000-06:00,in
37,USC00051772,Snow,1945-12-17T00:00:00.0000000-07:00,0.000000,,,6,,NOAA,2013-03-29T15:47:48.0770000-06:00,in
37,USC00051772,Snow,1945-12-18T00:00:00.0000000-07:00,0.000000,,,6,,NOAA,2013-03-29T15:47:48.0770000-06:00,in
37,USC00051772,Snow,1945-12-19T00:00:00.0000000-07:00,0.000000,,,6,,NOAA,2013-03-29T15:47:48.0770000-06:00,in
37,USC00051772,Snow,1945-12-20T00:00:00.0000000-07:00,0.000000,,,6,,NOAA,2013-03-29T15:47:48.0770000-06:00,in
37,USC00051772,Snow,1945-12-21T00:00:00.0000000-07:00,0.000000,,,6,,NOAA,2013-03-29T15:47:48.0770000-06:00,in
37,USC00051772,Snow,1945-12-22T00:00:00.0000000-07:00,0.000000,,,6,,NOAA,2013-03-29T15:47:48.0770000-06:00,in
37,USC00051772,Snow,1945-12-23T00:00:00.0000000-07:00,0.000000,,,6,,NOAA,2013-03-29T15:47:48.0770000-06:00,in
37,USC00051772,Snow,1945-12-24T00:00:00.0000000-07:00,0.000000,,,6,,NOAA,2013-03-29T15:47:48.0770000-06:00,in
37,USC00051772,Snow,1945-12-25T00:00:00.0000000-07:00,0.196850,,,6,,NOAA,2013-03-29T15:47:48.0770000-06:00,in
37,USC00051772,Snow,1945-12-26T00:00:00.0000000-07:00,3.503937,,,6,,NOAA,2013-03-29T15:47:48.0770000-06:00,in
37,USC00051772,Snow,1945-12-27T00:00:00.0000000-07:00,0.000000,,,6,,NOAA,2013-03-29T15:47:48.0770000-06:00,in
37,USC00051772,Snow,1945-12-28T00:00:00.0000000-07:00,0.000000,,,6,,NOAA,2013-03-29T15:47:48.0770000-06:00,in
37,USC00051772,Snow,1945-12-29T00:00:00.0000000-07:00,0.000000,,,6,,NOAA,2013-03-29T15:47:48.0770000-06:00,in
37,USC00051772,Snow,1945-12-30T00:00:00.0000000-07:00,0.000000,,,6,,NOAA,2013-03-29T15:47:48.0770000-06:00,in
37,USC00051772,Snow,1945-12-31T00:00:00.0000000-07:00,0.000000,,,6,,NOAA,2013-03-29T15:47:48.0770000-06:00,in
37,USC00051772,Snow,1946-01-01T00:00:00.0000000-07:00,0.000000,,,6,,NOAA,2013-03-29T15:47:48.0770000-06:00,in
37,USC00051772,Snow,1946-01-02T00:00:00.0000000-07:00,0.000000,,,6,,NOAA,2013-03-29T15:47:48.0770000-06:00,in
37,USC00051772,Snow,1946-01-03T00:00:00.0000000-07:00,0.000000,,,6,,NOAA,2013-03-29T15:47:48.0770000-06:00,in
37,USC00051772,Snow,1946-01-04T00:00:00.0000000-07:00,0.000000,T,,6,,NOAA,2013-03-29T15:47:48.0770000-06:00,in
37,USC00051772,Snow,1946-01-05T00:00:00.0000000-07:00,2.007874,,,6,,NOAA,2013-03-29T15:47:48.0770000-06:00,in
37,USC00051772,Snow,1946-01-06T00:00:00.0000000-07:00,0.000000,,,6,,NOAA,2013-03-29T15:47:48.0770000-06:00,in
37,USC00051772,Snow,1946-01-07T00:00:00.0000000-07:00,0.000000,,,6,,NOAA,2013-03-29T15:47:48.0770000-06:00,in
37,USC00051772,Snow,1946-01-08T00:00:00.0000000-07:00,0.000000,,,6,,NOAA,2013-03-29T15:47:48.0770000-06:00,in
37,USC00051772,Snow,1946-01-09T00:00:00.0000000-07:00,0.000000,,,6,,NOAA,2013-03-29T15:47:48.0770000-06:00,in
37,USC00051772,Snow,1946-01-10T00:00:00.0000000-07:00,0.000000,,,6,,NOAA,2013-03-29T15:47:48.0770000-06:00,in
37,USC00051772,Snow,1946-01-11T00:00:00.0000000-07:00,2.007874,,,6,,NOAA,2013-03-29T15:47:48.0770000-06:00,in
37,USC00051772,Snow,1946-01-12T00:00:00.0000000-07:00,0.000000,,,6,,NOAA,2013-03-29T15:47:48.0770000-06:00,in
37,USC00051772,Snow,1946-01-13T00:00:00.0000000-07:00,0.000000,,,6,,NOAA,2013-03-29T15:47:48.0770000-06:00,in
37,USC00051772,Snow,1946-01-14T00:00:00.0000000-07:00,0.000000,,,6,,NOAA,2013-03-29T15:47:48.0770000-06:00,in
37,USC00051772,Snow,1946-01-15T00:00:00.0000000-07:00,0.000000,,,6,,NOAA,2013-03-29T15:47:48.0770000-06:00,in
37,USC00051772,Snow,1946-01-16T00:00:00.0000000-07:00,0.000000,,,6,,NOAA,2013-03-29T15:47:48.0770000-06:00,in
37,USC00051772,Snow,1946-01-17T00:00:00.0000000-07:00,0.000000,,,6,,NOAA,2013-03-29T15:47:48.0770000-06:00,in
37,USC00051772,Snow,1946-01-18T00:00:00.0000000-07:00,0.000000,,,6,,NOAA,2013-03-29T15:47:48.0770000-06:00,in
37,USC00051772,Snow,1946-01-19T00:00:00.0000000-07:00,0.000000,,,6,,NOAA,2013-03-29T15:47:48.0770000-06:00,in
37,USC00051772,Snow,1946-01-20T00:00:00.0000000-07:00,0.000000,,,6,,NOAA,2013-03-29T15:47:48.0770000-06:00,in
37,USC00051772,Snow,1946-01-21T00:00:00.0000000-07:00,0.000000,,,6,,NOAA,2013-03-29T15:47:48.0770000-06:00,in
37,USC00051772,Snow,1946-01-22T00:00:00.0000000-07:00,0.000000,,,6,,NOAA,2013-03-29T15:47:48.0770000-06:00,in
37,USC00051772,Snow,1946-01-23T00:00:00.0000000-07:00,0.000000,,,6,,NOAA,2013-03-29T15:47:48.0770000-06:00,in
37,USC00051772,Snow,1946-01-24T00:00:00.0000000-07:00,0.000000,,,6,,NOAA,2013-03-29T15:47:48.0770000-06:00,in
37,USC00051772,Snow,1946-01-25T00:00:00.0000000-07:00,0.000000,,,6,,NOAA,2013-03-29T15:47:48.0770000-06:00,in
37,USC00051772,Snow,1946-01-26T00:00:00.0000000-07:00,0.000000,,,6,,NOAA,2013-03-29T15:47:48.0770000-06:00,in
37,USC00051772,Snow,1946-01-27T00:00:00.0000000-07:00,0.000000,,,6,,NOAA,2013-03-29T15:47:48.0770000-06:00,in
37,USC00051772,Snow,1946-01-28T00:00:00.0000000-07:00,0.000000,,,6,,NOAA,2013-03-29T15:47:48.0770000-06:00,in
37,USC00051772,Snow,1946-01-29T00:00:00.0000000-07:00,0.000000,,,6,,NOAA,2013-03-29T15:47:48.0770000-06:00,in
37,USC00051772,Snow,1946-01-30T00:00:00.0000000-07:00,0.000000,,,6,,NOAA,2013-03-29T15:47:48.0770000-06:00,in
37,USC00051772,Snow,1946-01-31T00:00:00.0000000-07:00,0.000000,,,6,,NOAA,2013-03-29T15:47:48.0770000-06:00,in
37,USC00051772,Snow,1946-02-01T00:00:00.0000000-07:00,0.000000,,,6,,NOAA,2013-03-29T15:47:48.0770000-06:00,in
37,USC00051772,Snow,1946-02-02T00:00:00.0000000-07:00,0.000000,,,6,,NOAA,2013-03-29T15:47:48.0770000-06:00,in
37,USC00051772,Snow,1946-02-03T00:00:00.0000000-07:00,0.000000,,,6,,NOAA,2013-03-29T15:47:48.0770000-06:00,in
37,USC00051772,Snow,1946-02-04T00:00:00.0000000-07:00,1.496063,,,6,,NOAA,2013-03-29T15:47:48.0770000-06:00,in
37,USC00051772,Snow,1946-02-05T00:00:00.0000000-07:00,0.984252,,,6,,NOAA,2013-03-29T15:47:48.0770000-06:00,in
37,USC00051772,Snow,1946-02-06T00:00:00.0000000-07:00,0.000000,,,6,,NOAA,2013-03-29T15:47:48.0770000-06:00,in
37,USC00051772,Snow,1946-02-07T00:00:00.0000000-07:00,0.000000,,,6,,NOAA,2013-03-29T15:47:48.0770000-06:00,in
37,USC00051772,Snow,1946-02-08T00:00:00.0000000-07:00,1.299213,,,6,,NOAA,2013-03-29T15:47:48.0770000-06:00,in
37,USC00051772,Snow,1946-02-09T00:00:00.0000000-07:00,0.000000,,,6,,NOAA,2013-03-29T15:47:48.0770000-06:00,in
37,USC00051772,Snow,1946-02-10T00:00:00.0000000-07:00,0.000000,,,6,,NOAA,2013-03-29T15:47:48.0770000-06:00,in
37,USC00051772,Snow,1946-02-11T00:00:00.0000000-07:00,0.000000,,,6,,NOAA,2013-03-29T15:47:48.0770000-06:00,in
37,USC00051772,Snow,1946-02-12T00:00:00.0000000-07:00,2.204725,,,6,,NOAA,2013-03-29T15:47:48.0770000-06:00,in
37,USC00051772,Snow,1946-02-13T00:00:00.0000000-07:00,0.000000,,,6,,NOAA,2013-03-29T15:47:48.0770000-06:00,in
37,USC00051772,Snow,1946-02-14T00:00:00.0000000-07:00,0.000000,,,6,,NOAA,2013-03-29T15:47:48.0770000-06:00,in
37,USC00051772,Snow,1946-02-15T00:00:00.0000000-07:00,0.000000,,,6,,NOAA,2013-03-29T15:47:48.0770000-06:00,in
37,USC00051772,Snow,1946-02-16T00:00:00.0000000-07:00,0.000000,,,6,,NOAA,2013-03-29T15:47:48.0770000-06:00,in
37,USC00051772,Snow,1946-02-17T00:00:00.0000000-07:00,0.000000,,,6,,NOAA,2013-03-29T15:47:48.0770000-06:00,in
37,USC00051772,Snow,1946-02-18T00:00:00.0000000-07:00,0.000000,,,6,,NOAA,2013-03-29T15:47:48.0770000-06:00,in
37,USC00051772,Snow,1946-02-19T00:00:00.0000000-07:00,0.000000,,,6,,NOAA,2013-03-29T15:47:48.0770000-06:00,in
37,USC00051772,Snow,1946-02-20T00:00:00.0000000-07:00,0.000000,,,6,,NOAA,2013-03-29T15:47:48.0770000-06:00,in
37,USC00051772,Snow,1946-02-21T00:00:00.0000000-07:00,0.000000,,,6,,NOAA,2013-03-29T15:47:48.0770000-06:00,in
37,USC00051772,Snow,1946-02-22T00:00:00.0000000-07:00,0.000000,,,6,,NOAA,2013-03-29T15:47:48.0770000-06:00,in
37,USC00051772,Snow,1946-02-23T00:00:00.0000000-07:00,0.000000,,,6,,NOAA,2013-03-29T15:47:48.0770000-06:00,in
37,USC00051772,Snow,1946-02-24T00:00:00.0000000-07:00,0.000000,,,6,,NOAA,2013-03-29T15:47:48.0770000-06:00,in
37,USC00051772,Snow,1946-02-25T00:00:00.0000000-07:00,0.000000,,,6,,NOAA,2013-03-29T15:47:48.0770000-06:00,in
37,USC00051772,Snow,1946-02-26T00:00:00.0000000-07:00,0.000000,,,6,,NOAA,2013-03-29T15:47:48.0770000-06:00,in
37,USC00051772,Snow,1946-02-27T00:00:00.0000000-07:00,0.000000,,,6,,NOAA,2013-03-29T15:47:48.0770000-06:00,in
37,USC00051772,Snow,1946-02-28T00:00:00.0000000-07:00,0.000000,,,6,,NOAA,2013-03-29T15:47:48.0770000-06:00,in
37,USC00051772,Snow,1946-03-01T00:00:00.0000000-07:00,0.000000,,,6,,NOAA,2013-03-29T15:47:48.0770000-06:00,in
37,USC00051772,Snow,1946-03-02T00:00:00.0000000-07:00,0.000000,,,6,,NOAA,2013-03-29T15:47:48.0770000-06:00,in
37,USC00051772,Snow,1946-03-03T00:00:00.0000000-07:00,0.000000,,,6,,NOAA,2013-03-29T15:47:48.0770000-06:00,in
37,USC00051772,Snow,1946-03-04T00:00:00.0000000-07:00,2.519685,,,6,,NOAA,2013-03-29T15:47:48.0770000-06:00,in
37,USC00051772,Snow,1946-03-05T00:00:00.0000000-07:00,0.000000,,,6,,NOAA,2013-03-29T15:47:48.0770000-06:00,in
37,USC00051772,Snow,1946-03-06T00:00:00.0000000-07:00,0.000000,,,6,,NOAA,2013-03-29T15:47:48.0770000-06:00,in
37,USC00051772,Snow,1946-03-07T00:00:00.0000000-07:00,0.000000,T,,6,,NOAA,2013-03-29T15:47:48.0770000-06:00,in
37,USC00051772,Snow,1946-03-08T00:00:00.0000000-07:00,0.000000,,,6,,NOAA,2013-03-29T15:47:48.0770000-06:00,in
37,USC00051772,Snow,1946-03-09T00:00:00.0000000-07:00,0.000000,,,6,,NOAA,2013-03-29T15:47:48.0770000-06:00,in
37,USC00051772,Snow,1946-03-10T00:00:00.0000000-07:00,0.000000,,,6,,NOAA,2013-03-29T15:47:48.0770000-06:00,in
37,USC00051772,Snow,1946-03-11T00:00:00.0000000-07:00,0.000000,,,6,,NOAA,2013-03-29T15:47:48.0770000-06:00,in
37,USC00051772,Snow,1946-03-12T00:00:00.0000000-07:00,0.000000,,,6,,NOAA,2013-03-29T15:47:48.0770000-06:00,in
37,USC00051772,Snow,1946-03-13T00:00:00.0000000-07:00,0.000000,,,6,,NOAA,2013-03-29T15:47:48.0770000-06:00,in
37,USC00051772,Snow,1946-03-14T00:00:00.0000000-07:00,0.000000,,,6,,NOAA,2013-03-29T15:47:48.0770000-06:00,in
37,USC00051772,Snow,1946-03-15T00:00:00.0000000-07:00,0.000000,,,6,,NOAA,2013-03-29T15:47:48.0770000-06:00,in
37,USC00051772,Snow,1946-03-16T00:00:00.0000000-07:00,0.000000,,,6,,NOAA,2013-03-29T15:47:48.0770000-06:00,in
37,USC00051772,Snow,1946-03-17T00:00:00.0000000-07:00,0.000000,,,6,,NOAA,2013-03-29T15:47:48.0770000-06:00,in
37,USC00051772,Snow,1946-03-18T00:00:00.0000000-07:00,0.000000,,,6,,NOAA,2013-03-29T15:47:48.0770000-06:00,in
37,USC00051772,Snow,1946-03-19T00:00:00.0000000-07:00,0.000000,T,,6,,NOAA,2013-03-29T15:47:48.0770000-06:00,in
37,USC00051772,Snow,1946-03-20T00:00:00.0000000-07:00,0.000000,T,,6,,NOAA,2013-03-29T15:47:48.0770000-06:00,in
37,USC00051772,Snow,1946-03-21T00:00:00.0000000-07:00,0.000000,T,,6,,NOAA,2013-03-29T15:47:48.0770000-06:00,in
37,USC00051772,Snow,1946-03-22T00:00:00.0000000-07:00,0.000000,,,6,,NOAA,2013-03-29T15:47:48.0770000-06:00,in
37,USC00051772,Snow,1946-03-23T00:00:00.0000000-07:00,0.000000,,,6,,NOAA,2013-03-29T15:47:48.0770000-06:00,in
37,USC00051772,Snow,1946-03-24T00:00:00.0000000-07:00,0.000000,T,,6,,NOAA,2013-03-29T15:47:48.0770000-06:00,in
37,USC00051772,Snow,1946-03-25T00:00:00.0000000-07:00,0.000000,,,6,,NOAA,2013-03-29T15:47:48.0770000-06:00,in
37,USC00051772,Snow,1946-03-26T00:00:00.0000000-07:00,0.000000,,,6,,NOAA,2013-03-29T15:47:48.0770000-06:00,in
37,USC00051772,Snow,1946-03-27T00:00:00.0000000-07:00,0.000000,,,6,,NOAA,2013-03-29T15:47:48.0770000-06:00,in
37,USC00051772,Snow,1946-03-28T00:00:00.0000000-07:00,0.000000,,,6,,NOAA,2013-03-29T15:47:48.0770000-06:00,in
37,USC00051772,Snow,1946-03-29T00:00:00.0000000-07:00,0.000000,T,,6,,NOAA,2013-03-29T15:47:48.0770000-06:00,in
37,USC00051772,Snow,1946-03-30T00:00:00.0000000-07:00,0.000000,,,6,,NOAA,2013-03-29T15:47:48.0770000-06:00,in
37,USC00051772,Snow,1946-03-31T00:00:00.0000000-07:00,0.000000,,,6,,NOAA,2013-03-29T15:47:48.0770000-06:00,in
37,USC00051772,Snow,1946-04-01T00:00:00.0000000-07:00,0.000000,T,,6,,NOAA,2013-03-29T15:47:48.0770000-06:00,in
37,USC00051772,Snow,1946-04-02T00:00:00.0000000-07:00,4.015748,,,6,,NOAA,2013-03-29T15:47:48.0770000-06:00,in
37,USC00051772,Snow,1946-04-03T00:00:00.0000000-07:00,0.000000,T,,6,,NOAA,2013-03-29T15:47:48.0770000-06:00,in
37,USC00051772,Snow,1946-04-04T00:00:00.0000000-07:00,0.000000,,,6,,NOAA,2013-03-29T15:47:48.0770000-06:00,in
37,USC00051772,Snow,1946-04-05T00:00:00.0000000-07:00,0.000000,,,6,,NOAA,2013-03-29T15:47:48.0770000-06:00,in
37,USC00051772,Snow,1946-04-06T00:00:00.0000000-07:00,0.000000,,,6,,NOAA,2013-03-29T15:47:48.0770000-06:00,in
37,USC00051772,Snow,1946-04-07T00:00:00.0000000-07:00,0.000000,,,6,,NOAA,2013-03-29T15:47:48.0770000-06:00,in
37,USC00051772,Snow,1946-04-08T00:00:00.0000000-06:00,0.000000,,,6,,NOAA,2013-03-29T15:47:48.0770000-06:00,in
37,USC00051772,Snow,1946-04-09T00:00:00.0000000-06:00,0.000000,,,6,,NOAA,2013-03-29T15:47:48.0770000-06:00,in
37,USC00051772,Snow,1946-04-10T00:00:00.0000000-06:00,0.000000,,,6,,NOAA,2013-03-29T15:47:48.0770000-06:00,in
37,USC00051772,Snow,1946-04-11T00:00:00.0000000-06:00,0.000000,,,6,,NOAA,2013-03-29T15:47:48.0770000-06:00,in
37,USC00051772,Snow,1946-04-12T00:00:00.0000000-06:00,0.000000,,,6,,NOAA,2013-03-29T15:47:48.0770000-06:00,in
37,USC00051772,Snow,1946-04-13T00:00:00.0000000-06:00,0.000000,,,6,,NOAA,2013-03-29T15:47:48.0770000-06:00,in
37,USC00051772,Snow,1946-04-14T00:00:00.0000000-06:00,0.000000,,,6,,NOAA,2013-03-29T15:47:48.0770000-06:00,in
37,USC00051772,Snow,1946-04-15T00:00:00.0000000-06:00,0.000000,,,6,,NOAA,2013-03-29T15:47:48.0770000-06:00,in
37,USC00051772,Snow,1946-04-16T00:00:00.0000000-06:00,0.000000,,,6,,NOAA,2013-03-29T15:47:48.0770000-06:00,in
37,USC00051772,Snow,1946-04-17T00:00:00.0000000-06:00,0.000000,,,6,,NOAA,2013-03-29T15:47:48.0770000-06:00,in
37,USC00051772,Snow,1946-04-18T00:00:00.0000000-06:00,0.000000,,,6,,NOAA,2013-03-29T15:47:48.0770000-06:00,in
37,USC00051772,Snow,1946-04-19T00:00:00.0000000-06:00,0.000000,,,6,,NOAA,2013-03-29T15:47:48.0770000-06:00,in
37,USC00051772,Snow,1946-04-20T00:00:00.0000000-06:00,0.000000,,,6,,NOAA,2013-03-29T15:47:48.0770000-06:00,in
37,USC00051772,Snow,1946-04-21T00:00:00.0000000-06:00,0.000000,,,6,,NOAA,2013-03-29T15:47:48.0770000-06:00,in
37,USC00051772,Snow,1946-04-22T00:00:00.0000000-06:00,0.000000,,,6,,NOAA,2013-03-29T15:47:48.0770000-06:00,in
37,USC00051772,Snow,1946-04-23T00:00:00.0000000-06:00,0.000000,,,6,,NOAA,2013-03-29T15:47:48.0770000-06:00,in
37,USC00051772,Snow,1946-04-24T00:00:00.0000000-06:00,0.000000,,,6,,NOAA,2013-03-29T15:47:48.0770000-06:00,in
37,USC00051772,Snow,1946-04-25T00:00:00.0000000-06:00,0.000000,,,6,,NOAA,2013-03-29T15:47:48.0770000-06:00,in
37,USC00051772,Snow,1946-04-26T00:00:00.0000000-06:00,0.000000,,,6,,NOAA,2013-03-29T15:47:48.0770000-06:00,in
37,USC00051772,Snow,1946-04-27T00:00:00.0000000-06:00,0.000000,,,6,,NOAA,2013-03-29T15:47:48.0770000-06:00,in
37,USC00051772,Snow,1946-04-28T00:00:00.0000000-06:00,0.000000,,,6,,NOAA,2013-03-29T15:47:48.0770000-06:00,in
37,USC00051772,Snow,1946-04-29T00:00:00.0000000-06:00,0.000000,,,6,,NOAA,2013-03-29T15:47:48.0770000-06:00,in
37,USC00051772,Snow,1946-04-30T00:00:00.0000000-06:00,0.000000,,,6,,NOAA,2013-03-29T15:47:48.0770000-06:00,in
37,USC00051772,Snow,1946-05-01T00:00:00.0000000-06:00,0.000000,,,6,,NOAA,2013-03-29T15:47:48.0770000-06:00,in
37,USC00051772,Snow,1946-05-02T00:00:00.0000000-06:00,0.000000,,,6,,NOAA,2013-03-29T15:47:48.0770000-06:00,in
37,USC00051772,Snow,1946-05-03T00:00:00.0000000-06:00,0.000000,,,6,,NOAA,2013-03-29T15:47:48.0770000-06:00,in
37,USC00051772,Snow,1946-05-04T00:00:00.0000000-06:00,0.000000,,,6,,NOAA,2013-03-29T15:47:48.0770000-06:00,in
37,USC00051772,Snow,1946-05-05T00:00:00.0000000-06:00,0.000000,,,6,,NOAA,2013-03-29T15:47:48.0770000-06:00,in
37,USC00051772,Snow,1946-05-06T00:00:00.0000000-06:00,0.000000,,,6,,NOAA,2013-03-29T15:47:48.0770000-06:00,in
37,USC00051772,Snow,1946-05-07T00:00:00.0000000-06:00,0.000000,,,6,,NOAA,2013-03-29T15:47:48.0770000-06:00,in
37,USC00051772,Snow,1946-05-08T00:00:00.0000000-06:00,0.000000,,,6,,NOAA,2013-03-29T15:47:48.0770000-06:00,in
37,USC00051772,Snow,1946-05-09T00:00:00.0000000-06:00,0.000000,,,6,,NOAA,2013-03-29T15:47:48.0770000-06:00,in
37,USC00051772,Snow,1946-05-10T00:00:00.0000000-06:00,0.000000,,,6,,NOAA,2013-03-29T15:47:48.0770000-06:00,in
37,USC00051772,Snow,1946-05-11T00:00:00.0000000-06:00,0.000000,,,6,,NOAA,2013-03-29T15:47:48.0770000-06:00,in
37,USC00051772,Snow,1946-05-12T00:00:00.0000000-06:00,0.000000,,,6,,NOAA,2013-03-29T15:47:48.0770000-06:00,in
37,USC00051772,Snow,1946-05-13T00:00:00.0000000-06:00,0.000000,,,6,,NOAA,2013-03-29T15:47:48.0770000-06:00,in
37,USC00051772,Snow,1946-05-14T00:00:00.0000000-06:00,0.000000,,,6,,NOAA,2013-03-29T15:47:48.0770000-06:00,in
37,USC00051772,Snow,1946-05-15T00:00:00.0000000-06:00,0.000000,,,6,,NOAA,2013-03-29T15:47:48.0770000-06:00,in
37,USC00051772,Snow,1946-05-16T00:00:00.0000000-06:00,0.000000,,,6,,NOAA,2013-03-29T15:47:48.0770000-06:00,in
37,USC00051772,Snow,1946-05-17T00:00:00.0000000-06:00,0.000000,,,6,,NOAA,2013-03-29T15:47:48.0770000-06:00,in
37,USC00051772,Snow,1946-05-18T00:00:00.0000000-06:00,0.000000,,,6,,NOAA,2013-03-29T15:47:48.0770000-06:00,in
37,USC00051772,Snow,1946-05-19T00:00:00.0000000-06:00,0.000000,,,6,,NOAA,2013-03-29T15:47:48.0770000-06:00,in
37,USC00051772,Snow,1946-05-20T00:00:00.0000000-06:00,0.000000,,,6,,NOAA,2013-03-29T15:47:48.0770000-06:00,in
37,USC00051772,Snow,1946-05-21T00:00:00.0000000-06:00,0.000000,,,6,,NOAA,2013-03-29T15:47:48.0770000-06:00,in
37,USC00051772,Snow,1946-05-22T00:00:00.0000000-06:00,0.000000,,,6,,NOAA,2013-03-29T15:47:48.0770000-06:00,in
37,USC00051772,Snow,1946-05-23T00:00:00.0000000-06:00,0.000000,,,6,,NOAA,2013-03-29T15:47:48.0770000-06:00,in
37,USC00051772,Snow,1946-05-24T00:00:00.0000000-06:00,0.000000,,,6,,NOAA,2013-03-29T15:47:48.0770000-06:00,in
37,USC00051772,Snow,1946-05-25T00:00:00.0000000-06:00,0.000000,,,6,,NOAA,2013-03-29T15:47:48.0770000-06:00,in
37,USC00051772,Snow,1946-05-26T00:00:00.0000000-06:00,0.000000,,,6,,NOAA,2013-03-29T15:47:48.0770000-06:00,in
37,USC00051772,Snow,1946-05-27T00:00:00.0000000-06:00,0.000000,,,6,,NOAA,2013-03-29T15:47:48.0770000-06:00,in
37,USC00051772,Snow,1946-05-28T00:00:00.0000000-06:00,0.000000,,,6,,NOAA,2013-03-29T15:47:48.0770000-06:00,in
37,USC00051772,Snow,1946-05-29T00:00:00.0000000-06:00,0.000000,,,6,,NOAA,2013-03-29T15:47:48.0770000-06:00,in
37,USC00051772,Snow,1946-05-30T00:00:00.0000000-06:00,0.000000,,,6,,NOAA,2013-03-29T15:47:48.0770000-06:00,in
37,USC00051772,Snow,1946-05-31T00:00:00.0000000-06:00,0.000000,,,6,,NOAA,2013-03-29T15:47:48.0770000-06:00,in
37,USC00051772,Snow,1946-06-01T00:00:00.0000000-06:00,0.000000,,,6,,NOAA,2013-03-29T15:47:48.0770000-06:00,in
37,USC00051772,Snow,1946-06-02T00:00:00.0000000-06:00,0.000000,,,6,,NOAA,2013-03-29T15:47:48.0770000-06:00,in
37,USC00051772,Snow,1946-06-03T00:00:00.0000000-06:00,0.000000,,,6,,NOAA,2013-03-29T15:47:48.0770000-06:00,in
37,USC00051772,Snow,1946-06-04T00:00:00.0000000-06:00,0.000000,,,6,,NOAA,2013-03-29T15:47:48.0770000-06:00,in
37,USC00051772,Snow,1946-06-05T00:00:00.0000000-06:00,0.000000,,,6,,NOAA,2013-03-29T15:47:48.0770000-06:00,in
37,USC00051772,Snow,1946-06-06T00:00:00.0000000-06:00,0.000000,,,6,,NOAA,2013-03-29T15:47:48.0770000-06:00,in
37,USC00051772,Snow,1946-06-07T00:00:00.0000000-06:00,0.000000,,,6,,NOAA,2013-03-29T15:47:48.0770000-06:00,in
37,USC00051772,Snow,1946-06-08T00:00:00.0000000-06:00,0.000000,,,6,,NOAA,2013-03-29T15:47:48.0770000-06:00,in
37,USC00051772,Snow,1946-06-09T00:00:00.0000000-06:00,0.000000,,,6,,NOAA,2013-03-29T15:47:48.0770000-06:00,in
37,USC00051772,Snow,1946-06-10T00:00:00.0000000-06:00,0.000000,,,6,,NOAA,2013-03-29T15:47:48.0770000-06:00,in
37,USC00051772,Snow,1946-06-11T00:00:00.0000000-06:00,0.000000,,,6,,NOAA,2013-03-29T15:47:48.0770000-06:00,in
37,USC00051772,Snow,1946-06-12T00:00:00.0000000-06:00,0.000000,,,6,,NOAA,2013-03-29T15:47:48.0770000-06:00,in
37,USC00051772,Snow,1946-06-13T00:00:00.0000000-06:00,0.000000,,,6,,NOAA,2013-03-29T15:47:48.0770000-06:00,in
37,USC00051772,Snow,1946-06-14T00:00:00.0000000-06:00,0.000000,,,6,,NOAA,2013-03-29T15:47:48.0770000-06:00,in
37,USC00051772,Snow,1946-06-15T00:00:00.0000000-06:00,0.000000,,,6,,NOAA,2013-03-29T15:47:48.0770000-06:00,in
37,USC00051772,Snow,1946-06-16T00:00:00.0000000-06:00,0.000000,,,6,,NOAA,2013-03-29T15:47:48.0770000-06:00,in
37,USC00051772,Snow,1946-06-17T00:00:00.0000000-06:00,0.000000,,,6,,NOAA,2013-03-29T15:47:48.0770000-06:00,in
37,USC00051772,Snow,1946-06-18T00:00:00.0000000-06:00,0.000000,,,6,,NOAA,2013-03-29T15:47:48.0770000-06:00,in
37,USC00051772,Snow,1946-06-19T00:00:00.0000000-06:00,0.000000,,,6,,NOAA,2013-03-29T15:47:48.0770000-06:00,in
37,USC00051772,Snow,1946-06-20T00:00:00.0000000-06:00,0.000000,,,6,,NOAA,2013-03-29T15:47:48.0770000-06:00,in
37,USC00051772,Snow,1946-06-21T00:00:00.0000000-06:00,0.000000,,,6,,NOAA,2013-03-29T15:47:48.0770000-06:00,in
37,USC00051772,Snow,1946-06-22T00:00:00.0000000-06:00,0.000000,,,6,,NOAA,2013-03-29T15:47:48.0770000-06:00,in
37,USC00051772,Snow,1946-06-23T00:00:00.0000000-06:00,0.000000,,,6,,NOAA,2013-03-29T15:47:48.0770000-06:00,in
37,USC00051772,Snow,1946-06-24T00:00:00.0000000-06:00,0.000000,,,6,,NOAA,2013-03-29T15:47:48.0770000-06:00,in
37,USC00051772,Snow,1946-06-25T00:00:00.0000000-06:00,0.000000,,,6,,NOAA,2013-03-29T15:47:48.0770000-06:00,in
37,USC00051772,Snow,1946-06-26T00:00:00.0000000-06:00,0.000000,,,6,,NOAA,2013-03-29T15:47:48.0770000-06:00,in
37,USC00051772,Snow,1946-06-27T00:00:00.0000000-06:00,0.000000,,,6,,NOAA,2013-03-29T15:47:48.0770000-06:00,in
37,USC00051772,Snow,1946-06-28T00:00:00.0000000-06:00,0.000000,,,6,,NOAA,2013-03-29T15:47:48.0770000-06:00,in
37,USC00051772,Snow,1946-06-29T00:00:00.0000000-06:00,0.000000,,,6,,NOAA,2013-03-29T15:47:48.0770000-06:00,in
37,USC00051772,Snow,1946-06-30T00:00:00.0000000-06:00,0.000000,,,6,,NOAA,2013-03-29T15:47:48.0770000-06:00,in
37,USC00051772,Snow,1946-07-01T00:00:00.0000000-06:00,0.000000,,,6,,NOAA,2013-03-29T15:47:48.0770000-06:00,in
37,USC00051772,Snow,1946-07-02T00:00:00.0000000-06:00,0.000000,,,6,,NOAA,2013-03-29T15:47:48.0770000-06:00,in
37,USC00051772,Snow,1946-07-03T00:00:00.0000000-06:00,0.000000,,,6,,NOAA,2013-03-29T15:47:48.0770000-06:00,in
37,USC00051772,Snow,1946-07-04T00:00:00.0000000-06:00,0.000000,,,6,,NOAA,2013-03-29T15:47:48.0770000-06:00,in
37,USC00051772,Snow,1946-07-05T00:00:00.0000000-06:00,0.000000,,,6,,NOAA,2013-03-29T15:47:48.0770000-06:00,in
37,USC00051772,Snow,1946-07-06T00:00:00.0000000-06:00,0.000000,,,6,,NOAA,2013-03-29T15:47:48.0770000-06:00,in
37,USC00051772,Snow,1946-07-07T00:00:00.0000000-06:00,0.000000,,,6,,NOAA,2013-03-29T15:47:48.0770000-06:00,in
37,USC00051772,Snow,1946-07-08T00:00:00.0000000-06:00,0.000000,,,6,,NOAA,2013-03-29T15:47:48.0770000-06:00,in
37,USC00051772,Snow,1946-07-09T00:00:00.0000000-06:00,0.000000,,,6,,NOAA,2013-03-29T15:47:48.0770000-06:00,in
37,USC00051772,Snow,1946-07-10T00:00:00.0000000-06:00,0.000000,,,6,,NOAA,2013-03-29T15:47:48.0770000-06:00,in
37,USC00051772,Snow,1946-07-11T00:00:00.0000000-06:00,0.000000,,,6,,NOAA,2013-03-29T15:47:48.0770000-06:00,in
37,USC00051772,Snow,1946-07-12T00:00:00.0000000-06:00,0.000000,,,6,,NOAA,2013-03-29T15:47:48.0770000-06:00,in
37,USC00051772,Snow,1946-07-13T00:00:00.0000000-06:00,0.000000,,,6,,NOAA,2013-03-29T15:47:48.0770000-06:00,in
37,USC00051772,Snow,1946-07-14T00:00:00.0000000-06:00,0.000000,,,6,,NOAA,2013-03-29T15:47:48.0770000-06:00,in
37,USC00051772,Snow,1946-07-15T00:00:00.0000000-06:00,0.000000,,,6,,NOAA,2013-03-29T15:47:48.0770000-06:00,in
37,USC00051772,Snow,1946-07-16T00:00:00.0000000-06:00,0.000000,,,6,,NOAA,2013-03-29T15:47:48.0770000-06:00,in
37,USC00051772,Snow,1946-07-17T00:00:00.0000000-06:00,0.000000,,,6,,NOAA,2013-03-29T15:47:48.0770000-06:00,in
37,USC00051772,Snow,1946-07-18T00:00:00.0000000-06:00,0.000000,,,6,,NOAA,2013-03-29T15:47:48.0770000-06:00,in
37,USC00051772,Snow,1946-07-19T00:00:00.0000000-06:00,0.000000,,,6,,NOAA,2013-03-29T15:47:48.0770000-06:00,in
37,USC00051772,Snow,1946-07-20T00:00:00.0000000-06:00,0.000000,,,6,,NOAA,2013-03-29T15:47:48.0770000-06:00,in
37,USC00051772,Snow,1946-07-21T00:00:00.0000000-06:00,0.000000,,,6,,NOAA,2013-03-29T15:47:48.0770000-06:00,in
37,USC00051772,Snow,1946-07-22T00:00:00.0000000-06:00,0.000000,,,6,,NOAA,2013-03-29T15:47:48.0770000-06:00,in
37,USC00051772,Snow,1946-07-23T00:00:00.0000000-06:00,0.000000,,,6,,NOAA,2013-03-29T15:47:48.0770000-06:00,in
37,USC00051772,Snow,1946-07-24T00:00:00.0000000-06:00,0.000000,,,6,,NOAA,2013-03-29T15:47:48.0770000-06:00,in
37,USC00051772,Snow,1946-07-25T00:00:00.0000000-06:00,0.000000,,,6,,NOAA,2013-03-29T15:47:48.0770000-06:00,in
37,USC00051772,Snow,1946-07-26T00:00:00.0000000-06:00,0.000000,,,6,,NOAA,2013-03-29T15:47:48.0770000-06:00,in
37,USC00051772,Snow,1946-07-27T00:00:00.0000000-06:00,0.000000,,,6,,NOAA,2013-03-29T15:47:48.0770000-06:00,in
37,USC00051772,Snow,1946-07-28T00:00:00.0000000-06:00,0.000000,,,6,,NOAA,2013-03-29T15:47:48.0770000-06:00,in
37,USC00051772,Snow,1946-07-29T00:00:00.0000000-06:00,0.000000,,,6,,NOAA,2013-03-29T15:47:48.0770000-06:00,in
37,USC00051772,Snow,1946-07-30T00:00:00.0000000-06:00,0.000000,,,6,,NOAA,2013-03-29T15:47:48.0770000-06:00,in
37,USC00051772,Snow,1946-07-31T00:00:00.0000000-06:00,0.000000,,,6,,NOAA,2013-03-29T15:47:48.0770000-06:00,in
37,USC00051772,Snow,1946-08-01T00:00:00.0000000-06:00,0.000000,,,6,,NOAA,2013-03-29T15:47:48.0770000-06:00,in
37,USC00051772,Snow,1946-08-02T00:00:00.0000000-06:00,0.000000,,,6,,NOAA,2013-03-29T15:47:48.0770000-06:00,in
37,USC00051772,Snow,1946-08-03T00:00:00.0000000-06:00,0.000000,,,6,,NOAA,2013-03-29T15:47:48.0770000-06:00,in
37,USC00051772,Snow,1946-08-04T00:00:00.0000000-06:00,0.000000,,,6,,NOAA,2013-03-29T15:47:48.0770000-06:00,in
37,USC00051772,Snow,1946-08-05T00:00:00.0000000-06:00,0.000000,,,6,,NOAA,2013-03-29T15:47:48.0770000-06:00,in
37,USC00051772,Snow,1946-08-06T00:00:00.0000000-06:00,0.000000,,,6,,NOAA,2013-03-29T15:47:48.0770000-06:00,in
37,USC00051772,Snow,1946-08-07T00:00:00.0000000-06:00,0.000000,,,6,,NOAA,2013-03-29T15:47:48.0770000-06:00,in
37,USC00051772,Snow,1946-08-08T00:00:00.0000000-06:00,0.000000,,,6,,NOAA,2013-03-29T15:47:48.0770000-06:00,in
37,USC00051772,Snow,1946-08-09T00:00:00.0000000-06:00,0.000000,,,6,,NOAA,2013-03-29T15:47:48.0770000-06:00,in
37,USC00051772,Snow,1946-08-10T00:00:00.0000000-06:00,0.000000,,,6,,NOAA,2013-03-29T15:47:48.0770000-06:00,in
37,USC00051772,Snow,1946-08-11T00:00:00.0000000-06:00,0.000000,,,6,,NOAA,2013-03-29T15:47:48.0770000-06:00,in
37,USC00051772,Snow,1946-08-12T00:00:00.0000000-06:00,0.000000,,,6,,NOAA,2013-03-29T15:47:48.0770000-06:00,in
37,USC00051772,Snow,1946-08-13T00:00:00.0000000-06:00,0.000000,,,6,,NOAA,2013-03-29T15:47:48.0770000-06:00,in
37,USC00051772,Snow,1946-08-14T00:00:00.0000000-06:00,0.000000,,,6,,NOAA,2013-03-29T15:47:48.0770000-06:00,in
37,USC00051772,Snow,1946-08-15T00:00:00.0000000-06:00,0.000000,,,6,,NOAA,2013-03-29T15:47:48.0770000-06:00,in
37,USC00051772,Snow,1946-08-16T00:00:00.0000000-06:00,0.000000,,,6,,NOAA,2013-03-29T15:47:48.0770000-06:00,in
37,USC00051772,Snow,1946-08-17T00:00:00.0000000-06:00,0.000000,,,6,,NOAA,2013-03-29T15:47:48.0770000-06:00,in
37,USC00051772,Snow,1946-08-18T00:00:00.0000000-06:00,0.000000,,,6,,NOAA,2013-03-29T15:47:48.0770000-06:00,in
37,USC00051772,Snow,1946-08-19T00:00:00.0000000-06:00,0.000000,,,6,,NOAA,2013-03-29T15:47:48.0770000-06:00,in
37,USC00051772,Snow,1946-08-20T00:00:00.0000000-06:00,0.000000,,,6,,NOAA,2013-03-29T15:47:48.0770000-06:00,in
37,USC00051772,Snow,1946-08-21T00:00:00.0000000-06:00,0.000000,,,6,,NOAA,2013-03-29T15:47:48.0770000-06:00,in
37,USC00051772,Snow,1946-08-22T00:00:00.0000000-06:00,0.000000,,,6,,NOAA,2013-03-29T15:47:48.0770000-06:00,in
37,USC00051772,Snow,1946-08-23T00:00:00.0000000-06:00,0.000000,,,6,,NOAA,2013-03-29T15:47:48.0770000-06:00,in
37,USC00051772,Snow,1946-08-24T00:00:00.0000000-06:00,0.000000,,,6,,NOAA,2013-03-29T15:47:48.0770000-06:00,in
37,USC00051772,Snow,1946-08-25T00:00:00.0000000-06:00,0.000000,,,6,,NOAA,2013-03-29T15:47:48.0770000-06:00,in
37,USC00051772,Snow,1946-08-26T00:00:00.0000000-06:00,0.000000,,,6,,NOAA,2013-03-29T15:47:48.0770000-06:00,in
37,USC00051772,Snow,1946-08-27T00:00:00.0000000-06:00,0.000000,,,6,,NOAA,2013-03-29T15:47:48.0770000-06:00,in
37,USC00051772,Snow,1946-08-28T00:00:00.0000000-06:00,0.000000,,,6,,NOAA,2013-03-29T15:47:48.0770000-06:00,in
37,USC00051772,Snow,1946-08-29T00:00:00.0000000-06:00,0.000000,,,6,,NOAA,2013-03-29T15:47:48.0770000-06:00,in
37,USC00051772,Snow,1946-08-30T00:00:00.0000000-06:00,0.000000,,,6,,NOAA,2013-03-29T15:47:48.0770000-06:00,in
37,USC00051772,Snow,1946-08-31T00:00:00.0000000-06:00,0.000000,,,6,,NOAA,2013-03-29T15:47:48.0770000-06:00,in
37,USC00051772,Snow,1946-09-01T00:00:00.0000000-06:00,0.000000,,,6,,NOAA,2013-03-29T15:47:48.0770000-06:00,in
37,USC00051772,Snow,1946-09-02T00:00:00.0000000-06:00,0.000000,,,6,,NOAA,2013-03-29T15:47:48.0770000-06:00,in
37,USC00051772,Snow,1946-09-03T00:00:00.0000000-06:00,0.000000,,,6,,NOAA,2013-03-29T15:47:48.0770000-06:00,in
37,USC00051772,Snow,1946-09-04T00:00:00.0000000-06:00,0.000000,,,6,,NOAA,2013-03-29T15:47:48.0770000-06:00,in
37,USC00051772,Snow,1946-09-05T00:00:00.0000000-06:00,0.000000,,,6,,NOAA,2013-03-29T15:47:48.0770000-06:00,in
37,USC00051772,Snow,1946-09-06T00:00:00.0000000-06:00,0.000000,,,6,,NOAA,2013-03-29T15:47:48.0770000-06:00,in
37,USC00051772,Snow,1946-09-07T00:00:00.0000000-06:00,0.000000,,,6,,NOAA,2013-03-29T15:47:48.0770000-06:00,in
37,USC00051772,Snow,1946-09-08T00:00:00.0000000-06:00,0.000000,,,6,,NOAA,2013-03-29T15:47:48.0770000-06:00,in
37,USC00051772,Snow,1946-09-09T00:00:00.0000000-06:00,0.000000,,,6,,NOAA,2013-03-29T15:47:48.0770000-06:00,in
37,USC00051772,Snow,1946-09-10T00:00:00.0000000-06:00,0.000000,,,6,,NOAA,2013-03-29T15:47:48.0770000-06:00,in
37,USC00051772,Snow,1946-09-11T00:00:00.0000000-06:00,0.000000,,,6,,NOAA,2013-03-29T15:47:48.0770000-06:00,in
37,USC00051772,Snow,1946-09-12T00:00:00.0000000-06:00,0.000000,,,6,,NOAA,2013-03-29T15:47:48.0770000-06:00,in
37,USC00051772,Snow,1946-09-13T00:00:00.0000000-06:00,0.000000,,,6,,NOAA,2013-03-29T15:47:48.0770000-06:00,in
37,USC00051772,Snow,1946-09-14T00:00:00.0000000-06:00,0.000000,,,6,,NOAA,2013-03-29T15:47:48.0770000-06:00,in
37,USC00051772,Snow,1946-09-15T00:00:00.0000000-06:00,0.000000,,,6,,NOAA,2013-03-29T15:47:48.0770000-06:00,in
37,USC00051772,Snow,1946-09-16T00:00:00.0000000-06:00,0.000000,,,6,,NOAA,2013-03-29T15:47:48.0770000-06:00,in
37,USC00051772,Snow,1946-09-17T00:00:00.0000000-06:00,0.000000,,,6,,NOAA,2013-03-29T15:47:48.0770000-06:00,in
37,USC00051772,Snow,1946-09-18T00:00:00.0000000-06:00,0.000000,,,6,,NOAA,2013-03-29T15:47:48.0770000-06:00,in
37,USC00051772,Snow,1946-09-19T00:00:00.0000000-06:00,0.000000,,,6,,NOAA,2013-03-29T15:47:48.0770000-06:00,in
37,USC00051772,Snow,1946-09-20T00:00:00.0000000-06:00,0.000000,,,6,,NOAA,2013-03-29T15:47:48.0770000-06:00,in
37,USC00051772,Snow,1946-09-21T00:00:00.0000000-06:00,0.000000,,,6,,NOAA,2013-03-29T15:47:48.0770000-06:00,in
37,USC00051772,Snow,1946-09-22T00:00:00.0000000-06:00,0.000000,,,6,,NOAA,2013-03-29T15:47:48.0770000-06:00,in
37,USC00051772,Snow,1946-09-23T00:00:00.0000000-06:00,0.000000,,,6,,NOAA,2013-03-29T15:47:48.0770000-06:00,in
37,USC00051772,Snow,1946-09-24T00:00:00.0000000-06:00,0.000000,,,6,,NOAA,2013-03-29T15:47:48.0770000-06:00,in
37,USC00051772,Snow,1946-09-25T00:00:00.0000000-06:00,0.000000,,,6,,NOAA,2013-03-29T15:47:48.0770000-06:00,in
37,USC00051772,Snow,1946-09-26T00:00:00.0000000-06:00,0.000000,,,6,,NOAA,2013-03-29T15:47:48.0770000-06:00,in
37,USC00051772,Snow,1946-09-27T00:00:00.0000000-06:00,0.000000,,,6,,NOAA,2013-03-29T15:47:48.0770000-06:00,in
37,USC00051772,Snow,1946-09-28T00:00:00.0000000-06:00,0.000000,,,6,,NOAA,2013-03-29T15:47:48.0770000-06:00,in
37,USC00051772,Snow,1946-09-29T00:00:00.0000000-06:00,0.000000,,,6,,NOAA,2013-03-29T15:47:48.0770000-06:00,in
37,USC00051772,Snow,1946-09-30T00:00:00.0000000-06:00,0.000000,,,6,,NOAA,2013-03-29T15:47:48.0770000-06:00,in
37,USC00051772,Snow,1946-10-01T00:00:00.0000000-06:00,0.000000,,,6,,NOAA,2013-03-29T15:47:48.0770000-06:00,in
37,USC00051772,Snow,1946-10-02T00:00:00.0000000-06:00,0.000000,,,6,,NOAA,2013-03-29T15:47:48.0770000-06:00,in
37,USC00051772,Snow,1946-10-03T00:00:00.0000000-06:00,0.000000,,,6,,NOAA,2013-03-29T15:47:48.0770000-06:00,in
37,USC00051772,Snow,1946-10-04T00:00:00.0000000-06:00,0.000000,,,6,,NOAA,2013-03-29T15:47:48.0770000-06:00,in
37,USC00051772,Snow,1946-10-05T00:00:00.0000000-06:00,0.000000,T,,6,,NOAA,2013-03-29T15:47:48.0770000-06:00,in
37,USC00051772,Snow,1946-10-06T00:00:00.0000000-06:00,0.000000,,,6,,NOAA,2013-03-29T15:47:48.0770000-06:00,in
37,USC00051772,Snow,1946-10-07T00:00:00.0000000-06:00,0.000000,,,6,,NOAA,2013-03-29T15:47:48.0770000-06:00,in
37,USC00051772,Snow,1946-10-08T00:00:00.0000000-06:00,0.000000,,,6,,NOAA,2013-03-29T15:47:48.0770000-06:00,in
37,USC00051772,Snow,1946-10-09T00:00:00.0000000-06:00,0.000000,,,6,,NOAA,2013-03-29T15:47:48.0770000-06:00,in
37,USC00051772,Snow,1946-10-10T00:00:00.0000000-06:00,0.000000,,,6,,NOAA,2013-03-29T15:47:48.0770000-06:00,in
37,USC00051772,Snow,1946-10-11T00:00:00.0000000-06:00,0.000000,,,6,,NOAA,2013-03-29T15:47:48.0770000-06:00,in
37,USC00051772,Snow,1946-10-12T00:00:00.0000000-06:00,0.000000,,,6,,NOAA,2013-03-29T15:47:48.0770000-06:00,in
37,USC00051772,Snow,1946-10-13T00:00:00.0000000-06:00,0.000000,,,6,,NOAA,2013-03-29T15:47:48.0770000-06:00,in
37,USC00051772,Snow,1946-10-14T00:00:00.0000000-06:00,0.000000,,,6,,NOAA,2013-03-29T15:47:48.0770000-06:00,in
37,USC00051772,Snow,1946-10-15T00:00:00.0000000-06:00,0.000000,,,6,,NOAA,2013-03-29T15:47:48.0770000-06:00,in
37,USC00051772,Snow,1946-10-16T00:00:00.0000000-06:00,0.000000,,,6,,NOAA,2013-03-29T15:47:48.0770000-06:00,in
37,USC00051772,Snow,1946-10-17T00:00:00.0000000-06:00,0.000000,,,6,,NOAA,2013-03-29T15:47:48.0770000-06:00,in
37,USC00051772,Snow,1946-10-18T00:00:00.0000000-06:00,0.000000,T,,6,,NOAA,2013-03-29T15:47:48.0770000-06:00,in
37,USC00051772,Snow,1946-10-19T00:00:00.0000000-06:00,0.000000,,,6,,NOAA,2013-03-29T15:47:48.0770000-06:00,in
37,USC00051772,Snow,1946-10-20T00:00:00.0000000-06:00,0.000000,,,6,,NOAA,2013-03-29T15:47:48.0770000-06:00,in
37,USC00051772,Snow,1946-10-21T00:00:00.0000000-06:00,0.000000,,,6,,NOAA,2013-03-29T15:47:48.0770000-06:00,in
37,USC00051772,Snow,1946-10-22T00:00:00.0000000-06:00,0.000000,,,6,,NOAA,2013-03-29T15:47:48.0770000-06:00,in
37,USC00051772,Snow,1946-10-23T00:00:00.0000000-06:00,0.000000,,,6,,NOAA,2013-03-29T15:47:48.0770000-06:00,in
37,USC00051772,Snow,1946-10-24T00:00:00.0000000-06:00,0.000000,,,6,,NOAA,2013-03-29T15:47:48.0770000-06:00,in
37,USC00051772,Snow,1946-10-25T00:00:00.0000000-06:00,0.000000,,,6,,NOAA,2013-03-29T15:47:48.0770000-06:00,in
37,USC00051772,Snow,1946-10-26T00:00:00.0000000-06:00,0.000000,,,6,,NOAA,2013-03-29T15:47:48.0770000-06:00,in
37,USC00051772,Snow,1946-10-27T00:00:00.0000000-06:00,0.000000,,,6,,NOAA,2013-03-29T15:47:48.0770000-06:00,in
37,USC00051772,Snow,1946-10-28T00:00:00.0000000-07:00,0.000000,,,6,,NOAA,2013-03-29T15:47:48.0770000-06:00,in
37,USC00051772,Snow,1946-10-29T00:00:00.0000000-07:00,0.000000,T,,6,,NOAA,2013-03-29T15:47:48.0770000-06:00,in
37,USC00051772,Snow,1946-10-30T00:00:00.0000000-07:00,0.000000,,,6,,NOAA,2013-03-29T15:47:48.0770000-06:00,in
37,USC00051772,Snow,1946-10-31T00:00:00.0000000-07:00,0.000000,,,6,,NOAA,2013-03-29T15:47:48.0770000-06:00,in
37,USC00051772,Snow,1946-11-02T00:00:00.0000000-07:00,1.181102,,,6,,NOAA,2013-03-29T15:47:48.0770000-06:00,in
37,USC00051772,Snow,1946-11-05T00:00:00.0000000-07:00,0.000000,T,,6,,NOAA,2013-03-29T15:47:48.0770000-06:00,in
37,USC00051772,Snow,1946-11-09T00:00:00.0000000-07:00,0.511811,,,6,,NOAA,2013-03-29T15:47:48.0770000-06:00,in
37,USC00051772,Snow,1946-11-14T00:00:00.0000000-07:00,0.000000,T,,6,,NOAA,2013-03-29T15:47:48.0770000-06:00,in
37,USC00051772,Snow,1946-11-21T00:00:00.0000000-07:00,0.000000,T,,6,,NOAA,2013-03-29T15:47:48.0770000-06:00,in
37,USC00051772,Snow,1946-11-24T00:00:00.0000000-07:00,2.913386,,,6,,NOAA,2013-03-29T15:47:48.0770000-06:00,in
37,USC00051772,Snow,1946-12-01T00:00:00.0000000-07:00,0.000000,,,6,,NOAA,2013-03-29T15:47:48.0770000-06:00,in
37,USC00051772,Snow,1946-12-02T00:00:00.0000000-07:00,0.000000,,,6,,NOAA,2013-03-29T15:47:48.0770000-06:00,in
37,USC00051772,Snow,1946-12-03T00:00:00.0000000-07:00,0.000000,,,6,,NOAA,2013-03-29T15:47:48.0770000-06:00,in
37,USC00051772,Snow,1946-12-04T00:00:00.0000000-07:00,0.000000,,,6,,NOAA,2013-03-29T15:47:48.0770000-06:00,in
37,USC00051772,Snow,1946-12-05T00:00:00.0000000-07:00,0.000000,,,6,,NOAA,2013-03-29T15:47:48.0770000-06:00,in
37,USC00051772,Snow,1946-12-06T00:00:00.0000000-07:00,0.000000,,,6,,NOAA,2013-03-29T15:47:48.0770000-06:00,in
37,USC00051772,Snow,1946-12-07T00:00:00.0000000-07:00,0.000000,,,6,,NOAA,2013-03-29T15:47:48.0770000-06:00,in
37,USC00051772,Snow,1946-12-08T00:00:00.0000000-07:00,0.000000,,,6,,NOAA,2013-03-29T15:47:48.0770000-06:00,in
37,USC00051772,Snow,1946-12-09T00:00:00.0000000-07:00,0.000000,,,6,,NOAA,2013-03-29T15:47:48.0770000-06:00,in
37,USC00051772,Snow,1946-12-10T00:00:00.0000000-07:00,0.000000,,,6,,NOAA,2013-03-29T15:47:48.0770000-06:00,in
37,USC00051772,Snow,1946-12-11T00:00:00.0000000-07:00,0.000000,,,6,,NOAA,2013-03-29T15:47:48.0770000-06:00,in
37,USC00051772,Snow,1946-12-12T00:00:00.0000000-07:00,0.000000,,,6,,NOAA,2013-03-29T15:47:48.0770000-06:00,in
37,USC00051772,Snow,1946-12-13T00:00:00.0000000-07:00,0.000000,,,6,,NOAA,2013-03-29T15:47:48.0770000-06:00,in
37,USC00051772,Snow,1946-12-14T00:00:00.0000000-07:00,0.000000,,,6,,NOAA,2013-03-29T15:47:48.0770000-06:00,in
37,USC00051772,Snow,1946-12-15T00:00:00.0000000-07:00,0.000000,,,6,,NOAA,2013-03-29T15:47:48.0770000-06:00,in
37,USC00051772,Snow,1946-12-16T00:00:00.0000000-07:00,0.000000,,,6,,NOAA,2013-03-29T15:47:48.0770000-06:00,in
37,USC00051772,Snow,1946-12-17T00:00:00.0000000-07:00,0.000000,,,6,,NOAA,2013-03-29T15:47:48.0770000-06:00,in
37,USC00051772,Snow,1946-12-18T00:00:00.0000000-07:00,0.000000,,,6,,NOAA,2013-03-29T15:47:48.0770000-06:00,in
37,USC00051772,Snow,1946-12-19T00:00:00.0000000-07:00,0.000000,,,6,,NOAA,2013-03-29T15:47:48.0770000-06:00,in
37,USC00051772,Snow,1946-12-20T00:00:00.0000000-07:00,0.000000,,,6,,NOAA,2013-03-29T15:47:48.0770000-06:00,in
37,USC00051772,Snow,1946-12-21T00:00:00.0000000-07:00,0.000000,,,6,,NOAA,2013-03-29T15:47:48.0770000-06:00,in
37,USC00051772,Snow,1946-12-22T00:00:00.0000000-07:00,0.000000,,,6,,NOAA,2013-03-29T15:47:48.0770000-06:00,in
37,USC00051772,Snow,1946-12-23T00:00:00.0000000-07:00,0.000000,,,6,,NOAA,2013-03-29T15:47:48.0770000-06:00,in
37,USC00051772,Snow,1946-12-24T00:00:00.0000000-07:00,0.000000,,,6,,NOAA,2013-03-29T15:47:48.0770000-06:00,in
37,USC00051772,Snow,1946-12-25T00:00:00.0000000-07:00,0.000000,,,6,,NOAA,2013-03-29T15:47:48.0770000-06:00,in
37,USC00051772,Snow,1946-12-26T00:00:00.0000000-07:00,0.000000,,,6,,NOAA,2013-03-29T15:47:48.0770000-06:00,in
37,USC00051772,Snow,1946-12-27T00:00:00.0000000-07:00,0.000000,,,6,,NOAA,2013-03-29T15:47:48.0770000-06:00,in
37,USC00051772,Snow,1946-12-28T00:00:00.0000000-07:00,6.102362,,,6,,NOAA,2013-03-29T15:47:48.0770000-06:00,in
37,USC00051772,Snow,1946-12-29T00:00:00.0000000-07:00,0.000000,,,6,,NOAA,2013-03-29T15:47:48.0770000-06:00,in
37,USC00051772,Snow,1946-12-30T00:00:00.0000000-07:00,0.000000,,,6,,NOAA,2013-03-29T15:47:48.0770000-06:00,in
37,USC00051772,Snow,1946-12-31T00:00:00.0000000-07:00,0.000000,,,6,,NOAA,2013-03-29T15:47:48.0770000-06:00,in
37,USC00051772,Snow,1947-01-01T00:00:00.0000000-07:00,0.000000,,,6,,NOAA,2013-03-29T15:47:48.0770000-06:00,in
37,USC00051772,Snow,1947-01-02T00:00:00.0000000-07:00,0.000000,,,6,,NOAA,2013-03-29T15:47:48.0770000-06:00,in
37,USC00051772,Snow,1947-01-03T00:00:00.0000000-07:00,0.000000,,,6,,NOAA,2013-03-29T15:47:48.0770000-06:00,in
37,USC00051772,Snow,1947-01-04T00:00:00.0000000-07:00,0.000000,,,6,,NOAA,2013-03-29T15:47:48.0770000-06:00,in
37,USC00051772,Snow,1947-01-05T00:00:00.0000000-07:00,0.000000,,,6,,NOAA,2013-03-29T15:47:48.0770000-06:00,in
37,USC00051772,Snow,1947-01-06T00:00:00.0000000-07:00,0.000000,,,6,,NOAA,2013-03-29T15:47:48.0770000-06:00,in
37,USC00051772,Snow,1947-01-07T00:00:00.0000000-07:00,0.000000,,,6,,NOAA,2013-03-29T15:47:48.0770000-06:00,in
37,USC00051772,Snow,1947-01-08T00:00:00.0000000-07:00,0.000000,,,6,,NOAA,2013-03-29T15:47:48.0770000-06:00,in
37,USC00051772,Snow,1947-01-09T00:00:00.0000000-07:00,0.000000,,,6,,NOAA,2013-03-29T15:47:48.0770000-06:00,in
37,USC00051772,Snow,1947-01-10T00:00:00.0000000-07:00,0.000000,,,6,,NOAA,2013-03-29T15:47:48.0770000-06:00,in
37,USC00051772,Snow,1947-01-11T00:00:00.0000000-07:00,0.000000,,,6,,NOAA,2013-03-29T15:47:48.0770000-06:00,in
37,USC00051772,Snow,1947-01-12T00:00:00.0000000-07:00,0.000000,,,6,,NOAA,2013-03-29T15:47:48.0770000-06:00,in
37,USC00051772,Snow,1947-01-13T00:00:00.0000000-07:00,1.496063,,,6,,NOAA,2013-03-29T15:47:48.0770000-06:00,in
37,USC00051772,Snow,1947-01-14T00:00:00.0000000-07:00,0.511811,,,6,,NOAA,2013-03-29T15:47:48.0770000-06:00,in
37,USC00051772,Snow,1947-01-15T00:00:00.0000000-07:00,4.015748,,,6,,NOAA,2013-03-29T15:47:48.0770000-06:00,in
37,USC00051772,Snow,1947-01-16T00:00:00.0000000-07:00,0.000000,,,6,,NOAA,2013-03-29T15:47:48.0770000-06:00,in
37,USC00051772,Snow,1947-01-17T00:00:00.0000000-07:00,0.000000,,,6,,NOAA,2013-03-29T15:47:48.0770000-06:00,in
37,USC00051772,Snow,1947-01-18T00:00:00.0000000-07:00,0.000000,,,6,,NOAA,2013-03-29T15:47:48.0770000-06:00,in
37,USC00051772,Snow,1947-01-19T00:00:00.0000000-07:00,0.000000,,,6,,NOAA,2013-03-29T15:47:48.0770000-06:00,in
37,USC00051772,Snow,1947-01-20T00:00:00.0000000-07:00,0.000000,,,6,,NOAA,2013-03-29T15:47:48.0770000-06:00,in
37,USC00051772,Snow,1947-01-21T00:00:00.0000000-07:00,0.000000,,,6,,NOAA,2013-03-29T15:47:48.0770000-06:00,in
37,USC00051772,Snow,1947-01-22T00:00:00.0000000-07:00,0.000000,,,6,,NOAA,2013-03-29T15:47:48.0770000-06:00,in
37,USC00051772,Snow,1947-01-23T00:00:00.0000000-07:00,0.000000,,,6,,NOAA,2013-03-29T15:47:48.0770000-06:00,in
37,USC00051772,Snow,1947-01-24T00:00:00.0000000-07:00,0.000000,,,6,,NOAA,2013-03-29T15:47:48.0770000-06:00,in
37,USC00051772,Snow,1947-01-25T00:00:00.0000000-07:00,0.000000,,,6,,NOAA,2013-03-29T15:47:48.0770000-06:00,in
37,USC00051772,Snow,1947-01-26T00:00:00.0000000-07:00,0.000000,,,6,,NOAA,2013-03-29T15:47:48.0770000-06:00,in
37,USC00051772,Snow,1947-01-27T00:00:00.0000000-07:00,0.000000,,,6,,NOAA,2013-03-29T15:47:48.0770000-06:00,in
37,USC00051772,Snow,1947-01-28T00:00:00.0000000-07:00,0.984252,,,6,,NOAA,2013-03-29T15:47:48.0770000-06:00,in
37,USC00051772,Snow,1947-01-29T00:00:00.0000000-07:00,4.015748,,,6,,NOAA,2013-03-29T15:47:48.0770000-06:00,in
37,USC00051772,Snow,1947-01-30T00:00:00.0000000-07:00,0.984252,,,6,,NOAA,2013-03-29T15:47:48.0770000-06:00,in
37,USC00051772,Snow,1947-01-31T00:00:00.0000000-07:00,0.000000,,,6,,NOAA,2013-03-29T15:47:48.0770000-06:00,in
37,USC00051772,Snow,1947-02-01T00:00:00.0000000-07:00,0.000000,,,6,,NOAA,2013-03-29T15:47:48.0770000-06:00,in
37,USC00051772,Snow,1947-02-02T00:00:00.0000000-07:00,0.000000,,,6,,NOAA,2013-03-29T15:47:48.0770000-06:00,in
37,USC00051772,Snow,1947-02-03T00:00:00.0000000-07:00,0.000000,,,6,,NOAA,2013-03-29T15:47:48.0770000-06:00,in
37,USC00051772,Snow,1947-02-04T00:00:00.0000000-07:00,0.000000,,,6,,NOAA,2013-03-29T15:47:48.0770000-06:00,in
37,USC00051772,Snow,1947-02-05T00:00:00.0000000-07:00,0.000000,,,6,,NOAA,2013-03-29T15:47:48.0770000-06:00,in
37,USC00051772,Snow,1947-02-06T00:00:00.0000000-07:00,0.000000,,,6,,NOAA,2013-03-29T15:47:48.0770000-06:00,in
37,USC00051772,Snow,1947-02-07T00:00:00.0000000-07:00,0.000000,,,6,,NOAA,2013-03-29T15:47:48.0770000-06:00,in
37,USC00051772,Snow,1947-02-08T00:00:00.0000000-07:00,0.000000,,,6,,NOAA,2013-03-29T15:47:48.0770000-06:00,in
37,USC00051772,Snow,1947-02-09T00:00:00.0000000-07:00,0.000000,,,6,,NOAA,2013-03-29T15:47:48.0770000-06:00,in
37,USC00051772,Snow,1947-02-10T00:00:00.0000000-07:00,0.984252,,,6,,NOAA,2013-03-29T15:47:48.0770000-06:00,in
37,USC00051772,Snow,1947-02-11T00:00:00.0000000-07:00,0.000000,,,6,,NOAA,2013-03-29T15:47:48.0770000-06:00,in
37,USC00051772,Snow,1947-02-12T00:00:00.0000000-07:00,0.000000,,,6,,NOAA,2013-03-29T15:47:48.0770000-06:00,in
37,USC00051772,Snow,1947-02-13T00:00:00.0000000-07:00,0.000000,,,6,,NOAA,2013-03-29T15:47:48.0770000-06:00,in
37,USC00051772,Snow,1947-02-14T00:00:00.0000000-07:00,0.000000,,,6,,NOAA,2013-03-29T15:47:48.0770000-06:00,in
37,USC00051772,Snow,1947-02-15T00:00:00.0000000-07:00,0.000000,,,6,,NOAA,2013-03-29T15:47:48.0770000-06:00,in
37,USC00051772,Snow,1947-02-16T00:00:00.0000000-07:00,0.000000,,,6,,NOAA,2013-03-29T15:47:48.0770000-06:00,in
37,USC00051772,Snow,1947-02-17T00:00:00.0000000-07:00,0.000000,,,6,,NOAA,2013-03-29T15:47:48.0770000-06:00,in
37,USC00051772,Snow,1947-02-18T00:00:00.0000000-07:00,0.000000,,,6,,NOAA,2013-03-29T15:47:48.0770000-06:00,in
37,USC00051772,Snow,1947-02-19T00:00:00.0000000-07:00,0.000000,T,,6,,NOAA,2013-03-29T15:47:48.0770000-06:00,in
37,USC00051772,Snow,1947-02-20T00:00:00.0000000-07:00,0.000000,,,6,,NOAA,2013-03-29T15:47:48.0770000-06:00,in
37,USC00051772,Snow,1947-02-21T00:00:00.0000000-07:00,0.000000,,,6,,NOAA,2013-03-29T15:47:48.0770000-06:00,in
37,USC00051772,Snow,1947-02-22T00:00:00.0000000-07:00,0.000000,,,6,,NOAA,2013-03-29T15:47:48.0770000-06:00,in
37,USC00051772,Snow,1947-02-23T00:00:00.0000000-07:00,0.000000,,,6,,NOAA,2013-03-29T15:47:48.0770000-06:00,in
37,USC00051772,Snow,1947-02-24T00:00:00.0000000-07:00,0.000000,,,6,,NOAA,2013-03-29T15:47:48.0770000-06:00,in
37,USC00051772,Snow,1947-02-25T00:00:00.0000000-07:00,0.000000,,,6,,NOAA,2013-03-29T15:47:48.0770000-06:00,in
37,USC00051772,Snow,1947-02-26T00:00:00.0000000-07:00,0.000000,,,6,,NOAA,2013-03-29T15:47:48.0770000-06:00,in
37,USC00051772,Snow,1947-02-27T00:00:00.0000000-07:00,0.000000,T,,6,,NOAA,2013-03-29T15:47:48.0770000-06:00,in
37,USC00051772,Snow,1947-02-28T00:00:00.0000000-07:00,0.000000,T,,6,,NOAA,2013-03-29T15:47:48.0770000-06:00,in
37,USC00051772,Snow,1947-03-01T00:00:00.0000000-07:00,0.000000,T,,6,,NOAA,2013-03-29T15:47:48.0770000-06:00,in
37,USC00051772,Snow,1947-03-02T00:00:00.0000000-07:00,2.007874,,,6,,NOAA,2013-03-29T15:47:48.0770000-06:00,in
37,USC00051772,Snow,1947-03-03T00:00:00.0000000-07:00,0.000000,,,6,,NOAA,2013-03-29T15:47:48.0770000-06:00,in
37,USC00051772,Snow,1947-03-04T00:00:00.0000000-07:00,0.000000,,,6,,NOAA,2013-03-29T15:47:48.0770000-06:00,in
37,USC00051772,Snow,1947-03-05T00:00:00.0000000-07:00,0.000000,T,,6,,NOAA,2013-03-29T15:47:48.0770000-06:00,in
37,USC00051772,Snow,1947-03-06T00:00:00.0000000-07:00,0.000000,T,,6,,NOAA,2013-03-29T15:47:48.0770000-06:00,in
37,USC00051772,Snow,1947-03-07T00:00:00.0000000-07:00,0.000000,,,6,,NOAA,2013-03-29T15:47:48.0770000-06:00,in
37,USC00051772,Snow,1947-03-08T00:00:00.0000000-07:00,0.000000,,,6,,NOAA,2013-03-29T15:47:48.0770000-06:00,in
37,USC00051772,Snow,1947-03-09T00:00:00.0000000-07:00,0.000000,T,,6,,NOAA,2013-03-29T15:47:48.0770000-06:00,in
37,USC00051772,Snow,1947-03-10T00:00:00.0000000-07:00,0.000000,,,6,,NOAA,2013-03-29T15:47:48.0770000-06:00,in
37,USC00051772,Snow,1947-03-11T00:00:00.0000000-07:00,0.000000,T,,6,,NOAA,2013-03-29T15:47:48.0770000-06:00,in
37,USC00051772,Snow,1947-03-12T00:00:00.0000000-07:00,0.000000,T,,6,,NOAA,2013-03-29T15:47:48.0770000-06:00,in
37,USC00051772,Snow,1947-03-13T00:00:00.0000000-07:00,0.000000,,,6,,NOAA,2013-03-29T15:47:48.0770000-06:00,in
37,USC00051772,Snow,1947-03-14T00:00:00.0000000-07:00,0.000000,,,6,,NOAA,2013-03-29T15:47:48.0770000-06:00,in
37,USC00051772,Snow,1947-03-15T00:00:00.0000000-07:00,0.000000,,,6,,NOAA,2013-03-29T15:47:48.0770000-06:00,in
37,USC00051772,Snow,1947-03-16T00:00:00.0000000-07:00,0.000000,,,6,,NOAA,2013-03-29T15:47:48.0770000-06:00,in
37,USC00051772,Snow,1947-03-17T00:00:00.0000000-07:00,0.000000,,,6,,NOAA,2013-03-29T15:47:48.0770000-06:00,in
37,USC00051772,Snow,1947-03-18T00:00:00.0000000-07:00,0.000000,,,6,,NOAA,2013-03-29T15:47:48.0770000-06:00,in
37,USC00051772,Snow,1947-03-19T00:00:00.0000000-07:00,0.000000,,,6,,NOAA,2013-03-29T15:47:48.0770000-06:00,in
37,USC00051772,Snow,1947-03-20T00:00:00.0000000-07:00,0.000000,,,6,,NOAA,2013-03-29T15:47:48.0770000-06:00,in
37,USC00051772,Snow,1947-03-21T00:00:00.0000000-07:00,0.000000,,,6,,NOAA,2013-03-29T15:47:48.0770000-06:00,in
37,USC00051772,Snow,1947-03-22T00:00:00.0000000-07:00,0.000000,,,6,,NOAA,2013-03-29T15:47:48.0770000-06:00,in
37,USC00051772,Snow,1947-03-23T00:00:00.0000000-07:00,0.000000,T,,6,,NOAA,2013-03-29T15:47:48.0770000-06:00,in
37,USC00051772,Snow,1947-03-24T00:00:00.0000000-07:00,0.000000,,,6,,NOAA,2013-03-29T15:47:48.0770000-06:00,in
37,USC00051772,Snow,1947-03-25T00:00:00.0000000-07:00,0.000000,,,6,,NOAA,2013-03-29T15:47:48.0770000-06:00,in
37,USC00051772,Snow,1947-03-26T00:00:00.0000000-07:00,0.000000,,,6,,NOAA,2013-03-29T15:47:48.0770000-06:00,in
37,USC00051772,Snow,1947-03-27T00:00:00.0000000-07:00,0.000000,,,6,,NOAA,2013-03-29T15:47:48.0770000-06:00,in
37,USC00051772,Snow,1947-03-28T00:00:00.0000000-07:00,0.000000,,,6,,NOAA,2013-03-29T15:47:48.0770000-06:00,in
37,USC00051772,Snow,1947-03-29T00:00:00.0000000-07:00,0.000000,,,6,,NOAA,2013-03-29T15:47:48.0770000-06:00,in
37,USC00051772,Snow,1947-03-30T00:00:00.0000000-07:00,0.000000,,,6,,NOAA,2013-03-29T15:47:48.0770000-06:00,in
37,USC00051772,Snow,1947-03-31T00:00:00.0000000-07:00,0.000000,T,,6,,NOAA,2013-03-29T15:47:48.0770000-06:00,in
37,USC00051772,Snow,1947-04-01T00:00:00.0000000-07:00,0.000000,,,6,,NOAA,2013-03-29T15:47:48.0770000-06:00,in
37,USC00051772,Snow,1947-04-02T00:00:00.0000000-07:00,0.000000,,,6,,NOAA,2013-03-29T15:47:48.0770000-06:00,in
37,USC00051772,Snow,1947-04-03T00:00:00.0000000-07:00,0.000000,,,6,,NOAA,2013-03-29T15:47:48.0770000-06:00,in
37,USC00051772,Snow,1947-04-04T00:00:00.0000000-07:00,0.000000,,,6,,NOAA,2013-03-29T15:47:48.0770000-06:00,in
37,USC00051772,Snow,1947-04-05T00:00:00.0000000-07:00,0.000000,,,6,,NOAA,2013-03-29T15:47:48.0770000-06:00,in
37,USC00051772,Snow,1947-04-06T00:00:00.0000000-07:00,0.000000,,,6,,NOAA,2013-03-29T15:47:48.0770000-06:00,in
37,USC00051772,Snow,1947-04-07T00:00:00.0000000-06:00,0.000000,T,,6,,NOAA,2013-03-29T15:47:48.0770000-06:00,in
37,USC00051772,Snow,1947-04-08T00:00:00.0000000-06:00,0.000000,,,6,,NOAA,2013-03-29T15:47:48.0770000-06:00,in
37,USC00051772,Snow,1947-04-09T00:00:00.0000000-06:00,0.000000,,,6,,NOAA,2013-03-29T15:47:48.0770000-06:00,in
37,USC00051772,Snow,1947-04-10T00:00:00.0000000-06:00,0.000000,,,6,,NOAA,2013-03-29T15:47:48.0770000-06:00,in
37,USC00051772,Snow,1947-04-11T00:00:00.0000000-06:00,0.000000,,,6,,NOAA,2013-03-29T15:47:48.0770000-06:00,in
37,USC00051772,Snow,1947-04-12T00:00:00.0000000-06:00,0.000000,,,6,,NOAA,2013-03-29T15:47:48.0770000-06:00,in
37,USC00051772,Snow,1947-04-13T00:00:00.0000000-06:00,0.000000,,,6,,NOAA,2013-03-29T15:47:48.0770000-06:00,in
37,USC00051772,Snow,1947-04-14T00:00:00.0000000-06:00,0.000000,,,6,,NOAA,2013-03-29T15:47:48.0770000-06:00,in
37,USC00051772,Snow,1947-04-15T00:00:00.0000000-06:00,0.000000,,,6,,NOAA,2013-03-29T15:47:48.0770000-06:00,in
37,USC00051772,Snow,1947-04-16T00:00:00.0000000-06:00,0.000000,,,6,,NOAA,2013-03-29T15:47:48.0770000-06:00,in
37,USC00051772,Snow,1947-04-17T00:00:00.0000000-06:00,0.000000,,,6,,NOAA,2013-03-29T15:47:48.0770000-06:00,in
37,USC00051772,Snow,1947-04-18T00:00:00.0000000-06:00,0.000000,,,6,,NOAA,2013-03-29T15:47:48.0770000-06:00,in
37,USC00051772,Snow,1947-04-19T00:00:00.0000000-06:00,0.000000,,,6,,NOAA,2013-03-29T15:47:48.0770000-06:00,in
37,USC00051772,Snow,1947-04-20T00:00:00.0000000-06:00,0.000000,,,6,,NOAA,2013-03-29T15:47:48.0770000-06:00,in
37,USC00051772,Snow,1947-04-21T00:00:00.0000000-06:00,0.000000,,,6,,NOAA,2013-03-29T15:47:48.0770000-06:00,in
37,USC00051772,Snow,1947-04-22T00:00:00.0000000-06:00,0.000000,,,6,,NOAA,2013-03-29T15:47:48.0770000-06:00,in
37,USC00051772,Snow,1947-04-23T00:00:00.0000000-06:00,0.000000,,,6,,NOAA,2013-03-29T15:47:48.0770000-06:00,in
37,USC00051772,Snow,1947-04-24T00:00:00.0000000-06:00,0.000000,,,6,,NOAA,2013-03-29T15:47:48.0770000-06:00,in
37,USC00051772,Snow,1947-04-25T00:00:00.0000000-06:00,0.000000,,,6,,NOAA,2013-03-29T15:47:48.0770000-06:00,in
37,USC00051772,Snow,1947-04-26T00:00:00.0000000-06:00,0.000000,,,6,,NOAA,2013-03-29T15:47:48.0770000-06:00,in
37,USC00051772,Snow,1947-04-27T00:00:00.0000000-06:00,0.000000,,,6,,NOAA,2013-03-29T15:47:48.0770000-06:00,in
37,USC00051772,Snow,1947-04-28T00:00:00.0000000-06:00,0.000000,,,6,,NOAA,2013-03-29T15:47:48.0770000-06:00,in
37,USC00051772,Snow,1947-04-29T00:00:00.0000000-06:00,0.000000,,,6,,NOAA,2013-03-29T15:47:48.0770000-06:00,in
37,USC00051772,Snow,1947-04-30T00:00:00.0000000-06:00,0.000000,,,6,,NOAA,2013-03-29T15:47:48.0770000-06:00,in
37,USC00051772,Snow,1947-05-01T00:00:00.0000000-06:00,0.000000,,,6,,NOAA,2013-03-29T15:47:48.0770000-06:00,in
37,USC00051772,Snow,1947-05-02T00:00:00.0000000-06:00,0.000000,,,6,,NOAA,2013-03-29T15:47:48.0770000-06:00,in
37,USC00051772,Snow,1947-05-03T00:00:00.0000000-06:00,0.000000,,,6,,NOAA,2013-03-29T15:47:48.0770000-06:00,in
37,USC00051772,Snow,1947-05-04T00:00:00.0000000-06:00,0.000000,,,6,,NOAA,2013-03-29T15:47:48.0770000-06:00,in
37,USC00051772,Snow,1947-05-05T00:00:00.0000000-06:00,0.000000,,,6,,NOAA,2013-03-29T15:47:48.0770000-06:00,in
37,USC00051772,Snow,1947-05-06T00:00:00.0000000-06:00,0.000000,,,6,,NOAA,2013-03-29T15:47:48.0770000-06:00,in
37,USC00051772,Snow,1947-05-07T00:00:00.0000000-06:00,0.000000,,,6,,NOAA,2013-03-29T15:47:48.0770000-06:00,in
37,USC00051772,Snow,1947-05-08T00:00:00.0000000-06:00,0.000000,,,6,,NOAA,2013-03-29T15:47:48.0770000-06:00,in
37,USC00051772,Snow,1947-05-09T00:00:00.0000000-06:00,0.000000,,,6,,NOAA,2013-03-29T15:47:48.0770000-06:00,in
37,USC00051772,Snow,1947-05-10T00:00:00.0000000-06:00,0.000000,,,6,,NOAA,2013-03-29T15:47:48.0770000-06:00,in
37,USC00051772,Snow,1947-05-11T00:00:00.0000000-06:00,0.000000,,,6,,NOAA,2013-03-29T15:47:48.0770000-06:00,in
37,USC00051772,Snow,1947-05-12T00:00:00.0000000-06:00,0.000000,,,6,,NOAA,2013-03-29T15:47:48.0770000-06:00,in
37,USC00051772,Snow,1947-05-13T00:00:00.0000000-06:00,0.000000,,,6,,NOAA,2013-03-29T15:47:48.0770000-06:00,in
37,USC00051772,Snow,1947-05-14T00:00:00.0000000-06:00,0.000000,,,6,,NOAA,2013-03-29T15:47:48.0770000-06:00,in
37,USC00051772,Snow,1947-05-15T00:00:00.0000000-06:00,0.000000,,,6,,NOAA,2013-03-29T15:47:48.0770000-06:00,in
37,USC00051772,Snow,1947-05-16T00:00:00.0000000-06:00,0.000000,,,6,,NOAA,2013-03-29T15:47:48.0770000-06:00,in
37,USC00051772,Snow,1947-05-17T00:00:00.0000000-06:00,0.000000,,,6,,NOAA,2013-03-29T15:47:48.0770000-06:00,in
37,USC00051772,Snow,1947-05-18T00:00:00.0000000-06:00,0.000000,,,6,,NOAA,2013-03-29T15:47:48.0770000-06:00,in
37,USC00051772,Snow,1947-05-19T00:00:00.0000000-06:00,0.000000,,,6,,NOAA,2013-03-29T15:47:48.0770000-06:00,in
37,USC00051772,Snow,1947-05-20T00:00:00.0000000-06:00,0.000000,,,6,,NOAA,2013-03-29T15:47:48.0770000-06:00,in
37,USC00051772,Snow,1947-05-21T00:00:00.0000000-06:00,0.000000,,,6,,NOAA,2013-03-29T15:47:48.0770000-06:00,in
37,USC00051772,Snow,1947-05-22T00:00:00.0000000-06:00,0.000000,,,6,,NOAA,2013-03-29T15:47:48.0770000-06:00,in
37,USC00051772,Snow,1947-05-23T00:00:00.0000000-06:00,0.000000,,,6,,NOAA,2013-03-29T15:47:48.0770000-06:00,in
37,USC00051772,Snow,1947-05-24T00:00:00.0000000-06:00,0.000000,,,6,,NOAA,2013-03-29T15:47:48.0770000-06:00,in
37,USC00051772,Snow,1947-05-25T00:00:00.0000000-06:00,0.000000,,,6,,NOAA,2013-03-29T15:47:48.0770000-06:00,in
37,USC00051772,Snow,1947-05-26T00:00:00.0000000-06:00,0.000000,,,6,,NOAA,2013-03-29T15:47:48.0770000-06:00,in
37,USC00051772,Snow,1947-05-27T00:00:00.0000000-06:00,0.000000,,,6,,NOAA,2013-03-29T15:47:48.0770000-06:00,in
37,USC00051772,Snow,1947-05-28T00:00:00.0000000-06:00,0.000000,,,6,,NOAA,2013-03-29T15:47:48.0770000-06:00,in
37,USC00051772,Snow,1947-05-29T00:00:00.0000000-06:00,0.000000,,,6,,NOAA,2013-03-29T15:47:48.0770000-06:00,in
37,USC00051772,Snow,1947-05-30T00:00:00.0000000-06:00,0.000000,,,6,,NOAA,2013-03-29T15:47:48.0770000-06:00,in
37,USC00051772,Snow,1947-05-31T00:00:00.0000000-06:00,0.000000,,,6,,NOAA,2013-03-29T15:47:48.0770000-06:00,in
37,USC00051772,Snow,1947-06-01T00:00:00.0000000-06:00,0.000000,,,6,,NOAA,2013-03-29T15:47:48.0770000-06:00,in
37,USC00051772,Snow,1947-06-02T00:00:00.0000000-06:00,0.000000,,,6,,NOAA,2013-03-29T15:47:48.0770000-06:00,in
37,USC00051772,Snow,1947-06-03T00:00:00.0000000-06:00,0.000000,,,6,,NOAA,2013-03-29T15:47:48.0770000-06:00,in
37,USC00051772,Snow,1947-06-04T00:00:00.0000000-06:00,0.000000,,,6,,NOAA,2013-03-29T15:47:48.0770000-06:00,in
37,USC00051772,Snow,1947-06-05T00:00:00.0000000-06:00,0.000000,,,6,,NOAA,2013-03-29T15:47:48.0770000-06:00,in
37,USC00051772,Snow,1947-06-06T00:00:00.0000000-06:00,0.000000,,,6,,NOAA,2013-03-29T15:47:48.0770000-06:00,in
37,USC00051772,Snow,1947-06-07T00:00:00.0000000-06:00,0.000000,,,6,,NOAA,2013-03-29T15:47:48.0770000-06:00,in
37,USC00051772,Snow,1947-06-08T00:00:00.0000000-06:00,0.000000,,,6,,NOAA,2013-03-29T15:47:48.0770000-06:00,in
37,USC00051772,Snow,1947-06-09T00:00:00.0000000-06:00,0.000000,,,6,,NOAA,2013-03-29T15:47:48.0770000-06:00,in
37,USC00051772,Snow,1947-06-10T00:00:00.0000000-06:00,0.000000,,,6,,NOAA,2013-03-29T15:47:48.0770000-06:00,in
37,USC00051772,Snow,1947-06-11T00:00:00.0000000-06:00,0.000000,,,6,,NOAA,2013-03-29T15:47:48.0770000-06:00,in
37,USC00051772,Snow,1947-06-12T00:00:00.0000000-06:00,0.000000,,,6,,NOAA,2013-03-29T15:47:48.0770000-06:00,in
37,USC00051772,Snow,1947-06-13T00:00:00.0000000-06:00,0.000000,,,6,,NOAA,2013-03-29T15:47:48.0770000-06:00,in
37,USC00051772,Snow,1947-06-14T00:00:00.0000000-06:00,0.000000,,,6,,NOAA,2013-03-29T15:47:48.0770000-06:00,in
37,USC00051772,Snow,1947-06-15T00:00:00.0000000-06:00,0.000000,,,6,,NOAA,2013-03-29T15:47:48.0770000-06:00,in
37,USC00051772,Snow,1947-06-16T00:00:00.0000000-06:00,0.000000,,,6,,NOAA,2013-03-29T15:47:48.0770000-06:00,in
37,USC00051772,Snow,1947-06-17T00:00:00.0000000-06:00,0.000000,,,6,,NOAA,2013-03-29T15:47:48.0770000-06:00,in
37,USC00051772,Snow,1947-06-18T00:00:00.0000000-06:00,0.000000,,,6,,NOAA,2013-03-29T15:47:48.0770000-06:00,in
37,USC00051772,Snow,1947-06-19T00:00:00.0000000-06:00,0.000000,,,6,,NOAA,2013-03-29T15:47:48.0770000-06:00,in
37,USC00051772,Snow,1947-06-20T00:00:00.0000000-06:00,0.000000,,,6,,NOAA,2013-03-29T15:47:48.0770000-06:00,in
37,USC00051772,Snow,1947-06-21T00:00:00.0000000-06:00,0.000000,,,6,,NOAA,2013-03-29T15:47:48.0770000-06:00,in
37,USC00051772,Snow,1947-06-22T00:00:00.0000000-06:00,0.000000,,,6,,NOAA,2013-03-29T15:47:48.0770000-06:00,in
37,USC00051772,Snow,1947-06-23T00:00:00.0000000-06:00,0.000000,,,6,,NOAA,2013-03-29T15:47:48.0770000-06:00,in
37,USC00051772,Snow,1947-06-24T00:00:00.0000000-06:00,0.000000,,,6,,NOAA,2013-03-29T15:47:48.0770000-06:00,in
37,USC00051772,Snow,1947-06-25T00:00:00.0000000-06:00,0.000000,,,6,,NOAA,2013-03-29T15:47:48.0770000-06:00,in
37,USC00051772,Snow,1947-06-26T00:00:00.0000000-06:00,0.000000,,,6,,NOAA,2013-03-29T15:47:48.0770000-06:00,in
37,USC00051772,Snow,1947-06-27T00:00:00.0000000-06:00,0.000000,,,6,,NOAA,2013-03-29T15:47:48.0770000-06:00,in
37,USC00051772,Snow,1947-06-28T00:00:00.0000000-06:00,0.000000,,,6,,NOAA,2013-03-29T15:47:48.0770000-06:00,in
37,USC00051772,Snow,1947-06-29T00:00:00.0000000-06:00,0.000000,,,6,,NOAA,2013-03-29T15:47:48.0770000-06:00,in
37,USC00051772,Snow,1947-06-30T00:00:00.0000000-06:00,0.000000,,,6,,NOAA,2013-03-29T15:47:48.0770000-06:00,in
37,USC00051772,Snow,1947-07-01T00:00:00.0000000-06:00,0.000000,,,6,,NOAA,2013-03-29T15:47:48.0770000-06:00,in
37,USC00051772,Snow,1947-07-02T00:00:00.0000000-06:00,0.000000,,,6,,NOAA,2013-03-29T15:47:48.0770000-06:00,in
37,USC00051772,Snow,1947-07-03T00:00:00.0000000-06:00,0.000000,,,6,,NOAA,2013-03-29T15:47:48.0770000-06:00,in
37,USC00051772,Snow,1947-07-04T00:00:00.0000000-06:00,0.000000,,,6,,NOAA,2013-03-29T15:47:48.0770000-06:00,in
37,USC00051772,Snow,1947-07-05T00:00:00.0000000-06:00,0.000000,,,6,,NOAA,2013-03-29T15:47:48.0770000-06:00,in
37,USC00051772,Snow,1947-07-06T00:00:00.0000000-06:00,0.000000,,,6,,NOAA,2013-03-29T15:47:48.0770000-06:00,in
37,USC00051772,Snow,1947-07-07T00:00:00.0000000-06:00,0.000000,,,6,,NOAA,2013-03-29T15:47:48.0770000-06:00,in
37,USC00051772,Snow,1947-07-08T00:00:00.0000000-06:00,0.000000,,,6,,NOAA,2013-03-29T15:47:48.0770000-06:00,in
37,USC00051772,Snow,1947-07-09T00:00:00.0000000-06:00,0.000000,,,6,,NOAA,2013-03-29T15:47:48.0770000-06:00,in
37,USC00051772,Snow,1947-07-10T00:00:00.0000000-06:00,0.000000,,,6,,NOAA,2013-03-29T15:47:48.0770000-06:00,in
37,USC00051772,Snow,1947-07-11T00:00:00.0000000-06:00,0.000000,,,6,,NOAA,2013-03-29T15:47:48.0770000-06:00,in
37,USC00051772,Snow,1947-07-12T00:00:00.0000000-06:00,0.000000,,,6,,NOAA,2013-03-29T15:47:48.0770000-06:00,in
37,USC00051772,Snow,1947-07-13T00:00:00.0000000-06:00,0.000000,,,6,,NOAA,2013-03-29T15:47:48.0770000-06:00,in
37,USC00051772,Snow,1947-07-14T00:00:00.0000000-06:00,0.000000,,,6,,NOAA,2013-03-29T15:47:48.0770000-06:00,in
37,USC00051772,Snow,1947-07-15T00:00:00.0000000-06:00,0.000000,,,6,,NOAA,2013-03-29T15:47:48.0770000-06:00,in
37,USC00051772,Snow,1947-07-16T00:00:00.0000000-06:00,0.000000,,,6,,NOAA,2013-03-29T15:47:48.0770000-06:00,in
37,USC00051772,Snow,1947-07-17T00:00:00.0000000-06:00,0.000000,,,6,,NOAA,2013-03-29T15:47:48.0770000-06:00,in
37,USC00051772,Snow,1947-07-18T00:00:00.0000000-06:00,0.000000,,,6,,NOAA,2013-03-29T15:47:48.0770000-06:00,in
37,USC00051772,Snow,1947-07-19T00:00:00.0000000-06:00,0.000000,,,6,,NOAA,2013-03-29T15:47:48.0770000-06:00,in
37,USC00051772,Snow,1947-07-20T00:00:00.0000000-06:00,0.000000,,,6,,NOAA,2013-03-29T15:47:48.0770000-06:00,in
37,USC00051772,Snow,1947-07-21T00:00:00.0000000-06:00,0.000000,,,6,,NOAA,2013-03-29T15:47:48.0770000-06:00,in
37,USC00051772,Snow,1947-07-22T00:00:00.0000000-06:00,0.000000,,,6,,NOAA,2013-03-29T15:47:48.0770000-06:00,in
37,USC00051772,Snow,1947-07-23T00:00:00.0000000-06:00,0.000000,,,6,,NOAA,2013-03-29T15:47:48.0770000-06:00,in
37,USC00051772,Snow,1947-07-24T00:00:00.0000000-06:00,0.000000,,,6,,NOAA,2013-03-29T15:47:48.0770000-06:00,in
37,USC00051772,Snow,1947-07-25T00:00:00.0000000-06:00,0.000000,,,6,,NOAA,2013-03-29T15:47:48.0770000-06:00,in
37,USC00051772,Snow,1947-07-26T00:00:00.0000000-06:00,0.000000,,,6,,NOAA,2013-03-29T15:47:48.0770000-06:00,in
37,USC00051772,Snow,1947-07-27T00:00:00.0000000-06:00,0.000000,,,6,,NOAA,2013-03-29T15:47:48.0770000-06:00,in
37,USC00051772,Snow,1947-07-28T00:00:00.0000000-06:00,0.000000,,,6,,NOAA,2013-03-29T15:47:48.0770000-06:00,in
37,USC00051772,Snow,1947-07-29T00:00:00.0000000-06:00,0.000000,,,6,,NOAA,2013-03-29T15:47:48.0770000-06:00,in
37,USC00051772,Snow,1947-07-30T00:00:00.0000000-06:00,0.000000,,,6,,NOAA,2013-03-29T15:47:48.0770000-06:00,in
37,USC00051772,Snow,1947-07-31T00:00:00.0000000-06:00,0.000000,,,6,,NOAA,2013-03-29T15:47:48.0770000-06:00,in
37,USC00051772,Snow,1947-08-01T00:00:00.0000000-06:00,0.000000,,,6,,NOAA,2013-03-29T15:47:48.0770000-06:00,in
37,USC00051772,Snow,1947-08-02T00:00:00.0000000-06:00,0.000000,,,6,,NOAA,2013-03-29T15:47:48.0770000-06:00,in
37,USC00051772,Snow,1947-08-03T00:00:00.0000000-06:00,0.000000,,,6,,NOAA,2013-03-29T15:47:48.0770000-06:00,in
37,USC00051772,Snow,1947-08-04T00:00:00.0000000-06:00,0.000000,,,6,,NOAA,2013-03-29T15:47:48.0770000-06:00,in
37,USC00051772,Snow,1947-08-05T00:00:00.0000000-06:00,0.000000,,,6,,NOAA,2013-03-29T15:47:48.0770000-06:00,in
37,USC00051772,Snow,1947-08-06T00:00:00.0000000-06:00,0.000000,,,6,,NOAA,2013-03-29T15:47:48.0770000-06:00,in
37,USC00051772,Snow,1947-08-07T00:00:00.0000000-06:00,0.000000,,,6,,NOAA,2013-03-29T15:47:48.0770000-06:00,in
37,USC00051772,Snow,1947-08-08T00:00:00.0000000-06:00,0.000000,,,6,,NOAA,2013-03-29T15:47:48.0770000-06:00,in
37,USC00051772,Snow,1947-08-09T00:00:00.0000000-06:00,0.000000,,,6,,NOAA,2013-03-29T15:47:48.0770000-06:00,in
37,USC00051772,Snow,1947-08-10T00:00:00.0000000-06:00,0.000000,,,6,,NOAA,2013-03-29T15:47:48.0770000-06:00,in
37,USC00051772,Snow,1947-08-11T00:00:00.0000000-06:00,0.000000,,,6,,NOAA,2013-03-29T15:47:48.0770000-06:00,in
37,USC00051772,Snow,1947-08-12T00:00:00.0000000-06:00,0.000000,,,6,,NOAA,2013-03-29T15:47:48.0770000-06:00,in
37,USC00051772,Snow,1947-08-13T00:00:00.0000000-06:00,0.000000,,,6,,NOAA,2013-03-29T15:47:48.0770000-06:00,in
37,USC00051772,Snow,1947-08-14T00:00:00.0000000-06:00,0.000000,,,6,,NOAA,2013-03-29T15:47:48.0770000-06:00,in
37,USC00051772,Snow,1947-08-15T00:00:00.0000000-06:00,0.000000,,,6,,NOAA,2013-03-29T15:47:48.0770000-06:00,in
37,USC00051772,Snow,1947-08-16T00:00:00.0000000-06:00,0.000000,,,6,,NOAA,2013-03-29T15:47:48.0770000-06:00,in
37,USC00051772,Snow,1947-08-17T00:00:00.0000000-06:00,0.000000,,,6,,NOAA,2013-03-29T15:47:48.0770000-06:00,in
37,USC00051772,Snow,1947-08-18T00:00:00.0000000-06:00,0.000000,,,6,,NOAA,2013-03-29T15:47:48.0770000-06:00,in
37,USC00051772,Snow,1947-08-19T00:00:00.0000000-06:00,0.000000,,,6,,NOAA,2013-03-29T15:47:48.0770000-06:00,in
37,USC00051772,Snow,1947-08-20T00:00:00.0000000-06:00,0.000000,,,6,,NOAA,2013-03-29T15:47:48.0770000-06:00,in
37,USC00051772,Snow,1947-08-21T00:00:00.0000000-06:00,0.000000,,,6,,NOAA,2013-03-29T15:47:48.0770000-06:00,in
37,USC00051772,Snow,1947-08-22T00:00:00.0000000-06:00,0.000000,,,6,,NOAA,2013-03-29T15:47:48.0770000-06:00,in
37,USC00051772,Snow,1947-08-23T00:00:00.0000000-06:00,0.000000,,,6,,NOAA,2013-03-29T15:47:48.0770000-06:00,in
37,USC00051772,Snow,1947-08-24T00:00:00.0000000-06:00,0.000000,,,6,,NOAA,2013-03-29T15:47:48.0770000-06:00,in
37,USC00051772,Snow,1947-08-25T00:00:00.0000000-06:00,0.000000,,,6,,NOAA,2013-03-29T15:47:48.0770000-06:00,in
37,USC00051772,Snow,1947-08-26T00:00:00.0000000-06:00,0.000000,,,6,,NOAA,2013-03-29T15:47:48.0770000-06:00,in
37,USC00051772,Snow,1947-08-27T00:00:00.0000000-06:00,0.000000,,,6,,NOAA,2013-03-29T15:47:48.0770000-06:00,in
37,USC00051772,Snow,1947-08-28T00:00:00.0000000-06:00,0.000000,,,6,,NOAA,2013-03-29T15:47:48.0770000-06:00,in
37,USC00051772,Snow,1947-08-29T00:00:00.0000000-06:00,0.000000,,,6,,NOAA,2013-03-29T15:47:48.0770000-06:00,in
37,USC00051772,Snow,1947-08-30T00:00:00.0000000-06:00,0.000000,,,6,,NOAA,2013-03-29T15:47:48.0770000-06:00,in
37,USC00051772,Snow,1947-08-31T00:00:00.0000000-06:00,0.000000,,,6,,NOAA,2013-03-29T15:47:48.0770000-06:00,in
37,USC00051772,Snow,1947-09-01T00:00:00.0000000-06:00,0.000000,,,6,,NOAA,2013-03-29T15:47:48.0770000-06:00,in
37,USC00051772,Snow,1947-09-02T00:00:00.0000000-06:00,0.000000,,,6,,NOAA,2013-03-29T15:47:48.0770000-06:00,in
37,USC00051772,Snow,1947-09-03T00:00:00.0000000-06:00,0.000000,,,6,,NOAA,2013-03-29T15:47:48.0770000-06:00,in
37,USC00051772,Snow,1947-09-04T00:00:00.0000000-06:00,0.000000,,,6,,NOAA,2013-03-29T15:47:48.0770000-06:00,in
37,USC00051772,Snow,1947-09-05T00:00:00.0000000-06:00,0.000000,,,6,,NOAA,2013-03-29T15:47:48.0770000-06:00,in
37,USC00051772,Snow,1947-09-06T00:00:00.0000000-06:00,0.000000,,,6,,NOAA,2013-03-29T15:47:48.0770000-06:00,in
37,USC00051772,Snow,1947-09-07T00:00:00.0000000-06:00,0.000000,,,6,,NOAA,2013-03-29T15:47:48.0770000-06:00,in
37,USC00051772,Snow,1947-09-08T00:00:00.0000000-06:00,0.000000,,,6,,NOAA,2013-03-29T15:47:48.0770000-06:00,in
37,USC00051772,Snow,1947-09-09T00:00:00.0000000-06:00,0.000000,,,6,,NOAA,2013-03-29T15:47:48.0770000-06:00,in
37,USC00051772,Snow,1947-09-10T00:00:00.0000000-06:00,0.000000,,,6,,NOAA,2013-03-29T15:47:48.0770000-06:00,in
37,USC00051772,Snow,1947-09-11T00:00:00.0000000-06:00,0.000000,,,6,,NOAA,2013-03-29T15:47:48.0770000-06:00,in
37,USC00051772,Snow,1947-09-12T00:00:00.0000000-06:00,0.000000,,,6,,NOAA,2013-03-29T15:47:48.0770000-06:00,in
37,USC00051772,Snow,1947-09-13T00:00:00.0000000-06:00,0.000000,,,6,,NOAA,2013-03-29T15:47:48.0770000-06:00,in
37,USC00051772,Snow,1947-09-14T00:00:00.0000000-06:00,0.000000,,,6,,NOAA,2013-03-29T15:47:48.0770000-06:00,in
37,USC00051772,Snow,1947-09-15T00:00:00.0000000-06:00,0.000000,,,6,,NOAA,2013-03-29T15:47:48.0770000-06:00,in
37,USC00051772,Snow,1947-09-16T00:00:00.0000000-06:00,0.000000,,,6,,NOAA,2013-03-29T15:47:48.0770000-06:00,in
37,USC00051772,Snow,1947-09-17T00:00:00.0000000-06:00,0.000000,,,6,,NOAA,2013-03-29T15:47:48.0770000-06:00,in
37,USC00051772,Snow,1947-09-18T00:00:00.0000000-06:00,0.000000,,,6,,NOAA,2013-03-29T15:47:48.0770000-06:00,in
37,USC00051772,Snow,1947-09-19T00:00:00.0000000-06:00,0.000000,,,6,,NOAA,2013-03-29T15:47:48.0770000-06:00,in
37,USC00051772,Snow,1947-09-20T00:00:00.0000000-06:00,0.000000,,,6,,NOAA,2013-03-29T15:47:48.0770000-06:00,in
37,USC00051772,Snow,1947-09-21T00:00:00.0000000-06:00,0.000000,,,6,,NOAA,2013-03-29T15:47:48.0770000-06:00,in
37,USC00051772,Snow,1947-09-22T00:00:00.0000000-06:00,0.000000,,,6,,NOAA,2013-03-29T15:47:48.0770000-06:00,in
37,USC00051772,Snow,1947-09-23T00:00:00.0000000-06:00,0.000000,,,6,,NOAA,2013-03-29T15:47:48.0770000-06:00,in
37,USC00051772,Snow,1947-09-24T00:00:00.0000000-06:00,0.000000,,,6,,NOAA,2013-03-29T15:47:48.0770000-06:00,in
37,USC00051772,Snow,1947-09-25T00:00:00.0000000-06:00,0.000000,,,6,,NOAA,2013-03-29T15:47:48.0770000-06:00,in
37,USC00051772,Snow,1947-09-26T00:00:00.0000000-06:00,0.000000,,,6,,NOAA,2013-03-29T15:47:48.0770000-06:00,in
37,USC00051772,Snow,1947-09-27T00:00:00.0000000-06:00,0.000000,,,6,,NOAA,2013-03-29T15:47:48.0770000-06:00,in
37,USC00051772,Snow,1947-09-28T00:00:00.0000000-06:00,0.000000,,,6,,NOAA,2013-03-29T15:47:48.0770000-06:00,in
37,USC00051772,Snow,1947-09-29T00:00:00.0000000-06:00,0.000000,,,6,,NOAA,2013-03-29T15:47:48.0770000-06:00,in
37,USC00051772,Snow,1947-09-30T00:00:00.0000000-06:00,0.000000,,,6,,NOAA,2013-03-29T15:47:48.0770000-06:00,in
37,USC00051772,Snow,1947-10-01T00:00:00.0000000-06:00,0.000000,,,6,,NOAA,2013-03-29T15:47:48.0770000-06:00,in
37,USC00051772,Snow,1947-10-02T00:00:00.0000000-06:00,0.000000,,,6,,NOAA,2013-03-29T15:47:48.0770000-06:00,in
37,USC00051772,Snow,1947-10-03T00:00:00.0000000-06:00,0.000000,,,6,,NOAA,2013-03-29T15:47:48.0770000-06:00,in
37,USC00051772,Snow,1947-10-04T00:00:00.0000000-06:00,0.000000,,,6,,NOAA,2013-03-29T15:47:48.0770000-06:00,in
37,USC00051772,Snow,1947-10-05T00:00:00.0000000-06:00,0.000000,,,6,,NOAA,2013-03-29T15:47:48.0770000-06:00,in
37,USC00051772,Snow,1947-10-06T00:00:00.0000000-06:00,0.000000,,,6,,NOAA,2013-03-29T15:47:48.0770000-06:00,in
37,USC00051772,Snow,1947-10-07T00:00:00.0000000-06:00,0.000000,,,6,,NOAA,2013-03-29T15:47:48.0770000-06:00,in
37,USC00051772,Snow,1947-10-08T00:00:00.0000000-06:00,0.000000,,,6,,NOAA,2013-03-29T15:47:48.0770000-06:00,in
37,USC00051772,Snow,1947-10-09T00:00:00.0000000-06:00,0.000000,,,6,,NOAA,2013-03-29T15:47:48.0770000-06:00,in
37,USC00051772,Snow,1947-10-10T00:00:00.0000000-06:00,0.000000,,,6,,NOAA,2013-03-29T15:47:48.0770000-06:00,in
37,USC00051772,Snow,1947-10-11T00:00:00.0000000-06:00,0.000000,,,6,,NOAA,2013-03-29T15:47:48.0770000-06:00,in
37,USC00051772,Snow,1947-10-12T00:00:00.0000000-06:00,0.000000,,,6,,NOAA,2013-03-29T15:47:48.0770000-06:00,in
37,USC00051772,Snow,1947-10-13T00:00:00.0000000-06:00,0.000000,,,6,,NOAA,2013-03-29T15:47:48.0770000-06:00,in
37,USC00051772,Snow,1947-10-14T00:00:00.0000000-06:00,0.000000,,,6,,NOAA,2013-03-29T15:47:48.0770000-06:00,in
37,USC00051772,Snow,1947-10-15T00:00:00.0000000-06:00,0.000000,,,6,,NOAA,2013-03-29T15:47:48.0770000-06:00,in
37,USC00051772,Snow,1947-10-16T00:00:00.0000000-06:00,0.000000,,,6,,NOAA,2013-03-29T15:47:48.0770000-06:00,in
37,USC00051772,Snow,1947-10-17T00:00:00.0000000-06:00,0.000000,,,6,,NOAA,2013-03-29T15:47:48.0770000-06:00,in
37,USC00051772,Snow,1947-10-18T00:00:00.0000000-06:00,0.000000,,,6,,NOAA,2013-03-29T15:47:48.0770000-06:00,in
37,USC00051772,Snow,1947-10-19T00:00:00.0000000-06:00,0.000000,,,6,,NOAA,2013-03-29T15:47:48.0770000-06:00,in
37,USC00051772,Snow,1947-10-20T00:00:00.0000000-06:00,0.000000,,,6,,NOAA,2013-03-29T15:47:48.0770000-06:00,in
37,USC00051772,Snow,1947-10-21T00:00:00.0000000-06:00,0.000000,,,6,,NOAA,2013-03-29T15:47:48.0770000-06:00,in
37,USC00051772,Snow,1947-10-22T00:00:00.0000000-06:00,0.000000,,,6,,NOAA,2013-03-29T15:47:48.0770000-06:00,in
37,USC00051772,Snow,1947-10-23T00:00:00.0000000-06:00,0.000000,,,6,,NOAA,2013-03-29T15:47:48.0770000-06:00,in
37,USC00051772,Snow,1947-10-24T00:00:00.0000000-06:00,0.000000,,,6,,NOAA,2013-03-29T15:47:48.0770000-06:00,in
37,USC00051772,Snow,1947-10-25T00:00:00.0000000-06:00,0.000000,,,6,,NOAA,2013-03-29T15:47:48.0770000-06:00,in
37,USC00051772,Snow,1947-10-26T00:00:00.0000000-06:00,0.000000,,,6,,NOAA,2013-03-29T15:47:48.0770000-06:00,in
37,USC00051772,Snow,1947-10-27T00:00:00.0000000-07:00,0.000000,,,6,,NOAA,2013-03-29T15:47:48.0770000-06:00,in
37,USC00051772,Snow,1947-10-28T00:00:00.0000000-07:00,0.000000,,,6,,NOAA,2013-03-29T15:47:48.0770000-06:00,in
37,USC00051772,Snow,1947-10-29T00:00:00.0000000-07:00,0.000000,,,6,,NOAA,2013-03-29T15:47:48.0770000-06:00,in
37,USC00051772,Snow,1947-10-30T00:00:00.0000000-07:00,0.000000,,,6,,NOAA,2013-03-29T15:47:48.0770000-06:00,in
37,USC00051772,Snow,1947-10-31T00:00:00.0000000-07:00,0.000000,,,6,,NOAA,2013-03-29T15:47:48.0770000-06:00,in
37,USC00051772,Snow,1947-11-01T00:00:00.0000000-07:00,0.000000,,,6,,NOAA,2013-03-29T15:47:48.0770000-06:00,in
37,USC00051772,Snow,1947-11-02T00:00:00.0000000-07:00,0.000000,,,6,,NOAA,2013-03-29T15:47:48.0770000-06:00,in
37,USC00051772,Snow,1947-11-03T00:00:00.0000000-07:00,0.000000,,,6,,NOAA,2013-03-29T15:47:48.0770000-06:00,in
37,USC00051772,Snow,1947-11-04T00:00:00.0000000-07:00,0.000000,,,6,,NOAA,2013-03-29T15:47:48.0770000-06:00,in
37,USC00051772,Snow,1947-11-05T00:00:00.0000000-07:00,0.118110,,,6,,NOAA,2013-03-29T15:47:48.0770000-06:00,in
37,USC00051772,Snow,1947-11-06T00:00:00.0000000-07:00,0.590551,,,6,,NOAA,2013-03-29T15:47:48.0770000-06:00,in
37,USC00051772,Snow,1947-11-07T00:00:00.0000000-07:00,0.000000,,,6,,NOAA,2013-03-29T15:47:48.0770000-06:00,in
37,USC00051772,Snow,1947-11-08T00:00:00.0000000-07:00,0.000000,,,6,,NOAA,2013-03-29T15:47:48.0770000-06:00,in
37,USC00051772,Snow,1947-11-09T00:00:00.0000000-07:00,0.000000,,,6,,NOAA,2013-03-29T15:47:48.0770000-06:00,in
37,USC00051772,Snow,1947-11-10T00:00:00.0000000-07:00,1.496063,,,6,,NOAA,2013-03-29T15:47:48.0770000-06:00,in
37,USC00051772,Snow,1947-11-11T00:00:00.0000000-07:00,0.000000,,,6,,NOAA,2013-03-29T15:47:48.0770000-06:00,in
37,USC00051772,Snow,1947-11-12T00:00:00.0000000-07:00,0.000000,,,6,,NOAA,2013-03-29T15:47:48.0770000-06:00,in
37,USC00051772,Snow,1947-11-13T00:00:00.0000000-07:00,0.000000,,,6,,NOAA,2013-03-29T15:47:48.0770000-06:00,in
37,USC00051772,Snow,1947-11-14T00:00:00.0000000-07:00,0.590551,,,6,,NOAA,2013-03-29T15:47:48.0770000-06:00,in
37,USC00051772,Snow,1947-11-15T00:00:00.0000000-07:00,0.000000,T,,6,,NOAA,2013-03-29T15:47:48.0770000-06:00,in
37,USC00051772,Snow,1947-11-16T00:00:00.0000000-07:00,0.314961,,,6,,NOAA,2013-03-29T15:47:48.0770000-06:00,in
37,USC00051772,Snow,1947-11-17T00:00:00.0000000-07:00,0.000000,T,,6,,NOAA,2013-03-29T15:47:48.0770000-06:00,in
37,USC00051772,Snow,1947-11-18T00:00:00.0000000-07:00,0.000000,T,,6,,NOAA,2013-03-29T15:47:48.0770000-06:00,in
37,USC00051772,Snow,1947-11-19T00:00:00.0000000-07:00,3.503937,,,6,,NOAA,2013-03-29T15:47:48.0770000-06:00,in
37,USC00051772,Snow,1947-11-20T00:00:00.0000000-07:00,4.015748,,,6,,NOAA,2013-03-29T15:47:48.0770000-06:00,in
37,USC00051772,Snow,1947-11-21T00:00:00.0000000-07:00,2.913386,,,6,,NOAA,2013-03-29T15:47:48.0770000-06:00,in
37,USC00051772,Snow,1947-11-22T00:00:00.0000000-07:00,0.000000,,,6,,NOAA,2013-03-29T15:47:48.0770000-06:00,in
37,USC00051772,Snow,1947-11-23T00:00:00.0000000-07:00,0.000000,,,6,,NOAA,2013-03-29T15:47:48.0770000-06:00,in
37,USC00051772,Snow,1947-11-24T00:00:00.0000000-07:00,0.000000,,,6,,NOAA,2013-03-29T15:47:48.0770000-06:00,in
37,USC00051772,Snow,1947-11-25T00:00:00.0000000-07:00,0.000000,,,6,,NOAA,2013-03-29T15:47:48.0770000-06:00,in
37,USC00051772,Snow,1947-11-26T00:00:00.0000000-07:00,0.000000,,,6,,NOAA,2013-03-29T15:47:48.0770000-06:00,in
37,USC00051772,Snow,1947-11-27T00:00:00.0000000-07:00,0.000000,,,6,,NOAA,2013-03-29T15:47:48.0770000-06:00,in
37,USC00051772,Snow,1947-11-28T00:00:00.0000000-07:00,0.000000,,,6,,NOAA,2013-03-29T15:47:48.0770000-06:00,in
37,USC00051772,Snow,1947-11-29T00:00:00.0000000-07:00,0.000000,,,6,,NOAA,2013-03-29T15:47:48.0770000-06:00,in
37,USC00051772,Snow,1947-11-30T00:00:00.0000000-07:00,0.000000,,,6,,NOAA,2013-03-29T15:47:48.0770000-06:00,in
37,USC00051772,Snow,1947-12-01T00:00:00.0000000-07:00,0.000000,T,,6,,NOAA,2013-03-29T15:47:48.0770000-06:00,in
37,USC00051772,Snow,1947-12-02T00:00:00.0000000-07:00,0.000000,,,6,,NOAA,2013-03-29T15:47:48.0770000-06:00,in
37,USC00051772,Snow,1947-12-03T00:00:00.0000000-07:00,0.000000,T,,6,,NOAA,2013-03-29T15:47:48.0770000-06:00,in
37,USC00051772,Snow,1947-12-04T00:00:00.0000000-07:00,0.000000,T,,6,,NOAA,2013-03-29T15:47:48.0770000-06:00,in
37,USC00051772,Snow,1947-12-05T00:00:00.0000000-07:00,0.000000,,,6,,NOAA,2013-03-29T15:47:48.0770000-06:00,in
37,USC00051772,Snow,1947-12-06T00:00:00.0000000-07:00,1.496063,,,6,,NOAA,2013-03-29T15:47:48.0770000-06:00,in
37,USC00051772,Snow,1947-12-07T00:00:00.0000000-07:00,2.007874,,,6,,NOAA,2013-03-29T15:47:48.0770000-06:00,in
37,USC00051772,Snow,1947-12-08T00:00:00.0000000-07:00,7.716536,,,6,,NOAA,2013-03-29T15:47:48.0770000-06:00,in
37,USC00051772,Snow,1947-12-09T00:00:00.0000000-07:00,0.000000,T,,6,,NOAA,2013-03-29T15:47:48.0770000-06:00,in
37,USC00051772,Snow,1947-12-10T00:00:00.0000000-07:00,0.000000,,,6,,NOAA,2013-03-29T15:47:48.0770000-06:00,in
37,USC00051772,Snow,1947-12-11T00:00:00.0000000-07:00,0.000000,,,6,,NOAA,2013-03-29T15:47:48.0770000-06:00,in
37,USC00051772,Snow,1947-12-12T00:00:00.0000000-07:00,0.000000,,,6,,NOAA,2013-03-29T15:47:48.0770000-06:00,in
37,USC00051772,Snow,1947-12-13T00:00:00.0000000-07:00,0.000000,,,6,,NOAA,2013-03-29T15:47:48.0770000-06:00,in
37,USC00051772,Snow,1947-12-14T00:00:00.0000000-07:00,0.000000,,,6,,NOAA,2013-03-29T15:47:48.0770000-06:00,in
37,USC00051772,Snow,1947-12-15T00:00:00.0000000-07:00,0.000000,,,6,,NOAA,2013-03-29T15:47:48.0770000-06:00,in
37,USC00051772,Snow,1947-12-16T00:00:00.0000000-07:00,0.000000,T,,6,,NOAA,2013-03-29T15:47:48.0770000-06:00,in
37,USC00051772,Snow,1947-12-17T00:00:00.0000000-07:00,0.000000,,,6,,NOAA,2013-03-29T15:47:48.0770000-06:00,in
37,USC00051772,Snow,1947-12-18T00:00:00.0000000-07:00,0.000000,,,6,,NOAA,2013-03-29T15:47:48.0770000-06:00,in
37,USC00051772,Snow,1947-12-19T00:00:00.0000000-07:00,0.000000,,,6,,NOAA,2013-03-29T15:47:48.0770000-06:00,in
37,USC00051772,Snow,1947-12-20T00:00:00.0000000-07:00,0.000000,,,6,,NOAA,2013-03-29T15:47:48.0770000-06:00,in
37,USC00051772,Snow,1947-12-21T00:00:00.0000000-07:00,0.000000,,,6,,NOAA,2013-03-29T15:47:48.0770000-06:00,in
37,USC00051772,Snow,1947-12-22T00:00:00.0000000-07:00,0.000000,T,,6,,NOAA,2013-03-29T15:47:48.0770000-06:00,in
37,USC00051772,Snow,1947-12-23T00:00:00.0000000-07:00,0.000000,,,6,,NOAA,2013-03-29T15:47:48.0770000-06:00,in
37,USC00051772,Snow,1947-12-24T00:00:00.0000000-07:00,0.000000,,,6,,NOAA,2013-03-29T15:47:48.0770000-06:00,in
37,USC00051772,Snow,1947-12-25T00:00:00.0000000-07:00,0.000000,,,6,,NOAA,2013-03-29T15:47:48.0770000-06:00,in
37,USC00051772,Snow,1947-12-26T00:00:00.0000000-07:00,0.000000,,,6,,NOAA,2013-03-29T15:47:48.0770000-06:00,in
37,USC00051772,Snow,1947-12-27T00:00:00.0000000-07:00,0.000000,,,6,,NOAA,2013-03-29T15:47:48.0770000-06:00,in
37,USC00051772,Snow,1947-12-28T00:00:00.0000000-07:00,0.000000,,,6,,NOAA,2013-03-29T15:47:48.0770000-06:00,in
37,USC00051772,Snow,1947-12-29T00:00:00.0000000-07:00,0.000000,,,6,,NOAA,2013-03-29T15:47:48.0770000-06:00,in
37,USC00051772,Snow,1947-12-30T00:00:00.0000000-07:00,2.007874,,,6,,NOAA,2013-03-29T15:47:48.0770000-06:00,in
37,USC00051772,Snow,1947-12-31T00:00:00.0000000-07:00,0.000000,T,,6,,NOAA,2013-03-29T15:47:48.0770000-06:00,in
37,USC00051772,Snow,1948-01-01T00:00:00.0000000-07:00,0.000000,,,6,,NOAA,2013-03-29T15:47:48.0770000-06:00,in
37,USC00051772,Snow,1948-01-02T00:00:00.0000000-07:00,0.000000,,,6,,NOAA,2013-03-29T15:47:48.0770000-06:00,in
37,USC00051772,Snow,1948-01-03T00:00:00.0000000-07:00,0.000000,,,6,,NOAA,2013-03-29T15:47:48.0770000-06:00,in
37,USC00051772,Snow,1948-01-04T00:00:00.0000000-07:00,0.000000,,,6,,NOAA,2013-03-29T15:47:48.0770000-06:00,in
37,USC00051772,Snow,1948-01-05T00:00:00.0000000-07:00,0.000000,,,6,,NOAA,2013-03-29T15:47:48.0770000-06:00,in
37,USC00051772,Snow,1948-01-06T00:00:00.0000000-07:00,0.000000,,,6,,NOAA,2013-03-29T15:47:48.0770000-06:00,in
37,USC00051772,Snow,1948-01-07T00:00:00.0000000-07:00,0.000000,,,6,,NOAA,2013-03-29T15:47:48.0770000-06:00,in
37,USC00051772,Snow,1948-01-08T00:00:00.0000000-07:00,0.000000,,,6,,NOAA,2013-03-29T15:47:48.0770000-06:00,in
37,USC00051772,Snow,1948-01-09T00:00:00.0000000-07:00,0.000000,,,6,,NOAA,2013-03-29T15:47:48.0770000-06:00,in
37,USC00051772,Snow,1948-01-10T00:00:00.0000000-07:00,0.000000,,,6,,NOAA,2013-03-29T15:47:48.0770000-06:00,in
37,USC00051772,Snow,1948-01-11T00:00:00.0000000-07:00,0.000000,,,6,,NOAA,2013-03-29T15:47:48.0770000-06:00,in
37,USC00051772,Snow,1948-01-12T00:00:00.0000000-07:00,0.000000,,,6,,NOAA,2013-03-29T15:47:48.0770000-06:00,in
37,USC00051772,Snow,1948-01-13T00:00:00.0000000-07:00,0.000000,,,6,,NOAA,2013-03-29T15:47:48.0770000-06:00,in
37,USC00051772,Snow,1948-01-14T00:00:00.0000000-07:00,0.000000,,,6,,NOAA,2013-03-29T15:47:48.0770000-06:00,in
37,USC00051772,Snow,1948-01-15T00:00:00.0000000-07:00,0.000000,,,6,,NOAA,2013-03-29T15:47:48.0770000-06:00,in
37,USC00051772,Snow,1948-01-16T00:00:00.0000000-07:00,0.000000,,,6,,NOAA,2013-03-29T15:47:48.0770000-06:00,in
37,USC00051772,Snow,1948-01-17T00:00:00.0000000-07:00,0.000000,T,,6,,NOAA,2013-03-29T15:47:48.0770000-06:00,in
37,USC00051772,Snow,1948-01-18T00:00:00.0000000-07:00,0.000000,T,,6,,NOAA,2013-03-29T15:47:48.0770000-06:00,in
37,USC00051772,Snow,1948-01-19T00:00:00.0000000-07:00,0.000000,,,6,,NOAA,2013-03-29T15:47:48.0770000-06:00,in
37,USC00051772,Snow,1948-01-20T00:00:00.0000000-07:00,0.000000,,,6,,NOAA,2013-03-29T15:47:48.0770000-06:00,in
37,USC00051772,Snow,1948-01-21T00:00:00.0000000-07:00,0.000000,,,6,,NOAA,2013-03-29T15:47:48.0770000-06:00,in
37,USC00051772,Snow,1948-01-22T00:00:00.0000000-07:00,0.000000,,,6,,NOAA,2013-03-29T15:47:48.0770000-06:00,in
37,USC00051772,Snow,1948-01-23T00:00:00.0000000-07:00,0.000000,T,,6,,NOAA,2013-03-29T15:47:48.0770000-06:00,in
37,USC00051772,Snow,1948-01-24T00:00:00.0000000-07:00,2.519685,,,6,,NOAA,2013-03-29T15:47:48.0770000-06:00,in
37,USC00051772,Snow,1948-01-25T00:00:00.0000000-07:00,1.496063,,,6,,NOAA,2013-03-29T15:47:48.0770000-06:00,in
37,USC00051772,Snow,1948-01-26T00:00:00.0000000-07:00,10.000000,,,6,,NOAA,2013-03-29T15:47:48.0770000-06:00,in
37,USC00051772,Snow,1948-01-27T00:00:00.0000000-07:00,0.000000,,,6,,NOAA,2013-03-29T15:47:48.0770000-06:00,in
37,USC00051772,Snow,1948-01-28T00:00:00.0000000-07:00,0.000000,,,6,,NOAA,2013-03-29T15:47:48.0770000-06:00,in
37,USC00051772,Snow,1948-01-29T00:00:00.0000000-07:00,0.000000,,,6,,NOAA,2013-03-29T15:47:48.0770000-06:00,in
37,USC00051772,Snow,1948-01-30T00:00:00.0000000-07:00,0.000000,,,6,,NOAA,2013-03-29T15:47:48.0770000-06:00,in
37,USC00051772,Snow,1948-01-31T00:00:00.0000000-07:00,0.000000,,,6,,NOAA,2013-03-29T15:47:48.0770000-06:00,in
37,USC00051772,Snow,1948-02-01T00:00:00.0000000-07:00,0.000000,,,6,,NOAA,2013-03-29T15:47:48.0770000-06:00,in
37,USC00051772,Snow,1948-02-02T00:00:00.0000000-07:00,0.000000,,,6,,NOAA,2013-03-29T15:47:48.0770000-06:00,in
37,USC00051772,Snow,1948-02-03T00:00:00.0000000-07:00,0.000000,,,6,,NOAA,2013-03-29T15:47:48.0770000-06:00,in
37,USC00051772,Snow,1948-02-04T00:00:00.0000000-07:00,0.000000,,,6,,NOAA,2013-03-29T15:47:48.0770000-06:00,in
37,USC00051772,Snow,1948-02-05T00:00:00.0000000-07:00,0.000000,T,,6,,NOAA,2013-03-29T15:47:48.0770000-06:00,in
37,USC00051772,Snow,1948-02-06T00:00:00.0000000-07:00,2.519685,,,6,,NOAA,2013-03-29T15:47:48.0770000-06:00,in
37,USC00051772,Snow,1948-02-07T00:00:00.0000000-07:00,1.614173,,,6,,NOAA,2013-03-29T15:47:48.0770000-06:00,in
37,USC00051772,Snow,1948-02-08T00:00:00.0000000-07:00,0.000000,,,6,,NOAA,2013-03-29T15:47:48.0770000-06:00,in
37,USC00051772,Snow,1948-02-09T00:00:00.0000000-07:00,7.204724,,,6,,NOAA,2013-03-29T15:47:48.0770000-06:00,in
37,USC00051772,Snow,1948-02-10T00:00:00.0000000-07:00,1.811024,,,6,,NOAA,2013-03-29T15:47:48.0770000-06:00,in
37,USC00051772,Snow,1948-02-11T00:00:00.0000000-07:00,0.000000,,,6,,NOAA,2013-03-29T15:47:48.0770000-06:00,in
37,USC00051772,Snow,1948-02-12T00:00:00.0000000-07:00,0.314961,,,6,,NOAA,2013-03-29T15:47:48.0770000-06:00,in
37,USC00051772,Snow,1948-02-13T00:00:00.0000000-07:00,0.000000,T,,6,,NOAA,2013-03-29T15:47:48.0770000-06:00,in
37,USC00051772,Snow,1948-02-14T00:00:00.0000000-07:00,0.000000,,,6,,NOAA,2013-03-29T15:47:48.0770000-06:00,in
37,USC00051772,Snow,1948-02-15T00:00:00.0000000-07:00,0.000000,,,6,,NOAA,2013-03-29T15:47:48.0770000-06:00,in
37,USC00051772,Snow,1948-02-16T00:00:00.0000000-07:00,0.000000,,,6,,NOAA,2013-03-29T15:47:48.0770000-06:00,in
37,USC00051772,Snow,1948-02-17T00:00:00.0000000-07:00,0.000000,,,6,,NOAA,2013-03-29T15:47:48.0770000-06:00,in
37,USC00051772,Snow,1948-02-18T00:00:00.0000000-07:00,0.000000,,,6,,NOAA,2013-03-29T15:47:48.0770000-06:00,in
37,USC00051772,Snow,1948-02-19T00:00:00.0000000-07:00,0.000000,,,6,,NOAA,2013-03-29T15:47:48.0770000-06:00,in
37,USC00051772,Snow,1948-02-20T00:00:00.0000000-07:00,0.000000,T,,6,,NOAA,2013-03-29T15:47:48.0770000-06:00,in
37,USC00051772,Snow,1948-02-21T00:00:00.0000000-07:00,0.000000,,,6,,NOAA,2013-03-29T15:47:48.0770000-06:00,in
37,USC00051772,Snow,1948-02-22T00:00:00.0000000-07:00,0.000000,,,6,,NOAA,2013-03-29T15:47:48.0770000-06:00,in
37,USC00051772,Snow,1948-02-23T00:00:00.0000000-07:00,5.196850,,,6,,NOAA,2013-03-29T15:47:48.0770000-06:00,in
37,USC00051772,Snow,1948-02-24T00:00:00.0000000-07:00,1.811024,,,6,,NOAA,2013-03-29T15:47:48.0770000-06:00,in
37,USC00051772,Snow,1948-02-25T00:00:00.0000000-07:00,0.000000,,,6,,NOAA,2013-03-29T15:47:48.0770000-06:00,in
37,USC00051772,Snow,1948-02-26T00:00:00.0000000-07:00,0.000000,,,6,,NOAA,2013-03-29T15:47:48.0770000-06:00,in
37,USC00051772,Snow,1948-02-27T00:00:00.0000000-07:00,0.196850,,,6,,NOAA,2013-03-29T15:47:48.0770000-06:00,in
37,USC00051772,Snow,1948-02-28T00:00:00.0000000-07:00,6.102362,,,6,,NOAA,2013-03-29T15:47:48.0770000-06:00,in
37,USC00051772,Snow,1948-02-29T00:00:00.0000000-07:00,0.511811,,,6,,NOAA,2013-03-29T15:47:48.0770000-06:00,in
37,USC00051772,Snow,1948-03-01T00:00:00.0000000-07:00,0.000000,,,6,,NOAA,2013-03-29T15:47:48.0770000-06:00,in
37,USC00051772,Snow,1948-03-02T00:00:00.0000000-07:00,0.787402,,,6,,NOAA,2013-03-29T15:47:48.0770000-06:00,in
37,USC00051772,Snow,1948-03-03T00:00:00.0000000-07:00,2.204725,,,6,,NOAA,2013-03-29T15:47:48.0770000-06:00,in
37,USC00051772,Snow,1948-03-04T00:00:00.0000000-07:00,3.188977,,,6,,NOAA,2013-03-29T15:47:48.0770000-06:00,in
37,USC00051772,Snow,1948-03-05T00:00:00.0000000-07:00,0.314961,,,6,,NOAA,2013-03-29T15:47:48.0770000-06:00,in
37,USC00051772,Snow,1948-03-06T00:00:00.0000000-07:00,0.000000,,,6,,NOAA,2013-03-29T15:47:48.0770000-06:00,in
37,USC00051772,Snow,1948-03-07T00:00:00.0000000-07:00,0.000000,,,6,,NOAA,2013-03-29T15:47:48.0770000-06:00,in
37,USC00051772,Snow,1948-03-08T00:00:00.0000000-07:00,0.000000,,,6,,NOAA,2013-03-29T15:47:48.0770000-06:00,in
37,USC00051772,Snow,1948-03-09T00:00:00.0000000-07:00,5.787402,,,6,,NOAA,2013-03-29T15:47:48.0770000-06:00,in
37,USC00051772,Snow,1948-03-10T00:00:00.0000000-07:00,3.897638,,,6,,NOAA,2013-03-29T15:47:48.0770000-06:00,in
37,USC00051772,Snow,1948-03-11T00:00:00.0000000-07:00,0.000000,,,6,,NOAA,2013-03-29T15:47:48.0770000-06:00,in
37,USC00051772,Snow,1948-03-12T00:00:00.0000000-07:00,0.000000,,,6,,NOAA,2013-03-29T15:47:48.0770000-06:00,in
37,USC00051772,Snow,1948-03-13T00:00:00.0000000-07:00,0.000000,,,6,,NOAA,2013-03-29T15:47:48.0770000-06:00,in
37,USC00051772,Snow,1948-03-14T00:00:00.0000000-07:00,0.000000,,,6,,NOAA,2013-03-29T15:47:48.0770000-06:00,in
37,USC00051772,Snow,1948-03-15T00:00:00.0000000-07:00,0.984252,,,6,,NOAA,2013-03-29T15:47:48.0770000-06:00,in
37,USC00051772,Snow,1948-03-16T00:00:00.0000000-07:00,0.000000,,,6,,NOAA,2013-03-29T15:47:48.0770000-06:00,in
37,USC00051772,Snow,1948-03-17T00:00:00.0000000-07:00,0.000000,,,6,,NOAA,2013-03-29T15:47:48.0770000-06:00,in
37,USC00051772,Snow,1948-03-18T00:00:00.0000000-07:00,0.000000,,,6,,NOAA,2013-03-29T15:47:48.0770000-06:00,in
37,USC00051772,Snow,1948-03-19T00:00:00.0000000-07:00,0.000000,,,6,,NOAA,2013-03-29T15:47:48.0770000-06:00,in
37,USC00051772,Snow,1948-03-20T00:00:00.0000000-07:00,0.000000,,,6,,NOAA,2013-03-29T15:47:48.0770000-06:00,in
37,USC00051772,Snow,1948-03-21T00:00:00.0000000-07:00,0.000000,,,6,,NOAA,2013-03-29T15:47:48.0770000-06:00,in
37,USC00051772,Snow,1948-03-22T00:00:00.0000000-07:00,0.000000,,,6,,NOAA,2013-03-29T15:47:48.0770000-06:00,in
37,USC00051772,Snow,1948-03-23T00:00:00.0000000-07:00,0.000000,,,6,,NOAA,2013-03-29T15:47:48.0770000-06:00,in
37,USC00051772,Snow,1948-03-24T00:00:00.0000000-07:00,0.000000,,,6,,NOAA,2013-03-29T15:47:48.0770000-06:00,in
37,USC00051772,Snow,1948-03-25T00:00:00.0000000-07:00,2.007874,,,6,,NOAA,2013-03-29T15:47:48.0770000-06:00,in
37,USC00051772,Snow,1948-03-26T00:00:00.0000000-07:00,0.000000,,,6,,NOAA,2013-03-29T15:47:48.0770000-06:00,in
37,USC00051772,Snow,1948-03-27T00:00:00.0000000-07:00,0.000000,,,6,,NOAA,2013-03-29T15:47:48.0770000-06:00,in
37,USC00051772,Snow,1948-03-28T00:00:00.0000000-07:00,0.000000,,,6,,NOAA,2013-03-29T15:47:48.0770000-06:00,in
37,USC00051772,Snow,1948-03-29T00:00:00.0000000-07:00,0.000000,,,6,,NOAA,2013-03-29T15:47:48.0770000-06:00,in
37,USC00051772,Snow,1948-03-30T00:00:00.0000000-07:00,0.000000,,,6,,NOAA,2013-03-29T15:47:48.0770000-06:00,in
37,USC00051772,Snow,1948-03-31T00:00:00.0000000-07:00,0.000000,,,6,,NOAA,2013-03-29T15:47:48.0770000-06:00,in
37,USC00051772,Snow,1948-04-01T00:00:00.0000000-07:00,0.000000,,,6,,NOAA,2013-03-29T15:47:48.0770000-06:00,in
37,USC00051772,Snow,1948-04-02T00:00:00.0000000-07:00,0.000000,,,6,,NOAA,2013-03-29T15:47:48.0770000-06:00,in
37,USC00051772,Snow,1948-04-03T00:00:00.0000000-07:00,0.000000,,,6,,NOAA,2013-03-29T15:47:48.0770000-06:00,in
37,USC00051772,Snow,1948-04-04T00:00:00.0000000-07:00,0.000000,,,6,,NOAA,2013-03-29T15:47:48.0770000-06:00,in
37,USC00051772,Snow,1948-04-05T00:00:00.0000000-06:00,0.000000,,,6,,NOAA,2013-03-29T15:47:48.0770000-06:00,in
37,USC00051772,Snow,1948-04-06T00:00:00.0000000-06:00,0.000000,,,6,,NOAA,2013-03-29T15:47:48.0770000-06:00,in
37,USC00051772,Snow,1948-04-07T00:00:00.0000000-06:00,0.000000,,,6,,NOAA,2013-03-29T15:47:48.0770000-06:00,in
37,USC00051772,Snow,1948-04-08T00:00:00.0000000-06:00,0.000000,,,6,,NOAA,2013-03-29T15:47:48.0770000-06:00,in
37,USC00051772,Snow,1948-04-09T00:00:00.0000000-06:00,0.000000,,,6,,NOAA,2013-03-29T15:47:48.0770000-06:00,in
37,USC00051772,Snow,1948-04-10T00:00:00.0000000-06:00,0.000000,,,6,,NOAA,2013-03-29T15:47:48.0770000-06:00,in
37,USC00051772,Snow,1948-04-11T00:00:00.0000000-06:00,4.015748,,,6,,NOAA,2013-03-29T15:47:48.0770000-06:00,in
37,USC00051772,Snow,1948-04-12T00:00:00.0000000-06:00,0.000000,,,6,,NOAA,2013-03-29T15:47:48.0770000-06:00,in
37,USC00051772,Snow,1948-04-13T00:00:00.0000000-06:00,0.000000,,,6,,NOAA,2013-03-29T15:47:48.0770000-06:00,in
37,USC00051772,Snow,1948-04-14T00:00:00.0000000-06:00,0.000000,,,6,,NOAA,2013-03-29T15:47:48.0770000-06:00,in
37,USC00051772,Snow,1948-04-15T00:00:00.0000000-06:00,0.000000,,,6,,NOAA,2013-03-29T15:47:48.0770000-06:00,in
37,USC00051772,Snow,1948-04-16T00:00:00.0000000-06:00,0.000000,,,6,,NOAA,2013-03-29T15:47:48.0770000-06:00,in
37,USC00051772,Snow,1948-04-17T00:00:00.0000000-06:00,0.000000,,,6,,NOAA,2013-03-29T15:47:48.0770000-06:00,in
37,USC00051772,Snow,1948-04-18T00:00:00.0000000-06:00,0.000000,,,6,,NOAA,2013-03-29T15:47:48.0770000-06:00,in
37,USC00051772,Snow,1948-04-19T00:00:00.0000000-06:00,0.000000,,,6,,NOAA,2013-03-29T15:47:48.0770000-06:00,in
37,USC00051772,Snow,1948-04-20T00:00:00.0000000-06:00,0.000000,,,6,,NOAA,2013-03-29T15:47:48.0770000-06:00,in
37,USC00051772,Snow,1948-04-21T00:00:00.0000000-06:00,0.000000,,,6,,NOAA,2013-03-29T15:47:48.0770000-06:00,in
37,USC00051772,Snow,1948-04-22T00:00:00.0000000-06:00,0.000000,,,6,,NOAA,2013-03-29T15:47:48.0770000-06:00,in
37,USC00051772,Snow,1948-04-23T00:00:00.0000000-06:00,0.000000,,,6,,NOAA,2013-03-29T15:47:48.0770000-06:00,in
37,USC00051772,Snow,1948-04-24T00:00:00.0000000-06:00,0.000000,,,6,,NOAA,2013-03-29T15:47:48.0770000-06:00,in
37,USC00051772,Snow,1948-04-25T00:00:00.0000000-06:00,0.000000,,,6,,NOAA,2013-03-29T15:47:48.0770000-06:00,in
37,USC00051772,Snow,1948-04-26T00:00:00.0000000-06:00,0.000000,,,6,,NOAA,2013-03-29T15:47:48.0770000-06:00,in
37,USC00051772,Snow,1948-04-27T00:00:00.0000000-06:00,0.000000,,,6,,NOAA,2013-03-29T15:47:48.0770000-06:00,in
37,USC00051772,Snow,1948-04-28T00:00:00.0000000-06:00,0.000000,,,6,,NOAA,2013-03-29T15:47:48.0770000-06:00,in
37,USC00051772,Snow,1948-04-29T00:00:00.0000000-06:00,0.000000,,,6,,NOAA,2013-03-29T15:47:48.0770000-06:00,in
37,USC00051772,Snow,1948-04-30T00:00:00.0000000-06:00,0.000000,,,6,,NOAA,2013-03-29T15:47:48.0770000-06:00,in
37,USC00051772,Snow,1948-06-01T00:00:00.0000000-06:00,0.000000,,,6,,NOAA,2013-03-29T15:47:48.0770000-06:00,in
37,USC00051772,Snow,1948-06-02T00:00:00.0000000-06:00,0.000000,,,6,,NOAA,2013-03-29T15:47:48.0770000-06:00,in
37,USC00051772,Snow,1948-06-03T00:00:00.0000000-06:00,0.000000,,,6,,NOAA,2013-03-29T15:47:48.0770000-06:00,in
37,USC00051772,Snow,1948-06-04T00:00:00.0000000-06:00,0.000000,,,6,,NOAA,2013-03-29T15:47:48.0770000-06:00,in
37,USC00051772,Snow,1948-06-05T00:00:00.0000000-06:00,0.000000,,,6,,NOAA,2013-03-29T15:47:48.0770000-06:00,in
37,USC00051772,Snow,1948-06-06T00:00:00.0000000-06:00,0.000000,,,6,,NOAA,2013-03-29T15:47:48.0770000-06:00,in
37,USC00051772,Snow,1948-06-07T00:00:00.0000000-06:00,0.000000,,,6,,NOAA,2013-03-29T15:47:48.0770000-06:00,in
37,USC00051772,Snow,1948-06-08T00:00:00.0000000-06:00,0.000000,,,6,,NOAA,2013-03-29T15:47:48.0770000-06:00,in
37,USC00051772,Snow,1948-06-09T00:00:00.0000000-06:00,0.000000,,,6,,NOAA,2013-03-29T15:47:48.0770000-06:00,in
37,USC00051772,Snow,1948-06-10T00:00:00.0000000-06:00,0.000000,,,6,,NOAA,2013-03-29T15:47:48.0770000-06:00,in
37,USC00051772,Snow,1948-06-11T00:00:00.0000000-06:00,0.000000,,,6,,NOAA,2013-03-29T15:47:48.0770000-06:00,in
37,USC00051772,Snow,1948-06-12T00:00:00.0000000-06:00,0.000000,,,6,,NOAA,2013-03-29T15:47:48.0770000-06:00,in
37,USC00051772,Snow,1948-06-13T00:00:00.0000000-06:00,0.000000,,,6,,NOAA,2013-03-29T15:47:48.0770000-06:00,in
37,USC00051772,Snow,1948-06-14T00:00:00.0000000-06:00,0.000000,,,6,,NOAA,2013-03-29T15:47:48.0770000-06:00,in
37,USC00051772,Snow,1948-06-15T00:00:00.0000000-06:00,0.000000,,,6,,NOAA,2013-03-29T15:47:48.0770000-06:00,in
37,USC00051772,Snow,1948-06-16T00:00:00.0000000-06:00,0.000000,,,6,,NOAA,2013-03-29T15:47:48.0770000-06:00,in
37,USC00051772,Snow,1948-06-17T00:00:00.0000000-06:00,0.000000,,,6,,NOAA,2013-03-29T15:47:48.0770000-06:00,in
37,USC00051772,Snow,1948-06-18T00:00:00.0000000-06:00,0.000000,,,6,,NOAA,2013-03-29T15:47:48.0770000-06:00,in
37,USC00051772,Snow,1948-06-19T00:00:00.0000000-06:00,0.000000,,,6,,NOAA,2013-03-29T15:47:48.0770000-06:00,in
37,USC00051772,Snow,1948-06-20T00:00:00.0000000-06:00,0.000000,,,6,,NOAA,2013-03-29T15:47:48.0770000-06:00,in
37,USC00051772,Snow,1948-06-21T00:00:00.0000000-06:00,0.000000,,,6,,NOAA,2013-03-29T15:47:48.0770000-06:00,in
37,USC00051772,Snow,1948-06-22T00:00:00.0000000-06:00,0.000000,,,6,,NOAA,2013-03-29T15:47:48.0770000-06:00,in
37,USC00051772,Snow,1948-06-23T00:00:00.0000000-06:00,0.000000,,,6,,NOAA,2013-03-29T15:47:48.0770000-06:00,in
37,USC00051772,Snow,1948-06-24T00:00:00.0000000-06:00,0.000000,,,6,,NOAA,2013-03-29T15:47:48.0770000-06:00,in
37,USC00051772,Snow,1948-06-25T00:00:00.0000000-06:00,0.000000,,,6,,NOAA,2013-03-29T15:47:48.0770000-06:00,in
37,USC00051772,Snow,1948-06-26T00:00:00.0000000-06:00,0.000000,,,6,,NOAA,2013-03-29T15:47:48.0770000-06:00,in
37,USC00051772,Snow,1948-06-27T00:00:00.0000000-06:00,0.000000,,,6,,NOAA,2013-03-29T15:47:48.0770000-06:00,in
37,USC00051772,Snow,1948-06-28T00:00:00.0000000-06:00,0.000000,,,6,,NOAA,2013-03-29T15:47:48.0770000-06:00,in
37,USC00051772,Snow,1948-06-29T00:00:00.0000000-06:00,0.000000,,,6,,NOAA,2013-03-29T15:47:48.0770000-06:00,in
37,USC00051772,Snow,1948-06-30T00:00:00.0000000-06:00,0.000000,,,6,,NOAA,2013-03-29T15:47:48.0770000-06:00,in
37,USC00051772,Snow,1948-07-01T00:00:00.0000000-06:00,0.000000,,,6,,NOAA,2013-03-29T15:47:48.0770000-06:00,in
37,USC00051772,Snow,1948-07-02T00:00:00.0000000-06:00,0.000000,,,6,,NOAA,2013-03-29T15:47:48.0770000-06:00,in
37,USC00051772,Snow,1948-07-03T00:00:00.0000000-06:00,0.000000,,,6,,NOAA,2013-03-29T15:47:48.0770000-06:00,in
37,USC00051772,Snow,1948-07-04T00:00:00.0000000-06:00,0.000000,,,6,,NOAA,2013-03-29T15:47:48.0770000-06:00,in
37,USC00051772,Snow,1948-07-05T00:00:00.0000000-06:00,0.000000,,,6,,NOAA,2013-03-29T15:47:48.0770000-06:00,in
37,USC00051772,Snow,1948-07-06T00:00:00.0000000-06:00,0.000000,,,6,,NOAA,2013-03-29T15:47:48.0770000-06:00,in
37,USC00051772,Snow,1948-07-07T00:00:00.0000000-06:00,0.000000,,,6,,NOAA,2013-03-29T15:47:48.0770000-06:00,in
37,USC00051772,Snow,1948-07-08T00:00:00.0000000-06:00,0.000000,,,6,,NOAA,2013-03-29T15:47:48.0770000-06:00,in
37,USC00051772,Snow,1948-07-09T00:00:00.0000000-06:00,0.000000,,,6,,NOAA,2013-03-29T15:47:48.0770000-06:00,in
37,USC00051772,Snow,1948-07-10T00:00:00.0000000-06:00,0.000000,,,6,,NOAA,2013-03-29T15:47:48.0770000-06:00,in
37,USC00051772,Snow,1948-07-11T00:00:00.0000000-06:00,0.000000,,,6,,NOAA,2013-03-29T15:47:48.0770000-06:00,in
37,USC00051772,Snow,1948-07-12T00:00:00.0000000-06:00,0.000000,,,6,,NOAA,2013-03-29T15:47:48.0770000-06:00,in
37,USC00051772,Snow,1948-07-13T00:00:00.0000000-06:00,0.000000,,,6,,NOAA,2013-03-29T15:47:48.0770000-06:00,in
37,USC00051772,Snow,1948-07-14T00:00:00.0000000-06:00,0.000000,,,6,,NOAA,2013-03-29T15:47:48.0770000-06:00,in
37,USC00051772,Snow,1948-07-15T00:00:00.0000000-06:00,0.000000,,,6,,NOAA,2013-03-29T15:47:48.0770000-06:00,in
37,USC00051772,Snow,1948-07-16T00:00:00.0000000-06:00,0.000000,,,6,,NOAA,2013-03-29T15:47:48.0770000-06:00,in
37,USC00051772,Snow,1948-07-17T00:00:00.0000000-06:00,0.000000,,,6,,NOAA,2013-03-29T15:47:48.0770000-06:00,in
37,USC00051772,Snow,1948-07-18T00:00:00.0000000-06:00,0.000000,,,6,,NOAA,2013-03-29T15:47:48.0770000-06:00,in
37,USC00051772,Snow,1948-07-19T00:00:00.0000000-06:00,0.000000,,,6,,NOAA,2013-03-29T15:47:48.0770000-06:00,in
37,USC00051772,Snow,1948-07-20T00:00:00.0000000-06:00,0.000000,,,6,,NOAA,2013-03-29T15:47:48.0770000-06:00,in
37,USC00051772,Snow,1948-07-21T00:00:00.0000000-06:00,0.000000,,,6,,NOAA,2013-03-29T15:47:48.0770000-06:00,in
37,USC00051772,Snow,1948-07-22T00:00:00.0000000-06:00,0.000000,,,6,,NOAA,2013-03-29T15:47:48.0770000-06:00,in
37,USC00051772,Snow,1948-07-23T00:00:00.0000000-06:00,0.000000,,,6,,NOAA,2013-03-29T15:47:48.0770000-06:00,in
37,USC00051772,Snow,1948-07-24T00:00:00.0000000-06:00,0.000000,,,6,,NOAA,2013-03-29T15:47:48.0770000-06:00,in
37,USC00051772,Snow,1948-07-25T00:00:00.0000000-06:00,0.000000,,,6,,NOAA,2013-03-29T15:47:48.0770000-06:00,in
37,USC00051772,Snow,1948-07-26T00:00:00.0000000-06:00,0.000000,,,6,,NOAA,2013-03-29T15:47:48.0770000-06:00,in
37,USC00051772,Snow,1948-07-27T00:00:00.0000000-06:00,0.000000,,,6,,NOAA,2013-03-29T15:47:48.0770000-06:00,in
37,USC00051772,Snow,1948-07-28T00:00:00.0000000-06:00,0.000000,,,6,,NOAA,2013-03-29T15:47:48.0770000-06:00,in
37,USC00051772,Snow,1948-07-29T00:00:00.0000000-06:00,0.000000,,,6,,NOAA,2013-03-29T15:47:48.0770000-06:00,in
37,USC00051772,Snow,1948-07-30T00:00:00.0000000-06:00,0.000000,,,6,,NOAA,2013-03-29T15:47:48.0770000-06:00,in
37,USC00051772,Snow,1948-07-31T00:00:00.0000000-06:00,0.000000,,,6,,NOAA,2013-03-29T15:47:48.0770000-06:00,in
37,USC00051772,Snow,1948-08-01T00:00:00.0000000-06:00,0.000000,,,0,,NOAA,2013-03-29T15:47:48.0770000-06:00,in
37,USC00051772,Snow,1948-08-02T00:00:00.0000000-06:00,0.000000,,,0,,NOAA,2013-03-29T15:47:48.0770000-06:00,in
37,USC00051772,Snow,1948-08-03T00:00:00.0000000-06:00,0.000000,,,0,,NOAA,2013-03-29T15:47:48.0770000-06:00,in
37,USC00051772,Snow,1948-08-04T00:00:00.0000000-06:00,0.000000,,,0,,NOAA,2013-03-29T15:47:48.0770000-06:00,in
37,USC00051772,Snow,1948-08-05T00:00:00.0000000-06:00,0.000000,,,0,,NOAA,2013-03-29T15:47:48.0770000-06:00,in
37,USC00051772,Snow,1948-08-06T00:00:00.0000000-06:00,0.000000,,,0,,NOAA,2013-03-29T15:47:48.0770000-06:00,in
37,USC00051772,Snow,1948-08-07T00:00:00.0000000-06:00,0.000000,,,0,,NOAA,2013-03-29T15:47:48.0770000-06:00,in
37,USC00051772,Snow,1948-08-08T00:00:00.0000000-06:00,0.000000,,,0,,NOAA,2013-03-29T15:47:48.0770000-06:00,in
37,USC00051772,Snow,1948-08-09T00:00:00.0000000-06:00,0.000000,,,0,,NOAA,2013-03-29T15:47:48.0770000-06:00,in
37,USC00051772,Snow,1948-08-10T00:00:00.0000000-06:00,0.000000,,,0,,NOAA,2013-03-29T15:47:48.0770000-06:00,in
37,USC00051772,Snow,1948-08-11T00:00:00.0000000-06:00,0.000000,,,0,,NOAA,2013-03-29T15:47:48.0770000-06:00,in
37,USC00051772,Snow,1948-08-12T00:00:00.0000000-06:00,0.000000,,,0,,NOAA,2013-03-29T15:47:48.0770000-06:00,in
37,USC00051772,Snow,1948-08-13T00:00:00.0000000-06:00,0.000000,,,0,,NOAA,2013-03-29T15:47:48.0770000-06:00,in
37,USC00051772,Snow,1948-08-14T00:00:00.0000000-06:00,0.000000,,,0,,NOAA,2013-03-29T15:47:48.0770000-06:00,in
37,USC00051772,Snow,1948-08-15T00:00:00.0000000-06:00,0.000000,,,0,,NOAA,2013-03-29T15:47:48.0770000-06:00,in
37,USC00051772,Snow,1948-08-16T00:00:00.0000000-06:00,0.000000,,,0,,NOAA,2013-03-29T15:47:48.0770000-06:00,in
37,USC00051772,Snow,1948-08-17T00:00:00.0000000-06:00,0.000000,,,0,,NOAA,2013-03-29T15:47:48.0770000-06:00,in
37,USC00051772,Snow,1948-08-18T00:00:00.0000000-06:00,0.000000,,,0,,NOAA,2013-03-29T15:47:48.0770000-06:00,in
37,USC00051772,Snow,1948-08-19T00:00:00.0000000-06:00,0.000000,,,0,,NOAA,2013-03-29T15:47:48.0770000-06:00,in
37,USC00051772,Snow,1948-08-20T00:00:00.0000000-06:00,0.000000,,,0,,NOAA,2013-03-29T15:47:48.0770000-06:00,in
37,USC00051772,Snow,1948-08-21T00:00:00.0000000-06:00,0.000000,,,0,,NOAA,2013-03-29T15:47:48.0770000-06:00,in
37,USC00051772,Snow,1948-08-22T00:00:00.0000000-06:00,0.000000,,,0,,NOAA,2013-03-29T15:47:48.0770000-06:00,in
37,USC00051772,Snow,1948-08-23T00:00:00.0000000-06:00,0.000000,,,0,,NOAA,2013-03-29T15:47:48.0770000-06:00,in
37,USC00051772,Snow,1948-08-24T00:00:00.0000000-06:00,0.000000,,,0,,NOAA,2013-03-29T15:47:48.0770000-06:00,in
37,USC00051772,Snow,1948-08-25T00:00:00.0000000-06:00,0.000000,,,0,,NOAA,2013-03-29T15:47:48.0770000-06:00,in
37,USC00051772,Snow,1948-08-26T00:00:00.0000000-06:00,0.000000,,,0,,NOAA,2013-03-29T15:47:48.0770000-06:00,in
37,USC00051772,Snow,1948-08-27T00:00:00.0000000-06:00,0.000000,,,0,,NOAA,2013-03-29T15:47:48.0770000-06:00,in
37,USC00051772,Snow,1948-08-28T00:00:00.0000000-06:00,0.000000,,,0,,NOAA,2013-03-29T15:47:48.0770000-06:00,in
37,USC00051772,Snow,1948-08-29T00:00:00.0000000-06:00,0.000000,,,0,,NOAA,2013-03-29T15:47:48.0770000-06:00,in
37,USC00051772,Snow,1948-08-30T00:00:00.0000000-06:00,0.000000,,,0,,NOAA,2013-03-29T15:47:48.0770000-06:00,in
37,USC00051772,Snow,1948-08-31T00:00:00.0000000-06:00,0.000000,,,0,,NOAA,2013-03-29T15:47:48.0770000-06:00,in
37,USC00051772,Snow,1948-09-01T00:00:00.0000000-06:00,0.000000,,,0,,NOAA,2013-03-29T15:47:48.0770000-06:00,in
37,USC00051772,Snow,1948-09-02T00:00:00.0000000-06:00,0.000000,,,0,,NOAA,2013-03-29T15:47:48.0770000-06:00,in
37,USC00051772,Snow,1948-09-03T00:00:00.0000000-06:00,0.000000,,,0,,NOAA,2013-03-29T15:47:48.0770000-06:00,in
37,USC00051772,Snow,1948-09-04T00:00:00.0000000-06:00,0.000000,,,0,,NOAA,2013-03-29T15:47:48.0770000-06:00,in
37,USC00051772,Snow,1948-09-05T00:00:00.0000000-06:00,0.000000,,,0,,NOAA,2013-03-29T15:47:48.0770000-06:00,in
37,USC00051772,Snow,1948-09-06T00:00:00.0000000-06:00,0.000000,,,0,,NOAA,2013-03-29T15:47:48.0770000-06:00,in
37,USC00051772,Snow,1948-09-07T00:00:00.0000000-06:00,0.000000,,,0,,NOAA,2013-03-29T15:47:48.0770000-06:00,in
37,USC00051772,Snow,1948-09-08T00:00:00.0000000-06:00,0.000000,,,0,,NOAA,2013-03-29T15:47:48.0770000-06:00,in
37,USC00051772,Snow,1948-09-09T00:00:00.0000000-06:00,0.000000,,,0,,NOAA,2013-03-29T15:47:48.0770000-06:00,in
37,USC00051772,Snow,1948-09-10T00:00:00.0000000-06:00,0.000000,,,0,,NOAA,2013-03-29T15:47:48.0770000-06:00,in
37,USC00051772,Snow,1948-09-11T00:00:00.0000000-06:00,0.000000,,,0,,NOAA,2013-03-29T15:47:48.0770000-06:00,in
37,USC00051772,Snow,1948-09-12T00:00:00.0000000-06:00,0.000000,,,0,,NOAA,2013-03-29T15:47:48.0770000-06:00,in
37,USC00051772,Snow,1948-09-13T00:00:00.0000000-06:00,0.000000,,,0,,NOAA,2013-03-29T15:47:48.0770000-06:00,in
37,USC00051772,Snow,1948-09-14T00:00:00.0000000-06:00,0.000000,,,0,,NOAA,2013-03-29T15:47:48.0770000-06:00,in
37,USC00051772,Snow,1948-09-15T00:00:00.0000000-06:00,0.000000,,,0,,NOAA,2013-03-29T15:47:48.0770000-06:00,in
37,USC00051772,Snow,1948-09-16T00:00:00.0000000-06:00,0.000000,,,0,,NOAA,2013-03-29T15:47:48.0770000-06:00,in
37,USC00051772,Snow,1948-09-17T00:00:00.0000000-06:00,0.000000,,,0,,NOAA,2013-03-29T15:47:48.0770000-06:00,in
37,USC00051772,Snow,1948-09-18T00:00:00.0000000-06:00,0.000000,,,0,,NOAA,2013-03-29T15:47:48.0770000-06:00,in
37,USC00051772,Snow,1948-09-19T00:00:00.0000000-06:00,0.000000,,,0,,NOAA,2013-03-29T15:47:48.0770000-06:00,in
37,USC00051772,Snow,1948-09-20T00:00:00.0000000-06:00,0.000000,,,0,,NOAA,2013-03-29T15:47:48.0770000-06:00,in
37,USC00051772,Snow,1948-09-21T00:00:00.0000000-06:00,0.000000,,,0,,NOAA,2013-03-29T15:47:48.0770000-06:00,in
37,USC00051772,Snow,1948-09-22T00:00:00.0000000-06:00,0.000000,,,0,,NOAA,2013-03-29T15:47:48.0770000-06:00,in
37,USC00051772,Snow,1948-09-23T00:00:00.0000000-06:00,0.000000,,,0,,NOAA,2013-03-29T15:47:48.0770000-06:00,in
37,USC00051772,Snow,1948-09-24T00:00:00.0000000-06:00,0.000000,,,0,,NOAA,2013-03-29T15:47:48.0770000-06:00,in
37,USC00051772,Snow,1948-09-25T00:00:00.0000000-06:00,0.000000,,,0,,NOAA,2013-03-29T15:47:48.0770000-06:00,in
37,USC00051772,Snow,1948-09-26T00:00:00.0000000-06:00,0.000000,,,0,,NOAA,2013-03-29T15:47:48.0770000-06:00,in
37,USC00051772,Snow,1948-09-27T00:00:00.0000000-06:00,0.000000,,,0,,NOAA,2013-03-29T15:47:48.0770000-06:00,in
37,USC00051772,Snow,1948-09-28T00:00:00.0000000-06:00,0.000000,,,0,,NOAA,2013-03-29T15:47:48.0770000-06:00,in
37,USC00051772,Snow,1948-09-29T00:00:00.0000000-06:00,0.000000,,,0,,NOAA,2013-03-29T15:47:48.0770000-06:00,in
37,USC00051772,Snow,1948-09-30T00:00:00.0000000-06:00,0.000000,,,0,,NOAA,2013-03-29T15:47:48.0770000-06:00,in
37,USC00051772,Snow,1948-10-01T00:00:00.0000000-06:00,0.000000,,,0,,NOAA,2013-03-29T15:47:48.0770000-06:00,in
37,USC00051772,Snow,1948-10-02T00:00:00.0000000-06:00,0.000000,,,0,,NOAA,2013-03-29T15:47:48.0770000-06:00,in
37,USC00051772,Snow,1948-10-03T00:00:00.0000000-06:00,0.000000,,,0,,NOAA,2013-03-29T15:47:48.0770000-06:00,in
37,USC00051772,Snow,1948-10-04T00:00:00.0000000-06:00,0.000000,,,0,,NOAA,2013-03-29T15:47:48.0770000-06:00,in
37,USC00051772,Snow,1948-10-05T00:00:00.0000000-06:00,0.000000,,,0,,NOAA,2013-03-29T15:47:48.0770000-06:00,in
37,USC00051772,Snow,1948-10-06T00:00:00.0000000-06:00,0.000000,,,0,,NOAA,2013-03-29T15:47:48.0770000-06:00,in
37,USC00051772,Snow,1948-10-07T00:00:00.0000000-06:00,0.000000,,,0,,NOAA,2013-03-29T15:47:48.0770000-06:00,in
37,USC00051772,Snow,1948-10-08T00:00:00.0000000-06:00,0.000000,,,0,,NOAA,2013-03-29T15:47:48.0770000-06:00,in
37,USC00051772,Snow,1948-10-09T00:00:00.0000000-06:00,0.000000,,,0,,NOAA,2013-03-29T15:47:48.0770000-06:00,in
37,USC00051772,Snow,1948-10-10T00:00:00.0000000-06:00,0.000000,,,0,,NOAA,2013-03-29T15:47:48.0770000-06:00,in
37,USC00051772,Snow,1948-10-11T00:00:00.0000000-06:00,0.000000,,,0,,NOAA,2013-03-29T15:47:48.0770000-06:00,in
37,USC00051772,Snow,1948-10-12T00:00:00.0000000-06:00,0.000000,,,0,,NOAA,2013-03-29T15:47:48.0770000-06:00,in
37,USC00051772,Snow,1948-10-13T00:00:00.0000000-06:00,0.000000,,,0,,NOAA,2013-03-29T15:47:48.0770000-06:00,in
37,USC00051772,Snow,1948-10-14T00:00:00.0000000-06:00,0.000000,,,0,,NOAA,2013-03-29T15:47:48.0770000-06:00,in
37,USC00051772,Snow,1948-10-15T00:00:00.0000000-06:00,0.000000,,,0,,NOAA,2013-03-29T15:47:48.0770000-06:00,in
37,USC00051772,Snow,1948-10-16T00:00:00.0000000-06:00,0.000000,,,0,,NOAA,2013-03-29T15:47:48.0770000-06:00,in
37,USC00051772,Snow,1948-10-17T00:00:00.0000000-06:00,0.000000,,,0,,NOAA,2013-03-29T15:47:48.0770000-06:00,in
37,USC00051772,Snow,1948-10-18T00:00:00.0000000-06:00,0.000000,,,0,,NOAA,2013-03-29T15:47:48.0770000-06:00,in
37,USC00051772,Snow,1948-10-19T00:00:00.0000000-06:00,0.000000,,,0,,NOAA,2013-03-29T15:47:48.0770000-06:00,in
37,USC00051772,Snow,1948-10-20T00:00:00.0000000-06:00,0.000000,,,0,,NOAA,2013-03-29T15:47:48.0770000-06:00,in
37,USC00051772,Snow,1948-10-21T00:00:00.0000000-06:00,0.000000,,,0,,NOAA,2013-03-29T15:47:48.0770000-06:00,in
37,USC00051772,Snow,1948-10-22T00:00:00.0000000-06:00,0.000000,,,0,,NOAA,2013-03-29T15:47:48.0770000-06:00,in
37,USC00051772,Snow,1948-10-23T00:00:00.0000000-06:00,0.000000,,,0,,NOAA,2013-03-29T15:47:48.0770000-06:00,in
37,USC00051772,Snow,1948-10-24T00:00:00.0000000-06:00,0.000000,,,0,,NOAA,2013-03-29T15:47:48.0770000-06:00,in
37,USC00051772,Snow,1948-10-25T00:00:00.0000000-06:00,0.000000,,,0,,NOAA,2013-03-29T15:47:48.0770000-06:00,in
37,USC00051772,Snow,1948-10-26T00:00:00.0000000-06:00,0.000000,,,0,,NOAA,2013-03-29T15:47:48.0770000-06:00,in
37,USC00051772,Snow,1948-10-27T00:00:00.0000000-06:00,0.000000,,,0,,NOAA,2013-03-29T15:47:48.0770000-06:00,in
37,USC00051772,Snow,1948-10-28T00:00:00.0000000-06:00,0.000000,T,,0,,NOAA,2013-03-29T15:47:48.0770000-06:00,in
37,USC00051772,Snow,1948-10-29T00:00:00.0000000-06:00,0.000000,,,0,,NOAA,2013-03-29T15:47:48.0770000-06:00,in
37,USC00051772,Snow,1948-10-30T00:00:00.0000000-06:00,0.000000,,,0,,NOAA,2013-03-29T15:47:48.0770000-06:00,in
37,USC00051772,Snow,1948-10-31T00:00:00.0000000-06:00,0.000000,,,0,,NOAA,2013-03-29T15:47:48.0770000-06:00,in
37,USC00051772,Snow,1948-11-01T00:00:00.0000000-07:00,0.000000,,,0,,NOAA,2013-03-29T15:47:48.0770000-06:00,in
37,USC00051772,Snow,1948-11-02T00:00:00.0000000-07:00,0.000000,,,0,,NOAA,2013-03-29T15:47:48.0770000-06:00,in
37,USC00051772,Snow,1948-11-03T00:00:00.0000000-07:00,0.000000,,,0,,NOAA,2013-03-29T15:47:48.0770000-06:00,in
37,USC00051772,Snow,1948-11-04T00:00:00.0000000-07:00,0.000000,,,0,,NOAA,2013-03-29T15:47:48.0770000-06:00,in
37,USC00051772,Snow,1948-11-05T00:00:00.0000000-07:00,0.000000,,,0,,NOAA,2013-03-29T15:47:48.0770000-06:00,in
37,USC00051772,Snow,1948-11-06T00:00:00.0000000-07:00,0.000000,,,0,,NOAA,2013-03-29T15:47:48.0770000-06:00,in
37,USC00051772,Snow,1948-11-07T00:00:00.0000000-07:00,0.000000,,,0,,NOAA,2013-03-29T15:47:48.0770000-06:00,in
37,USC00051772,Snow,1948-11-08T00:00:00.0000000-07:00,0.000000,,,0,,NOAA,2013-03-29T15:47:48.0770000-06:00,in
37,USC00051772,Snow,1948-11-09T00:00:00.0000000-07:00,0.000000,,,0,,NOAA,2013-03-29T15:47:48.0770000-06:00,in
37,USC00051772,Snow,1948-11-10T00:00:00.0000000-07:00,0.118110,,,0,,NOAA,2013-03-29T15:47:48.0770000-06:00,in
37,USC00051772,Snow,1948-11-11T00:00:00.0000000-07:00,2.204725,,,0,,NOAA,2013-03-29T15:47:48.0770000-06:00,in
37,USC00051772,Snow,1948-11-12T00:00:00.0000000-07:00,0.000000,,,0,,NOAA,2013-03-29T15:47:48.0770000-06:00,in
37,USC00051772,Snow,1948-11-13T00:00:00.0000000-07:00,0.000000,,,0,,NOAA,2013-03-29T15:47:48.0770000-06:00,in
37,USC00051772,Snow,1948-11-14T00:00:00.0000000-07:00,0.000000,,,0,,NOAA,2013-03-29T15:47:48.0770000-06:00,in
37,USC00051772,Snow,1948-11-15T00:00:00.0000000-07:00,0.000000,,,0,,NOAA,2013-03-29T15:47:48.0770000-06:00,in
37,USC00051772,Snow,1948-11-16T00:00:00.0000000-07:00,0.000000,,,0,,NOAA,2013-03-29T15:47:48.0770000-06:00,in
37,USC00051772,Snow,1948-11-17T00:00:00.0000000-07:00,0.984252,,,0,,NOAA,2013-03-29T15:47:48.0770000-06:00,in
37,USC00051772,Snow,1948-11-18T00:00:00.0000000-07:00,0.000000,,,0,,NOAA,2013-03-29T15:47:48.0770000-06:00,in
37,USC00051772,Snow,1948-11-19T00:00:00.0000000-07:00,0.000000,,,0,,NOAA,2013-03-29T15:47:48.0770000-06:00,in
37,USC00051772,Snow,1948-11-20T00:00:00.0000000-07:00,4.094488,,,0,,NOAA,2013-03-29T15:47:48.0770000-06:00,in
37,USC00051772,Snow,1948-11-21T00:00:00.0000000-07:00,0.000000,,,0,,NOAA,2013-03-29T15:47:48.0770000-06:00,in
37,USC00051772,Snow,1948-11-22T00:00:00.0000000-07:00,0.000000,,,0,,NOAA,2013-03-29T15:47:48.0770000-06:00,in
37,USC00051772,Snow,1948-11-23T00:00:00.0000000-07:00,0.393701,,,0,,NOAA,2013-03-29T15:47:48.0770000-06:00,in
37,USC00051772,Snow,1948-11-24T00:00:00.0000000-07:00,0.000000,T,,0,,NOAA,2013-03-29T15:47:48.0770000-06:00,in
37,USC00051772,Snow,1948-11-25T00:00:00.0000000-07:00,0.000000,T,,0,,NOAA,2013-03-29T15:47:48.0770000-06:00,in
37,USC00051772,Snow,1948-11-26T00:00:00.0000000-07:00,0.000000,,,0,,NOAA,2013-03-29T15:47:48.0770000-06:00,in
37,USC00051772,Snow,1948-11-27T00:00:00.0000000-07:00,2.401575,,,0,,NOAA,2013-03-29T15:47:48.0770000-06:00,in
37,USC00051772,Snow,1948-11-28T00:00:00.0000000-07:00,0.000000,,,0,,NOAA,2013-03-29T15:47:48.0770000-06:00,in
37,USC00051772,Snow,1948-11-29T00:00:00.0000000-07:00,0.000000,,,0,,NOAA,2013-03-29T15:47:48.0770000-06:00,in
37,USC00051772,Snow,1948-11-30T00:00:00.0000000-07:00,0.000000,,,0,,NOAA,2013-03-29T15:47:48.0770000-06:00,in
37,USC00051772,Snow,1948-12-01T00:00:00.0000000-07:00,0.511811,,,0,,NOAA,2013-03-29T15:47:48.0770000-06:00,in
37,USC00051772,Snow,1948-12-02T00:00:00.0000000-07:00,0.000000,,,0,,NOAA,2013-03-29T15:47:48.0770000-06:00,in
37,USC00051772,Snow,1948-12-03T00:00:00.0000000-07:00,0.000000,,,0,,NOAA,2013-03-29T15:47:48.0770000-06:00,in
37,USC00051772,Snow,1948-12-04T00:00:00.0000000-07:00,1.496063,,,0,,NOAA,2013-03-29T15:47:48.0770000-06:00,in
37,USC00051772,Snow,1948-12-05T00:00:00.0000000-07:00,0.000000,,,0,,NOAA,2013-03-29T15:47:48.0770000-06:00,in
37,USC00051772,Snow,1948-12-06T00:00:00.0000000-07:00,0.000000,,,0,,NOAA,2013-03-29T15:47:48.0770000-06:00,in
37,USC00051772,Snow,1948-12-07T00:00:00.0000000-07:00,0.000000,,,0,,NOAA,2013-03-29T15:47:48.0770000-06:00,in
37,USC00051772,Snow,1948-12-08T00:00:00.0000000-07:00,0.984252,,,0,,NOAA,2013-03-29T15:47:48.0770000-06:00,in
37,USC00051772,Snow,1948-12-09T00:00:00.0000000-07:00,0.000000,,,0,,NOAA,2013-03-29T15:47:48.0770000-06:00,in
37,USC00051772,Snow,1948-12-10T00:00:00.0000000-07:00,0.000000,,,0,,NOAA,2013-03-29T15:47:48.0770000-06:00,in
37,USC00051772,Snow,1948-12-11T00:00:00.0000000-07:00,0.000000,,,0,,NOAA,2013-03-29T15:47:48.0770000-06:00,in
37,USC00051772,Snow,1948-12-12T00:00:00.0000000-07:00,0.000000,,,0,,NOAA,2013-03-29T15:47:48.0770000-06:00,in
37,USC00051772,Snow,1948-12-13T00:00:00.0000000-07:00,0.000000,,,0,,NOAA,2013-03-29T15:47:48.0770000-06:00,in
37,USC00051772,Snow,1948-12-14T00:00:00.0000000-07:00,0.000000,,,0,,NOAA,2013-03-29T15:47:48.0770000-06:00,in
37,USC00051772,Snow,1948-12-15T00:00:00.0000000-07:00,0.000000,,,0,,NOAA,2013-03-29T15:47:48.0770000-06:00,in
37,USC00051772,Snow,1948-12-16T00:00:00.0000000-07:00,0.000000,,,0,,NOAA,2013-03-29T15:47:48.0770000-06:00,in
37,USC00051772,Snow,1948-12-17T00:00:00.0000000-07:00,0.393701,,,0,,NOAA,2013-03-29T15:47:48.0770000-06:00,in
37,USC00051772,Snow,1948-12-18T00:00:00.0000000-07:00,0.000000,,,0,,NOAA,2013-03-29T15:47:48.0770000-06:00,in
37,USC00051772,Snow,1948-12-19T00:00:00.0000000-07:00,0.000000,,,0,,NOAA,2013-03-29T15:47:48.0770000-06:00,in
37,USC00051772,Snow,1948-12-20T00:00:00.0000000-07:00,0.000000,,,0,,NOAA,2013-03-29T15:47:48.0770000-06:00,in
37,USC00051772,Snow,1948-12-21T00:00:00.0000000-07:00,0.000000,,,0,,NOAA,2013-03-29T15:47:48.0770000-06:00,in
37,USC00051772,Snow,1948-12-22T00:00:00.0000000-07:00,0.196850,,,0,,NOAA,2013-03-29T15:47:48.0770000-06:00,in
37,USC00051772,Snow,1948-12-23T00:00:00.0000000-07:00,7.007874,,,0,,NOAA,2013-03-29T15:47:48.0770000-06:00,in
37,USC00051772,Snow,1948-12-24T00:00:00.0000000-07:00,0.984252,,,0,,NOAA,2013-03-29T15:47:48.0770000-06:00,in
37,USC00051772,Snow,1948-12-25T00:00:00.0000000-07:00,0.000000,,,0,,NOAA,2013-03-29T15:47:48.0770000-06:00,in
37,USC00051772,Snow,1948-12-26T00:00:00.0000000-07:00,0.000000,,,0,,NOAA,2013-03-29T15:47:48.0770000-06:00,in
37,USC00051772,Snow,1948-12-27T00:00:00.0000000-07:00,1.417323,,,0,,NOAA,2013-03-29T15:47:48.0770000-06:00,in
37,USC00051772,Snow,1948-12-28T00:00:00.0000000-07:00,1.181102,,,0,,NOAA,2013-03-29T15:47:48.0770000-06:00,in
37,USC00051772,Snow,1948-12-29T00:00:00.0000000-07:00,0.000000,,,0,,NOAA,2013-03-29T15:47:48.0770000-06:00,in
37,USC00051772,Snow,1948-12-30T00:00:00.0000000-07:00,0.000000,,,0,,NOAA,2013-03-29T15:47:48.0770000-06:00,in
37,USC00051772,Snow,1948-12-31T00:00:00.0000000-07:00,0.000000,,,0,,NOAA,2013-03-29T15:47:48.0770000-06:00,in
37,USC00051772,Snow,1949-01-01T00:00:00.0000000-07:00,0.984252,,,0,,NOAA,2013-03-29T15:47:48.0770000-06:00,in
37,USC00051772,Snow,1949-01-02T00:00:00.0000000-07:00,2.992126,,,0,,NOAA,2013-03-29T15:47:48.0770000-06:00,in
37,USC00051772,Snow,1949-01-03T00:00:00.0000000-07:00,0.000000,,,0,,NOAA,2013-03-29T15:47:48.0770000-06:00,in
37,USC00051772,Snow,1949-01-04T00:00:00.0000000-07:00,0.000000,,,0,,NOAA,2013-03-29T15:47:48.0770000-06:00,in
37,USC00051772,Snow,1949-01-05T00:00:00.0000000-07:00,0.000000,,,0,,NOAA,2013-03-29T15:47:48.0770000-06:00,in
37,USC00051772,Snow,1949-01-06T00:00:00.0000000-07:00,0.000000,,,0,,NOAA,2013-03-29T15:47:48.0770000-06:00,in
37,USC00051772,Snow,1949-01-07T00:00:00.0000000-07:00,0.000000,,,0,,NOAA,2013-03-29T15:47:48.0770000-06:00,in
37,USC00051772,Snow,1949-01-08T00:00:00.0000000-07:00,0.000000,,,0,,NOAA,2013-03-29T15:47:48.0770000-06:00,in
37,USC00051772,Snow,1949-01-09T00:00:00.0000000-07:00,0.393701,,,0,,NOAA,2013-03-29T15:47:48.0770000-06:00,in
37,USC00051772,Snow,1949-01-10T00:00:00.0000000-07:00,6.496063,,,0,,NOAA,2013-03-29T15:47:48.0770000-06:00,in
37,USC00051772,Snow,1949-01-11T00:00:00.0000000-07:00,2.716536,,,0,,NOAA,2013-03-29T15:47:48.0770000-06:00,in
37,USC00051772,Snow,1949-01-12T00:00:00.0000000-07:00,0.000000,T,,0,,NOAA,2013-03-29T15:47:48.0770000-06:00,in
37,USC00051772,Snow,1949-01-13T00:00:00.0000000-07:00,0.196850,,,0,,NOAA,2013-03-29T15:47:48.0770000-06:00,in
37,USC00051772,Snow,1949-01-14T00:00:00.0000000-07:00,0.984252,,,0,,NOAA,2013-03-29T15:47:48.0770000-06:00,in
37,USC00051772,Snow,1949-01-15T00:00:00.0000000-07:00,0.984252,,,0,,NOAA,2013-03-29T15:47:48.0770000-06:00,in
37,USC00051772,Snow,1949-01-16T00:00:00.0000000-07:00,0.000000,,,0,,NOAA,2013-03-29T15:47:48.0770000-06:00,in
37,USC00051772,Snow,1949-01-17T00:00:00.0000000-07:00,0.000000,,,0,,NOAA,2013-03-29T15:47:48.0770000-06:00,in
37,USC00051772,Snow,1949-01-18T00:00:00.0000000-07:00,0.000000,,,0,,NOAA,2013-03-29T15:47:48.0770000-06:00,in
37,USC00051772,Snow,1949-01-19T00:00:00.0000000-07:00,0.000000,,,0,,NOAA,2013-03-29T15:47:48.0770000-06:00,in
37,USC00051772,Snow,1949-01-20T00:00:00.0000000-07:00,1.496063,,,0,,NOAA,2013-03-29T15:47:48.0770000-06:00,in
37,USC00051772,Snow,1949-01-21T00:00:00.0000000-07:00,0.000000,,,0,,NOAA,2013-03-29T15:47:48.0770000-06:00,in
37,USC00051772,Snow,1949-01-22T00:00:00.0000000-07:00,0.000000,,,0,,NOAA,2013-03-29T15:47:48.0770000-06:00,in
37,USC00051772,Snow,1949-01-23T00:00:00.0000000-07:00,2.992126,,,0,,NOAA,2013-03-29T15:47:48.0770000-06:00,in
37,USC00051772,Snow,1949-01-24T00:00:00.0000000-07:00,4.803150,,,0,,NOAA,2013-03-29T15:47:48.0770000-06:00,in
37,USC00051772,Snow,1949-01-25T00:00:00.0000000-07:00,0.000000,,,0,,NOAA,2013-03-29T15:47:48.0770000-06:00,in
37,USC00051772,Snow,1949-01-26T00:00:00.0000000-07:00,4.291338,,,0,,NOAA,2013-03-29T15:47:48.0770000-06:00,in
37,USC00051772,Snow,1949-01-27T00:00:00.0000000-07:00,0.511811,,,0,,NOAA,2013-03-29T15:47:48.0770000-06:00,in
37,USC00051772,Snow,1949-01-29T00:00:00.0000000-07:00,0.000000,,,0,,NOAA,2013-03-29T15:47:48.0770000-06:00,in
37,USC00051772,Snow,1949-01-30T00:00:00.0000000-07:00,0.000000,,,0,,NOAA,2013-03-29T15:47:48.0770000-06:00,in
37,USC00051772,Snow,1949-01-31T00:00:00.0000000-07:00,0.118110,,,0,,NOAA,2013-03-29T15:47:48.0770000-06:00,in
37,USC00051772,Snow,1949-02-01T00:00:00.0000000-07:00,0.000000,,,0,,NOAA,2013-03-29T15:47:48.0770000-06:00,in
37,USC00051772,Snow,1949-02-02T00:00:00.0000000-07:00,0.196850,,,0,,NOAA,2013-03-29T15:47:48.0770000-06:00,in
37,USC00051772,Snow,1949-02-03T00:00:00.0000000-07:00,1.496063,,,0,,NOAA,2013-03-29T15:47:48.0770000-06:00,in
37,USC00051772,Snow,1949-02-04T00:00:00.0000000-07:00,0.984252,,,0,,NOAA,2013-03-29T15:47:48.0770000-06:00,in
37,USC00051772,Snow,1949-02-05T00:00:00.0000000-07:00,2.007874,,,0,,NOAA,2013-03-29T15:47:48.0770000-06:00,in
37,USC00051772,Snow,1949-02-06T00:00:00.0000000-07:00,0.000000,,,0,,NOAA,2013-03-29T15:47:48.0770000-06:00,in
37,USC00051772,Snow,1949-02-07T00:00:00.0000000-07:00,2.992126,,,0,,NOAA,2013-03-29T15:47:48.0770000-06:00,in
37,USC00051772,Snow,1949-02-08T00:00:00.0000000-07:00,1.181102,,,0,,NOAA,2013-03-29T15:47:48.0770000-06:00,in
37,USC00051772,Snow,1949-02-09T00:00:00.0000000-07:00,0.000000,,,0,,NOAA,2013-03-29T15:47:48.0770000-06:00,in
37,USC00051772,Snow,1949-02-10T00:00:00.0000000-07:00,0.000000,,,0,,NOAA,2013-03-29T15:47:48.0770000-06:00,in
37,USC00051772,Snow,1949-02-11T00:00:00.0000000-07:00,0.000000,T,,0,,NOAA,2013-03-29T15:47:48.0770000-06:00,in
37,USC00051772,Snow,1949-02-12T00:00:00.0000000-07:00,1.417323,,,0,,NOAA,2013-03-29T15:47:48.0770000-06:00,in
37,USC00051772,Snow,1949-02-13T00:00:00.0000000-07:00,2.086614,,,0,,NOAA,2013-03-29T15:47:48.0770000-06:00,in
37,USC00051772,Snow,1949-02-14T00:00:00.0000000-07:00,0.000000,,,0,,NOAA,2013-03-29T15:47:48.0770000-06:00,in
37,USC00051772,Snow,1949-02-15T00:00:00.0000000-07:00,0.000000,,,0,,NOAA,2013-03-29T15:47:48.0770000-06:00,in
37,USC00051772,Snow,1949-02-16T00:00:00.0000000-07:00,0.000000,,,0,,NOAA,2013-03-29T15:47:48.0770000-06:00,in
37,USC00051772,Snow,1949-02-17T00:00:00.0000000-07:00,0.000000,,,0,,NOAA,2013-03-29T15:47:48.0770000-06:00,in
37,USC00051772,Snow,1949-02-18T00:00:00.0000000-07:00,0.000000,,,0,,NOAA,2013-03-29T15:47:48.0770000-06:00,in
37,USC00051772,Snow,1949-02-19T00:00:00.0000000-07:00,0.000000,,,0,,NOAA,2013-03-29T15:47:48.0770000-06:00,in
37,USC00051772,Snow,1949-02-20T00:00:00.0000000-07:00,0.000000,,,0,,NOAA,2013-03-29T15:47:48.0770000-06:00,in
37,USC00051772,Snow,1949-02-21T00:00:00.0000000-07:00,0.000000,,,0,,NOAA,2013-03-29T15:47:48.0770000-06:00,in
37,USC00051772,Snow,1949-02-22T00:00:00.0000000-07:00,0.000000,,,0,,NOAA,2013-03-29T15:47:48.0770000-06:00,in
37,USC00051772,Snow,1949-02-24T00:00:00.0000000-07:00,0.000000,,,0,,NOAA,2013-03-29T15:47:48.0770000-06:00,in
37,USC00051772,Snow,1949-02-25T00:00:00.0000000-07:00,0.000000,T,,0,,NOAA,2013-03-29T15:47:48.0770000-06:00,in
37,USC00051772,Snow,1949-02-26T00:00:00.0000000-07:00,0.000000,,,0,,NOAA,2013-03-29T15:47:48.0770000-06:00,in
37,USC00051772,Snow,1949-02-27T00:00:00.0000000-07:00,0.000000,,,0,,NOAA,2013-03-29T15:47:48.0770000-06:00,in
37,USC00051772,Snow,1949-02-28T00:00:00.0000000-07:00,0.000000,T,,0,,NOAA,2013-03-29T15:47:48.0770000-06:00,in
37,USC00051772,Snow,1949-03-01T00:00:00.0000000-07:00,0.000000,,,0,,NOAA,2013-03-29T15:47:48.0770000-06:00,in
37,USC00051772,Snow,1949-03-02T00:00:00.0000000-07:00,0.000000,,,0,,NOAA,2013-03-29T15:47:48.0770000-06:00,in
37,USC00051772,Snow,1949-03-03T00:00:00.0000000-07:00,0.000000,,,0,,NOAA,2013-03-29T15:47:48.0770000-06:00,in
37,USC00051772,Snow,1949-03-04T00:00:00.0000000-07:00,0.000000,,,0,,NOAA,2013-03-29T15:47:48.0770000-06:00,in
37,USC00051772,Snow,1949-03-05T00:00:00.0000000-07:00,0.000000,,,0,,NOAA,2013-03-29T15:47:48.0770000-06:00,in
37,USC00051772,Snow,1949-03-06T00:00:00.0000000-07:00,0.000000,,,0,,NOAA,2013-03-29T15:47:48.0770000-06:00,in
37,USC00051772,Snow,1949-03-07T00:00:00.0000000-07:00,0.000000,,,0,,NOAA,2013-03-29T15:47:48.0770000-06:00,in
37,USC00051772,Snow,1949-03-08T00:00:00.0000000-07:00,0.000000,,,0,,NOAA,2013-03-29T15:47:48.0770000-06:00,in
37,USC00051772,Snow,1949-03-09T00:00:00.0000000-07:00,0.000000,,,0,,NOAA,2013-03-29T15:47:48.0770000-06:00,in
37,USC00051772,Snow,1949-03-10T00:00:00.0000000-07:00,0.000000,,,0,,NOAA,2013-03-29T15:47:48.0770000-06:00,in
37,USC00051772,Snow,1949-03-11T00:00:00.0000000-07:00,0.000000,,,0,,NOAA,2013-03-29T15:47:48.0770000-06:00,in
37,USC00051772,Snow,1949-03-12T00:00:00.0000000-07:00,0.000000,,,0,,NOAA,2013-03-29T15:47:48.0770000-06:00,in
37,USC00051772,Snow,1949-03-13T00:00:00.0000000-07:00,0.000000,,,0,,NOAA,2013-03-29T15:47:48.0770000-06:00,in
37,USC00051772,Snow,1949-03-14T00:00:00.0000000-07:00,0.000000,,,0,,NOAA,2013-03-29T15:47:48.0770000-06:00,in
37,USC00051772,Snow,1949-03-15T00:00:00.0000000-07:00,0.000000,,,0,,NOAA,2013-03-29T15:47:48.0770000-06:00,in
37,USC00051772,Snow,1949-03-16T00:00:00.0000000-07:00,0.000000,,,0,,NOAA,2013-03-29T15:47:48.0770000-06:00,in
37,USC00051772,Snow,1949-03-17T00:00:00.0000000-07:00,0.000000,,,0,,NOAA,2013-03-29T15:47:48.0770000-06:00,in
37,USC00051772,Snow,1949-03-18T00:00:00.0000000-07:00,0.000000,,,0,,NOAA,2013-03-29T15:47:48.0770000-06:00,in
37,USC00051772,Snow,1949-03-19T00:00:00.0000000-07:00,0.000000,,,0,,NOAA,2013-03-29T15:47:48.0770000-06:00,in
37,USC00051772,Snow,1949-03-20T00:00:00.0000000-07:00,0.000000,,,0,,NOAA,2013-03-29T15:47:48.0770000-06:00,in
37,USC00051772,Snow,1949-03-21T00:00:00.0000000-07:00,0.000000,,,0,,NOAA,2013-03-29T15:47:48.0770000-06:00,in
37,USC00051772,Snow,1949-03-22T00:00:00.0000000-07:00,0.000000,,,0,,NOAA,2013-03-29T15:47:48.0770000-06:00,in
37,USC00051772,Snow,1949-03-23T00:00:00.0000000-07:00,1.417323,,,0,,NOAA,2013-03-29T15:47:48.0770000-06:00,in
37,USC00051772,Snow,1949-03-24T00:00:00.0000000-07:00,0.984252,,,0,,NOAA,2013-03-29T15:47:48.0770000-06:00,in
37,USC00051772,Snow,1949-03-25T00:00:00.0000000-07:00,0.000000,,,0,,NOAA,2013-03-29T15:47:48.0770000-06:00,in
37,USC00051772,Snow,1949-03-26T00:00:00.0000000-07:00,0.000000,,,0,,NOAA,2013-03-29T15:47:48.0770000-06:00,in
37,USC00051772,Snow,1949-03-27T00:00:00.0000000-07:00,0.000000,,,0,,NOAA,2013-03-29T15:47:48.0770000-06:00,in
37,USC00051772,Snow,1949-03-28T00:00:00.0000000-07:00,12.007874,,,0,,NOAA,2013-03-29T15:47:48.0770000-06:00,in
37,USC00051772,Snow,1949-03-29T00:00:00.0000000-07:00,4.212598,,,0,,NOAA,2013-03-29T15:47:48.0770000-06:00,in
37,USC00051772,Snow,1949-03-30T00:00:00.0000000-07:00,4.094488,,,0,,NOAA,2013-03-29T15:47:48.0770000-06:00,in
37,USC00051772,Snow,1949-03-31T00:00:00.0000000-07:00,0.000000,,,0,,NOAA,2013-03-29T15:47:48.0770000-06:00,in
37,USC00051772,Snow,1949-04-01T00:00:00.0000000-07:00,0.000000,,,0,,NOAA,2013-03-29T15:47:48.0770000-06:00,in
37,USC00051772,Snow,1949-04-02T00:00:00.0000000-07:00,0.000000,,,0,,NOAA,2013-03-29T15:47:48.0770000-06:00,in
37,USC00051772,Snow,1949-04-03T00:00:00.0000000-07:00,0.000000,,,0,,NOAA,2013-03-29T15:47:48.0770000-06:00,in
37,USC00051772,Snow,1949-04-04T00:00:00.0000000-06:00,0.000000,,,0,,NOAA,2013-03-29T15:47:48.0770000-06:00,in
37,USC00051772,Snow,1949-04-05T00:00:00.0000000-06:00,0.000000,,,0,,NOAA,2013-03-29T15:47:48.0770000-06:00,in
37,USC00051772,Snow,1949-04-06T00:00:00.0000000-06:00,0.000000,,,0,,NOAA,2013-03-29T15:47:48.0770000-06:00,in
37,USC00051772,Snow,1949-04-07T00:00:00.0000000-06:00,0.000000,,,0,,NOAA,2013-03-29T15:47:48.0770000-06:00,in
37,USC00051772,Snow,1949-04-08T00:00:00.0000000-06:00,0.000000,,,0,,NOAA,2013-03-29T15:47:48.0770000-06:00,in
37,USC00051772,Snow,1949-04-09T00:00:00.0000000-06:00,0.000000,,,0,,NOAA,2013-03-29T15:47:48.0770000-06:00,in
37,USC00051772,Snow,1949-04-10T00:00:00.0000000-06:00,0.000000,,,0,,NOAA,2013-03-29T15:47:48.0770000-06:00,in
37,USC00051772,Snow,1949-04-11T00:00:00.0000000-06:00,0.000000,,,0,,NOAA,2013-03-29T15:47:48.0770000-06:00,in
37,USC00051772,Snow,1949-04-12T00:00:00.0000000-06:00,0.000000,,,0,,NOAA,2013-03-29T15:47:48.0770000-06:00,in
37,USC00051772,Snow,1949-04-13T00:00:00.0000000-06:00,0.000000,,,0,,NOAA,2013-03-29T15:47:48.0770000-06:00,in
37,USC00051772,Snow,1949-04-14T00:00:00.0000000-06:00,0.000000,,,0,,NOAA,2013-03-29T15:47:48.0770000-06:00,in
37,USC00051772,Snow,1949-04-15T00:00:00.0000000-06:00,0.000000,,,0,,NOAA,2013-03-29T15:47:48.0770000-06:00,in
37,USC00051772,Snow,1949-04-16T00:00:00.0000000-06:00,0.000000,,,0,,NOAA,2013-03-29T15:47:48.0770000-06:00,in
37,USC00051772,Snow,1949-04-17T00:00:00.0000000-06:00,0.000000,,,0,,NOAA,2013-03-29T15:47:48.0770000-06:00,in
37,USC00051772,Snow,1949-04-18T00:00:00.0000000-06:00,0.000000,,,0,,NOAA,2013-03-29T15:47:48.0770000-06:00,in
37,USC00051772,Snow,1949-04-19T00:00:00.0000000-06:00,0.000000,,,0,,NOAA,2013-03-29T15:47:48.0770000-06:00,in
37,USC00051772,Snow,1949-04-20T00:00:00.0000000-06:00,0.000000,,,0,,NOAA,2013-03-29T15:47:48.0770000-06:00,in
37,USC00051772,Snow,1949-04-21T00:00:00.0000000-06:00,0.000000,,,0,,NOAA,2013-03-29T15:47:48.0770000-06:00,in
37,USC00051772,Snow,1949-04-22T00:00:00.0000000-06:00,0.000000,,,0,,NOAA,2013-03-29T15:47:48.0770000-06:00,in
37,USC00051772,Snow,1949-04-23T00:00:00.0000000-06:00,0.000000,,,0,,NOAA,2013-03-29T15:47:48.0770000-06:00,in
37,USC00051772,Snow,1949-04-24T00:00:00.0000000-06:00,0.000000,,,0,,NOAA,2013-03-29T15:47:48.0770000-06:00,in
37,USC00051772,Snow,1949-04-25T00:00:00.0000000-06:00,0.000000,,,0,,NOAA,2013-03-29T15:47:48.0770000-06:00,in
37,USC00051772,Snow,1949-04-26T00:00:00.0000000-06:00,0.000000,,,0,,NOAA,2013-03-29T15:47:48.0770000-06:00,in
37,USC00051772,Snow,1949-04-27T00:00:00.0000000-06:00,0.000000,,,0,,NOAA,2013-03-29T15:47:48.0770000-06:00,in
37,USC00051772,Snow,1949-04-28T00:00:00.0000000-06:00,0.000000,,,0,,NOAA,2013-03-29T15:47:48.0770000-06:00,in
37,USC00051772,Snow,1949-04-29T00:00:00.0000000-06:00,0.000000,,,0,,NOAA,2013-03-29T15:47:48.0770000-06:00,in
37,USC00051772,Snow,1949-04-30T00:00:00.0000000-06:00,0.000000,,,0,,NOAA,2013-03-29T15:47:48.0770000-06:00,in
37,USC00051772,Snow,1949-05-01T00:00:00.0000000-06:00,0.000000,,,0,,NOAA,2013-03-29T15:47:48.0770000-06:00,in
37,USC00051772,Snow,1949-05-02T00:00:00.0000000-06:00,0.000000,,,0,,NOAA,2013-03-29T15:47:48.0770000-06:00,in
37,USC00051772,Snow,1949-05-03T00:00:00.0000000-06:00,0.000000,,,0,,NOAA,2013-03-29T15:47:48.0770000-06:00,in
37,USC00051772,Snow,1949-05-04T00:00:00.0000000-06:00,0.000000,,,0,,NOAA,2013-03-29T15:47:48.0770000-06:00,in
37,USC00051772,Snow,1949-05-05T00:00:00.0000000-06:00,0.000000,,,0,,NOAA,2013-03-29T15:47:48.0770000-06:00,in
37,USC00051772,Snow,1949-05-06T00:00:00.0000000-06:00,0.000000,,,0,,NOAA,2013-03-29T15:47:48.0770000-06:00,in
37,USC00051772,Snow,1949-05-07T00:00:00.0000000-06:00,0.000000,,,0,,NOAA,2013-03-29T15:47:48.0770000-06:00,in
37,USC00051772,Snow,1949-05-08T00:00:00.0000000-06:00,0.000000,,,0,,NOAA,2013-03-29T15:47:48.0770000-06:00,in
37,USC00051772,Snow,1949-05-09T00:00:00.0000000-06:00,0.000000,,,0,,NOAA,2013-03-29T15:47:48.0770000-06:00,in
37,USC00051772,Snow,1949-05-10T00:00:00.0000000-06:00,0.000000,,,0,,NOAA,2013-03-29T15:47:48.0770000-06:00,in
37,USC00051772,Snow,1949-05-11T00:00:00.0000000-06:00,0.000000,,,0,,NOAA,2013-03-29T15:47:48.0770000-06:00,in
37,USC00051772,Snow,1949-05-12T00:00:00.0000000-06:00,0.000000,T,,0,,NOAA,2013-03-29T15:47:48.0770000-06:00,in
37,USC00051772,Snow,1949-05-13T00:00:00.0000000-06:00,0.000000,,,0,,NOAA,2013-03-29T15:47:48.0770000-06:00,in
37,USC00051772,Snow,1949-05-14T00:00:00.0000000-06:00,0.000000,,,0,,NOAA,2013-03-29T15:47:48.0770000-06:00,in
37,USC00051772,Snow,1949-05-15T00:00:00.0000000-06:00,0.000000,,,0,,NOAA,2013-03-29T15:47:48.0770000-06:00,in
37,USC00051772,Snow,1949-05-16T00:00:00.0000000-06:00,0.000000,,,0,,NOAA,2013-03-29T15:47:48.0770000-06:00,in
37,USC00051772,Snow,1949-05-17T00:00:00.0000000-06:00,0.000000,,,0,,NOAA,2013-03-29T15:47:48.0770000-06:00,in
37,USC00051772,Snow,1949-05-18T00:00:00.0000000-06:00,0.000000,,,0,,NOAA,2013-03-29T15:47:48.0770000-06:00,in
37,USC00051772,Snow,1949-05-19T00:00:00.0000000-06:00,0.000000,,,0,,NOAA,2013-03-29T15:47:48.0770000-06:00,in
37,USC00051772,Snow,1949-05-20T00:00:00.0000000-06:00,0.000000,,,0,,NOAA,2013-03-29T15:47:48.0770000-06:00,in
37,USC00051772,Snow,1949-05-21T00:00:00.0000000-06:00,0.000000,,,0,,NOAA,2013-03-29T15:47:48.0770000-06:00,in
37,USC00051772,Snow,1949-05-22T00:00:00.0000000-06:00,0.000000,,,0,,NOAA,2013-03-29T15:47:48.0770000-06:00,in
37,USC00051772,Snow,1949-05-23T00:00:00.0000000-06:00,0.000000,,,0,,NOAA,2013-03-29T15:47:48.0770000-06:00,in
37,USC00051772,Snow,1949-05-24T00:00:00.0000000-06:00,0.000000,,,0,,NOAA,2013-03-29T15:47:48.0770000-06:00,in
37,USC00051772,Snow,1949-05-25T00:00:00.0000000-06:00,0.000000,,,0,,NOAA,2013-03-29T15:47:48.0770000-06:00,in
37,USC00051772,Snow,1949-05-26T00:00:00.0000000-06:00,0.000000,,,0,,NOAA,2013-03-29T15:47:48.0770000-06:00,in
37,USC00051772,Snow,1949-05-27T00:00:00.0000000-06:00,0.000000,,,0,,NOAA,2013-03-29T15:47:48.0770000-06:00,in
37,USC00051772,Snow,1949-05-28T00:00:00.0000000-06:00,0.000000,,,0,,NOAA,2013-03-29T15:47:48.0770000-06:00,in
37,USC00051772,Snow,1949-05-29T00:00:00.0000000-06:00,0.000000,,,0,,NOAA,2013-03-29T15:47:48.0770000-06:00,in
37,USC00051772,Snow,1949-05-30T00:00:00.0000000-06:00,0.000000,,,0,,NOAA,2013-03-29T15:47:48.0770000-06:00,in
37,USC00051772,Snow,1949-05-31T00:00:00.0000000-06:00,0.000000,,,0,,NOAA,2013-03-29T15:47:48.0770000-06:00,in
37,USC00051772,Snow,1949-06-01T00:00:00.0000000-06:00,0.000000,,,0,,NOAA,2013-03-29T15:47:48.0770000-06:00,in
37,USC00051772,Snow,1949-06-02T00:00:00.0000000-06:00,0.000000,,,0,,NOAA,2013-03-29T15:47:48.0770000-06:00,in
37,USC00051772,Snow,1949-06-03T00:00:00.0000000-06:00,0.000000,,,0,,NOAA,2013-03-29T15:47:48.0770000-06:00,in
37,USC00051772,Snow,1949-06-04T00:00:00.0000000-06:00,0.000000,,,0,,NOAA,2013-03-29T15:47:48.0770000-06:00,in
37,USC00051772,Snow,1949-06-05T00:00:00.0000000-06:00,0.000000,,,0,,NOAA,2013-03-29T15:47:48.0770000-06:00,in
37,USC00051772,Snow,1949-06-06T00:00:00.0000000-06:00,0.000000,,,0,,NOAA,2013-03-29T15:47:48.0770000-06:00,in
37,USC00051772,Snow,1949-06-07T00:00:00.0000000-06:00,0.000000,,,0,,NOAA,2013-03-29T15:47:48.0770000-06:00,in
37,USC00051772,Snow,1949-06-08T00:00:00.0000000-06:00,0.000000,,,0,,NOAA,2013-03-29T15:47:48.0770000-06:00,in
37,USC00051772,Snow,1949-06-09T00:00:00.0000000-06:00,0.000000,,,0,,NOAA,2013-03-29T15:47:48.0770000-06:00,in
37,USC00051772,Snow,1949-06-10T00:00:00.0000000-06:00,0.000000,,,0,,NOAA,2013-03-29T15:47:48.0770000-06:00,in
37,USC00051772,Snow,1949-06-11T00:00:00.0000000-06:00,0.000000,,,0,,NOAA,2013-03-29T15:47:48.0770000-06:00,in
37,USC00051772,Snow,1949-06-12T00:00:00.0000000-06:00,0.000000,,,0,,NOAA,2013-03-29T15:47:48.0770000-06:00,in
37,USC00051772,Snow,1949-06-13T00:00:00.0000000-06:00,0.000000,,,0,,NOAA,2013-03-29T15:47:48.0770000-06:00,in
37,USC00051772,Snow,1949-06-14T00:00:00.0000000-06:00,0.000000,,,0,,NOAA,2013-03-29T15:47:48.0770000-06:00,in
37,USC00051772,Snow,1949-06-15T00:00:00.0000000-06:00,0.000000,,,0,,NOAA,2013-03-29T15:47:48.0770000-06:00,in
37,USC00051772,Snow,1949-06-16T00:00:00.0000000-06:00,0.000000,,,0,,NOAA,2013-03-29T15:47:48.0770000-06:00,in
37,USC00051772,Snow,1949-06-17T00:00:00.0000000-06:00,0.000000,,,0,,NOAA,2013-03-29T15:47:48.0770000-06:00,in
37,USC00051772,Snow,1949-06-18T00:00:00.0000000-06:00,0.000000,,,0,,NOAA,2013-03-29T15:47:48.0770000-06:00,in
37,USC00051772,Snow,1949-06-19T00:00:00.0000000-06:00,0.000000,,,0,,NOAA,2013-03-29T15:47:48.0770000-06:00,in
37,USC00051772,Snow,1949-06-20T00:00:00.0000000-06:00,0.000000,,,0,,NOAA,2013-03-29T15:47:48.0770000-06:00,in
37,USC00051772,Snow,1949-06-21T00:00:00.0000000-06:00,0.000000,,,0,,NOAA,2013-03-29T15:47:48.0770000-06:00,in
37,USC00051772,Snow,1949-06-22T00:00:00.0000000-06:00,0.000000,,,0,,NOAA,2013-03-29T15:47:48.0770000-06:00,in
37,USC00051772,Snow,1949-06-23T00:00:00.0000000-06:00,0.000000,,,0,,NOAA,2013-03-29T15:47:48.0770000-06:00,in
37,USC00051772,Snow,1949-06-24T00:00:00.0000000-06:00,0.000000,,,0,,NOAA,2013-03-29T15:47:48.0770000-06:00,in
37,USC00051772,Snow,1949-06-25T00:00:00.0000000-06:00,0.000000,,,0,,NOAA,2013-03-29T15:47:48.0770000-06:00,in
37,USC00051772,Snow,1949-06-26T00:00:00.0000000-06:00,0.000000,,,0,,NOAA,2013-03-29T15:47:48.0770000-06:00,in
37,USC00051772,Snow,1949-06-27T00:00:00.0000000-06:00,0.000000,,,0,,NOAA,2013-03-29T15:47:48.0770000-06:00,in
37,USC00051772,Snow,1949-06-28T00:00:00.0000000-06:00,0.000000,,,0,,NOAA,2013-03-29T15:47:48.0770000-06:00,in
37,USC00051772,Snow,1949-06-29T00:00:00.0000000-06:00,0.000000,,,0,,NOAA,2013-03-29T15:47:48.0770000-06:00,in
37,USC00051772,Snow,1949-06-30T00:00:00.0000000-06:00,0.000000,,,0,,NOAA,2013-03-29T15:47:48.0770000-06:00,in
37,USC00051772,Snow,1949-07-01T00:00:00.0000000-06:00,0.000000,,,0,,NOAA,2013-03-29T15:47:48.0770000-06:00,in
37,USC00051772,Snow,1949-07-02T00:00:00.0000000-06:00,0.000000,,,0,,NOAA,2013-03-29T15:47:48.0770000-06:00,in
37,USC00051772,Snow,1949-07-03T00:00:00.0000000-06:00,0.000000,,,0,,NOAA,2013-03-29T15:47:48.0770000-06:00,in
37,USC00051772,Snow,1949-07-04T00:00:00.0000000-06:00,0.000000,,,0,,NOAA,2013-03-29T15:47:48.0770000-06:00,in
37,USC00051772,Snow,1949-07-05T00:00:00.0000000-06:00,0.000000,,,0,,NOAA,2013-03-29T15:47:48.0770000-06:00,in
37,USC00051772,Snow,1949-07-06T00:00:00.0000000-06:00,0.000000,,,0,,NOAA,2013-03-29T15:47:48.0770000-06:00,in
37,USC00051772,Snow,1949-07-07T00:00:00.0000000-06:00,0.000000,,,0,,NOAA,2013-03-29T15:47:48.0770000-06:00,in
37,USC00051772,Snow,1949-07-08T00:00:00.0000000-06:00,0.000000,,,0,,NOAA,2013-03-29T15:47:48.0770000-06:00,in
37,USC00051772,Snow,1949-07-09T00:00:00.0000000-06:00,0.000000,,,0,,NOAA,2013-03-29T15:47:48.0770000-06:00,in
37,USC00051772,Snow,1949-07-10T00:00:00.0000000-06:00,0.000000,,,0,,NOAA,2013-03-29T15:47:48.0770000-06:00,in
37,USC00051772,Snow,1949-07-11T00:00:00.0000000-06:00,0.000000,,,0,,NOAA,2013-03-29T15:47:48.0770000-06:00,in
37,USC00051772,Snow,1949-07-12T00:00:00.0000000-06:00,0.000000,,,0,,NOAA,2013-03-29T15:47:48.0770000-06:00,in
37,USC00051772,Snow,1949-07-13T00:00:00.0000000-06:00,0.000000,,,0,,NOAA,2013-03-29T15:47:48.0770000-06:00,in
37,USC00051772,Snow,1949-07-14T00:00:00.0000000-06:00,0.000000,,,0,,NOAA,2013-03-29T15:47:48.0770000-06:00,in
37,USC00051772,Snow,1949-07-15T00:00:00.0000000-06:00,0.000000,,,0,,NOAA,2013-03-29T15:47:48.0770000-06:00,in
37,USC00051772,Snow,1949-07-16T00:00:00.0000000-06:00,0.000000,,,0,,NOAA,2013-03-29T15:47:48.0770000-06:00,in
37,USC00051772,Snow,1949-07-17T00:00:00.0000000-06:00,0.000000,,,0,,NOAA,2013-03-29T15:47:48.0770000-06:00,in
37,USC00051772,Snow,1949-07-18T00:00:00.0000000-06:00,0.000000,,,0,,NOAA,2013-03-29T15:47:48.0770000-06:00,in
37,USC00051772,Snow,1949-07-19T00:00:00.0000000-06:00,0.000000,,,0,,NOAA,2013-03-29T15:47:48.0770000-06:00,in
37,USC00051772,Snow,1949-07-20T00:00:00.0000000-06:00,0.000000,,,0,,NOAA,2013-03-29T15:47:48.0770000-06:00,in
37,USC00051772,Snow,1949-07-21T00:00:00.0000000-06:00,0.000000,,,0,,NOAA,2013-03-29T15:47:48.0770000-06:00,in
37,USC00051772,Snow,1949-07-22T00:00:00.0000000-06:00,0.000000,,,0,,NOAA,2013-03-29T15:47:48.0770000-06:00,in
37,USC00051772,Snow,1949-07-23T00:00:00.0000000-06:00,0.000000,,,0,,NOAA,2013-03-29T15:47:48.0770000-06:00,in
37,USC00051772,Snow,1949-07-24T00:00:00.0000000-06:00,0.000000,,,0,,NOAA,2013-03-29T15:47:48.0770000-06:00,in
37,USC00051772,Snow,1949-07-25T00:00:00.0000000-06:00,0.000000,,,0,,NOAA,2013-03-29T15:47:48.0770000-06:00,in
37,USC00051772,Snow,1949-07-26T00:00:00.0000000-06:00,0.000000,,,0,,NOAA,2013-03-29T15:47:48.0770000-06:00,in
37,USC00051772,Snow,1949-07-27T00:00:00.0000000-06:00,0.000000,,,0,,NOAA,2013-03-29T15:47:48.0770000-06:00,in
37,USC00051772,Snow,1949-07-28T00:00:00.0000000-06:00,0.000000,,,0,,NOAA,2013-03-29T15:47:48.0770000-06:00,in
37,USC00051772,Snow,1949-07-29T00:00:00.0000000-06:00,0.000000,,,0,,NOAA,2013-03-29T15:47:48.0770000-06:00,in
37,USC00051772,Snow,1949-07-30T00:00:00.0000000-06:00,0.000000,,,0,,NOAA,2013-03-29T15:47:48.0770000-06:00,in
37,USC00051772,Snow,1949-07-31T00:00:00.0000000-06:00,0.000000,,,0,,NOAA,2013-03-29T15:47:48.0770000-06:00,in
37,USC00051772,Snow,1949-08-01T00:00:00.0000000-06:00,0.000000,,,0,,NOAA,2013-03-29T15:47:48.0770000-06:00,in
37,USC00051772,Snow,1949-08-02T00:00:00.0000000-06:00,0.000000,,,0,,NOAA,2013-03-29T15:47:48.0770000-06:00,in
37,USC00051772,Snow,1949-08-03T00:00:00.0000000-06:00,0.000000,,,0,,NOAA,2013-03-29T15:47:48.0770000-06:00,in
37,USC00051772,Snow,1949-08-04T00:00:00.0000000-06:00,0.000000,,,0,,NOAA,2013-03-29T15:47:48.0770000-06:00,in
37,USC00051772,Snow,1949-08-05T00:00:00.0000000-06:00,0.000000,,,0,,NOAA,2013-03-29T15:47:48.0770000-06:00,in
37,USC00051772,Snow,1949-08-06T00:00:00.0000000-06:00,0.000000,,,0,,NOAA,2013-03-29T15:47:48.0770000-06:00,in
37,USC00051772,Snow,1949-08-07T00:00:00.0000000-06:00,0.000000,,,0,,NOAA,2013-03-29T15:47:48.0770000-06:00,in
37,USC00051772,Snow,1949-08-08T00:00:00.0000000-06:00,0.000000,,,0,,NOAA,2013-03-29T15:47:48.0770000-06:00,in
37,USC00051772,Snow,1949-08-09T00:00:00.0000000-06:00,0.000000,,,0,,NOAA,2013-03-29T15:47:48.0770000-06:00,in
37,USC00051772,Snow,1949-08-10T00:00:00.0000000-06:00,0.000000,,,0,,NOAA,2013-03-29T15:47:48.0770000-06:00,in
37,USC00051772,Snow,1949-08-11T00:00:00.0000000-06:00,0.000000,,,0,,NOAA,2013-03-29T15:47:48.0770000-06:00,in
37,USC00051772,Snow,1949-08-12T00:00:00.0000000-06:00,0.000000,,,0,,NOAA,2013-03-29T15:47:48.0770000-06:00,in
37,USC00051772,Snow,1949-08-13T00:00:00.0000000-06:00,0.000000,,,0,,NOAA,2013-03-29T15:47:48.0770000-06:00,in
37,USC00051772,Snow,1949-08-14T00:00:00.0000000-06:00,0.000000,,,0,,NOAA,2013-03-29T15:47:48.0770000-06:00,in
37,USC00051772,Snow,1949-08-15T00:00:00.0000000-06:00,0.000000,,,0,,NOAA,2013-03-29T15:47:48.0770000-06:00,in
37,USC00051772,Snow,1949-08-16T00:00:00.0000000-06:00,0.000000,,,0,,NOAA,2013-03-29T15:47:48.0770000-06:00,in
37,USC00051772,Snow,1949-08-17T00:00:00.0000000-06:00,0.000000,,,0,,NOAA,2013-03-29T15:47:48.0770000-06:00,in
37,USC00051772,Snow,1949-08-18T00:00:00.0000000-06:00,0.000000,,,0,,NOAA,2013-03-29T15:47:48.0770000-06:00,in
37,USC00051772,Snow,1949-08-19T00:00:00.0000000-06:00,0.000000,,,0,,NOAA,2013-03-29T15:47:48.0770000-06:00,in
37,USC00051772,Snow,1949-08-20T00:00:00.0000000-06:00,0.000000,,,0,,NOAA,2013-03-29T15:47:48.0770000-06:00,in
37,USC00051772,Snow,1949-08-21T00:00:00.0000000-06:00,0.000000,,,0,,NOAA,2013-03-29T15:47:48.0770000-06:00,in
37,USC00051772,Snow,1949-08-22T00:00:00.0000000-06:00,0.000000,,,0,,NOAA,2013-03-29T15:47:48.0770000-06:00,in
37,USC00051772,Snow,1949-08-23T00:00:00.0000000-06:00,0.000000,,,0,,NOAA,2013-03-29T15:47:48.0770000-06:00,in
37,USC00051772,Snow,1949-08-24T00:00:00.0000000-06:00,0.000000,,,0,,NOAA,2013-03-29T15:47:48.0770000-06:00,in
37,USC00051772,Snow,1949-08-25T00:00:00.0000000-06:00,0.000000,,,0,,NOAA,2013-03-29T15:47:48.0770000-06:00,in
37,USC00051772,Snow,1949-08-26T00:00:00.0000000-06:00,0.000000,,,0,,NOAA,2013-03-29T15:47:48.0770000-06:00,in
37,USC00051772,Snow,1949-08-27T00:00:00.0000000-06:00,0.000000,,,0,,NOAA,2013-03-29T15:47:48.0770000-06:00,in
37,USC00051772,Snow,1949-08-28T00:00:00.0000000-06:00,0.000000,,,0,,NOAA,2013-03-29T15:47:48.0770000-06:00,in
37,USC00051772,Snow,1949-08-29T00:00:00.0000000-06:00,0.000000,,,0,,NOAA,2013-03-29T15:47:48.0770000-06:00,in
37,USC00051772,Snow,1949-08-30T00:00:00.0000000-06:00,0.000000,,,0,,NOAA,2013-03-29T15:47:48.0770000-06:00,in
37,USC00051772,Snow,1949-08-31T00:00:00.0000000-06:00,0.000000,,,0,,NOAA,2013-03-29T15:47:48.0770000-06:00,in
37,USC00051772,Snow,1949-09-01T00:00:00.0000000-06:00,0.000000,,,0,,NOAA,2013-03-29T15:47:48.0770000-06:00,in
37,USC00051772,Snow,1949-09-02T00:00:00.0000000-06:00,0.000000,,,0,,NOAA,2013-03-29T15:47:48.0770000-06:00,in
37,USC00051772,Snow,1949-09-03T00:00:00.0000000-06:00,0.000000,,,0,,NOAA,2013-03-29T15:47:48.0770000-06:00,in
37,USC00051772,Snow,1949-09-04T00:00:00.0000000-06:00,0.000000,,,0,,NOAA,2013-03-29T15:47:48.0770000-06:00,in
37,USC00051772,Snow,1949-09-05T00:00:00.0000000-06:00,0.000000,,,0,,NOAA,2013-03-29T15:47:48.0770000-06:00,in
37,USC00051772,Snow,1949-09-06T00:00:00.0000000-06:00,0.000000,,,0,,NOAA,2013-03-29T15:47:48.0770000-06:00,in
37,USC00051772,Snow,1949-09-07T00:00:00.0000000-06:00,0.000000,,,0,,NOAA,2013-03-29T15:47:48.0770000-06:00,in
37,USC00051772,Snow,1949-09-08T00:00:00.0000000-06:00,0.000000,,,0,,NOAA,2013-03-29T15:47:48.0770000-06:00,in
37,USC00051772,Snow,1949-09-09T00:00:00.0000000-06:00,0.000000,,,0,,NOAA,2013-03-29T15:47:48.0770000-06:00,in
37,USC00051772,Snow,1949-09-10T00:00:00.0000000-06:00,0.000000,,,0,,NOAA,2013-03-29T15:47:48.0770000-06:00,in
37,USC00051772,Snow,1949-09-11T00:00:00.0000000-06:00,0.000000,,,0,,NOAA,2013-03-29T15:47:48.0770000-06:00,in
37,USC00051772,Snow,1949-09-12T00:00:00.0000000-06:00,0.000000,,,0,,NOAA,2013-03-29T15:47:48.0770000-06:00,in
37,USC00051772,Snow,1949-09-13T00:00:00.0000000-06:00,0.000000,,,0,,NOAA,2013-03-29T15:47:48.0770000-06:00,in
37,USC00051772,Snow,1949-09-14T00:00:00.0000000-06:00,0.000000,,,0,,NOAA,2013-03-29T15:47:48.0770000-06:00,in
37,USC00051772,Snow,1949-09-15T00:00:00.0000000-06:00,0.000000,,,0,,NOAA,2013-03-29T15:47:48.0770000-06:00,in
37,USC00051772,Snow,1949-09-16T00:00:00.0000000-06:00,0.000000,,,0,,NOAA,2013-03-29T15:47:48.0770000-06:00,in
37,USC00051772,Snow,1949-09-17T00:00:00.0000000-06:00,0.000000,,,0,,NOAA,2013-03-29T15:47:48.0770000-06:00,in
37,USC00051772,Snow,1949-09-18T00:00:00.0000000-06:00,0.000000,,,0,,NOAA,2013-03-29T15:47:48.0770000-06:00,in
37,USC00051772,Snow,1949-09-19T00:00:00.0000000-06:00,0.000000,,,0,,NOAA,2013-03-29T15:47:48.0770000-06:00,in
37,USC00051772,Snow,1949-09-20T00:00:00.0000000-06:00,0.000000,,,0,,NOAA,2013-03-29T15:47:48.0770000-06:00,in
37,USC00051772,Snow,1949-09-21T00:00:00.0000000-06:00,0.000000,,,0,,NOAA,2013-03-29T15:47:48.0770000-06:00,in
37,USC00051772,Snow,1949-09-22T00:00:00.0000000-06:00,0.000000,,,0,,NOAA,2013-03-29T15:47:48.0770000-06:00,in
37,USC00051772,Snow,1949-09-23T00:00:00.0000000-06:00,0.000000,,,0,,NOAA,2013-03-29T15:47:48.0770000-06:00,in
37,USC00051772,Snow,1949-09-24T00:00:00.0000000-06:00,0.000000,,,0,,NOAA,2013-03-29T15:47:48.0770000-06:00,in
37,USC00051772,Snow,1949-09-25T00:00:00.0000000-06:00,0.000000,,,0,,NOAA,2013-03-29T15:47:48.0770000-06:00,in
37,USC00051772,Snow,1949-09-26T00:00:00.0000000-06:00,0.000000,,,0,,NOAA,2013-03-29T15:47:48.0770000-06:00,in
37,USC00051772,Snow,1949-09-27T00:00:00.0000000-06:00,0.000000,,,0,,NOAA,2013-03-29T15:47:48.0770000-06:00,in
37,USC00051772,Snow,1949-09-28T00:00:00.0000000-06:00,0.000000,,,0,,NOAA,2013-03-29T15:47:48.0770000-06:00,in
37,USC00051772,Snow,1949-09-29T00:00:00.0000000-06:00,0.000000,,,0,,NOAA,2013-03-29T15:47:48.0770000-06:00,in
37,USC00051772,Snow,1949-09-30T00:00:00.0000000-06:00,0.000000,T,,0,,NOAA,2013-03-29T15:47:48.0770000-06:00,in
37,USC00051772,Snow,1949-10-01T00:00:00.0000000-06:00,0.000000,,,0,,NOAA,2013-03-29T15:47:48.0770000-06:00,in
37,USC00051772,Snow,1949-10-02T00:00:00.0000000-06:00,0.000000,,,0,,NOAA,2013-03-29T15:47:48.0770000-06:00,in
37,USC00051772,Snow,1949-10-03T00:00:00.0000000-06:00,0.000000,,,0,,NOAA,2013-03-29T15:47:48.0770000-06:00,in
37,USC00051772,Snow,1949-10-04T00:00:00.0000000-06:00,0.000000,,,0,,NOAA,2013-03-29T15:47:48.0770000-06:00,in
37,USC00051772,Snow,1949-10-05T00:00:00.0000000-06:00,0.000000,,,0,,NOAA,2013-03-29T15:47:48.0770000-06:00,in
37,USC00051772,Snow,1949-10-06T00:00:00.0000000-06:00,0.000000,,,0,,NOAA,2013-03-29T15:47:48.0770000-06:00,in
37,USC00051772,Snow,1949-10-07T00:00:00.0000000-06:00,0.000000,,,0,,NOAA,2013-03-29T15:47:48.0770000-06:00,in
37,USC00051772,Snow,1949-10-09T00:00:00.0000000-06:00,0.000000,,,0,,NOAA,2013-03-29T15:47:48.0770000-06:00,in
37,USC00051772,Snow,1949-10-10T00:00:00.0000000-06:00,0.000000,,,0,,NOAA,2013-03-29T15:47:48.0770000-06:00,in
37,USC00051772,Snow,1949-10-11T00:00:00.0000000-06:00,0.000000,,,0,,NOAA,2013-03-29T15:47:48.0770000-06:00,in
37,USC00051772,Snow,1949-10-12T00:00:00.0000000-06:00,0.000000,,,0,,NOAA,2013-03-29T15:47:48.0770000-06:00,in
37,USC00051772,Snow,1949-10-13T00:00:00.0000000-06:00,0.000000,,,0,,NOAA,2013-03-29T15:47:48.0770000-06:00,in
37,USC00051772,Snow,1949-10-14T00:00:00.0000000-06:00,0.000000,,,0,,NOAA,2013-03-29T15:47:48.0770000-06:00,in
37,USC00051772,Snow,1949-10-15T00:00:00.0000000-06:00,0.000000,,,0,,NOAA,2013-03-29T15:47:48.0770000-06:00,in
37,USC00051772,Snow,1949-10-16T00:00:00.0000000-06:00,0.000000,,,0,,NOAA,2013-03-29T15:47:48.0770000-06:00,in
37,USC00051772,Snow,1949-10-17T00:00:00.0000000-06:00,0.000000,,,0,,NOAA,2013-03-29T15:47:48.0770000-06:00,in
37,USC00051772,Snow,1949-10-18T00:00:00.0000000-06:00,0.000000,,,0,,NOAA,2013-03-29T15:47:48.0770000-06:00,in
37,USC00051772,Snow,1949-10-19T00:00:00.0000000-06:00,0.000000,T,,0,,NOAA,2013-03-29T15:47:48.0770000-06:00,in
37,USC00051772,Snow,1949-10-20T00:00:00.0000000-06:00,0.000000,,,0,,NOAA,2013-03-29T15:47:48.0770000-06:00,in
37,USC00051772,Snow,1949-10-21T00:00:00.0000000-06:00,0.000000,,,0,,NOAA,2013-03-29T15:47:48.0770000-06:00,in
37,USC00051772,Snow,1949-10-22T00:00:00.0000000-06:00,0.000000,,,0,,NOAA,2013-03-29T15:47:48.0770000-06:00,in
37,USC00051772,Snow,1949-10-23T00:00:00.0000000-06:00,0.000000,,,0,,NOAA,2013-03-29T15:47:48.0770000-06:00,in
37,USC00051772,Snow,1949-10-24T00:00:00.0000000-06:00,0.000000,,,0,,NOAA,2013-03-29T15:47:48.0770000-06:00,in
37,USC00051772,Snow,1949-10-25T00:00:00.0000000-06:00,0.000000,,,0,,NOAA,2013-03-29T15:47:48.0770000-06:00,in
37,USC00051772,Snow,1949-10-26T00:00:00.0000000-06:00,0.000000,,,0,,NOAA,2013-03-29T15:47:48.0770000-06:00,in
37,USC00051772,Snow,1949-10-27T00:00:00.0000000-06:00,0.000000,,,0,,NOAA,2013-03-29T15:47:48.0770000-06:00,in
37,USC00051772,Snow,1949-10-28T00:00:00.0000000-06:00,0.000000,,,0,,NOAA,2013-03-29T15:47:48.0770000-06:00,in
37,USC00051772,Snow,1949-10-29T00:00:00.0000000-06:00,0.000000,,,0,,NOAA,2013-03-29T15:47:48.0770000-06:00,in
37,USC00051772,Snow,1949-10-30T00:00:00.0000000-06:00,0.000000,,,0,,NOAA,2013-03-29T15:47:48.0770000-06:00,in
37,USC00051772,Snow,1949-10-31T00:00:00.0000000-07:00,0.000000,,,0,,NOAA,2013-03-29T15:47:48.0770000-06:00,in
37,USC00051772,Snow,1949-11-01T00:00:00.0000000-07:00,0.000000,,,0,,NOAA,2013-03-29T15:47:48.0770000-06:00,in
37,USC00051772,Snow,1949-11-02T00:00:00.0000000-07:00,0.000000,,,0,,NOAA,2013-03-29T15:47:48.0770000-06:00,in
37,USC00051772,Snow,1949-11-03T00:00:00.0000000-07:00,0.000000,,,0,,NOAA,2013-03-29T15:47:48.0770000-06:00,in
37,USC00051772,Snow,1949-11-04T00:00:00.0000000-07:00,0.000000,,,0,,NOAA,2013-03-29T15:47:48.0770000-06:00,in
37,USC00051772,Snow,1949-11-05T00:00:00.0000000-07:00,0.000000,,,0,,NOAA,2013-03-29T15:47:48.0770000-06:00,in
37,USC00051772,Snow,1949-11-06T00:00:00.0000000-07:00,0.000000,,,0,,NOAA,2013-03-29T15:47:48.0770000-06:00,in
37,USC00051772,Snow,1949-11-07T00:00:00.0000000-07:00,0.000000,,,0,,NOAA,2013-03-29T15:47:48.0770000-06:00,in
37,USC00051772,Snow,1949-11-08T00:00:00.0000000-07:00,0.000000,,,0,,NOAA,2013-03-29T15:47:48.0770000-06:00,in
37,USC00051772,Snow,1949-11-09T00:00:00.0000000-07:00,0.000000,,,0,,NOAA,2013-03-29T15:47:48.0770000-06:00,in
37,USC00051772,Snow,1949-11-10T00:00:00.0000000-07:00,0.000000,,,0,,NOAA,2013-03-29T15:47:48.0770000-06:00,in
37,USC00051772,Snow,1949-11-11T00:00:00.0000000-07:00,0.984252,,,0,,NOAA,2013-03-29T15:47:48.0770000-06:00,in
37,USC00051772,Snow,1949-11-12T00:00:00.0000000-07:00,0.000000,,,0,,NOAA,2013-03-29T15:47:48.0770000-06:00,in
37,USC00051772,Snow,1949-11-13T00:00:00.0000000-07:00,0.000000,,,0,,NOAA,2013-03-29T15:47:48.0770000-06:00,in
37,USC00051772,Snow,1949-11-14T00:00:00.0000000-07:00,0.000000,,,0,,NOAA,2013-03-29T15:47:48.0770000-06:00,in
37,USC00051772,Snow,1949-11-15T00:00:00.0000000-07:00,0.000000,,,0,,NOAA,2013-03-29T15:47:48.0770000-06:00,in
37,USC00051772,Snow,1949-11-16T00:00:00.0000000-07:00,0.000000,,,0,,NOAA,2013-03-29T15:47:48.0770000-06:00,in
37,USC00051772,Snow,1949-11-17T00:00:00.0000000-07:00,0.000000,,,0,,NOAA,2013-03-29T15:47:48.0770000-06:00,in
37,USC00051772,Snow,1949-11-18T00:00:00.0000000-07:00,0.000000,,,0,,NOAA,2013-03-29T15:47:48.0770000-06:00,in
37,USC00051772,Snow,1949-11-19T00:00:00.0000000-07:00,0.000000,,,0,,NOAA,2013-03-29T15:47:48.0770000-06:00,in
37,USC00051772,Snow,1949-11-20T00:00:00.0000000-07:00,0.000000,,,0,,NOAA,2013-03-29T15:47:48.0770000-06:00,in
37,USC00051772,Snow,1949-11-21T00:00:00.0000000-07:00,0.000000,,,0,,NOAA,2013-03-29T15:47:48.0770000-06:00,in
37,USC00051772,Snow,1949-11-22T00:00:00.0000000-07:00,0.000000,,,0,,NOAA,2013-03-29T15:47:48.0770000-06:00,in
37,USC00051772,Snow,1949-11-23T00:00:00.0000000-07:00,0.000000,,,0,,NOAA,2013-03-29T15:47:48.0770000-06:00,in
37,USC00051772,Snow,1949-11-24T00:00:00.0000000-07:00,0.000000,,,0,,NOAA,2013-03-29T15:47:48.0770000-06:00,in
37,USC00051772,Snow,1949-11-25T00:00:00.0000000-07:00,0.000000,,,0,,NOAA,2013-03-29T15:47:48.0770000-06:00,in
37,USC00051772,Snow,1949-11-26T00:00:00.0000000-07:00,0.000000,,,0,,NOAA,2013-03-29T15:47:48.0770000-06:00,in
37,USC00051772,Snow,1949-11-27T00:00:00.0000000-07:00,0.000000,,,0,,NOAA,2013-03-29T15:47:48.0770000-06:00,in
37,USC00051772,Snow,1949-11-28T00:00:00.0000000-07:00,0.000000,,,0,,NOAA,2013-03-29T15:47:48.0770000-06:00,in
37,USC00051772,Snow,1949-11-29T00:00:00.0000000-07:00,0.000000,,,0,,NOAA,2013-03-29T15:47:48.0770000-06:00,in
37,USC00051772,Snow,1949-11-30T00:00:00.0000000-07:00,0.000000,,,0,,NOAA,2013-03-29T15:47:48.0770000-06:00,in
37,USC00051772,Snow,1949-12-01T00:00:00.0000000-07:00,0.000000,,,0,,NOAA,2013-03-29T15:47:48.0770000-06:00,in
37,USC00051772,Snow,1949-12-02T00:00:00.0000000-07:00,0.000000,,,0,,NOAA,2013-03-29T15:47:48.0770000-06:00,in
37,USC00051772,Snow,1949-12-03T00:00:00.0000000-07:00,0.000000,,,0,,NOAA,2013-03-29T15:47:48.0770000-06:00,in
37,USC00051772,Snow,1949-12-04T00:00:00.0000000-07:00,0.000000,,,0,,NOAA,2013-03-29T15:47:48.0770000-06:00,in
37,USC00051772,Snow,1949-12-05T00:00:00.0000000-07:00,0.000000,,,0,,NOAA,2013-03-29T15:47:48.0770000-06:00,in
37,USC00051772,Snow,1949-12-06T00:00:00.0000000-07:00,0.000000,,,0,,NOAA,2013-03-29T15:47:48.0770000-06:00,in
37,USC00051772,Snow,1949-12-07T00:00:00.0000000-07:00,0.000000,,,0,,NOAA,2013-03-29T15:47:48.0770000-06:00,in
37,USC00051772,Snow,1949-12-08T00:00:00.0000000-07:00,0.000000,,,0,,NOAA,2013-03-29T15:47:48.0770000-06:00,in
37,USC00051772,Snow,1949-12-09T00:00:00.0000000-07:00,0.000000,,,0,,NOAA,2013-03-29T15:47:48.0770000-06:00,in
37,USC00051772,Snow,1949-12-10T00:00:00.0000000-07:00,0.000000,T,,0,,NOAA,2013-03-29T15:47:48.0770000-06:00,in
37,USC00051772,Snow,1949-12-11T00:00:00.0000000-07:00,0.196850,,,0,,NOAA,2013-03-29T15:47:48.0770000-06:00,in
37,USC00051772,Snow,1949-12-12T00:00:00.0000000-07:00,0.000000,,,0,,NOAA,2013-03-29T15:47:48.0770000-06:00,in
37,USC00051772,Snow,1949-12-13T00:00:00.0000000-07:00,0.000000,,,0,,NOAA,2013-03-29T15:47:48.0770000-06:00,in
37,USC00051772,Snow,1949-12-14T00:00:00.0000000-07:00,0.000000,,,0,,NOAA,2013-03-29T15:47:48.0770000-06:00,in
37,USC00051772,Snow,1949-12-15T00:00:00.0000000-07:00,0.000000,,,0,,NOAA,2013-03-29T15:47:48.0770000-06:00,in
37,USC00051772,Snow,1949-12-16T00:00:00.0000000-07:00,0.000000,T,,0,,NOAA,2013-03-29T15:47:48.0770000-06:00,in
37,USC00051772,Snow,1949-12-17T00:00:00.0000000-07:00,0.000000,,,0,,NOAA,2013-03-29T15:47:48.0770000-06:00,in
37,USC00051772,Snow,1949-12-18T00:00:00.0000000-07:00,0.708661,,,0,,NOAA,2013-03-29T15:47:48.0770000-06:00,in
37,USC00051772,Snow,1949-12-19T00:00:00.0000000-07:00,0.000000,,,0,,NOAA,2013-03-29T15:47:48.0770000-06:00,in
37,USC00051772,Snow,1949-12-20T00:00:00.0000000-07:00,1.102362,,,0,,NOAA,2013-03-29T15:47:48.0770000-06:00,in
37,USC00051772,Snow,1949-12-21T00:00:00.0000000-07:00,0.000000,,,0,,NOAA,2013-03-29T15:47:48.0770000-06:00,in
37,USC00051772,Snow,1949-12-22T00:00:00.0000000-07:00,0.000000,,,0,,NOAA,2013-03-29T15:47:48.0770000-06:00,in
37,USC00051772,Snow,1949-12-23T00:00:00.0000000-07:00,0.000000,,,0,,NOAA,2013-03-29T15:47:48.0770000-06:00,in
37,USC00051772,Snow,1949-12-24T00:00:00.0000000-07:00,0.984252,,,0,,NOAA,2013-03-29T15:47:48.0770000-06:00,in
37,USC00051772,Snow,1949-12-25T00:00:00.0000000-07:00,0.000000,,,0,,NOAA,2013-03-29T15:47:48.0770000-06:00,in
37,USC00051772,Snow,1949-12-26T00:00:00.0000000-07:00,0.000000,,,0,,NOAA,2013-03-29T15:47:48.0770000-06:00,in
37,USC00051772,Snow,1949-12-27T00:00:00.0000000-07:00,0.000000,,,0,,NOAA,2013-03-29T15:47:48.0770000-06:00,in
37,USC00051772,Snow,1949-12-28T00:00:00.0000000-07:00,0.000000,,,0,,NOAA,2013-03-29T15:47:48.0770000-06:00,in
37,USC00051772,Snow,1949-12-29T00:00:00.0000000-07:00,0.000000,,,0,,NOAA,2013-03-29T15:47:48.0770000-06:00,in
37,USC00051772,Snow,1949-12-30T00:00:00.0000000-07:00,0.000000,,,0,,NOAA,2013-03-29T15:47:48.0770000-06:00,in
37,USC00051772,Snow,1949-12-31T00:00:00.0000000-07:00,0.000000,,,0,,NOAA,2013-03-29T15:47:48.0770000-06:00,in
37,USC00051772,Snow,1950-01-01T00:00:00.0000000-07:00,0.000000,,,0,,NOAA,2013-03-29T15:47:48.0770000-06:00,in
37,USC00051772,Snow,1950-01-02T00:00:00.0000000-07:00,0.000000,,,0,,NOAA,2013-03-29T15:47:48.0770000-06:00,in
37,USC00051772,Snow,1950-01-03T00:00:00.0000000-07:00,2.795276,,,0,,NOAA,2013-03-29T15:47:48.0770000-06:00,in
37,USC00051772,Snow,1950-01-04T00:00:00.0000000-07:00,0.196850,,,0,,NOAA,2013-03-29T15:47:48.0770000-06:00,in
37,USC00051772,Snow,1950-01-05T00:00:00.0000000-07:00,0.314961,,,0,,NOAA,2013-03-29T15:47:48.0770000-06:00,in
37,USC00051772,Snow,1950-01-06T00:00:00.0000000-07:00,0.000000,,,0,,NOAA,2013-03-29T15:47:48.0770000-06:00,in
37,USC00051772,Snow,1950-01-07T00:00:00.0000000-07:00,0.000000,,,0,,NOAA,2013-03-29T15:47:48.0770000-06:00,in
37,USC00051772,Snow,1950-01-08T00:00:00.0000000-07:00,0.000000,,,0,,NOAA,2013-03-29T15:47:48.0770000-06:00,in
37,USC00051772,Snow,1950-01-09T00:00:00.0000000-07:00,0.000000,T,,0,,NOAA,2013-03-29T15:47:48.0770000-06:00,in
37,USC00051772,Snow,1950-01-10T00:00:00.0000000-07:00,0.000000,,,0,,NOAA,2013-03-29T15:47:48.0770000-06:00,in
37,USC00051772,Snow,1950-01-11T00:00:00.0000000-07:00,0.000000,,,0,,NOAA,2013-03-29T15:47:48.0770000-06:00,in
37,USC00051772,Snow,1950-01-12T00:00:00.0000000-07:00,0.000000,,,0,,NOAA,2013-03-29T15:47:48.0770000-06:00,in
37,USC00051772,Snow,1950-01-13T00:00:00.0000000-07:00,1.496063,,,0,,NOAA,2013-03-29T15:47:48.0770000-06:00,in
37,USC00051772,Snow,1950-01-14T00:00:00.0000000-07:00,0.984252,,,0,,NOAA,2013-03-29T15:47:48.0770000-06:00,in
37,USC00051772,Snow,1950-01-15T00:00:00.0000000-07:00,1.496063,,,0,,NOAA,2013-03-29T15:47:48.0770000-06:00,in
37,USC00051772,Snow,1950-01-16T00:00:00.0000000-07:00,0.000000,,,0,,NOAA,2013-03-29T15:47:48.0770000-06:00,in
37,USC00051772,Snow,1950-01-17T00:00:00.0000000-07:00,0.000000,,,0,,NOAA,2013-03-29T15:47:48.0770000-06:00,in
37,USC00051772,Snow,1950-01-18T00:00:00.0000000-07:00,0.000000,,,0,,NOAA,2013-03-29T15:47:48.0770000-06:00,in
37,USC00051772,Snow,1950-01-19T00:00:00.0000000-07:00,0.000000,,,0,,NOAA,2013-03-29T15:47:48.0770000-06:00,in
37,USC00051772,Snow,1950-01-20T00:00:00.0000000-07:00,0.000000,,,0,,NOAA,2013-03-29T15:47:48.0770000-06:00,in
37,USC00051772,Snow,1950-01-21T00:00:00.0000000-07:00,0.000000,,,0,,NOAA,2013-03-29T15:47:48.0770000-06:00,in
37,USC00051772,Snow,1950-01-22T00:00:00.0000000-07:00,0.000000,,,0,,NOAA,2013-03-29T15:47:48.0770000-06:00,in
37,USC00051772,Snow,1950-01-23T00:00:00.0000000-07:00,0.000000,,,0,,NOAA,2013-03-29T15:47:48.0770000-06:00,in
37,USC00051772,Snow,1950-01-24T00:00:00.0000000-07:00,10.000000,,,0,,NOAA,2013-03-29T15:47:48.0770000-06:00,in
37,USC00051772,Snow,1950-01-25T00:00:00.0000000-07:00,2.007874,,,0,,NOAA,2013-03-29T15:47:48.0770000-06:00,in
37,USC00051772,Snow,1950-01-26T00:00:00.0000000-07:00,0.000000,,,0,,NOAA,2013-03-29T15:47:48.0770000-06:00,in
37,USC00051772,Snow,1950-01-27T00:00:00.0000000-07:00,0.000000,,,0,,NOAA,2013-03-29T15:47:48.0770000-06:00,in
37,USC00051772,Snow,1950-01-28T00:00:00.0000000-07:00,0.000000,,,0,,NOAA,2013-03-29T15:47:48.0770000-06:00,in
37,USC00051772,Snow,1950-01-29T00:00:00.0000000-07:00,0.511811,,,0,,NOAA,2013-03-29T15:47:48.0770000-06:00,in
37,USC00051772,Snow,1950-01-30T00:00:00.0000000-07:00,7.007874,,,0,,NOAA,2013-03-29T15:47:48.0770000-06:00,in
37,USC00051772,Snow,1950-01-31T00:00:00.0000000-07:00,0.000000,T,,0,,NOAA,2013-03-29T15:47:48.0770000-06:00,in
37,USC00051772,Snow,1950-02-01T00:00:00.0000000-07:00,0.000000,,,0,,NOAA,2013-03-29T15:47:48.0770000-06:00,in
37,USC00051772,Snow,1950-02-02T00:00:00.0000000-07:00,0.000000,,,0,,NOAA,2013-03-29T15:47:48.0770000-06:00,in
37,USC00051772,Snow,1950-02-03T00:00:00.0000000-07:00,0.000000,,,0,,NOAA,2013-03-29T15:47:48.0770000-06:00,in
37,USC00051772,Snow,1950-02-04T00:00:00.0000000-07:00,0.000000,,,0,,NOAA,2013-03-29T15:47:48.0770000-06:00,in
37,USC00051772,Snow,1950-02-05T00:00:00.0000000-07:00,0.000000,,,0,,NOAA,2013-03-29T15:47:48.0770000-06:00,in
37,USC00051772,Snow,1950-02-06T00:00:00.0000000-07:00,0.000000,,,0,,NOAA,2013-03-29T15:47:48.0770000-06:00,in
37,USC00051772,Snow,1950-02-07T00:00:00.0000000-07:00,0.000000,,,0,,NOAA,2013-03-29T15:47:48.0770000-06:00,in
37,USC00051772,Snow,1950-02-08T00:00:00.0000000-07:00,0.000000,,,0,,NOAA,2013-03-29T15:47:48.0770000-06:00,in
37,USC00051772,Snow,1950-02-09T00:00:00.0000000-07:00,0.000000,,,0,,NOAA,2013-03-29T15:47:48.0770000-06:00,in
37,USC00051772,Snow,1950-02-10T00:00:00.0000000-07:00,0.000000,,,0,,NOAA,2013-03-29T15:47:48.0770000-06:00,in
37,USC00051772,Snow,1950-02-11T00:00:00.0000000-07:00,0.984252,,,0,,NOAA,2013-03-29T15:47:48.0770000-06:00,in
37,USC00051772,Snow,1950-02-12T00:00:00.0000000-07:00,0.000000,T,,0,,NOAA,2013-03-29T15:47:48.0770000-06:00,in
37,USC00051772,Snow,1950-02-13T00:00:00.0000000-07:00,0.000000,,,0,,NOAA,2013-03-29T15:47:48.0770000-06:00,in
37,USC00051772,Snow,1950-02-14T00:00:00.0000000-07:00,0.000000,,,0,,NOAA,2013-03-29T15:47:48.0770000-06:00,in
37,USC00051772,Snow,1950-02-15T00:00:00.0000000-07:00,0.000000,,,0,,NOAA,2013-03-29T15:47:48.0770000-06:00,in
37,USC00051772,Snow,1950-02-16T00:00:00.0000000-07:00,0.000000,,,0,,NOAA,2013-03-29T15:47:48.0770000-06:00,in
37,USC00051772,Snow,1950-02-17T00:00:00.0000000-07:00,0.000000,,,0,,NOAA,2013-03-29T15:47:48.0770000-06:00,in
37,USC00051772,Snow,1950-02-18T00:00:00.0000000-07:00,0.000000,,,0,,NOAA,2013-03-29T15:47:48.0770000-06:00,in
37,USC00051772,Snow,1950-02-19T00:00:00.0000000-07:00,0.000000,,,0,,NOAA,2013-03-29T15:47:48.0770000-06:00,in
37,USC00051772,Snow,1950-02-20T00:00:00.0000000-07:00,0.000000,,,0,,NOAA,2013-03-29T15:47:48.0770000-06:00,in
37,USC00051772,Snow,1950-02-21T00:00:00.0000000-07:00,0.000000,,,0,,NOAA,2013-03-29T15:47:48.0770000-06:00,in
37,USC00051772,Snow,1950-02-22T00:00:00.0000000-07:00,0.000000,,,0,,NOAA,2013-03-29T15:47:48.0770000-06:00,in
37,USC00051772,Snow,1950-02-23T00:00:00.0000000-07:00,0.000000,,,0,,NOAA,2013-03-29T15:47:48.0770000-06:00,in
37,USC00051772,Snow,1950-02-24T00:00:00.0000000-07:00,0.000000,,,0,,NOAA,2013-03-29T15:47:48.0770000-06:00,in
37,USC00051772,Snow,1950-02-25T00:00:00.0000000-07:00,0.000000,,,0,,NOAA,2013-03-29T15:47:48.0770000-06:00,in
37,USC00051772,Snow,1950-02-26T00:00:00.0000000-07:00,0.000000,,,0,,NOAA,2013-03-29T15:47:48.0770000-06:00,in
37,USC00051772,Snow,1950-02-27T00:00:00.0000000-07:00,0.000000,,,0,,NOAA,2013-03-29T15:47:48.0770000-06:00,in
37,USC00051772,Snow,1950-02-28T00:00:00.0000000-07:00,2.992126,,,0,,NOAA,2013-03-29T15:47:48.0770000-06:00,in
37,USC00051772,Snow,1950-03-01T00:00:00.0000000-07:00,0.000000,,,0,,NOAA,2013-03-29T15:47:48.0770000-06:00,in
37,USC00051772,Snow,1950-03-02T00:00:00.0000000-07:00,0.000000,,,0,,NOAA,2013-03-29T15:47:48.0770000-06:00,in
37,USC00051772,Snow,1950-03-03T00:00:00.0000000-07:00,0.000000,,,0,,NOAA,2013-03-29T15:47:48.0770000-06:00,in
37,USC00051772,Snow,1950-03-04T00:00:00.0000000-07:00,0.000000,,,0,,NOAA,2013-03-29T15:47:48.0770000-06:00,in
37,USC00051772,Snow,1950-03-05T00:00:00.0000000-07:00,0.000000,,,0,,NOAA,2013-03-29T15:47:48.0770000-06:00,in
37,USC00051772,Snow,1950-03-06T00:00:00.0000000-07:00,0.000000,,,0,,NOAA,2013-03-29T15:47:48.0770000-06:00,in
37,USC00051772,Snow,1950-03-07T00:00:00.0000000-07:00,0.000000,,,0,,NOAA,2013-03-29T15:47:48.0770000-06:00,in
37,USC00051772,Snow,1950-03-08T00:00:00.0000000-07:00,0.000000,,,0,,NOAA,2013-03-29T15:47:48.0770000-06:00,in
37,USC00051772,Snow,1950-03-09T00:00:00.0000000-07:00,0.000000,,,0,,NOAA,2013-03-29T15:47:48.0770000-06:00,in
37,USC00051772,Snow,1950-03-10T00:00:00.0000000-07:00,0.000000,,,0,,NOAA,2013-03-29T15:47:48.0770000-06:00,in
37,USC00051772,Snow,1950-03-11T00:00:00.0000000-07:00,0.000000,,,0,,NOAA,2013-03-29T15:47:48.0770000-06:00,in
37,USC00051772,Snow,1950-03-12T00:00:00.0000000-07:00,1.496063,,,0,,NOAA,2013-03-29T15:47:48.0770000-06:00,in
37,USC00051772,Snow,1950-03-13T00:00:00.0000000-07:00,0.000000,,,0,,NOAA,2013-03-29T15:47:48.0770000-06:00,in
37,USC00051772,Snow,1950-03-14T00:00:00.0000000-07:00,0.000000,,,0,,NOAA,2013-03-29T15:47:48.0770000-06:00,in
37,USC00051772,Snow,1950-03-15T00:00:00.0000000-07:00,0.000000,,,0,,NOAA,2013-03-29T15:47:48.0770000-06:00,in
37,USC00051772,Snow,1950-03-16T00:00:00.0000000-07:00,0.000000,,,0,,NOAA,2013-03-29T15:47:48.0770000-06:00,in
37,USC00051772,Snow,1950-03-17T00:00:00.0000000-07:00,0.000000,,,0,,NOAA,2013-03-29T15:47:48.0770000-06:00,in
37,USC00051772,Snow,1950-03-18T00:00:00.0000000-07:00,0.000000,,,0,,NOAA,2013-03-29T15:47:48.0770000-06:00,in
37,USC00051772,Snow,1950-03-19T00:00:00.0000000-07:00,0.000000,,,0,,NOAA,2013-03-29T15:47:48.0770000-06:00,in
37,USC00051772,Snow,1950-03-20T00:00:00.0000000-07:00,0.000000,,,0,,NOAA,2013-03-29T15:47:48.0770000-06:00,in
37,USC00051772,Snow,1950-03-21T00:00:00.0000000-07:00,0.000000,,,0,,NOAA,2013-03-29T15:47:48.0770000-06:00,in
37,USC00051772,Snow,1950-03-22T00:00:00.0000000-07:00,0.000000,,,0,,NOAA,2013-03-29T15:47:48.0770000-06:00,in
37,USC00051772,Snow,1950-03-23T00:00:00.0000000-07:00,0.000000,,,0,,NOAA,2013-03-29T15:47:48.0770000-06:00,in
37,USC00051772,Snow,1950-03-24T00:00:00.0000000-07:00,0.000000,,,0,,NOAA,2013-03-29T15:47:48.0770000-06:00,in
37,USC00051772,Snow,1950-03-25T00:00:00.0000000-07:00,0.000000,,,0,,NOAA,2013-03-29T15:47:48.0770000-06:00,in
37,USC00051772,Snow,1950-03-26T00:00:00.0000000-07:00,1.496063,,,0,,NOAA,2013-03-29T15:47:48.0770000-06:00,in
37,USC00051772,Snow,1950-03-27T00:00:00.0000000-07:00,0.000000,,,0,,NOAA,2013-03-29T15:47:48.0770000-06:00,in
37,USC00051772,Snow,1950-03-28T00:00:00.0000000-07:00,0.000000,,,0,,NOAA,2013-03-29T15:47:48.0770000-06:00,in
37,USC00051772,Snow,1950-03-29T00:00:00.0000000-07:00,0.000000,,,0,,NOAA,2013-03-29T15:47:48.0770000-06:00,in
37,USC00051772,Snow,1950-03-30T00:00:00.0000000-07:00,0.000000,,,0,,NOAA,2013-03-29T15:47:48.0770000-06:00,in
37,USC00051772,Snow,1950-03-31T00:00:00.0000000-07:00,0.000000,,,0,,NOAA,2013-03-29T15:47:48.0770000-06:00,in
37,USC00051772,Snow,1950-04-01T00:00:00.0000000-07:00,0.000000,,,0,,NOAA,2013-03-29T15:47:48.0770000-06:00,in
37,USC00051772,Snow,1950-04-02T00:00:00.0000000-07:00,0.000000,,,0,,NOAA,2013-03-29T15:47:48.0770000-06:00,in
37,USC00051772,Snow,1950-04-03T00:00:00.0000000-06:00,0.000000,,,0,,NOAA,2013-03-29T15:47:48.0770000-06:00,in
37,USC00051772,Snow,1950-04-04T00:00:00.0000000-06:00,0.000000,,,0,,NOAA,2013-03-29T15:47:48.0770000-06:00,in
37,USC00051772,Snow,1950-04-05T00:00:00.0000000-06:00,0.000000,,,0,,NOAA,2013-03-29T15:47:48.0770000-06:00,in
37,USC00051772,Snow,1950-04-06T00:00:00.0000000-06:00,0.000000,,,0,,NOAA,2013-03-29T15:47:48.0770000-06:00,in
37,USC00051772,Snow,1950-04-07T00:00:00.0000000-06:00,0.000000,,,0,,NOAA,2013-03-29T15:47:48.0770000-06:00,in
37,USC00051772,Snow,1950-04-08T00:00:00.0000000-06:00,0.000000,T,,0,,NOAA,2013-03-29T15:47:48.0770000-06:00,in
37,USC00051772,Snow,1950-04-09T00:00:00.0000000-06:00,0.314961,,,0,,NOAA,2013-03-29T15:47:48.0770000-06:00,in
37,USC00051772,Snow,1950-04-10T00:00:00.0000000-06:00,0.000000,,,0,,NOAA,2013-03-29T15:47:48.0770000-06:00,in
37,USC00051772,Snow,1950-04-11T00:00:00.0000000-06:00,0.000000,,,0,,NOAA,2013-03-29T15:47:48.0770000-06:00,in
37,USC00051772,Snow,1950-04-12T00:00:00.0000000-06:00,0.000000,,,0,,NOAA,2013-03-29T15:47:48.0770000-06:00,in
37,USC00051772,Snow,1950-04-13T00:00:00.0000000-06:00,0.000000,,,0,,NOAA,2013-03-29T15:47:48.0770000-06:00,in
37,USC00051772,Snow,1950-04-14T00:00:00.0000000-06:00,0.000000,,,0,,NOAA,2013-03-29T15:47:48.0770000-06:00,in
37,USC00051772,Snow,1950-04-15T00:00:00.0000000-06:00,0.314961,,,0,,NOAA,2013-03-29T15:47:48.0770000-06:00,in
37,USC00051772,Snow,1950-04-16T00:00:00.0000000-06:00,0.000000,,,0,,NOAA,2013-03-29T15:47:48.0770000-06:00,in
37,USC00051772,Snow,1950-04-17T00:00:00.0000000-06:00,0.000000,,,0,,NOAA,2013-03-29T15:47:48.0770000-06:00,in
37,USC00051772,Snow,1950-04-18T00:00:00.0000000-06:00,0.000000,,,0,,NOAA,2013-03-29T15:47:48.0770000-06:00,in
37,USC00051772,Snow,1950-04-19T00:00:00.0000000-06:00,0.000000,,,0,,NOAA,2013-03-29T15:47:48.0770000-06:00,in
37,USC00051772,Snow,1950-04-20T00:00:00.0000000-06:00,0.000000,,,0,,NOAA,2013-03-29T15:47:48.0770000-06:00,in
37,USC00051772,Snow,1950-04-21T00:00:00.0000000-06:00,0.000000,,,0,,NOAA,2013-03-29T15:47:48.0770000-06:00,in
37,USC00051772,Snow,1950-04-22T00:00:00.0000000-06:00,0.000000,,,0,,NOAA,2013-03-29T15:47:48.0770000-06:00,in
37,USC00051772,Snow,1950-04-23T00:00:00.0000000-06:00,0.000000,,,0,,NOAA,2013-03-29T15:47:48.0770000-06:00,in
37,USC00051772,Snow,1950-04-24T00:00:00.0000000-06:00,0.000000,,,0,,NOAA,2013-03-29T15:47:48.0770000-06:00,in
37,USC00051772,Snow,1950-04-25T00:00:00.0000000-06:00,0.000000,,,0,,NOAA,2013-03-29T15:47:48.0770000-06:00,in
37,USC00051772,Snow,1950-04-26T00:00:00.0000000-06:00,0.000000,,,0,,NOAA,2013-03-29T15:47:48.0770000-06:00,in
37,USC00051772,Snow,1950-04-27T00:00:00.0000000-06:00,0.000000,,,0,,NOAA,2013-03-29T15:47:48.0770000-06:00,in
37,USC00051772,Snow,1950-04-28T00:00:00.0000000-06:00,0.000000,T,,0,,NOAA,2013-03-29T15:47:48.0770000-06:00,in
37,USC00051772,Snow,1950-04-29T00:00:00.0000000-06:00,2.007874,,,0,,NOAA,2013-03-29T15:47:48.0770000-06:00,in
37,USC00051772,Snow,1950-04-30T00:00:00.0000000-06:00,0.000000,,,0,,NOAA,2013-03-29T15:47:48.0770000-06:00,in
37,USC00051772,Snow,1950-05-01T00:00:00.0000000-06:00,0.000000,,,0,,NOAA,2013-03-29T15:47:48.0770000-06:00,in
37,USC00051772,Snow,1950-05-02T00:00:00.0000000-06:00,0.000000,,,0,,NOAA,2013-03-29T15:47:48.0770000-06:00,in
37,USC00051772,Snow,1950-05-03T00:00:00.0000000-06:00,0.000000,,,0,,NOAA,2013-03-29T15:47:48.0770000-06:00,in
37,USC00051772,Snow,1950-05-04T00:00:00.0000000-06:00,0.000000,,,0,,NOAA,2013-03-29T15:47:48.0770000-06:00,in
37,USC00051772,Snow,1950-05-05T00:00:00.0000000-06:00,0.000000,,,0,,NOAA,2013-03-29T15:47:48.0770000-06:00,in
37,USC00051772,Snow,1950-05-06T00:00:00.0000000-06:00,0.000000,,,0,,NOAA,2013-03-29T15:47:48.0770000-06:00,in
37,USC00051772,Snow,1950-05-07T00:00:00.0000000-06:00,0.000000,,,0,,NOAA,2013-03-29T15:47:48.0770000-06:00,in
37,USC00051772,Snow,1950-05-08T00:00:00.0000000-06:00,0.000000,,,0,,NOAA,2013-03-29T15:47:48.0770000-06:00,in
37,USC00051772,Snow,1950-05-09T00:00:00.0000000-06:00,0.000000,,,0,,NOAA,2013-03-29T15:47:48.0770000-06:00,in
37,USC00051772,Snow,1950-05-10T00:00:00.0000000-06:00,0.000000,,,0,,NOAA,2013-03-29T15:47:48.0770000-06:00,in
37,USC00051772,Snow,1950-05-11T00:00:00.0000000-06:00,0.000000,,,0,,NOAA,2013-03-29T15:47:48.0770000-06:00,in
37,USC00051772,Snow,1950-05-12T00:00:00.0000000-06:00,0.000000,,,0,,NOAA,2013-03-29T15:47:48.0770000-06:00,in
37,USC00051772,Snow,1950-05-13T00:00:00.0000000-06:00,0.000000,,,0,,NOAA,2013-03-29T15:47:48.0770000-06:00,in
37,USC00051772,Snow,1950-05-14T00:00:00.0000000-06:00,0.000000,,,0,,NOAA,2013-03-29T15:47:48.0770000-06:00,in
37,USC00051772,Snow,1950-05-15T00:00:00.0000000-06:00,0.000000,,,0,,NOAA,2013-03-29T15:47:48.0770000-06:00,in
37,USC00051772,Snow,1950-05-16T00:00:00.0000000-06:00,0.000000,,,0,,NOAA,2013-03-29T15:47:48.0770000-06:00,in
37,USC00051772,Snow,1950-05-17T00:00:00.0000000-06:00,0.000000,,,0,,NOAA,2013-03-29T15:47:48.0770000-06:00,in
37,USC00051772,Snow,1950-05-18T00:00:00.0000000-06:00,0.000000,,,0,,NOAA,2013-03-29T15:47:48.0770000-06:00,in
37,USC00051772,Snow,1950-05-19T00:00:00.0000000-06:00,0.000000,,,0,,NOAA,2013-03-29T15:47:48.0770000-06:00,in
37,USC00051772,Snow,1950-05-20T00:00:00.0000000-06:00,0.000000,,,0,,NOAA,2013-03-29T15:47:48.0770000-06:00,in
37,USC00051772,Snow,1950-05-21T00:00:00.0000000-06:00,0.000000,,,0,,NOAA,2013-03-29T15:47:48.0770000-06:00,in
37,USC00051772,Snow,1950-05-22T00:00:00.0000000-06:00,0.000000,,,0,,NOAA,2013-03-29T15:47:48.0770000-06:00,in
37,USC00051772,Snow,1950-05-23T00:00:00.0000000-06:00,0.000000,,,0,,NOAA,2013-03-29T15:47:48.0770000-06:00,in
37,USC00051772,Snow,1950-05-24T00:00:00.0000000-06:00,0.000000,,,0,,NOAA,2013-03-29T15:47:48.0770000-06:00,in
37,USC00051772,Snow,1950-05-25T00:00:00.0000000-06:00,0.000000,,,0,,NOAA,2013-03-29T15:47:48.0770000-06:00,in
37,USC00051772,Snow,1950-05-26T00:00:00.0000000-06:00,0.000000,,,0,,NOAA,2013-03-29T15:47:48.0770000-06:00,in
37,USC00051772,Snow,1950-05-27T00:00:00.0000000-06:00,0.000000,,,0,,NOAA,2013-03-29T15:47:48.0770000-06:00,in
37,USC00051772,Snow,1950-05-28T00:00:00.0000000-06:00,0.000000,,,0,,NOAA,2013-03-29T15:47:48.0770000-06:00,in
37,USC00051772,Snow,1950-05-29T00:00:00.0000000-06:00,0.000000,,,0,,NOAA,2013-03-29T15:47:48.0770000-06:00,in
37,USC00051772,Snow,1950-05-30T00:00:00.0000000-06:00,0.000000,,,0,,NOAA,2013-03-29T15:47:48.0770000-06:00,in
37,USC00051772,Snow,1950-05-31T00:00:00.0000000-06:00,0.000000,,,0,,NOAA,2013-03-29T15:47:48.0770000-06:00,in
37,USC00051772,Snow,1950-06-01T00:00:00.0000000-06:00,0.000000,,,0,,NOAA,2013-03-29T15:47:48.0770000-06:00,in
37,USC00051772,Snow,1950-06-02T00:00:00.0000000-06:00,0.000000,,,0,,NOAA,2013-03-29T15:47:48.0770000-06:00,in
37,USC00051772,Snow,1950-06-03T00:00:00.0000000-06:00,0.000000,,,0,,NOAA,2013-03-29T15:47:48.0770000-06:00,in
37,USC00051772,Snow,1950-06-04T00:00:00.0000000-06:00,0.000000,,,0,,NOAA,2013-03-29T15:47:48.0770000-06:00,in
37,USC00051772,Snow,1950-06-05T00:00:00.0000000-06:00,0.000000,,,0,,NOAA,2013-03-29T15:47:48.0770000-06:00,in
37,USC00051772,Snow,1950-06-06T00:00:00.0000000-06:00,0.000000,,,0,,NOAA,2013-03-29T15:47:48.0770000-06:00,in
37,USC00051772,Snow,1950-06-07T00:00:00.0000000-06:00,0.000000,,,0,,NOAA,2013-03-29T15:47:48.0770000-06:00,in
37,USC00051772,Snow,1950-06-08T00:00:00.0000000-06:00,0.000000,,,0,,NOAA,2013-03-29T15:47:48.0770000-06:00,in
37,USC00051772,Snow,1950-06-09T00:00:00.0000000-06:00,0.000000,,,0,,NOAA,2013-03-29T15:47:48.0770000-06:00,in
37,USC00051772,Snow,1950-06-10T00:00:00.0000000-06:00,0.000000,,,0,,NOAA,2013-03-29T15:47:48.0770000-06:00,in
37,USC00051772,Snow,1950-06-11T00:00:00.0000000-06:00,0.000000,,,0,,NOAA,2013-03-29T15:47:48.0770000-06:00,in
37,USC00051772,Snow,1950-06-12T00:00:00.0000000-06:00,0.000000,,,0,,NOAA,2013-03-29T15:47:48.0770000-06:00,in
37,USC00051772,Snow,1950-06-13T00:00:00.0000000-06:00,0.000000,,,0,,NOAA,2013-03-29T15:47:48.0770000-06:00,in
37,USC00051772,Snow,1950-06-14T00:00:00.0000000-06:00,0.000000,,,0,,NOAA,2013-03-29T15:47:48.0770000-06:00,in
37,USC00051772,Snow,1950-06-15T00:00:00.0000000-06:00,0.000000,,,0,,NOAA,2013-03-29T15:47:48.0770000-06:00,in
37,USC00051772,Snow,1950-06-16T00:00:00.0000000-06:00,0.000000,,,0,,NOAA,2013-03-29T15:47:48.0770000-06:00,in
37,USC00051772,Snow,1950-06-17T00:00:00.0000000-06:00,0.000000,,,0,,NOAA,2013-03-29T15:47:48.0770000-06:00,in
37,USC00051772,Snow,1950-06-18T00:00:00.0000000-06:00,0.000000,,,0,,NOAA,2013-03-29T15:47:48.0770000-06:00,in
37,USC00051772,Snow,1950-06-19T00:00:00.0000000-06:00,0.000000,,,0,,NOAA,2013-03-29T15:47:48.0770000-06:00,in
37,USC00051772,Snow,1950-06-20T00:00:00.0000000-06:00,0.000000,,,0,,NOAA,2013-03-29T15:47:48.0770000-06:00,in
37,USC00051772,Snow,1950-06-21T00:00:00.0000000-06:00,0.000000,,,0,,NOAA,2013-03-29T15:47:48.0770000-06:00,in
37,USC00051772,Snow,1950-06-22T00:00:00.0000000-06:00,0.000000,,,0,,NOAA,2013-03-29T15:47:48.0770000-06:00,in
37,USC00051772,Snow,1950-06-23T00:00:00.0000000-06:00,0.000000,,,0,,NOAA,2013-03-29T15:47:48.0770000-06:00,in
37,USC00051772,Snow,1950-06-24T00:00:00.0000000-06:00,0.000000,,,0,,NOAA,2013-03-29T15:47:48.0770000-06:00,in
37,USC00051772,Snow,1950-06-25T00:00:00.0000000-06:00,0.000000,,,0,,NOAA,2013-03-29T15:47:48.0770000-06:00,in
37,USC00051772,Snow,1950-06-26T00:00:00.0000000-06:00,0.000000,,,0,,NOAA,2013-03-29T15:47:48.0770000-06:00,in
37,USC00051772,Snow,1950-06-27T00:00:00.0000000-06:00,0.000000,,,0,,NOAA,2013-03-29T15:47:48.0770000-06:00,in
37,USC00051772,Snow,1950-06-28T00:00:00.0000000-06:00,0.000000,,,0,,NOAA,2013-03-29T15:47:48.0770000-06:00,in
37,USC00051772,Snow,1950-06-29T00:00:00.0000000-06:00,0.000000,,,0,,NOAA,2013-03-29T15:47:48.0770000-06:00,in
37,USC00051772,Snow,1950-06-30T00:00:00.0000000-06:00,0.000000,,,0,,NOAA,2013-03-29T15:47:48.0770000-06:00,in
37,USC00051772,Snow,1950-07-01T00:00:00.0000000-06:00,0.000000,,,0,,NOAA,2013-03-29T15:47:48.0770000-06:00,in
37,USC00051772,Snow,1950-07-02T00:00:00.0000000-06:00,0.000000,,,0,,NOAA,2013-03-29T15:47:48.0770000-06:00,in
37,USC00051772,Snow,1950-07-03T00:00:00.0000000-06:00,0.000000,,,0,,NOAA,2013-03-29T15:47:48.0770000-06:00,in
37,USC00051772,Snow,1950-07-04T00:00:00.0000000-06:00,0.000000,,,0,,NOAA,2013-03-29T15:47:48.0770000-06:00,in
37,USC00051772,Snow,1950-07-05T00:00:00.0000000-06:00,0.000000,,,0,,NOAA,2013-03-29T15:47:48.0770000-06:00,in
37,USC00051772,Snow,1950-07-06T00:00:00.0000000-06:00,0.000000,,,0,,NOAA,2013-03-29T15:47:48.0770000-06:00,in
37,USC00051772,Snow,1950-07-07T00:00:00.0000000-06:00,0.000000,,,0,,NOAA,2013-03-29T15:47:48.0770000-06:00,in
37,USC00051772,Snow,1950-07-08T00:00:00.0000000-06:00,0.000000,,,0,,NOAA,2013-03-29T15:47:48.0770000-06:00,in
37,USC00051772,Snow,1950-07-09T00:00:00.0000000-06:00,0.000000,,,0,,NOAA,2013-03-29T15:47:48.0770000-06:00,in
37,USC00051772,Snow,1950-07-10T00:00:00.0000000-06:00,0.000000,,,0,,NOAA,2013-03-29T15:47:48.0770000-06:00,in
37,USC00051772,Snow,1950-07-11T00:00:00.0000000-06:00,0.000000,,,0,,NOAA,2013-03-29T15:47:48.0770000-06:00,in
37,USC00051772,Snow,1950-07-12T00:00:00.0000000-06:00,0.000000,,,0,,NOAA,2013-03-29T15:47:48.0770000-06:00,in
37,USC00051772,Snow,1950-07-13T00:00:00.0000000-06:00,0.000000,,,0,,NOAA,2013-03-29T15:47:48.0770000-06:00,in
37,USC00051772,Snow,1950-07-14T00:00:00.0000000-06:00,0.000000,,,0,,NOAA,2013-03-29T15:47:48.0770000-06:00,in
37,USC00051772,Snow,1950-07-15T00:00:00.0000000-06:00,0.000000,,,0,,NOAA,2013-03-29T15:47:48.0770000-06:00,in
37,USC00051772,Snow,1950-07-16T00:00:00.0000000-06:00,0.000000,,,0,,NOAA,2013-03-29T15:47:48.0770000-06:00,in
37,USC00051772,Snow,1950-07-17T00:00:00.0000000-06:00,0.000000,,,0,,NOAA,2013-03-29T15:47:48.0770000-06:00,in
37,USC00051772,Snow,1950-07-18T00:00:00.0000000-06:00,0.000000,,,0,,NOAA,2013-03-29T15:47:48.0770000-06:00,in
37,USC00051772,Snow,1950-07-19T00:00:00.0000000-06:00,0.000000,,,0,,NOAA,2013-03-29T15:47:48.0770000-06:00,in
37,USC00051772,Snow,1950-07-20T00:00:00.0000000-06:00,0.000000,,,0,,NOAA,2013-03-29T15:47:48.0770000-06:00,in
37,USC00051772,Snow,1950-07-21T00:00:00.0000000-06:00,0.000000,,,0,,NOAA,2013-03-29T15:47:48.0770000-06:00,in
37,USC00051772,Snow,1950-07-22T00:00:00.0000000-06:00,0.000000,,,0,,NOAA,2013-03-29T15:47:48.0770000-06:00,in
37,USC00051772,Snow,1950-07-23T00:00:00.0000000-06:00,0.000000,,,0,,NOAA,2013-03-29T15:47:48.0770000-06:00,in
37,USC00051772,Snow,1950-07-24T00:00:00.0000000-06:00,0.000000,,,0,,NOAA,2013-03-29T15:47:48.0770000-06:00,in
37,USC00051772,Snow,1950-07-25T00:00:00.0000000-06:00,0.000000,,,0,,NOAA,2013-03-29T15:47:48.0770000-06:00,in
37,USC00051772,Snow,1950-07-26T00:00:00.0000000-06:00,0.000000,,,0,,NOAA,2013-03-29T15:47:48.0770000-06:00,in
37,USC00051772,Snow,1950-07-27T00:00:00.0000000-06:00,0.000000,,,0,,NOAA,2013-03-29T15:47:48.0770000-06:00,in
37,USC00051772,Snow,1950-07-28T00:00:00.0000000-06:00,0.000000,,,0,,NOAA,2013-03-29T15:47:48.0770000-06:00,in
37,USC00051772,Snow,1950-07-29T00:00:00.0000000-06:00,0.000000,,,0,,NOAA,2013-03-29T15:47:48.0770000-06:00,in
37,USC00051772,Snow,1950-07-30T00:00:00.0000000-06:00,0.000000,,,0,,NOAA,2013-03-29T15:47:48.0770000-06:00,in
37,USC00051772,Snow,1950-07-31T00:00:00.0000000-06:00,0.000000,,,0,,NOAA,2013-03-29T15:47:48.0770000-06:00,in
37,USC00051772,Snow,1950-08-01T00:00:00.0000000-06:00,0.000000,,,0,,NOAA,2013-03-29T15:47:48.0770000-06:00,in
37,USC00051772,Snow,1950-08-02T00:00:00.0000000-06:00,0.000000,,,0,,NOAA,2013-03-29T15:47:48.0770000-06:00,in
37,USC00051772,Snow,1950-08-03T00:00:00.0000000-06:00,0.000000,,,0,,NOAA,2013-03-29T15:47:48.0770000-06:00,in
37,USC00051772,Snow,1950-08-04T00:00:00.0000000-06:00,0.000000,,,0,,NOAA,2013-03-29T15:47:48.0770000-06:00,in
37,USC00051772,Snow,1950-08-05T00:00:00.0000000-06:00,0.000000,,,0,,NOAA,2013-03-29T15:47:48.0770000-06:00,in
37,USC00051772,Snow,1950-08-06T00:00:00.0000000-06:00,0.000000,,,0,,NOAA,2013-03-29T15:47:48.0770000-06:00,in
37,USC00051772,Snow,1950-08-07T00:00:00.0000000-06:00,0.000000,,,0,,NOAA,2013-03-29T15:47:48.0770000-06:00,in
37,USC00051772,Snow,1950-08-08T00:00:00.0000000-06:00,0.000000,,,0,,NOAA,2013-03-29T15:47:48.0770000-06:00,in
37,USC00051772,Snow,1950-08-09T00:00:00.0000000-06:00,0.000000,,,0,,NOAA,2013-03-29T15:47:48.0770000-06:00,in
37,USC00051772,Snow,1950-08-10T00:00:00.0000000-06:00,0.000000,,,0,,NOAA,2013-03-29T15:47:48.0770000-06:00,in
37,USC00051772,Snow,1950-08-11T00:00:00.0000000-06:00,0.000000,,,0,,NOAA,2013-03-29T15:47:48.0770000-06:00,in
37,USC00051772,Snow,1950-08-12T00:00:00.0000000-06:00,0.000000,,,0,,NOAA,2013-03-29T15:47:48.0770000-06:00,in
37,USC00051772,Snow,1950-08-13T00:00:00.0000000-06:00,0.000000,,,0,,NOAA,2013-03-29T15:47:48.0770000-06:00,in
37,USC00051772,Snow,1950-08-14T00:00:00.0000000-06:00,0.000000,,,0,,NOAA,2013-03-29T15:47:48.0770000-06:00,in
37,USC00051772,Snow,1950-08-15T00:00:00.0000000-06:00,0.000000,,,0,,NOAA,2013-03-29T15:47:48.0770000-06:00,in
37,USC00051772,Snow,1950-08-16T00:00:00.0000000-06:00,0.000000,,,0,,NOAA,2013-03-29T15:47:48.0770000-06:00,in
37,USC00051772,Snow,1950-08-17T00:00:00.0000000-06:00,0.000000,,,0,,NOAA,2013-03-29T15:47:48.0770000-06:00,in
37,USC00051772,Snow,1950-08-18T00:00:00.0000000-06:00,0.000000,,,0,,NOAA,2013-03-29T15:47:48.0770000-06:00,in
37,USC00051772,Snow,1950-08-19T00:00:00.0000000-06:00,0.000000,,,0,,NOAA,2013-03-29T15:47:48.0770000-06:00,in
37,USC00051772,Snow,1950-08-20T00:00:00.0000000-06:00,0.000000,,,0,,NOAA,2013-03-29T15:47:48.0770000-06:00,in
37,USC00051772,Snow,1950-08-21T00:00:00.0000000-06:00,0.000000,,,0,,NOAA,2013-03-29T15:47:48.0770000-06:00,in
37,USC00051772,Snow,1950-08-22T00:00:00.0000000-06:00,0.000000,,,0,,NOAA,2013-03-29T15:47:48.0770000-06:00,in
37,USC00051772,Snow,1950-08-23T00:00:00.0000000-06:00,0.000000,,,0,,NOAA,2013-03-29T15:47:48.0770000-06:00,in
37,USC00051772,Snow,1950-08-24T00:00:00.0000000-06:00,0.000000,,,0,,NOAA,2013-03-29T15:47:48.0770000-06:00,in
37,USC00051772,Snow,1950-08-25T00:00:00.0000000-06:00,0.000000,,,0,,NOAA,2013-03-29T15:47:48.0770000-06:00,in
37,USC00051772,Snow,1950-08-26T00:00:00.0000000-06:00,0.000000,,,0,,NOAA,2013-03-29T15:47:48.0770000-06:00,in
37,USC00051772,Snow,1950-08-27T00:00:00.0000000-06:00,0.000000,,,0,,NOAA,2013-03-29T15:47:48.0770000-06:00,in
37,USC00051772,Snow,1950-08-28T00:00:00.0000000-06:00,0.000000,,,0,,NOAA,2013-03-29T15:47:48.0770000-06:00,in
37,USC00051772,Snow,1950-08-29T00:00:00.0000000-06:00,0.000000,,,0,,NOAA,2013-03-29T15:47:48.0770000-06:00,in
37,USC00051772,Snow,1950-08-30T00:00:00.0000000-06:00,0.000000,,,0,,NOAA,2013-03-29T15:47:48.0770000-06:00,in
37,USC00051772,Snow,1950-08-31T00:00:00.0000000-06:00,0.000000,,,0,,NOAA,2013-03-29T15:47:48.0770000-06:00,in
37,USC00051772,Snow,1950-09-01T00:00:00.0000000-06:00,0.000000,,,0,,NOAA,2013-03-29T15:47:48.0770000-06:00,in
37,USC00051772,Snow,1950-09-02T00:00:00.0000000-06:00,0.000000,,,0,,NOAA,2013-03-29T15:47:48.0770000-06:00,in
37,USC00051772,Snow,1950-09-03T00:00:00.0000000-06:00,0.000000,,,0,,NOAA,2013-03-29T15:47:48.0770000-06:00,in
37,USC00051772,Snow,1950-09-04T00:00:00.0000000-06:00,0.000000,,,0,,NOAA,2013-03-29T15:47:48.0770000-06:00,in
37,USC00051772,Snow,1950-09-05T00:00:00.0000000-06:00,0.000000,,,0,,NOAA,2013-03-29T15:47:48.0770000-06:00,in
37,USC00051772,Snow,1950-09-06T00:00:00.0000000-06:00,0.000000,,,0,,NOAA,2013-03-29T15:47:48.0770000-06:00,in
37,USC00051772,Snow,1950-09-07T00:00:00.0000000-06:00,0.000000,,,0,,NOAA,2013-03-29T15:47:48.0770000-06:00,in
37,USC00051772,Snow,1950-09-08T00:00:00.0000000-06:00,0.000000,T,,0,,NOAA,2013-03-29T15:47:48.0770000-06:00,in
37,USC00051772,Snow,1950-09-09T00:00:00.0000000-06:00,0.000000,,,0,,NOAA,2013-03-29T15:47:48.0770000-06:00,in
37,USC00051772,Snow,1950-09-10T00:00:00.0000000-06:00,0.000000,,,0,,NOAA,2013-03-29T15:47:48.0770000-06:00,in
37,USC00051772,Snow,1950-09-11T00:00:00.0000000-06:00,0.000000,,,0,,NOAA,2013-03-29T15:47:48.0770000-06:00,in
37,USC00051772,Snow,1950-09-12T00:00:00.0000000-06:00,0.000000,,,0,,NOAA,2013-03-29T15:47:48.0770000-06:00,in
37,USC00051772,Snow,1950-09-13T00:00:00.0000000-06:00,0.000000,,,0,,NOAA,2013-03-29T15:47:48.0770000-06:00,in
37,USC00051772,Snow,1950-09-14T00:00:00.0000000-06:00,0.000000,,,0,,NOAA,2013-03-29T15:47:48.0770000-06:00,in
37,USC00051772,Snow,1950-09-15T00:00:00.0000000-06:00,0.000000,,,0,,NOAA,2013-03-29T15:47:48.0770000-06:00,in
37,USC00051772,Snow,1950-09-16T00:00:00.0000000-06:00,0.000000,,,0,,NOAA,2013-03-29T15:47:48.0770000-06:00,in
37,USC00051772,Snow,1950-09-17T00:00:00.0000000-06:00,0.000000,,,0,,NOAA,2013-03-29T15:47:48.0770000-06:00,in
37,USC00051772,Snow,1950-09-18T00:00:00.0000000-06:00,0.000000,,,0,,NOAA,2013-03-29T15:47:48.0770000-06:00,in
37,USC00051772,Snow,1950-09-19T00:00:00.0000000-06:00,0.000000,,,0,,NOAA,2013-03-29T15:47:48.0770000-06:00,in
37,USC00051772,Snow,1950-09-20T00:00:00.0000000-06:00,0.000000,,,0,,NOAA,2013-03-29T15:47:48.0770000-06:00,in
37,USC00051772,Snow,1950-09-21T00:00:00.0000000-06:00,0.000000,,,0,,NOAA,2013-03-29T15:47:48.0770000-06:00,in
37,USC00051772,Snow,1950-09-22T00:00:00.0000000-06:00,0.000000,,,0,,NOAA,2013-03-29T15:47:48.0770000-06:00,in
37,USC00051772,Snow,1950-09-23T00:00:00.0000000-06:00,0.000000,,,0,,NOAA,2013-03-29T15:47:48.0770000-06:00,in
37,USC00051772,Snow,1950-09-24T00:00:00.0000000-06:00,0.000000,,,0,,NOAA,2013-03-29T15:47:48.0770000-06:00,in
37,USC00051772,Snow,1950-09-25T00:00:00.0000000-06:00,0.000000,,,0,,NOAA,2013-03-29T15:47:48.0770000-06:00,in
37,USC00051772,Snow,1950-09-26T00:00:00.0000000-06:00,0.000000,,,0,,NOAA,2013-03-29T15:47:48.0770000-06:00,in
37,USC00051772,Snow,1950-09-27T00:00:00.0000000-06:00,0.000000,,,0,,NOAA,2013-03-29T15:47:48.0770000-06:00,in
37,USC00051772,Snow,1950-09-28T00:00:00.0000000-06:00,0.000000,,,0,,NOAA,2013-03-29T15:47:48.0770000-06:00,in
37,USC00051772,Snow,1950-09-29T00:00:00.0000000-06:00,0.000000,,,0,,NOAA,2013-03-29T15:47:48.0770000-06:00,in
37,USC00051772,Snow,1950-09-30T00:00:00.0000000-06:00,0.000000,,,0,,NOAA,2013-03-29T15:47:48.0770000-06:00,in
37,USC00051772,Snow,1950-10-01T00:00:00.0000000-06:00,0.000000,,,0,,NOAA,2013-03-29T15:47:48.0770000-06:00,in
37,USC00051772,Snow,1950-10-02T00:00:00.0000000-06:00,0.000000,,,0,,NOAA,2013-03-29T15:47:48.0770000-06:00,in
37,USC00051772,Snow,1950-10-03T00:00:00.0000000-06:00,0.000000,,,0,,NOAA,2013-03-29T15:47:48.0770000-06:00,in
37,USC00051772,Snow,1950-10-04T00:00:00.0000000-06:00,0.000000,,,0,,NOAA,2013-03-29T15:47:48.0770000-06:00,in
37,USC00051772,Snow,1950-10-05T00:00:00.0000000-06:00,0.000000,,,0,,NOAA,2013-03-29T15:47:48.0770000-06:00,in
37,USC00051772,Snow,1950-10-06T00:00:00.0000000-06:00,0.000000,,,0,,NOAA,2013-03-29T15:47:48.0770000-06:00,in
37,USC00051772,Snow,1950-10-07T00:00:00.0000000-06:00,0.000000,,,0,,NOAA,2013-03-29T15:47:48.0770000-06:00,in
37,USC00051772,Snow,1950-10-08T00:00:00.0000000-06:00,0.000000,,,0,,NOAA,2013-03-29T15:47:48.0770000-06:00,in
37,USC00051772,Snow,1950-10-09T00:00:00.0000000-06:00,0.000000,,,0,,NOAA,2013-03-29T15:47:48.0770000-06:00,in
37,USC00051772,Snow,1950-10-10T00:00:00.0000000-06:00,0.000000,,,0,,NOAA,2013-03-29T15:47:48.0770000-06:00,in
37,USC00051772,Snow,1950-10-11T00:00:00.0000000-06:00,0.000000,,,0,,NOAA,2013-03-29T15:47:48.0770000-06:00,in
37,USC00051772,Snow,1950-10-12T00:00:00.0000000-06:00,0.000000,,,0,,NOAA,2013-03-29T15:47:48.0770000-06:00,in
37,USC00051772,Snow,1950-10-13T00:00:00.0000000-06:00,0.000000,,,0,,NOAA,2013-03-29T15:47:48.0770000-06:00,in
37,USC00051772,Snow,1950-10-14T00:00:00.0000000-06:00,0.000000,,,0,,NOAA,2013-03-29T15:47:48.0770000-06:00,in
37,USC00051772,Snow,1950-10-15T00:00:00.0000000-06:00,0.000000,,,0,,NOAA,2013-03-29T15:47:48.0770000-06:00,in
37,USC00051772,Snow,1950-10-16T00:00:00.0000000-06:00,0.000000,,,0,,NOAA,2013-03-29T15:47:48.0770000-06:00,in
37,USC00051772,Snow,1950-10-17T00:00:00.0000000-06:00,0.000000,,,0,,NOAA,2013-03-29T15:47:48.0770000-06:00,in
37,USC00051772,Snow,1950-10-18T00:00:00.0000000-06:00,0.000000,,,0,,NOAA,2013-03-29T15:47:48.0770000-06:00,in
37,USC00051772,Snow,1950-10-19T00:00:00.0000000-06:00,0.000000,,,0,,NOAA,2013-03-29T15:47:48.0770000-06:00,in
37,USC00051772,Snow,1950-10-20T00:00:00.0000000-06:00,0.000000,,,0,,NOAA,2013-03-29T15:47:48.0770000-06:00,in
37,USC00051772,Snow,1950-10-21T00:00:00.0000000-06:00,0.000000,,,0,,NOAA,2013-03-29T15:47:48.0770000-06:00,in
37,USC00051772,Snow,1950-10-22T00:00:00.0000000-06:00,0.000000,,,0,,NOAA,2013-03-29T15:47:48.0770000-06:00,in
37,USC00051772,Snow,1950-10-23T00:00:00.0000000-06:00,0.000000,,,0,,NOAA,2013-03-29T15:47:48.0770000-06:00,in
37,USC00051772,Snow,1950-10-24T00:00:00.0000000-06:00,0.000000,,,0,,NOAA,2013-03-29T15:47:48.0770000-06:00,in
37,USC00051772,Snow,1950-10-25T00:00:00.0000000-06:00,0.000000,,,0,,NOAA,2013-03-29T15:47:48.0770000-06:00,in
37,USC00051772,Snow,1950-10-26T00:00:00.0000000-06:00,0.000000,,,0,,NOAA,2013-03-29T15:47:48.0770000-06:00,in
37,USC00051772,Snow,1950-10-27T00:00:00.0000000-06:00,0.000000,,,0,,NOAA,2013-03-29T15:47:48.0770000-06:00,in
37,USC00051772,Snow,1950-10-28T00:00:00.0000000-06:00,0.000000,,,0,,NOAA,2013-03-29T15:47:48.0770000-06:00,in
37,USC00051772,Snow,1950-10-29T00:00:00.0000000-06:00,0.000000,,,0,,NOAA,2013-03-29T15:47:48.0770000-06:00,in
37,USC00051772,Snow,1950-10-30T00:00:00.0000000-07:00,0.000000,,,0,,NOAA,2013-03-29T15:47:48.0770000-06:00,in
37,USC00051772,Snow,1950-10-31T00:00:00.0000000-07:00,0.000000,,,0,,NOAA,2013-03-29T15:47:48.0770000-06:00,in
37,USC00051772,Snow,1950-11-01T00:00:00.0000000-07:00,0.000000,,,0,,NOAA,2013-03-29T15:47:48.0770000-06:00,in
37,USC00051772,Snow,1950-11-02T00:00:00.0000000-07:00,0.000000,,,0,,NOAA,2013-03-29T15:47:48.0770000-06:00,in
37,USC00051772,Snow,1950-11-03T00:00:00.0000000-07:00,0.000000,,,0,,NOAA,2013-03-29T15:47:48.0770000-06:00,in
37,USC00051772,Snow,1950-11-04T00:00:00.0000000-07:00,0.000000,,,0,,NOAA,2013-03-29T15:47:48.0770000-06:00,in
37,USC00051772,Snow,1950-11-05T00:00:00.0000000-07:00,0.000000,,,0,,NOAA,2013-03-29T15:47:48.0770000-06:00,in
37,USC00051772,Snow,1950-11-06T00:00:00.0000000-07:00,0.000000,,,0,,NOAA,2013-03-29T15:47:48.0770000-06:00,in
37,USC00051772,Snow,1950-11-07T00:00:00.0000000-07:00,0.000000,,,0,,NOAA,2013-03-29T15:47:48.0770000-06:00,in
37,USC00051772,Snow,1950-11-08T00:00:00.0000000-07:00,0.000000,,,0,,NOAA,2013-03-29T15:47:48.0770000-06:00,in
37,USC00051772,Snow,1950-11-09T00:00:00.0000000-07:00,0.000000,,,0,,NOAA,2013-03-29T15:47:48.0770000-06:00,in
37,USC00051772,Snow,1950-11-10T00:00:00.0000000-07:00,0.000000,,,0,,NOAA,2013-03-29T15:47:48.0770000-06:00,in
37,USC00051772,Snow,1950-11-11T00:00:00.0000000-07:00,0.000000,,,0,,NOAA,2013-03-29T15:47:48.0770000-06:00,in
37,USC00051772,Snow,1950-11-12T00:00:00.0000000-07:00,0.000000,,,0,,NOAA,2013-03-29T15:47:48.0770000-06:00,in
37,USC00051772,Snow,1950-11-13T00:00:00.0000000-07:00,0.000000,,,0,,NOAA,2013-03-29T15:47:48.0770000-06:00,in
37,USC00051772,Snow,1950-11-14T00:00:00.0000000-07:00,0.000000,,,0,,NOAA,2013-03-29T15:47:48.0770000-06:00,in
37,USC00051772,Snow,1950-11-15T00:00:00.0000000-07:00,0.000000,,,0,,NOAA,2013-03-29T15:47:48.0770000-06:00,in
37,USC00051772,Snow,1950-11-16T00:00:00.0000000-07:00,0.000000,,,0,,NOAA,2013-03-29T15:47:48.0770000-06:00,in
37,USC00051772,Snow,1950-11-17T00:00:00.0000000-07:00,0.000000,,,0,,NOAA,2013-03-29T15:47:48.0770000-06:00,in
37,USC00051772,Snow,1950-11-18T00:00:00.0000000-07:00,0.000000,,,0,,NOAA,2013-03-29T15:47:48.0770000-06:00,in
37,USC00051772,Snow,1950-11-19T00:00:00.0000000-07:00,0.000000,,,0,,NOAA,2013-03-29T15:47:48.0770000-06:00,in
37,USC00051772,Snow,1950-11-20T00:00:00.0000000-07:00,0.000000,,,0,,NOAA,2013-03-29T15:47:48.0770000-06:00,in
37,USC00051772,Snow,1950-11-21T00:00:00.0000000-07:00,0.000000,,,0,,NOAA,2013-03-29T15:47:48.0770000-06:00,in
37,USC00051772,Snow,1950-11-22T00:00:00.0000000-07:00,0.000000,,,0,,NOAA,2013-03-29T15:47:48.0770000-06:00,in
37,USC00051772,Snow,1950-11-23T00:00:00.0000000-07:00,0.000000,,,0,,NOAA,2013-03-29T15:47:48.0770000-06:00,in
37,USC00051772,Snow,1950-11-24T00:00:00.0000000-07:00,0.000000,,,0,,NOAA,2013-03-29T15:47:48.0770000-06:00,in
37,USC00051772,Snow,1950-11-25T00:00:00.0000000-07:00,0.000000,,,0,,NOAA,2013-03-29T15:47:48.0770000-06:00,in
37,USC00051772,Snow,1950-11-26T00:00:00.0000000-07:00,0.000000,,,0,,NOAA,2013-03-29T15:47:48.0770000-06:00,in
37,USC00051772,Snow,1950-11-27T00:00:00.0000000-07:00,0.000000,,,0,,NOAA,2013-03-29T15:47:48.0770000-06:00,in
37,USC00051772,Snow,1950-11-28T00:00:00.0000000-07:00,0.000000,,,0,,NOAA,2013-03-29T15:47:48.0770000-06:00,in
37,USC00051772,Snow,1950-11-29T00:00:00.0000000-07:00,0.000000,,,0,,NOAA,2013-03-29T15:47:48.0770000-06:00,in
37,USC00051772,Snow,1950-11-30T00:00:00.0000000-07:00,0.000000,,,0,,NOAA,2013-03-29T15:47:48.0770000-06:00,in
37,USC00051772,Snow,1950-12-01T00:00:00.0000000-07:00,0.000000,T,,0,,NOAA,2013-03-29T15:47:48.0770000-06:00,in
37,USC00051772,Snow,1950-12-02T00:00:00.0000000-07:00,0.000000,,,0,,NOAA,2013-03-29T15:47:48.0770000-06:00,in
37,USC00051772,Snow,1950-12-03T00:00:00.0000000-07:00,0.000000,,,0,,NOAA,2013-03-29T15:47:48.0770000-06:00,in
37,USC00051772,Snow,1950-12-04T00:00:00.0000000-07:00,0.000000,,,0,,NOAA,2013-03-29T15:47:48.0770000-06:00,in
37,USC00051772,Snow,1950-12-05T00:00:00.0000000-07:00,0.000000,,,0,,NOAA,2013-03-29T15:47:48.0770000-06:00,in
37,USC00051772,Snow,1950-12-06T00:00:00.0000000-07:00,0.000000,,,0,,NOAA,2013-03-29T15:47:48.0770000-06:00,in
37,USC00051772,Snow,1950-12-07T00:00:00.0000000-07:00,1.496063,,,0,,NOAA,2013-03-29T15:47:48.0770000-06:00,in
37,USC00051772,Snow,1950-12-08T00:00:00.0000000-07:00,0.000000,,,0,,NOAA,2013-03-29T15:47:48.0770000-06:00,in
37,USC00051772,Snow,1950-12-09T00:00:00.0000000-07:00,0.000000,,,0,,NOAA,2013-03-29T15:47:48.0770000-06:00,in
37,USC00051772,Snow,1950-12-10T00:00:00.0000000-07:00,0.000000,,,0,,NOAA,2013-03-29T15:47:48.0770000-06:00,in
37,USC00051772,Snow,1950-12-11T00:00:00.0000000-07:00,0.000000,,,0,,NOAA,2013-03-29T15:47:48.0770000-06:00,in
37,USC00051772,Snow,1950-12-12T00:00:00.0000000-07:00,0.000000,,,0,,NOAA,2013-03-29T15:47:48.0770000-06:00,in
37,USC00051772,Snow,1950-12-13T00:00:00.0000000-07:00,0.000000,,,0,,NOAA,2013-03-29T15:47:48.0770000-06:00,in
37,USC00051772,Snow,1950-12-14T00:00:00.0000000-07:00,0.000000,,,0,,NOAA,2013-03-29T15:47:48.0770000-06:00,in
37,USC00051772,Snow,1950-12-15T00:00:00.0000000-07:00,0.000000,,,0,,NOAA,2013-03-29T15:47:48.0770000-06:00,in
37,USC00051772,Snow,1950-12-16T00:00:00.0000000-07:00,0.000000,,,0,,NOAA,2013-03-29T15:47:48.0770000-06:00,in
37,USC00051772,Snow,1950-12-17T00:00:00.0000000-07:00,0.000000,,,0,,NOAA,2013-03-29T15:47:48.0770000-06:00,in
37,USC00051772,Snow,1950-12-18T00:00:00.0000000-07:00,0.000000,,,0,,NOAA,2013-03-29T15:47:48.0770000-06:00,in
37,USC00051772,Snow,1950-12-19T00:00:00.0000000-07:00,0.000000,,,0,,NOAA,2013-03-29T15:47:48.0770000-06:00,in
37,USC00051772,Snow,1950-12-20T00:00:00.0000000-07:00,0.000000,,,0,,NOAA,2013-03-29T15:47:48.0770000-06:00,in
37,USC00051772,Snow,1950-12-21T00:00:00.0000000-07:00,0.000000,,,0,,NOAA,2013-03-29T15:47:48.0770000-06:00,in
37,USC00051772,Snow,1950-12-22T00:00:00.0000000-07:00,0.000000,,,0,,NOAA,2013-03-29T15:47:48.0770000-06:00,in
37,USC00051772,Snow,1950-12-23T00:00:00.0000000-07:00,0.000000,,,0,,NOAA,2013-03-29T15:47:48.0770000-06:00,in
37,USC00051772,Snow,1950-12-24T00:00:00.0000000-07:00,0.000000,,,0,,NOAA,2013-03-29T15:47:48.0770000-06:00,in
37,USC00051772,Snow,1950-12-25T00:00:00.0000000-07:00,0.000000,,,0,,NOAA,2013-03-29T15:47:48.0770000-06:00,in
37,USC00051772,Snow,1950-12-26T00:00:00.0000000-07:00,0.000000,,,0,,NOAA,2013-03-29T15:47:48.0770000-06:00,in
37,USC00051772,Snow,1950-12-27T00:00:00.0000000-07:00,0.000000,,,0,,NOAA,2013-03-29T15:47:48.0770000-06:00,in
37,USC00051772,Snow,1950-12-28T00:00:00.0000000-07:00,0.000000,,,0,,NOAA,2013-03-29T15:47:48.0770000-06:00,in
37,USC00051772,Snow,1950-12-29T00:00:00.0000000-07:00,0.000000,,,0,,NOAA,2013-03-29T15:47:48.0770000-06:00,in
37,USC00051772,Snow,1950-12-30T00:00:00.0000000-07:00,0.000000,,,0,,NOAA,2013-03-29T15:47:48.0770000-06:00,in
37,USC00051772,Snow,1950-12-31T00:00:00.0000000-07:00,1.496063,,,0,,NOAA,2013-03-29T15:47:48.0770000-06:00,in
37,USC00051772,Snow,1951-01-01T00:00:00.0000000-07:00,3.188977,,,0,,NOAA,2013-03-29T15:47:48.0770000-06:00,in
37,USC00051772,Snow,1951-01-02T00:00:00.0000000-07:00,0.000000,,,0,,NOAA,2013-03-29T15:47:48.0770000-06:00,in
37,USC00051772,Snow,1951-01-03T00:00:00.0000000-07:00,0.000000,,,0,,NOAA,2013-03-29T15:47:48.0770000-06:00,in
37,USC00051772,Snow,1951-01-04T00:00:00.0000000-07:00,0.000000,,,0,,NOAA,2013-03-29T15:47:48.0770000-06:00,in
37,USC00051772,Snow,1951-01-05T00:00:00.0000000-07:00,0.000000,,,0,,NOAA,2013-03-29T15:47:48.0770000-06:00,in
37,USC00051772,Snow,1951-01-06T00:00:00.0000000-07:00,2.007874,,,0,,NOAA,2013-03-29T15:47:48.0770000-06:00,in
37,USC00051772,Snow,1951-01-07T00:00:00.0000000-07:00,0.000000,,,0,,NOAA,2013-03-29T15:47:48.0770000-06:00,in
37,USC00051772,Snow,1951-01-08T00:00:00.0000000-07:00,0.000000,,,0,,NOAA,2013-03-29T15:47:48.0770000-06:00,in
37,USC00051772,Snow,1951-01-09T00:00:00.0000000-07:00,0.000000,,,0,,NOAA,2013-03-29T15:47:48.0770000-06:00,in
37,USC00051772,Snow,1951-01-10T00:00:00.0000000-07:00,0.000000,,,0,,NOAA,2013-03-29T15:47:48.0770000-06:00,in
37,USC00051772,Snow,1951-01-11T00:00:00.0000000-07:00,0.000000,T,,0,,NOAA,2013-03-29T15:47:48.0770000-06:00,in
37,USC00051772,Snow,1951-01-12T00:00:00.0000000-07:00,0.000000,,,0,,NOAA,2013-03-29T15:47:48.0770000-06:00,in
37,USC00051772,Snow,1951-01-13T00:00:00.0000000-07:00,0.000000,,,0,,NOAA,2013-03-29T15:47:48.0770000-06:00,in
37,USC00051772,Snow,1951-01-14T00:00:00.0000000-07:00,0.000000,,,0,,NOAA,2013-03-29T15:47:48.0770000-06:00,in
37,USC00051772,Snow,1951-01-15T00:00:00.0000000-07:00,0.000000,,,0,,NOAA,2013-03-29T15:47:48.0770000-06:00,in
37,USC00051772,Snow,1951-01-16T00:00:00.0000000-07:00,0.000000,,,0,,NOAA,2013-03-29T15:47:48.0770000-06:00,in
37,USC00051772,Snow,1951-01-17T00:00:00.0000000-07:00,0.000000,,,0,,NOAA,2013-03-29T15:47:48.0770000-06:00,in
37,USC00051772,Snow,1951-01-18T00:00:00.0000000-07:00,0.000000,,,0,,NOAA,2013-03-29T15:47:48.0770000-06:00,in
37,USC00051772,Snow,1951-01-19T00:00:00.0000000-07:00,6.614173,,,0,,NOAA,2013-03-29T15:47:48.0770000-06:00,in
37,USC00051772,Snow,1951-01-20T00:00:00.0000000-07:00,0.000000,,,0,,NOAA,2013-03-29T15:47:48.0770000-06:00,in
37,USC00051772,Snow,1951-01-21T00:00:00.0000000-07:00,0.000000,,,0,,NOAA,2013-03-29T15:47:48.0770000-06:00,in
37,USC00051772,Snow,1951-01-22T00:00:00.0000000-07:00,0.000000,,,0,,NOAA,2013-03-29T15:47:48.0770000-06:00,in
37,USC00051772,Snow,1951-01-23T00:00:00.0000000-07:00,0.000000,,,0,,NOAA,2013-03-29T15:47:48.0770000-06:00,in
37,USC00051772,Snow,1951-01-24T00:00:00.0000000-07:00,0.000000,,,0,,NOAA,2013-03-29T15:47:48.0770000-06:00,in
37,USC00051772,Snow,1951-01-25T00:00:00.0000000-07:00,0.000000,,,0,,NOAA,2013-03-29T15:47:48.0770000-06:00,in
37,USC00051772,Snow,1951-01-26T00:00:00.0000000-07:00,0.000000,,,0,,NOAA,2013-03-29T15:47:48.0770000-06:00,in
37,USC00051772,Snow,1951-01-27T00:00:00.0000000-07:00,0.000000,,,0,,NOAA,2013-03-29T15:47:48.0770000-06:00,in
37,USC00051772,Snow,1951-01-28T00:00:00.0000000-07:00,0.000000,,,0,,NOAA,2013-03-29T15:47:48.0770000-06:00,in
37,USC00051772,Snow,1951-01-29T00:00:00.0000000-07:00,9.015748,,,0,,NOAA,2013-03-29T15:47:48.0770000-06:00,in
37,USC00051772,Snow,1951-01-30T00:00:00.0000000-07:00,4.015748,,,0,,NOAA,2013-03-29T15:47:48.0770000-06:00,in
37,USC00051772,Snow,1951-01-31T00:00:00.0000000-07:00,0.000000,,,0,,NOAA,2013-03-29T15:47:48.0770000-06:00,in
37,USC00051772,Snow,1951-02-01T00:00:00.0000000-07:00,0.000000,,,0,,NOAA,2013-03-29T15:47:48.0770000-06:00,in
37,USC00051772,Snow,1951-02-02T00:00:00.0000000-07:00,0.000000,,,0,,NOAA,2013-03-29T15:47:48.0770000-06:00,in
37,USC00051772,Snow,1951-02-03T00:00:00.0000000-07:00,0.000000,,,0,,NOAA,2013-03-29T15:47:48.0770000-06:00,in
37,USC00051772,Snow,1951-02-04T00:00:00.0000000-07:00,0.000000,T,,0,,NOAA,2013-03-29T15:47:48.0770000-06:00,in
37,USC00051772,Snow,1951-02-05T00:00:00.0000000-07:00,0.000000,,,0,,NOAA,2013-03-29T15:47:48.0770000-06:00,in
37,USC00051772,Snow,1951-02-06T00:00:00.0000000-07:00,0.000000,,,0,,NOAA,2013-03-29T15:47:48.0770000-06:00,in
37,USC00051772,Snow,1951-02-07T00:00:00.0000000-07:00,0.000000,,,0,,NOAA,2013-03-29T15:47:48.0770000-06:00,in
37,USC00051772,Snow,1951-02-08T00:00:00.0000000-07:00,0.000000,,,0,,NOAA,2013-03-29T15:47:48.0770000-06:00,in
37,USC00051772,Snow,1951-02-09T00:00:00.0000000-07:00,0.000000,,,0,,NOAA,2013-03-29T15:47:48.0770000-06:00,in
37,USC00051772,Snow,1951-02-10T00:00:00.0000000-07:00,0.000000,,,0,,NOAA,2013-03-29T15:47:48.0770000-06:00,in
37,USC00051772,Snow,1951-02-11T00:00:00.0000000-07:00,0.000000,,,0,,NOAA,2013-03-29T15:47:48.0770000-06:00,in
37,USC00051772,Snow,1951-02-12T00:00:00.0000000-07:00,0.000000,,,0,,NOAA,2013-03-29T15:47:48.0770000-06:00,in
37,USC00051772,Snow,1951-02-13T00:00:00.0000000-07:00,0.000000,,,0,,NOAA,2013-03-29T15:47:48.0770000-06:00,in
37,USC00051772,Snow,1951-02-14T00:00:00.0000000-07:00,0.000000,,,0,,NOAA,2013-03-29T15:47:48.0770000-06:00,in
37,USC00051772,Snow,1951-02-15T00:00:00.0000000-07:00,0.000000,,,0,,NOAA,2013-03-29T15:47:48.0770000-06:00,in
37,USC00051772,Snow,1951-02-16T00:00:00.0000000-07:00,0.000000,,,0,,NOAA,2013-03-29T15:47:48.0770000-06:00,in
37,USC00051772,Snow,1951-02-17T00:00:00.0000000-07:00,0.000000,,,0,,NOAA,2013-03-29T15:47:48.0770000-06:00,in
37,USC00051772,Snow,1951-02-18T00:00:00.0000000-07:00,0.000000,,,0,,NOAA,2013-03-29T15:47:48.0770000-06:00,in
37,USC00051772,Snow,1951-02-21T00:00:00.0000000-07:00,0.000000,,,0,,NOAA,2013-03-29T15:47:48.0770000-06:00,in
37,USC00051772,Snow,1951-02-22T00:00:00.0000000-07:00,0.000000,,,0,,NOAA,2013-03-29T15:47:48.0770000-06:00,in
37,USC00051772,Snow,1951-02-23T00:00:00.0000000-07:00,0.000000,,,0,,NOAA,2013-03-29T15:47:48.0770000-06:00,in
37,USC00051772,Snow,1951-02-24T00:00:00.0000000-07:00,2.992126,,,0,,NOAA,2013-03-29T15:47:48.0770000-06:00,in
37,USC00051772,Snow,1951-02-25T00:00:00.0000000-07:00,0.000000,,,0,,NOAA,2013-03-29T15:47:48.0770000-06:00,in
37,USC00051772,Snow,1951-02-26T00:00:00.0000000-07:00,0.000000,,,0,,NOAA,2013-03-29T15:47:48.0770000-06:00,in
37,USC00051772,Snow,1951-02-27T00:00:00.0000000-07:00,3.188977,,,0,,NOAA,2013-03-29T15:47:48.0770000-06:00,in
37,USC00051772,Snow,1951-02-28T00:00:00.0000000-07:00,0.984252,,,0,,NOAA,2013-03-29T15:47:48.0770000-06:00,in
37,USC00051772,Snow,1951-03-01T00:00:00.0000000-07:00,0.000000,,,0,,NOAA,2013-03-29T15:47:48.0770000-06:00,in
37,USC00051772,Snow,1951-03-02T00:00:00.0000000-07:00,0.000000,T,,0,,NOAA,2013-03-29T15:47:48.0770000-06:00,in
37,USC00051772,Snow,1951-03-03T00:00:00.0000000-07:00,1.496063,,,0,,NOAA,2013-03-29T15:47:48.0770000-06:00,in
37,USC00051772,Snow,1951-03-04T00:00:00.0000000-07:00,0.000000,,,0,,NOAA,2013-03-29T15:47:48.0770000-06:00,in
37,USC00051772,Snow,1951-03-05T00:00:00.0000000-07:00,0.000000,T,,0,,NOAA,2013-03-29T15:47:48.0770000-06:00,in
37,USC00051772,Snow,1951-03-06T00:00:00.0000000-07:00,0.000000,,,0,,NOAA,2013-03-29T15:47:48.0770000-06:00,in
37,USC00051772,Snow,1951-03-07T00:00:00.0000000-07:00,0.000000,,,0,,NOAA,2013-03-29T15:47:48.0770000-06:00,in
37,USC00051772,Snow,1951-03-08T00:00:00.0000000-07:00,0.000000,,,0,,NOAA,2013-03-29T15:47:48.0770000-06:00,in
37,USC00051772,Snow,1951-03-09T00:00:00.0000000-07:00,0.000000,,,0,,NOAA,2013-03-29T15:47:48.0770000-06:00,in
37,USC00051772,Snow,1951-03-10T00:00:00.0000000-07:00,0.000000,,,0,,NOAA,2013-03-29T15:47:48.0770000-06:00,in
37,USC00051772,Snow,1951-03-11T00:00:00.0000000-07:00,0.000000,,,0,,NOAA,2013-03-29T15:47:48.0770000-06:00,in
37,USC00051772,Snow,1951-03-12T00:00:00.0000000-07:00,0.000000,,,0,,NOAA,2013-03-29T15:47:48.0770000-06:00,in
37,USC00051772,Snow,1951-03-13T00:00:00.0000000-07:00,0.000000,,,0,,NOAA,2013-03-29T15:47:48.0770000-06:00,in
37,USC00051772,Snow,1951-03-14T00:00:00.0000000-07:00,0.000000,,,0,,NOAA,2013-03-29T15:47:48.0770000-06:00,in
37,USC00051772,Snow,1951-03-15T00:00:00.0000000-07:00,0.000000,,,0,,NOAA,2013-03-29T15:47:48.0770000-06:00,in
37,USC00051772,Snow,1951-03-16T00:00:00.0000000-07:00,0.000000,,,0,,NOAA,2013-03-29T15:47:48.0770000-06:00,in
37,USC00051772,Snow,1951-03-17T00:00:00.0000000-07:00,0.000000,,,0,,NOAA,2013-03-29T15:47:48.0770000-06:00,in
37,USC00051772,Snow,1951-03-18T00:00:00.0000000-07:00,0.000000,,,0,,NOAA,2013-03-29T15:47:48.0770000-06:00,in
37,USC00051772,Snow,1951-03-19T00:00:00.0000000-07:00,0.000000,,,0,,NOAA,2013-03-29T15:47:48.0770000-06:00,in
37,USC00051772,Snow,1951-03-20T00:00:00.0000000-07:00,0.000000,,,0,,NOAA,2013-03-29T15:47:48.0770000-06:00,in
37,USC00051772,Snow,1951-03-21T00:00:00.0000000-07:00,0.000000,,,0,,NOAA,2013-03-29T15:47:48.0770000-06:00,in
37,USC00051772,Snow,1951-03-22T00:00:00.0000000-07:00,0.000000,,,0,,NOAA,2013-03-29T15:47:48.0770000-06:00,in
37,USC00051772,Snow,1951-03-23T00:00:00.0000000-07:00,0.000000,,,0,,NOAA,2013-03-29T15:47:48.0770000-06:00,in
37,USC00051772,Snow,1951-03-24T00:00:00.0000000-07:00,0.000000,,,0,,NOAA,2013-03-29T15:47:48.0770000-06:00,in
37,USC00051772,Snow,1951-03-25T00:00:00.0000000-07:00,0.000000,,,0,,NOAA,2013-03-29T15:47:48.0770000-06:00,in
37,USC00051772,Snow,1951-03-26T00:00:00.0000000-07:00,0.000000,,,0,,NOAA,2013-03-29T15:47:48.0770000-06:00,in
37,USC00051772,Snow,1951-03-27T00:00:00.0000000-07:00,0.000000,,,0,,NOAA,2013-03-29T15:47:48.0770000-06:00,in
37,USC00051772,Snow,1951-03-28T00:00:00.0000000-07:00,0.000000,,,0,,NOAA,2013-03-29T15:47:48.0770000-06:00,in
37,USC00051772,Snow,1951-03-29T00:00:00.0000000-07:00,0.000000,,,0,,NOAA,2013-03-29T15:47:48.0770000-06:00,in
37,USC00051772,Snow,1951-03-30T00:00:00.0000000-07:00,0.000000,,,0,,NOAA,2013-03-29T15:47:48.0770000-06:00,in
37,USC00051772,Snow,1951-03-31T00:00:00.0000000-07:00,0.000000,T,,0,,NOAA,2013-03-29T15:47:48.0770000-06:00,in
37,USC00051772,Snow,1951-04-01T00:00:00.0000000-07:00,0.000000,,,0,,NOAA,2013-03-29T15:47:48.0770000-06:00,in
37,USC00051772,Snow,1951-04-02T00:00:00.0000000-06:00,0.000000,,,0,,NOAA,2013-03-29T15:47:48.0770000-06:00,in
37,USC00051772,Snow,1951-04-03T00:00:00.0000000-06:00,0.000000,,,0,,NOAA,2013-03-29T15:47:48.0770000-06:00,in
37,USC00051772,Snow,1951-04-04T00:00:00.0000000-06:00,0.000000,,,0,,NOAA,2013-03-29T15:47:48.0770000-06:00,in
37,USC00051772,Snow,1951-04-05T00:00:00.0000000-06:00,0.000000,,,0,,NOAA,2013-03-29T15:47:48.0770000-06:00,in
37,USC00051772,Snow,1951-04-06T00:00:00.0000000-06:00,0.000000,,,0,,NOAA,2013-03-29T15:47:48.0770000-06:00,in
37,USC00051772,Snow,1951-04-07T00:00:00.0000000-06:00,0.000000,,,0,,NOAA,2013-03-29T15:47:48.0770000-06:00,in
37,USC00051772,Snow,1951-04-08T00:00:00.0000000-06:00,0.000000,,,0,,NOAA,2013-03-29T15:47:48.0770000-06:00,in
37,USC00051772,Snow,1951-04-09T00:00:00.0000000-06:00,0.000000,,,0,,NOAA,2013-03-29T15:47:48.0770000-06:00,in
37,USC00051772,Snow,1951-04-10T00:00:00.0000000-06:00,0.000000,,,0,,NOAA,2013-03-29T15:47:48.0770000-06:00,in
37,USC00051772,Snow,1951-04-11T00:00:00.0000000-06:00,0.000000,,,0,,NOAA,2013-03-29T15:47:48.0770000-06:00,in
37,USC00051772,Snow,1951-04-12T00:00:00.0000000-06:00,0.000000,,,0,,NOAA,2013-03-29T15:47:48.0770000-06:00,in
37,USC00051772,Snow,1951-04-13T00:00:00.0000000-06:00,0.000000,,,0,,NOAA,2013-03-29T15:47:48.0770000-06:00,in
37,USC00051772,Snow,1951-04-14T00:00:00.0000000-06:00,0.000000,,,0,,NOAA,2013-03-29T15:47:48.0770000-06:00,in
37,USC00051772,Snow,1951-04-15T00:00:00.0000000-06:00,0.000000,,,0,,NOAA,2013-03-29T15:47:48.0770000-06:00,in
37,USC00051772,Snow,1951-04-16T00:00:00.0000000-06:00,0.000000,,,0,,NOAA,2013-03-29T15:47:48.0770000-06:00,in
37,USC00051772,Snow,1951-04-17T00:00:00.0000000-06:00,0.000000,,,0,,NOAA,2013-03-29T15:47:48.0770000-06:00,in
37,USC00051772,Snow,1951-04-18T00:00:00.0000000-06:00,0.000000,,,0,,NOAA,2013-03-29T15:47:48.0770000-06:00,in
37,USC00051772,Snow,1951-04-19T00:00:00.0000000-06:00,0.000000,,,0,,NOAA,2013-03-29T15:47:48.0770000-06:00,in
37,USC00051772,Snow,1951-04-20T00:00:00.0000000-06:00,0.000000,,,0,,NOAA,2013-03-29T15:47:48.0770000-06:00,in
37,USC00051772,Snow,1951-04-21T00:00:00.0000000-06:00,0.000000,,,0,,NOAA,2013-03-29T15:47:48.0770000-06:00,in
37,USC00051772,Snow,1951-04-22T00:00:00.0000000-06:00,0.000000,,,0,,NOAA,2013-03-29T15:47:48.0770000-06:00,in
37,USC00051772,Snow,1951-04-23T00:00:00.0000000-06:00,0.000000,,,0,,NOAA,2013-03-29T15:47:48.0770000-06:00,in
37,USC00051772,Snow,1951-04-24T00:00:00.0000000-06:00,0.000000,,,0,,NOAA,2013-03-29T15:47:48.0770000-06:00,in
37,USC00051772,Snow,1951-04-25T00:00:00.0000000-06:00,0.000000,,,0,,NOAA,2013-03-29T15:47:48.0770000-06:00,in
37,USC00051772,Snow,1951-04-26T00:00:00.0000000-06:00,0.000000,,,0,,NOAA,2013-03-29T15:47:48.0770000-06:00,in
37,USC00051772,Snow,1951-04-27T00:00:00.0000000-06:00,0.000000,,,0,,NOAA,2013-03-29T15:47:48.0770000-06:00,in
37,USC00051772,Snow,1951-04-28T00:00:00.0000000-06:00,0.000000,,,0,,NOAA,2013-03-29T15:47:48.0770000-06:00,in
37,USC00051772,Snow,1951-04-29T00:00:00.0000000-06:00,0.000000,,,0,,NOAA,2013-03-29T15:47:48.0770000-06:00,in
37,USC00051772,Snow,1951-04-30T00:00:00.0000000-06:00,0.000000,T,,0,,NOAA,2013-03-29T15:47:48.0770000-06:00,in
37,USC00051772,Snow,1951-05-01T00:00:00.0000000-06:00,0.000000,,,0,,NOAA,2013-03-29T15:47:48.0770000-06:00,in
37,USC00051772,Snow,1951-05-02T00:00:00.0000000-06:00,0.000000,,,0,,NOAA,2013-03-29T15:47:48.0770000-06:00,in
37,USC00051772,Snow,1951-05-03T00:00:00.0000000-06:00,0.000000,,,0,,NOAA,2013-03-29T15:47:48.0770000-06:00,in
37,USC00051772,Snow,1951-05-04T00:00:00.0000000-06:00,0.000000,,,0,,NOAA,2013-03-29T15:47:48.0770000-06:00,in
37,USC00051772,Snow,1951-05-05T00:00:00.0000000-06:00,0.000000,,,0,,NOAA,2013-03-29T15:47:48.0770000-06:00,in
37,USC00051772,Snow,1951-05-06T00:00:00.0000000-06:00,0.000000,,,0,,NOAA,2013-03-29T15:47:48.0770000-06:00,in
37,USC00051772,Snow,1951-05-07T00:00:00.0000000-06:00,0.000000,,,0,,NOAA,2013-03-29T15:47:48.0770000-06:00,in
37,USC00051772,Snow,1951-05-08T00:00:00.0000000-06:00,0.000000,,,0,,NOAA,2013-03-29T15:47:48.0770000-06:00,in
37,USC00051772,Snow,1951-05-09T00:00:00.0000000-06:00,0.000000,,,0,,NOAA,2013-03-29T15:47:48.0770000-06:00,in
37,USC00051772,Snow,1951-05-10T00:00:00.0000000-06:00,0.000000,,,0,,NOAA,2013-03-29T15:47:48.0770000-06:00,in
37,USC00051772,Snow,1951-05-11T00:00:00.0000000-06:00,0.000000,,,0,,NOAA,2013-03-29T15:47:48.0770000-06:00,in
37,USC00051772,Snow,1951-05-12T00:00:00.0000000-06:00,0.000000,,,0,,NOAA,2013-03-29T15:47:48.0770000-06:00,in
37,USC00051772,Snow,1951-05-13T00:00:00.0000000-06:00,0.000000,,,0,,NOAA,2013-03-29T15:47:48.0770000-06:00,in
37,USC00051772,Snow,1951-05-14T00:00:00.0000000-06:00,0.000000,,,0,,NOAA,2013-03-29T15:47:48.0770000-06:00,in
37,USC00051772,Snow,1951-05-15T00:00:00.0000000-06:00,0.000000,,,0,,NOAA,2013-03-29T15:47:48.0770000-06:00,in
37,USC00051772,Snow,1951-05-16T00:00:00.0000000-06:00,0.000000,,,0,,NOAA,2013-03-29T15:47:48.0770000-06:00,in
37,USC00051772,Snow,1951-05-17T00:00:00.0000000-06:00,0.000000,,,0,,NOAA,2013-03-29T15:47:48.0770000-06:00,in
37,USC00051772,Snow,1951-05-18T00:00:00.0000000-06:00,0.000000,,,0,,NOAA,2013-03-29T15:47:48.0770000-06:00,in
37,USC00051772,Snow,1951-05-19T00:00:00.0000000-06:00,0.000000,,,0,,NOAA,2013-03-29T15:47:48.0770000-06:00,in
37,USC00051772,Snow,1951-05-20T00:00:00.0000000-06:00,0.000000,,,0,,NOAA,2013-03-29T15:47:48.0770000-06:00,in
37,USC00051772,Snow,1951-05-21T00:00:00.0000000-06:00,0.000000,,,0,,NOAA,2013-03-29T15:47:48.0770000-06:00,in
37,USC00051772,Snow,1951-05-22T00:00:00.0000000-06:00,0.000000,,,0,,NOAA,2013-03-29T15:47:48.0770000-06:00,in
37,USC00051772,Snow,1951-05-23T00:00:00.0000000-06:00,0.000000,,,0,,NOAA,2013-03-29T15:47:48.0770000-06:00,in
37,USC00051772,Snow,1951-05-24T00:00:00.0000000-06:00,0.000000,,,0,,NOAA,2013-03-29T15:47:48.0770000-06:00,in
37,USC00051772,Snow,1951-05-25T00:00:00.0000000-06:00,0.000000,,,0,,NOAA,2013-03-29T15:47:48.0770000-06:00,in
37,USC00051772,Snow,1951-05-26T00:00:00.0000000-06:00,0.000000,,,0,,NOAA,2013-03-29T15:47:48.0770000-06:00,in
37,USC00051772,Snow,1951-05-27T00:00:00.0000000-06:00,0.000000,,,0,,NOAA,2013-03-29T15:47:48.0770000-06:00,in
37,USC00051772,Snow,1951-05-28T00:00:00.0000000-06:00,0.000000,,,0,,NOAA,2013-03-29T15:47:48.0770000-06:00,in
37,USC00051772,Snow,1951-05-29T00:00:00.0000000-06:00,0.000000,,,0,,NOAA,2013-03-29T15:47:48.0770000-06:00,in
37,USC00051772,Snow,1951-05-30T00:00:00.0000000-06:00,0.000000,,,0,,NOAA,2013-03-29T15:47:48.0770000-06:00,in
37,USC00051772,Snow,1951-05-31T00:00:00.0000000-06:00,0.000000,,,0,,NOAA,2013-03-29T15:47:48.0770000-06:00,in
37,USC00051772,Snow,1951-06-01T00:00:00.0000000-06:00,0.000000,,,0,,NOAA,2013-03-29T15:47:48.0770000-06:00,in
37,USC00051772,Snow,1951-06-02T00:00:00.0000000-06:00,0.000000,,,0,,NOAA,2013-03-29T15:47:48.0770000-06:00,in
37,USC00051772,Snow,1951-06-03T00:00:00.0000000-06:00,0.000000,,,0,,NOAA,2013-03-29T15:47:48.0770000-06:00,in
37,USC00051772,Snow,1951-06-04T00:00:00.0000000-06:00,0.000000,,,0,,NOAA,2013-03-29T15:47:48.0770000-06:00,in
37,USC00051772,Snow,1951-06-05T00:00:00.0000000-06:00,0.000000,,,0,,NOAA,2013-03-29T15:47:48.0770000-06:00,in
37,USC00051772,Snow,1951-06-06T00:00:00.0000000-06:00,0.000000,,,0,,NOAA,2013-03-29T15:47:48.0770000-06:00,in
37,USC00051772,Snow,1951-06-07T00:00:00.0000000-06:00,0.000000,,,0,,NOAA,2013-03-29T15:47:48.0770000-06:00,in
37,USC00051772,Snow,1951-06-08T00:00:00.0000000-06:00,0.000000,,,0,,NOAA,2013-03-29T15:47:48.0770000-06:00,in
37,USC00051772,Snow,1951-06-09T00:00:00.0000000-06:00,0.000000,,,0,,NOAA,2013-03-29T15:47:48.0770000-06:00,in
37,USC00051772,Snow,1951-06-10T00:00:00.0000000-06:00,0.000000,,,0,,NOAA,2013-03-29T15:47:48.0770000-06:00,in
37,USC00051772,Snow,1951-06-11T00:00:00.0000000-06:00,0.000000,,,0,,NOAA,2013-03-29T15:47:48.0770000-06:00,in
37,USC00051772,Snow,1951-06-12T00:00:00.0000000-06:00,0.000000,,,0,,NOAA,2013-03-29T15:47:48.0770000-06:00,in
37,USC00051772,Snow,1951-06-13T00:00:00.0000000-06:00,0.000000,,,0,,NOAA,2013-03-29T15:47:48.0770000-06:00,in
37,USC00051772,Snow,1951-06-14T00:00:00.0000000-06:00,0.000000,,,0,,NOAA,2013-03-29T15:47:48.0770000-06:00,in
37,USC00051772,Snow,1951-06-15T00:00:00.0000000-06:00,0.000000,,,0,,NOAA,2013-03-29T15:47:48.0770000-06:00,in
37,USC00051772,Snow,1951-06-16T00:00:00.0000000-06:00,0.000000,,,0,,NOAA,2013-03-29T15:47:48.0770000-06:00,in
37,USC00051772,Snow,1951-06-17T00:00:00.0000000-06:00,0.000000,,,0,,NOAA,2013-03-29T15:47:48.0770000-06:00,in
37,USC00051772,Snow,1951-06-18T00:00:00.0000000-06:00,0.000000,T,,0,,NOAA,2013-03-29T15:47:48.0770000-06:00,in
37,USC00051772,Snow,1951-06-19T00:00:00.0000000-06:00,0.000000,,,0,,NOAA,2013-03-29T15:47:48.0770000-06:00,in
37,USC00051772,Snow,1951-06-20T00:00:00.0000000-06:00,0.000000,T,,0,,NOAA,2013-03-29T15:47:48.0770000-06:00,in
37,USC00051772,Snow,1951-06-21T00:00:00.0000000-06:00,0.000000,,,0,,NOAA,2013-03-29T15:47:48.0770000-06:00,in
37,USC00051772,Snow,1951-06-22T00:00:00.0000000-06:00,0.000000,,,0,,NOAA,2013-03-29T15:47:48.0770000-06:00,in
37,USC00051772,Snow,1951-06-23T00:00:00.0000000-06:00,0.000000,,,0,,NOAA,2013-03-29T15:47:48.0770000-06:00,in
37,USC00051772,Snow,1951-06-24T00:00:00.0000000-06:00,0.000000,,,0,,NOAA,2013-03-29T15:47:48.0770000-06:00,in
37,USC00051772,Snow,1951-06-25T00:00:00.0000000-06:00,0.000000,,,0,,NOAA,2013-03-29T15:47:48.0770000-06:00,in
37,USC00051772,Snow,1951-06-26T00:00:00.0000000-06:00,0.000000,,,0,,NOAA,2013-03-29T15:47:48.0770000-06:00,in
37,USC00051772,Snow,1951-06-27T00:00:00.0000000-06:00,0.000000,,,0,,NOAA,2013-03-29T15:47:48.0770000-06:00,in
37,USC00051772,Snow,1951-06-28T00:00:00.0000000-06:00,0.000000,,,0,,NOAA,2013-03-29T15:47:48.0770000-06:00,in
37,USC00051772,Snow,1951-06-29T00:00:00.0000000-06:00,0.000000,,,0,,NOAA,2013-03-29T15:47:48.0770000-06:00,in
37,USC00051772,Snow,1951-06-30T00:00:00.0000000-06:00,0.000000,,,0,,NOAA,2013-03-29T15:47:48.0770000-06:00,in
37,USC00051772,Snow,1951-07-01T00:00:00.0000000-06:00,0.000000,,,0,,NOAA,2013-03-29T15:47:48.0770000-06:00,in
37,USC00051772,Snow,1951-07-02T00:00:00.0000000-06:00,0.000000,,,0,,NOAA,2013-03-29T15:47:48.0770000-06:00,in
37,USC00051772,Snow,1951-07-03T00:00:00.0000000-06:00,0.000000,,,0,,NOAA,2013-03-29T15:47:48.0770000-06:00,in
37,USC00051772,Snow,1951-07-04T00:00:00.0000000-06:00,0.000000,,,0,,NOAA,2013-03-29T15:47:48.0770000-06:00,in
37,USC00051772,Snow,1951-07-05T00:00:00.0000000-06:00,0.000000,,,0,,NOAA,2013-03-29T15:47:48.0770000-06:00,in
37,USC00051772,Snow,1951-07-06T00:00:00.0000000-06:00,0.000000,,,0,,NOAA,2013-03-29T15:47:48.0770000-06:00,in
37,USC00051772,Snow,1951-07-07T00:00:00.0000000-06:00,0.000000,,,0,,NOAA,2013-03-29T15:47:48.0770000-06:00,in
37,USC00051772,Snow,1951-07-08T00:00:00.0000000-06:00,0.000000,,,0,,NOAA,2013-03-29T15:47:48.0770000-06:00,in
37,USC00051772,Snow,1951-07-09T00:00:00.0000000-06:00,0.000000,,,0,,NOAA,2013-03-29T15:47:48.0770000-06:00,in
37,USC00051772,Snow,1951-07-10T00:00:00.0000000-06:00,0.000000,,,0,,NOAA,2013-03-29T15:47:48.0770000-06:00,in
37,USC00051772,Snow,1951-07-11T00:00:00.0000000-06:00,0.000000,,,0,,NOAA,2013-03-29T15:47:48.0770000-06:00,in
37,USC00051772,Snow,1951-07-12T00:00:00.0000000-06:00,0.000000,,,0,,NOAA,2013-03-29T15:47:48.0770000-06:00,in
37,USC00051772,Snow,1951-07-13T00:00:00.0000000-06:00,0.000000,,,0,,NOAA,2013-03-29T15:47:48.0770000-06:00,in
37,USC00051772,Snow,1951-07-14T00:00:00.0000000-06:00,0.000000,,,0,,NOAA,2013-03-29T15:47:48.0770000-06:00,in
37,USC00051772,Snow,1951-07-15T00:00:00.0000000-06:00,0.000000,,,0,,NOAA,2013-03-29T15:47:48.0770000-06:00,in
37,USC00051772,Snow,1951-07-16T00:00:00.0000000-06:00,0.000000,,,0,,NOAA,2013-03-29T15:47:48.0770000-06:00,in
37,USC00051772,Snow,1951-07-17T00:00:00.0000000-06:00,0.000000,,,0,,NOAA,2013-03-29T15:47:48.0770000-06:00,in
37,USC00051772,Snow,1951-07-18T00:00:00.0000000-06:00,0.000000,,,0,,NOAA,2013-03-29T15:47:48.0770000-06:00,in
37,USC00051772,Snow,1951-07-19T00:00:00.0000000-06:00,0.000000,,,0,,NOAA,2013-03-29T15:47:48.0770000-06:00,in
37,USC00051772,Snow,1951-07-20T00:00:00.0000000-06:00,0.000000,,,0,,NOAA,2013-03-29T15:47:48.0770000-06:00,in
37,USC00051772,Snow,1951-07-21T00:00:00.0000000-06:00,0.000000,,,0,,NOAA,2013-03-29T15:47:48.0770000-06:00,in
37,USC00051772,Snow,1951-07-22T00:00:00.0000000-06:00,0.000000,,,0,,NOAA,2013-03-29T15:47:48.0770000-06:00,in
37,USC00051772,Snow,1951-07-23T00:00:00.0000000-06:00,0.000000,,,0,,NOAA,2013-03-29T15:47:48.0770000-06:00,in
37,USC00051772,Snow,1951-07-24T00:00:00.0000000-06:00,0.000000,,,0,,NOAA,2013-03-29T15:47:48.0770000-06:00,in
37,USC00051772,Snow,1951-07-25T00:00:00.0000000-06:00,0.000000,,,0,,NOAA,2013-03-29T15:47:48.0770000-06:00,in
37,USC00051772,Snow,1951-07-26T00:00:00.0000000-06:00,0.000000,,,0,,NOAA,2013-03-29T15:47:48.0770000-06:00,in
37,USC00051772,Snow,1951-07-27T00:00:00.0000000-06:00,0.000000,,,0,,NOAA,2013-03-29T15:47:48.0770000-06:00,in
37,USC00051772,Snow,1951-07-28T00:00:00.0000000-06:00,0.000000,,,0,,NOAA,2013-03-29T15:47:48.0770000-06:00,in
37,USC00051772,Snow,1951-07-29T00:00:00.0000000-06:00,0.000000,,,0,,NOAA,2013-03-29T15:47:48.0770000-06:00,in
37,USC00051772,Snow,1951-07-30T00:00:00.0000000-06:00,0.000000,,,0,,NOAA,2013-03-29T15:47:48.0770000-06:00,in
37,USC00051772,Snow,1951-07-31T00:00:00.0000000-06:00,0.000000,,,0,,NOAA,2013-03-29T15:47:48.0770000-06:00,in
37,USC00051772,Snow,1951-08-01T00:00:00.0000000-06:00,0.000000,,,0,,NOAA,2013-03-29T15:47:48.0770000-06:00,in
37,USC00051772,Snow,1951-08-02T00:00:00.0000000-06:00,0.000000,,,0,,NOAA,2013-03-29T15:47:48.0770000-06:00,in
37,USC00051772,Snow,1951-08-03T00:00:00.0000000-06:00,0.000000,,,0,,NOAA,2013-03-29T15:47:48.0770000-06:00,in
37,USC00051772,Snow,1951-08-04T00:00:00.0000000-06:00,0.000000,,,0,,NOAA,2013-03-29T15:47:48.0770000-06:00,in
37,USC00051772,Snow,1951-08-05T00:00:00.0000000-06:00,0.000000,,,0,,NOAA,2013-03-29T15:47:48.0770000-06:00,in
37,USC00051772,Snow,1951-08-06T00:00:00.0000000-06:00,0.000000,,,0,,NOAA,2013-03-29T15:47:48.0770000-06:00,in
37,USC00051772,Snow,1951-08-07T00:00:00.0000000-06:00,0.000000,,,0,,NOAA,2013-03-29T15:47:48.0770000-06:00,in
37,USC00051772,Snow,1951-08-08T00:00:00.0000000-06:00,0.000000,,,0,,NOAA,2013-03-29T15:47:48.0770000-06:00,in
37,USC00051772,Snow,1951-08-09T00:00:00.0000000-06:00,0.000000,,,0,,NOAA,2013-03-29T15:47:48.0770000-06:00,in
37,USC00051772,Snow,1951-08-10T00:00:00.0000000-06:00,0.000000,,,0,,NOAA,2013-03-29T15:47:48.0770000-06:00,in
37,USC00051772,Snow,1951-08-11T00:00:00.0000000-06:00,0.000000,,,0,,NOAA,2013-03-29T15:47:48.0770000-06:00,in
37,USC00051772,Snow,1951-08-12T00:00:00.0000000-06:00,0.000000,,,0,,NOAA,2013-03-29T15:47:48.0770000-06:00,in
37,USC00051772,Snow,1951-08-13T00:00:00.0000000-06:00,0.000000,,,0,,NOAA,2013-03-29T15:47:48.0770000-06:00,in
37,USC00051772,Snow,1951-08-14T00:00:00.0000000-06:00,0.000000,,,0,,NOAA,2013-03-29T15:47:48.0770000-06:00,in
37,USC00051772,Snow,1951-08-15T00:00:00.0000000-06:00,0.000000,,,0,,NOAA,2013-03-29T15:47:48.0770000-06:00,in
37,USC00051772,Snow,1951-08-16T00:00:00.0000000-06:00,0.000000,,,0,,NOAA,2013-03-29T15:47:48.0770000-06:00,in
37,USC00051772,Snow,1951-08-17T00:00:00.0000000-06:00,0.000000,,,0,,NOAA,2013-03-29T15:47:48.0770000-06:00,in
37,USC00051772,Snow,1951-08-18T00:00:00.0000000-06:00,0.000000,,,0,,NOAA,2013-03-29T15:47:48.0770000-06:00,in
37,USC00051772,Snow,1951-08-19T00:00:00.0000000-06:00,0.000000,,,0,,NOAA,2013-03-29T15:47:48.0770000-06:00,in
37,USC00051772,Snow,1951-08-20T00:00:00.0000000-06:00,0.000000,,,0,,NOAA,2013-03-29T15:47:48.0770000-06:00,in
37,USC00051772,Snow,1951-08-21T00:00:00.0000000-06:00,0.000000,,,0,,NOAA,2013-03-29T15:47:48.0770000-06:00,in
37,USC00051772,Snow,1951-08-22T00:00:00.0000000-06:00,0.000000,,,0,,NOAA,2013-03-29T15:47:48.0770000-06:00,in
37,USC00051772,Snow,1951-08-23T00:00:00.0000000-06:00,0.000000,,,0,,NOAA,2013-03-29T15:47:48.0770000-06:00,in
37,USC00051772,Snow,1951-08-24T00:00:00.0000000-06:00,0.000000,,,0,,NOAA,2013-03-29T15:47:48.0770000-06:00,in
37,USC00051772,Snow,1951-08-25T00:00:00.0000000-06:00,0.000000,,,0,,NOAA,2013-03-29T15:47:48.0770000-06:00,in
37,USC00051772,Snow,1951-08-26T00:00:00.0000000-06:00,0.000000,,,0,,NOAA,2013-03-29T15:47:48.0770000-06:00,in
37,USC00051772,Snow,1951-08-27T00:00:00.0000000-06:00,0.000000,,,0,,NOAA,2013-03-29T15:47:48.0770000-06:00,in
37,USC00051772,Snow,1951-08-28T00:00:00.0000000-06:00,0.000000,,,0,,NOAA,2013-03-29T15:47:48.0770000-06:00,in
37,USC00051772,Snow,1951-08-29T00:00:00.0000000-06:00,0.000000,,,0,,NOAA,2013-03-29T15:47:48.0770000-06:00,in
37,USC00051772,Snow,1951-08-30T00:00:00.0000000-06:00,0.000000,,,0,,NOAA,2013-03-29T15:47:48.0770000-06:00,in
37,USC00051772,Snow,1951-08-31T00:00:00.0000000-06:00,0.000000,,,0,,NOAA,2013-03-29T15:47:48.0770000-06:00,in
37,USC00051772,Snow,1951-09-01T00:00:00.0000000-06:00,0.000000,,,0,,NOAA,2013-03-29T15:47:48.0770000-06:00,in
37,USC00051772,Snow,1951-09-02T00:00:00.0000000-06:00,0.000000,,,0,,NOAA,2013-03-29T15:47:48.0770000-06:00,in
37,USC00051772,Snow,1951-09-03T00:00:00.0000000-06:00,0.000000,,,0,,NOAA,2013-03-29T15:47:48.0770000-06:00,in
37,USC00051772,Snow,1951-09-04T00:00:00.0000000-06:00,0.000000,,,0,,NOAA,2013-03-29T15:47:48.0770000-06:00,in
37,USC00051772,Snow,1951-09-05T00:00:00.0000000-06:00,0.000000,,,0,,NOAA,2013-03-29T15:47:48.0770000-06:00,in
37,USC00051772,Snow,1951-09-06T00:00:00.0000000-06:00,0.000000,,,0,,NOAA,2013-03-29T15:47:48.0770000-06:00,in
37,USC00051772,Snow,1951-09-07T00:00:00.0000000-06:00,0.000000,,,0,,NOAA,2013-03-29T15:47:48.0770000-06:00,in
37,USC00051772,Snow,1951-09-08T00:00:00.0000000-06:00,0.000000,,,0,,NOAA,2013-03-29T15:47:48.0770000-06:00,in
37,USC00051772,Snow,1951-09-09T00:00:00.0000000-06:00,0.000000,,,0,,NOAA,2013-03-29T15:47:48.0770000-06:00,in
37,USC00051772,Snow,1951-09-10T00:00:00.0000000-06:00,0.000000,,,0,,NOAA,2013-03-29T15:47:48.0770000-06:00,in
37,USC00051772,Snow,1951-09-11T00:00:00.0000000-06:00,0.000000,,,0,,NOAA,2013-03-29T15:47:48.0770000-06:00,in
37,USC00051772,Snow,1951-09-12T00:00:00.0000000-06:00,0.000000,,,0,,NOAA,2013-03-29T15:47:48.0770000-06:00,in
37,USC00051772,Snow,1951-09-13T00:00:00.0000000-06:00,0.000000,,,0,,NOAA,2013-03-29T15:47:48.0770000-06:00,in
37,USC00051772,Snow,1951-09-14T00:00:00.0000000-06:00,0.000000,,,0,,NOAA,2013-03-29T15:47:48.0770000-06:00,in
37,USC00051772,Snow,1951-09-15T00:00:00.0000000-06:00,0.000000,,,0,,NOAA,2013-03-29T15:47:48.0770000-06:00,in
37,USC00051772,Snow,1951-09-16T00:00:00.0000000-06:00,0.000000,,,0,,NOAA,2013-03-29T15:47:48.0770000-06:00,in
37,USC00051772,Snow,1951-09-17T00:00:00.0000000-06:00,0.000000,,,0,,NOAA,2013-03-29T15:47:48.0770000-06:00,in
37,USC00051772,Snow,1951-09-18T00:00:00.0000000-06:00,0.000000,,,0,,NOAA,2013-03-29T15:47:48.0770000-06:00,in
37,USC00051772,Snow,1951-09-19T00:00:00.0000000-06:00,0.000000,,,0,,NOAA,2013-03-29T15:47:48.0770000-06:00,in
37,USC00051772,Snow,1951-09-20T00:00:00.0000000-06:00,0.000000,,,0,,NOAA,2013-03-29T15:47:48.0770000-06:00,in
37,USC00051772,Snow,1951-09-21T00:00:00.0000000-06:00,0.000000,,,0,,NOAA,2013-03-29T15:47:48.0770000-06:00,in
37,USC00051772,Snow,1951-09-22T00:00:00.0000000-06:00,0.000000,,,0,,NOAA,2013-03-29T15:47:48.0770000-06:00,in
37,USC00051772,Snow,1951-09-23T00:00:00.0000000-06:00,0.000000,,,0,,NOAA,2013-03-29T15:47:48.0770000-06:00,in
37,USC00051772,Snow,1951-09-24T00:00:00.0000000-06:00,0.000000,,,0,,NOAA,2013-03-29T15:47:48.0770000-06:00,in
37,USC00051772,Snow,1951-09-25T00:00:00.0000000-06:00,0.000000,,,0,,NOAA,2013-03-29T15:47:48.0770000-06:00,in
37,USC00051772,Snow,1951-09-26T00:00:00.0000000-06:00,0.000000,,,0,,NOAA,2013-03-29T15:47:48.0770000-06:00,in
37,USC00051772,Snow,1951-09-27T00:00:00.0000000-06:00,0.000000,,,0,,NOAA,2013-03-29T15:47:48.0770000-06:00,in
37,USC00051772,Snow,1951-09-28T00:00:00.0000000-06:00,0.000000,,,0,,NOAA,2013-03-29T15:47:48.0770000-06:00,in
37,USC00051772,Snow,1951-09-29T00:00:00.0000000-06:00,0.000000,,,0,,NOAA,2013-03-29T15:47:48.0770000-06:00,in
37,USC00051772,Snow,1951-09-30T00:00:00.0000000-06:00,0.000000,,,0,,NOAA,2013-03-29T15:47:48.0770000-06:00,in
37,USC00051772,Snow,1951-10-01T00:00:00.0000000-06:00,0.000000,,,0,,NOAA,2013-03-29T15:47:48.0770000-06:00,in
37,USC00051772,Snow,1951-10-02T00:00:00.0000000-06:00,0.000000,,,0,,NOAA,2013-03-29T15:47:48.0770000-06:00,in
37,USC00051772,Snow,1951-10-03T00:00:00.0000000-06:00,0.000000,,,0,,NOAA,2013-03-29T15:47:48.0770000-06:00,in
37,USC00051772,Snow,1951-10-04T00:00:00.0000000-06:00,0.000000,,,0,,NOAA,2013-03-29T15:47:48.0770000-06:00,in
37,USC00051772,Snow,1951-10-05T00:00:00.0000000-06:00,0.000000,,,0,,NOAA,2013-03-29T15:47:48.0770000-06:00,in
37,USC00051772,Snow,1951-10-06T00:00:00.0000000-06:00,0.000000,,,0,,NOAA,2013-03-29T15:47:48.0770000-06:00,in
37,USC00051772,Snow,1951-10-07T00:00:00.0000000-06:00,0.000000,,,0,,NOAA,2013-03-29T15:47:48.0770000-06:00,in
37,USC00051772,Snow,1951-10-08T00:00:00.0000000-06:00,0.000000,,,0,,NOAA,2013-03-29T15:47:48.0770000-06:00,in
37,USC00051772,Snow,1951-10-09T00:00:00.0000000-06:00,0.000000,,,0,,NOAA,2013-03-29T15:47:48.0770000-06:00,in
37,USC00051772,Snow,1951-10-10T00:00:00.0000000-06:00,0.000000,,,0,,NOAA,2013-03-29T15:47:48.0770000-06:00,in
37,USC00051772,Snow,1951-10-11T00:00:00.0000000-06:00,0.000000,,,0,,NOAA,2013-03-29T15:47:48.0770000-06:00,in
37,USC00051772,Snow,1951-10-12T00:00:00.0000000-06:00,0.000000,,,0,,NOAA,2013-03-29T15:47:48.0770000-06:00,in
37,USC00051772,Snow,1951-10-13T00:00:00.0000000-06:00,0.000000,,,0,,NOAA,2013-03-29T15:47:48.0770000-06:00,in
37,USC00051772,Snow,1951-10-14T00:00:00.0000000-06:00,0.000000,,,0,,NOAA,2013-03-29T15:47:48.0770000-06:00,in
37,USC00051772,Snow,1951-10-15T00:00:00.0000000-06:00,0.000000,,,0,,NOAA,2013-03-29T15:47:48.0770000-06:00,in
37,USC00051772,Snow,1951-10-16T00:00:00.0000000-06:00,0.000000,,,0,,NOAA,2013-03-29T15:47:48.0770000-06:00,in
37,USC00051772,Snow,1951-10-17T00:00:00.0000000-06:00,0.000000,,,0,,NOAA,2013-03-29T15:47:48.0770000-06:00,in
37,USC00051772,Snow,1951-10-18T00:00:00.0000000-06:00,0.000000,,,0,,NOAA,2013-03-29T15:47:48.0770000-06:00,in
37,USC00051772,Snow,1951-10-19T00:00:00.0000000-06:00,0.000000,,,0,,NOAA,2013-03-29T15:47:48.0770000-06:00,in
37,USC00051772,Snow,1951-10-20T00:00:00.0000000-06:00,0.000000,,,0,,NOAA,2013-03-29T15:47:48.0770000-06:00,in
37,USC00051772,Snow,1951-10-21T00:00:00.0000000-06:00,0.000000,,,0,,NOAA,2013-03-29T15:47:48.0770000-06:00,in
37,USC00051772,Snow,1951-10-22T00:00:00.0000000-06:00,1.496063,,,0,,NOAA,2013-03-29T15:47:48.0770000-06:00,in
37,USC00051772,Snow,1951-10-23T00:00:00.0000000-06:00,0.000000,,,0,,NOAA,2013-03-29T15:47:48.0770000-06:00,in
37,USC00051772,Snow,1951-10-24T00:00:00.0000000-06:00,0.000000,,,0,,NOAA,2013-03-29T15:47:48.0770000-06:00,in
37,USC00051772,Snow,1951-10-25T00:00:00.0000000-06:00,0.000000,,,0,,NOAA,2013-03-29T15:47:48.0770000-06:00,in
37,USC00051772,Snow,1951-10-26T00:00:00.0000000-06:00,0.000000,,,0,,NOAA,2013-03-29T15:47:48.0770000-06:00,in
37,USC00051772,Snow,1951-10-27T00:00:00.0000000-06:00,0.000000,,,0,,NOAA,2013-03-29T15:47:48.0770000-06:00,in
37,USC00051772,Snow,1951-10-28T00:00:00.0000000-06:00,0.000000,,,0,,NOAA,2013-03-29T15:47:48.0770000-06:00,in
37,USC00051772,Snow,1951-10-29T00:00:00.0000000-07:00,0.000000,,,0,,NOAA,2013-03-29T15:47:48.0770000-06:00,in
37,USC00051772,Snow,1951-10-30T00:00:00.0000000-07:00,0.000000,,,0,,NOAA,2013-03-29T15:47:48.0770000-06:00,in
37,USC00051772,Snow,1951-10-31T00:00:00.0000000-07:00,0.000000,,,0,,NOAA,2013-03-29T15:47:48.0770000-06:00,in
37,USC00051772,Snow,1951-11-01T00:00:00.0000000-07:00,0.000000,,,0,,NOAA,2013-03-29T15:47:48.0770000-06:00,in
37,USC00051772,Snow,1951-11-02T00:00:00.0000000-07:00,0.000000,,,0,,NOAA,2013-03-29T15:47:48.0770000-06:00,in
37,USC00051772,Snow,1951-11-03T00:00:00.0000000-07:00,0.000000,,,0,,NOAA,2013-03-29T15:47:48.0770000-06:00,in
37,USC00051772,Snow,1951-11-04T00:00:00.0000000-07:00,0.000000,,,0,,NOAA,2013-03-29T15:47:48.0770000-06:00,in
37,USC00051772,Snow,1951-11-05T00:00:00.0000000-07:00,0.000000,,,0,,NOAA,2013-03-29T15:47:48.0770000-06:00,in
37,USC00051772,Snow,1951-11-06T00:00:00.0000000-07:00,0.000000,,,0,,NOAA,2013-03-29T15:47:48.0770000-06:00,in
37,USC00051772,Snow,1951-11-07T00:00:00.0000000-07:00,0.000000,,,0,,NOAA,2013-03-29T15:47:48.0770000-06:00,in
37,USC00051772,Snow,1951-11-08T00:00:00.0000000-07:00,0.000000,,,0,,NOAA,2013-03-29T15:47:48.0770000-06:00,in
37,USC00051772,Snow,1951-11-09T00:00:00.0000000-07:00,0.000000,,,0,,NOAA,2013-03-29T15:47:48.0770000-06:00,in
37,USC00051772,Snow,1951-11-10T00:00:00.0000000-07:00,0.000000,,,0,,NOAA,2013-03-29T15:47:48.0770000-06:00,in
37,USC00051772,Snow,1951-11-11T00:00:00.0000000-07:00,0.000000,,,0,,NOAA,2013-03-29T15:47:48.0770000-06:00,in
37,USC00051772,Snow,1951-11-12T00:00:00.0000000-07:00,0.511811,,,0,,NOAA,2013-03-29T15:47:48.0770000-06:00,in
37,USC00051772,Snow,1951-11-13T00:00:00.0000000-07:00,0.000000,,,0,,NOAA,2013-03-29T15:47:48.0770000-06:00,in
37,USC00051772,Snow,1951-11-14T00:00:00.0000000-07:00,0.000000,T,,0,,NOAA,2013-03-29T15:47:48.0770000-06:00,in
37,USC00051772,Snow,1951-11-15T00:00:00.0000000-07:00,0.000000,,,0,,NOAA,2013-03-29T15:47:48.0770000-06:00,in
37,USC00051772,Snow,1951-11-16T00:00:00.0000000-07:00,0.000000,,,0,,NOAA,2013-03-29T15:47:48.0770000-06:00,in
37,USC00051772,Snow,1951-11-17T00:00:00.0000000-07:00,0.000000,,,0,,NOAA,2013-03-29T15:47:48.0770000-06:00,in
37,USC00051772,Snow,1951-11-18T00:00:00.0000000-07:00,0.000000,,,0,,NOAA,2013-03-29T15:47:48.0770000-06:00,in
37,USC00051772,Snow,1951-11-19T00:00:00.0000000-07:00,0.000000,,,0,,NOAA,2013-03-29T15:47:48.0770000-06:00,in
37,USC00051772,Snow,1951-11-20T00:00:00.0000000-07:00,0.000000,,,0,,NOAA,2013-03-29T15:47:48.0770000-06:00,in
37,USC00051772,Snow,1951-11-21T00:00:00.0000000-07:00,0.000000,,,0,,NOAA,2013-03-29T15:47:48.0770000-06:00,in
37,USC00051772,Snow,1951-11-22T00:00:00.0000000-07:00,0.196850,,,0,,NOAA,2013-03-29T15:47:48.0770000-06:00,in
37,USC00051772,Snow,1951-11-23T00:00:00.0000000-07:00,0.000000,T,,0,,NOAA,2013-03-29T15:47:48.0770000-06:00,in
37,USC00051772,Snow,1951-11-24T00:00:00.0000000-07:00,0.314961,,,0,,NOAA,2013-03-29T15:47:48.0770000-06:00,in
37,USC00051772,Snow,1951-11-25T00:00:00.0000000-07:00,0.708661,,,0,,NOAA,2013-03-29T15:47:48.0770000-06:00,in
37,USC00051772,Snow,1951-11-26T00:00:00.0000000-07:00,0.000000,,,0,,NOAA,2013-03-29T15:47:48.0770000-06:00,in
37,USC00051772,Snow,1951-11-27T00:00:00.0000000-07:00,0.000000,,,0,,NOAA,2013-03-29T15:47:48.0770000-06:00,in
37,USC00051772,Snow,1951-11-28T00:00:00.0000000-07:00,0.000000,,,0,,NOAA,2013-03-29T15:47:48.0770000-06:00,in
37,USC00051772,Snow,1951-11-29T00:00:00.0000000-07:00,0.000000,,,0,,NOAA,2013-03-29T15:47:48.0770000-06:00,in
37,USC00051772,Snow,1951-11-30T00:00:00.0000000-07:00,0.000000,,,0,,NOAA,2013-03-29T15:47:48.0770000-06:00,in
37,USC00051772,Snow,1951-12-01T00:00:00.0000000-07:00,0.000000,,,0,,NOAA,2013-03-29T15:47:48.0770000-06:00,in
37,USC00051772,Snow,1951-12-02T00:00:00.0000000-07:00,0.000000,,,0,,NOAA,2013-03-29T15:47:48.0770000-06:00,in
37,USC00051772,Snow,1951-12-03T00:00:00.0000000-07:00,0.000000,,,0,,NOAA,2013-03-29T15:47:48.0770000-06:00,in
37,USC00051772,Snow,1951-12-04T00:00:00.0000000-07:00,2.007874,,,0,,NOAA,2013-03-29T15:47:48.0770000-06:00,in
37,USC00051772,Snow,1951-12-05T00:00:00.0000000-07:00,10.708662,,,0,,NOAA,2013-03-29T15:47:48.0770000-06:00,in
37,USC00051772,Snow,1951-12-06T00:00:00.0000000-07:00,1.299213,,,0,,NOAA,2013-03-29T15:47:48.0770000-06:00,in
37,USC00051772,Snow,1951-12-07T00:00:00.0000000-07:00,0.000000,,,0,,NOAA,2013-03-29T15:47:48.0770000-06:00,in
37,USC00051772,Snow,1951-12-08T00:00:00.0000000-07:00,0.000000,,,0,,NOAA,2013-03-29T15:47:48.0770000-06:00,in
37,USC00051772,Snow,1951-12-09T00:00:00.0000000-07:00,0.000000,,,0,,NOAA,2013-03-29T15:47:48.0770000-06:00,in
37,USC00051772,Snow,1951-12-10T00:00:00.0000000-07:00,0.000000,,,0,,NOAA,2013-03-29T15:47:48.0770000-06:00,in
37,USC00051772,Snow,1951-12-11T00:00:00.0000000-07:00,0.000000,,,0,,NOAA,2013-03-29T15:47:48.0770000-06:00,in
37,USC00051772,Snow,1951-12-12T00:00:00.0000000-07:00,0.000000,,,0,,NOAA,2013-03-29T15:47:48.0770000-06:00,in
37,USC00051772,Snow,1951-12-13T00:00:00.0000000-07:00,0.000000,,,0,,NOAA,2013-03-29T15:47:48.0770000-06:00,in
37,USC00051772,Snow,1951-12-14T00:00:00.0000000-07:00,0.000000,,,0,,NOAA,2013-03-29T15:47:48.0770000-06:00,in
37,USC00051772,Snow,1951-12-15T00:00:00.0000000-07:00,0.000000,,,0,,NOAA,2013-03-29T15:47:48.0770000-06:00,in
37,USC00051772,Snow,1951-12-16T00:00:00.0000000-07:00,0.000000,,,0,,NOAA,2013-03-29T15:47:48.0770000-06:00,in
37,USC00051772,Snow,1951-12-17T00:00:00.0000000-07:00,0.000000,,,0,,NOAA,2013-03-29T15:47:48.0770000-06:00,in
37,USC00051772,Snow,1951-12-18T00:00:00.0000000-07:00,0.000000,,,0,,NOAA,2013-03-29T15:47:48.0770000-06:00,in
37,USC00051772,Snow,1951-12-19T00:00:00.0000000-07:00,0.000000,,,0,,NOAA,2013-03-29T15:47:48.0770000-06:00,in
37,USC00051772,Snow,1951-12-20T00:00:00.0000000-07:00,2.007874,,,0,,NOAA,2013-03-29T15:47:48.0770000-06:00,in
37,USC00051772,Snow,1951-12-21T00:00:00.0000000-07:00,0.000000,,,0,,NOAA,2013-03-29T15:47:48.0770000-06:00,in
37,USC00051772,Snow,1951-12-22T00:00:00.0000000-07:00,0.000000,,,0,,NOAA,2013-03-29T15:47:48.0770000-06:00,in
37,USC00051772,Snow,1951-12-23T00:00:00.0000000-07:00,0.000000,,,0,,NOAA,2013-03-29T15:47:48.0770000-06:00,in
37,USC00051772,Snow,1951-12-24T00:00:00.0000000-07:00,0.000000,,,0,,NOAA,2013-03-29T15:47:48.0770000-06:00,in
37,USC00051772,Snow,1951-12-25T00:00:00.0000000-07:00,0.000000,,,0,,NOAA,2013-03-29T15:47:48.0770000-06:00,in
37,USC00051772,Snow,1951-12-26T00:00:00.0000000-07:00,0.000000,,,0,,NOAA,2013-03-29T15:47:48.0770000-06:00,in
37,USC00051772,Snow,1951-12-27T00:00:00.0000000-07:00,0.000000,,,0,,NOAA,2013-03-29T15:47:48.0770000-06:00,in
37,USC00051772,Snow,1951-12-28T00:00:00.0000000-07:00,0.000000,,,0,,NOAA,2013-03-29T15:47:48.0770000-06:00,in
37,USC00051772,Snow,1951-12-29T00:00:00.0000000-07:00,2.007874,,,0,,NOAA,2013-03-29T15:47:48.0770000-06:00,in
37,USC00051772,Snow,1951-12-30T00:00:00.0000000-07:00,0.000000,,,0,,NOAA,2013-03-29T15:47:48.0770000-06:00,in
37,USC00051772,Snow,1951-12-31T00:00:00.0000000-07:00,2.007874,,,0,,NOAA,2013-03-29T15:47:48.0770000-06:00,in
37,USC00051772,Snow,1952-01-01T00:00:00.0000000-07:00,0.000000,,,0,,NOAA,2013-03-29T15:47:48.0770000-06:00,in
37,USC00051772,Snow,1952-01-02T00:00:00.0000000-07:00,0.000000,,,0,,NOAA,2013-03-29T15:47:48.0770000-06:00,in
37,USC00051772,Snow,1952-01-03T00:00:00.0000000-07:00,0.000000,,,0,,NOAA,2013-03-29T15:47:48.0770000-06:00,in
37,USC00051772,Snow,1952-01-04T00:00:00.0000000-07:00,0.000000,,,0,,NOAA,2013-03-29T15:47:48.0770000-06:00,in
37,USC00051772,Snow,1952-01-05T00:00:00.0000000-07:00,0.511811,,,0,,NOAA,2013-03-29T15:47:48.0770000-06:00,in
37,USC00051772,Snow,1952-01-06T00:00:00.0000000-07:00,0.000000,,,0,,NOAA,2013-03-29T15:47:48.0770000-06:00,in
37,USC00051772,Snow,1952-01-07T00:00:00.0000000-07:00,2.007874,,,0,,NOAA,2013-03-29T15:47:48.0770000-06:00,in
37,USC00051772,Snow,1952-01-08T00:00:00.0000000-07:00,0.984252,,,0,,NOAA,2013-03-29T15:47:48.0770000-06:00,in
37,USC00051772,Snow,1952-01-09T00:00:00.0000000-07:00,0.000000,,,0,,NOAA,2013-03-29T15:47:48.0770000-06:00,in
37,USC00051772,Snow,1952-01-10T00:00:00.0000000-07:00,0.000000,,,0,,NOAA,2013-03-29T15:47:48.0770000-06:00,in
37,USC00051772,Snow,1952-01-11T00:00:00.0000000-07:00,0.000000,,,0,,NOAA,2013-03-29T15:47:48.0770000-06:00,in
37,USC00051772,Snow,1952-01-12T00:00:00.0000000-07:00,0.000000,,,0,,NOAA,2013-03-29T15:47:48.0770000-06:00,in
37,USC00051772,Snow,1952-01-13T00:00:00.0000000-07:00,0.000000,,,0,,NOAA,2013-03-29T15:47:48.0770000-06:00,in
37,USC00051772,Snow,1952-01-14T00:00:00.0000000-07:00,0.984252,,,0,,NOAA,2013-03-29T15:47:48.0770000-06:00,in
37,USC00051772,Snow,1952-01-15T00:00:00.0000000-07:00,0.000000,,,0,,NOAA,2013-03-29T15:47:48.0770000-06:00,in
37,USC00051772,Snow,1952-01-16T00:00:00.0000000-07:00,0.000000,T,,0,,NOAA,2013-03-29T15:47:48.0770000-06:00,in
37,USC00051772,Snow,1952-01-17T00:00:00.0000000-07:00,0.000000,,,0,,NOAA,2013-03-29T15:47:48.0770000-06:00,in
37,USC00051772,Snow,1952-01-18T00:00:00.0000000-07:00,2.007874,,,0,,NOAA,2013-03-29T15:47:48.0770000-06:00,in
37,USC00051772,Snow,1952-01-19T00:00:00.0000000-07:00,0.511811,,,0,,NOAA,2013-03-29T15:47:48.0770000-06:00,in
37,USC00051772,Snow,1952-01-20T00:00:00.0000000-07:00,0.000000,,,0,,NOAA,2013-03-29T15:47:48.0770000-06:00,in
37,USC00051772,Snow,1952-01-21T00:00:00.0000000-07:00,0.000000,T,,0,,NOAA,2013-03-29T15:47:48.0770000-06:00,in
37,USC00051772,Snow,1952-01-22T00:00:00.0000000-07:00,0.000000,,,0,,NOAA,2013-03-29T15:47:48.0770000-06:00,in
37,USC00051772,Snow,1952-01-23T00:00:00.0000000-07:00,0.000000,,,0,,NOAA,2013-03-29T15:47:48.0770000-06:00,in
37,USC00051772,Snow,1952-01-24T00:00:00.0000000-07:00,0.000000,,,0,,NOAA,2013-03-29T15:47:48.0770000-06:00,in
37,USC00051772,Snow,1952-01-25T00:00:00.0000000-07:00,5.000000,,,0,,NOAA,2013-03-29T15:47:48.0770000-06:00,in
37,USC00051772,Snow,1952-01-26T00:00:00.0000000-07:00,0.000000,,,0,,NOAA,2013-03-29T15:47:48.0770000-06:00,in
37,USC00051772,Snow,1952-01-27T00:00:00.0000000-07:00,0.000000,,,0,,NOAA,2013-03-29T15:47:48.0770000-06:00,in
37,USC00051772,Snow,1952-01-28T00:00:00.0000000-07:00,0.000000,,,0,,NOAA,2013-03-29T15:47:48.0770000-06:00,in
37,USC00051772,Snow,1952-01-29T00:00:00.0000000-07:00,0.000000,,,0,,NOAA,2013-03-29T15:47:48.0770000-06:00,in
37,USC00051772,Snow,1952-01-30T00:00:00.0000000-07:00,0.000000,,,0,,NOAA,2013-03-29T15:47:48.0770000-06:00,in
37,USC00051772,Snow,1952-01-31T00:00:00.0000000-07:00,0.000000,,,0,,NOAA,2013-03-29T15:47:48.0770000-06:00,in
37,USC00051772,Snow,1952-02-01T00:00:00.0000000-07:00,0.000000,,,0,,NOAA,2013-03-29T15:47:48.0770000-06:00,in
37,USC00051772,Snow,1952-02-02T00:00:00.0000000-07:00,0.000000,T,,0,,NOAA,2013-03-29T15:47:48.0770000-06:00,in
37,USC00051772,Snow,1952-02-03T00:00:00.0000000-07:00,0.000000,,,0,,NOAA,2013-03-29T15:47:48.0770000-06:00,in
37,USC00051772,Snow,1952-02-04T00:00:00.0000000-07:00,0.000000,,,0,,NOAA,2013-03-29T15:47:48.0770000-06:00,in
37,USC00051772,Snow,1952-02-05T00:00:00.0000000-07:00,0.000000,,,0,,NOAA,2013-03-29T15:47:48.0770000-06:00,in
37,USC00051772,Snow,1952-02-06T00:00:00.0000000-07:00,0.000000,,,0,,NOAA,2013-03-29T15:47:48.0770000-06:00,in
37,USC00051772,Snow,1952-02-07T00:00:00.0000000-07:00,0.000000,,,0,,NOAA,2013-03-29T15:47:48.0770000-06:00,in
37,USC00051772,Snow,1952-02-08T00:00:00.0000000-07:00,0.000000,,,0,,NOAA,2013-03-29T15:47:48.0770000-06:00,in
37,USC00051772,Snow,1952-02-09T00:00:00.0000000-07:00,0.000000,,,0,,NOAA,2013-03-29T15:47:48.0770000-06:00,in
37,USC00051772,Snow,1952-02-10T00:00:00.0000000-07:00,0.000000,,,0,,NOAA,2013-03-29T15:47:48.0770000-06:00,in
37,USC00051772,Snow,1952-02-11T00:00:00.0000000-07:00,0.000000,,,0,,NOAA,2013-03-29T15:47:48.0770000-06:00,in
37,USC00051772,Snow,1952-02-12T00:00:00.0000000-07:00,0.000000,T,,0,,NOAA,2013-03-29T15:47:48.0770000-06:00,in
37,USC00051772,Snow,1952-02-13T00:00:00.0000000-07:00,0.984252,,,0,,NOAA,2013-03-29T15:47:48.0770000-06:00,in
37,USC00051772,Snow,1952-02-14T00:00:00.0000000-07:00,0.000000,,,0,,NOAA,2013-03-29T15:47:48.0770000-06:00,in
37,USC00051772,Snow,1952-02-15T00:00:00.0000000-07:00,0.000000,,,0,,NOAA,2013-03-29T15:47:48.0770000-06:00,in
37,USC00051772,Snow,1952-02-16T00:00:00.0000000-07:00,0.000000,,,0,,NOAA,2013-03-29T15:47:48.0770000-06:00,in
37,USC00051772,Snow,1952-02-17T00:00:00.0000000-07:00,0.000000,,,0,,NOAA,2013-03-29T15:47:48.0770000-06:00,in
37,USC00051772,Snow,1952-02-18T00:00:00.0000000-07:00,2.992126,,,0,,NOAA,2013-03-29T15:47:48.0770000-06:00,in
37,USC00051772,Snow,1952-02-19T00:00:00.0000000-07:00,0.000000,,,0,,NOAA,2013-03-29T15:47:48.0770000-06:00,in
37,USC00051772,Snow,1952-02-20T00:00:00.0000000-07:00,0.000000,,,0,,NOAA,2013-03-29T15:47:48.0770000-06:00,in
37,USC00051772,Snow,1952-02-21T00:00:00.0000000-07:00,1.496063,,,0,,NOAA,2013-03-29T15:47:48.0770000-06:00,in
37,USC00051772,Snow,1952-02-22T00:00:00.0000000-07:00,1.496063,,,0,,NOAA,2013-03-29T15:47:48.0770000-06:00,in
37,USC00051772,Snow,1952-02-23T00:00:00.0000000-07:00,0.984252,,,0,,NOAA,2013-03-29T15:47:48.0770000-06:00,in
37,USC00051772,Snow,1952-02-24T00:00:00.0000000-07:00,0.000000,T,,0,,NOAA,2013-03-29T15:47:48.0770000-06:00,in
37,USC00051772,Snow,1952-02-25T00:00:00.0000000-07:00,0.000000,,,0,,NOAA,2013-03-29T15:47:48.0770000-06:00,in
37,USC00051772,Snow,1952-02-26T00:00:00.0000000-07:00,0.000000,,,0,,NOAA,2013-03-29T15:47:48.0770000-06:00,in
37,USC00051772,Snow,1952-02-27T00:00:00.0000000-07:00,0.000000,,,0,,NOAA,2013-03-29T15:47:48.0770000-06:00,in
37,USC00051772,Snow,1952-02-28T00:00:00.0000000-07:00,0.000000,,,0,,NOAA,2013-03-29T15:47:48.0770000-06:00,in
37,USC00051772,Snow,1952-02-29T00:00:00.0000000-07:00,0.000000,T,,0,,NOAA,2013-03-29T15:47:48.0770000-06:00,in
37,USC00051772,Snow,1952-03-01T00:00:00.0000000-07:00,0.984252,,,0,,NOAA,2013-03-29T15:47:48.0770000-06:00,in
37,USC00051772,Snow,1952-03-02T00:00:00.0000000-07:00,0.000000,T,,0,,NOAA,2013-03-29T15:47:48.0770000-06:00,in
37,USC00051772,Snow,1952-03-03T00:00:00.0000000-07:00,0.000000,T,,0,,NOAA,2013-03-29T15:47:48.0770000-06:00,in
37,USC00051772,Snow,1952-03-04T00:00:00.0000000-07:00,0.984252,,,0,,NOAA,2013-03-29T15:47:48.0770000-06:00,in
37,USC00051772,Snow,1952-03-05T00:00:00.0000000-07:00,0.000000,T,,0,,NOAA,2013-03-29T15:47:48.0770000-06:00,in
37,USC00051772,Snow,1952-03-06T00:00:00.0000000-07:00,2.007874,,,0,,NOAA,2013-03-29T15:47:48.0770000-06:00,in
37,USC00051772,Snow,1952-03-07T00:00:00.0000000-07:00,0.000000,,,0,,NOAA,2013-03-29T15:47:48.0770000-06:00,in
37,USC00051772,Snow,1952-03-08T00:00:00.0000000-07:00,0.000000,,,0,,NOAA,2013-03-29T15:47:48.0770000-06:00,in
37,USC00051772,Snow,1952-03-09T00:00:00.0000000-07:00,0.000000,,,0,,NOAA,2013-03-29T15:47:48.0770000-06:00,in
37,USC00051772,Snow,1952-03-10T00:00:00.0000000-07:00,0.000000,,,0,,NOAA,2013-03-29T15:47:48.0770000-06:00,in
37,USC00051772,Snow,1952-03-11T00:00:00.0000000-07:00,0.000000,T,,0,,NOAA,2013-03-29T15:47:48.0770000-06:00,in
37,USC00051772,Snow,1952-03-12T00:00:00.0000000-07:00,1.496063,,,0,,NOAA,2013-03-29T15:47:48.0770000-06:00,in
37,USC00051772,Snow,1952-03-13T00:00:00.0000000-07:00,0.000000,,,0,,NOAA,2013-03-29T15:47:48.0770000-06:00,in
37,USC00051772,Snow,1952-03-14T00:00:00.0000000-07:00,0.000000,,,0,,NOAA,2013-03-29T15:47:48.0770000-06:00,in
37,USC00051772,Snow,1952-03-15T00:00:00.0000000-07:00,0.000000,,,0,,NOAA,2013-03-29T15:47:48.0770000-06:00,in
37,USC00051772,Snow,1952-03-16T00:00:00.0000000-07:00,0.000000,,,0,,NOAA,2013-03-29T15:47:48.0770000-06:00,in
37,USC00051772,Snow,1952-03-17T00:00:00.0000000-07:00,0.984252,,,0,,NOAA,2013-03-29T15:47:48.0770000-06:00,in
37,USC00051772,Snow,1952-03-18T00:00:00.0000000-07:00,0.000000,,,0,,NOAA,2013-03-29T15:47:48.0770000-06:00,in
37,USC00051772,Snow,1952-03-19T00:00:00.0000000-07:00,0.000000,T,,0,,NOAA,2013-03-29T15:47:48.0770000-06:00,in
37,USC00051772,Snow,1952-03-20T00:00:00.0000000-07:00,2.007874,,,0,,NOAA,2013-03-29T15:47:48.0770000-06:00,in
37,USC00051772,Snow,1952-03-21T00:00:00.0000000-07:00,2.007874,,,0,,NOAA,2013-03-29T15:47:48.0770000-06:00,in
37,USC00051772,Snow,1952-03-22T00:00:00.0000000-07:00,0.000000,,,0,,NOAA,2013-03-29T15:47:48.0770000-06:00,in
37,USC00051772,Snow,1952-03-23T00:00:00.0000000-07:00,0.000000,,,0,,NOAA,2013-03-29T15:47:48.0770000-06:00,in
37,USC00051772,Snow,1952-03-24T00:00:00.0000000-07:00,2.007874,,,0,,NOAA,2013-03-29T15:47:48.0770000-06:00,in
37,USC00051772,Snow,1952-03-25T00:00:00.0000000-07:00,0.000000,,,0,,NOAA,2013-03-29T15:47:48.0770000-06:00,in
37,USC00051772,Snow,1952-03-26T00:00:00.0000000-07:00,0.000000,T,,0,,NOAA,2013-03-29T15:47:48.0770000-06:00,in
37,USC00051772,Snow,1952-03-27T00:00:00.0000000-07:00,0.000000,,,0,,NOAA,2013-03-29T15:47:48.0770000-06:00,in
37,USC00051772,Snow,1952-03-28T00:00:00.0000000-07:00,0.000000,,,0,,NOAA,2013-03-29T15:47:48.0770000-06:00,in
37,USC00051772,Snow,1952-03-29T00:00:00.0000000-07:00,0.000000,,,0,,NOAA,2013-03-29T15:47:48.0770000-06:00,in
37,USC00051772,Snow,1952-03-30T00:00:00.0000000-07:00,0.000000,,,0,,NOAA,2013-03-29T15:47:48.0770000-06:00,in
37,USC00051772,Snow,1952-03-31T00:00:00.0000000-07:00,0.000000,,,0,,NOAA,2013-03-29T15:47:48.0770000-06:00,in
37,USC00051772,Snow,1952-04-01T00:00:00.0000000-07:00,0.000000,,,0,,NOAA,2013-03-29T15:47:48.0770000-06:00,in
37,USC00051772,Snow,1952-04-02T00:00:00.0000000-07:00,0.000000,,,0,,NOAA,2013-03-29T15:47:48.0770000-06:00,in
37,USC00051772,Snow,1952-04-03T00:00:00.0000000-07:00,0.000000,,,0,,NOAA,2013-03-29T15:47:48.0770000-06:00,in
37,USC00051772,Snow,1952-04-04T00:00:00.0000000-07:00,0.000000,,,0,,NOAA,2013-03-29T15:47:48.0770000-06:00,in
37,USC00051772,Snow,1952-04-05T00:00:00.0000000-07:00,0.000000,,,0,,NOAA,2013-03-29T15:47:48.0770000-06:00,in
37,USC00051772,Snow,1952-04-06T00:00:00.0000000-07:00,0.000000,,,0,,NOAA,2013-03-29T15:47:48.0770000-06:00,in
37,USC00051772,Snow,1952-04-07T00:00:00.0000000-06:00,0.000000,,,0,,NOAA,2013-03-29T15:47:48.0770000-06:00,in
37,USC00051772,Snow,1952-04-08T00:00:00.0000000-06:00,0.000000,,,0,,NOAA,2013-03-29T15:47:48.0770000-06:00,in
37,USC00051772,Snow,1952-04-09T00:00:00.0000000-06:00,0.000000,,,0,,NOAA,2013-03-29T15:47:48.0770000-06:00,in
37,USC00051772,Snow,1952-04-10T00:00:00.0000000-06:00,0.000000,,,0,,NOAA,2013-03-29T15:47:48.0770000-06:00,in
37,USC00051772,Snow,1952-04-11T00:00:00.0000000-06:00,0.000000,,,0,,NOAA,2013-03-29T15:47:48.0770000-06:00,in
37,USC00051772,Snow,1952-04-12T00:00:00.0000000-06:00,0.000000,,,0,,NOAA,2013-03-29T15:47:48.0770000-06:00,in
37,USC00051772,Snow,1952-04-13T00:00:00.0000000-06:00,0.000000,,,0,,NOAA,2013-03-29T15:47:48.0770000-06:00,in
37,USC00051772,Snow,1952-04-14T00:00:00.0000000-06:00,0.000000,,,0,,NOAA,2013-03-29T15:47:48.0770000-06:00,in
37,USC00051772,Snow,1952-04-15T00:00:00.0000000-06:00,0.000000,,,0,,NOAA,2013-03-29T15:47:48.0770000-06:00,in
37,USC00051772,Snow,1952-04-16T00:00:00.0000000-06:00,0.000000,,,0,,NOAA,2013-03-29T15:47:48.0770000-06:00,in
37,USC00051772,Snow,1952-04-17T00:00:00.0000000-06:00,0.000000,,,0,,NOAA,2013-03-29T15:47:48.0770000-06:00,in
37,USC00051772,Snow,1952-04-18T00:00:00.0000000-06:00,0.000000,,,0,,NOAA,2013-03-29T15:47:48.0770000-06:00,in
37,USC00051772,Snow,1952-04-19T00:00:00.0000000-06:00,0.000000,,,0,,NOAA,2013-03-29T15:47:48.0770000-06:00,in
37,USC00051772,Snow,1952-04-20T00:00:00.0000000-06:00,0.000000,,,0,,NOAA,2013-03-29T15:47:48.0770000-06:00,in
37,USC00051772,Snow,1952-04-21T00:00:00.0000000-06:00,0.000000,,,0,,NOAA,2013-03-29T15:47:48.0770000-06:00,in
37,USC00051772,Snow,1952-04-22T00:00:00.0000000-06:00,0.000000,,,0,,NOAA,2013-03-29T15:47:48.0770000-06:00,in
37,USC00051772,Snow,1952-04-23T00:00:00.0000000-06:00,0.000000,,,0,,NOAA,2013-03-29T15:47:48.0770000-06:00,in
37,USC00051772,Snow,1952-04-24T00:00:00.0000000-06:00,0.000000,,,0,,NOAA,2013-03-29T15:47:48.0770000-06:00,in
37,USC00051772,Snow,1952-04-25T00:00:00.0000000-06:00,0.000000,,,0,,NOAA,2013-03-29T15:47:48.0770000-06:00,in
37,USC00051772,Snow,1952-04-26T00:00:00.0000000-06:00,0.000000,,,0,,NOAA,2013-03-29T15:47:48.0770000-06:00,in
37,USC00051772,Snow,1952-04-27T00:00:00.0000000-06:00,0.000000,,,0,,NOAA,2013-03-29T15:47:48.0770000-06:00,in
37,USC00051772,Snow,1952-04-28T00:00:00.0000000-06:00,0.000000,,,0,,NOAA,2013-03-29T15:47:48.0770000-06:00,in
37,USC00051772,Snow,1952-04-29T00:00:00.0000000-06:00,0.000000,,,0,,NOAA,2013-03-29T15:47:48.0770000-06:00,in
37,USC00051772,Snow,1952-04-30T00:00:00.0000000-06:00,0.000000,,,0,,NOAA,2013-03-29T15:47:48.0770000-06:00,in
37,USC00051772,Snow,1952-05-01T00:00:00.0000000-06:00,0.000000,,,0,,NOAA,2013-03-29T15:47:48.0770000-06:00,in
37,USC00051772,Snow,1952-05-02T00:00:00.0000000-06:00,0.000000,,,0,,NOAA,2013-03-29T15:47:48.0770000-06:00,in
37,USC00051772,Snow,1952-05-03T00:00:00.0000000-06:00,0.000000,,,0,,NOAA,2013-03-29T15:47:48.0770000-06:00,in
37,USC00051772,Snow,1952-05-04T00:00:00.0000000-06:00,0.000000,,,0,,NOAA,2013-03-29T15:47:48.0770000-06:00,in
37,USC00051772,Snow,1952-05-05T00:00:00.0000000-06:00,0.000000,,,0,,NOAA,2013-03-29T15:47:48.0770000-06:00,in
37,USC00051772,Snow,1952-05-06T00:00:00.0000000-06:00,0.000000,,,0,,NOAA,2013-03-29T15:47:48.0770000-06:00,in
37,USC00051772,Snow,1952-05-07T00:00:00.0000000-06:00,0.000000,,,0,,NOAA,2013-03-29T15:47:48.0770000-06:00,in
37,USC00051772,Snow,1952-05-08T00:00:00.0000000-06:00,0.000000,,,0,,NOAA,2013-03-29T15:47:48.0770000-06:00,in
37,USC00051772,Snow,1952-05-09T00:00:00.0000000-06:00,0.000000,,,0,,NOAA,2013-03-29T15:47:48.0770000-06:00,in
37,USC00051772,Snow,1952-05-10T00:00:00.0000000-06:00,0.000000,,,0,,NOAA,2013-03-29T15:47:48.0770000-06:00,in
37,USC00051772,Snow,1952-05-11T00:00:00.0000000-06:00,0.000000,,,0,,NOAA,2013-03-29T15:47:48.0770000-06:00,in
37,USC00051772,Snow,1952-05-12T00:00:00.0000000-06:00,0.000000,,,0,,NOAA,2013-03-29T15:47:48.0770000-06:00,in
37,USC00051772,Snow,1952-05-13T00:00:00.0000000-06:00,0.000000,,,0,,NOAA,2013-03-29T15:47:48.0770000-06:00,in
37,USC00051772,Snow,1952-05-14T00:00:00.0000000-06:00,0.000000,,,0,,NOAA,2013-03-29T15:47:48.0770000-06:00,in
37,USC00051772,Snow,1952-05-15T00:00:00.0000000-06:00,0.000000,,,0,,NOAA,2013-03-29T15:47:48.0770000-06:00,in
37,USC00051772,Snow,1952-05-16T00:00:00.0000000-06:00,0.000000,,,0,,NOAA,2013-03-29T15:47:48.0770000-06:00,in
37,USC00051772,Snow,1952-05-17T00:00:00.0000000-06:00,0.000000,,,0,,NOAA,2013-03-29T15:47:48.0770000-06:00,in
37,USC00051772,Snow,1952-05-18T00:00:00.0000000-06:00,0.000000,,,0,,NOAA,2013-03-29T15:47:48.0770000-06:00,in
37,USC00051772,Snow,1952-05-19T00:00:00.0000000-06:00,0.000000,,,0,,NOAA,2013-03-29T15:47:48.0770000-06:00,in
37,USC00051772,Snow,1952-05-20T00:00:00.0000000-06:00,0.000000,,,0,,NOAA,2013-03-29T15:47:48.0770000-06:00,in
37,USC00051772,Snow,1952-05-21T00:00:00.0000000-06:00,0.000000,,,0,,NOAA,2013-03-29T15:47:48.0770000-06:00,in
37,USC00051772,Snow,1952-05-22T00:00:00.0000000-06:00,0.000000,,,0,,NOAA,2013-03-29T15:47:48.0770000-06:00,in
37,USC00051772,Snow,1952-05-23T00:00:00.0000000-06:00,0.000000,,,0,,NOAA,2013-03-29T15:47:48.0770000-06:00,in
37,USC00051772,Snow,1952-05-24T00:00:00.0000000-06:00,0.000000,,,0,,NOAA,2013-03-29T15:47:48.0770000-06:00,in
37,USC00051772,Snow,1952-05-25T00:00:00.0000000-06:00,0.000000,,,0,,NOAA,2013-03-29T15:47:48.0770000-06:00,in
37,USC00051772,Snow,1952-05-26T00:00:00.0000000-06:00,0.000000,,,0,,NOAA,2013-03-29T15:47:48.0770000-06:00,in
37,USC00051772,Snow,1952-05-27T00:00:00.0000000-06:00,0.000000,,,0,,NOAA,2013-03-29T15:47:48.0770000-06:00,in
37,USC00051772,Snow,1952-05-28T00:00:00.0000000-06:00,0.000000,,,0,,NOAA,2013-03-29T15:47:48.0770000-06:00,in
37,USC00051772,Snow,1952-05-29T00:00:00.0000000-06:00,0.000000,,,0,,NOAA,2013-03-29T15:47:48.0770000-06:00,in
37,USC00051772,Snow,1952-05-30T00:00:00.0000000-06:00,0.000000,,,0,,NOAA,2013-03-29T15:47:48.0770000-06:00,in
37,USC00051772,Snow,1952-05-31T00:00:00.0000000-06:00,0.000000,,,0,,NOAA,2013-03-29T15:47:48.0770000-06:00,in
37,USC00051772,Snow,1952-06-01T00:00:00.0000000-06:00,0.000000,,,0,,NOAA,2013-03-29T15:47:48.0770000-06:00,in
37,USC00051772,Snow,1952-06-02T00:00:00.0000000-06:00,0.000000,,,0,,NOAA,2013-03-29T15:47:48.0770000-06:00,in
37,USC00051772,Snow,1952-06-03T00:00:00.0000000-06:00,0.000000,,,0,,NOAA,2013-03-29T15:47:48.0770000-06:00,in
37,USC00051772,Snow,1952-06-04T00:00:00.0000000-06:00,0.000000,,,0,,NOAA,2013-03-29T15:47:48.0770000-06:00,in
37,USC00051772,Snow,1952-06-05T00:00:00.0000000-06:00,0.000000,,,0,,NOAA,2013-03-29T15:47:48.0770000-06:00,in
37,USC00051772,Snow,1952-06-06T00:00:00.0000000-06:00,0.000000,,,0,,NOAA,2013-03-29T15:47:48.0770000-06:00,in
37,USC00051772,Snow,1952-06-07T00:00:00.0000000-06:00,0.000000,,,0,,NOAA,2013-03-29T15:47:48.0770000-06:00,in
37,USC00051772,Snow,1952-06-08T00:00:00.0000000-06:00,0.000000,,,0,,NOAA,2013-03-29T15:47:48.0770000-06:00,in
37,USC00051772,Snow,1952-06-09T00:00:00.0000000-06:00,0.000000,,,0,,NOAA,2013-03-29T15:47:48.0770000-06:00,in
37,USC00051772,Snow,1952-06-10T00:00:00.0000000-06:00,0.000000,,,0,,NOAA,2013-03-29T15:47:48.0770000-06:00,in
37,USC00051772,Snow,1952-06-11T00:00:00.0000000-06:00,0.000000,,,0,,NOAA,2013-03-29T15:47:48.0770000-06:00,in
37,USC00051772,Snow,1952-06-12T00:00:00.0000000-06:00,0.000000,,,0,,NOAA,2013-03-29T15:47:48.0770000-06:00,in
37,USC00051772,Snow,1952-06-13T00:00:00.0000000-06:00,0.000000,,,0,,NOAA,2013-03-29T15:47:48.0770000-06:00,in
37,USC00051772,Snow,1952-06-14T00:00:00.0000000-06:00,0.000000,,,0,,NOAA,2013-03-29T15:47:48.0770000-06:00,in
37,USC00051772,Snow,1952-06-15T00:00:00.0000000-06:00,0.000000,,,0,,NOAA,2013-03-29T15:47:48.0770000-06:00,in
37,USC00051772,Snow,1952-06-16T00:00:00.0000000-06:00,0.000000,,,0,,NOAA,2013-03-29T15:47:48.0770000-06:00,in
37,USC00051772,Snow,1952-06-17T00:00:00.0000000-06:00,0.000000,,,0,,NOAA,2013-03-29T15:47:48.0770000-06:00,in
37,USC00051772,Snow,1952-06-18T00:00:00.0000000-06:00,0.000000,,,0,,NOAA,2013-03-29T15:47:48.0770000-06:00,in
37,USC00051772,Snow,1952-06-19T00:00:00.0000000-06:00,0.000000,,,0,,NOAA,2013-03-29T15:47:48.0770000-06:00,in
37,USC00051772,Snow,1952-06-20T00:00:00.0000000-06:00,0.000000,,,0,,NOAA,2013-03-29T15:47:48.0770000-06:00,in
37,USC00051772,Snow,1952-06-21T00:00:00.0000000-06:00,0.000000,,,0,,NOAA,2013-03-29T15:47:48.0770000-06:00,in
37,USC00051772,Snow,1952-06-22T00:00:00.0000000-06:00,0.000000,,,0,,NOAA,2013-03-29T15:47:48.0770000-06:00,in
37,USC00051772,Snow,1952-06-23T00:00:00.0000000-06:00,0.000000,,,0,,NOAA,2013-03-29T15:47:48.0770000-06:00,in
37,USC00051772,Snow,1952-06-24T00:00:00.0000000-06:00,0.000000,,,0,,NOAA,2013-03-29T15:47:48.0770000-06:00,in
37,USC00051772,Snow,1952-06-25T00:00:00.0000000-06:00,0.000000,,,0,,NOAA,2013-03-29T15:47:48.0770000-06:00,in
37,USC00051772,Snow,1952-06-26T00:00:00.0000000-06:00,0.000000,,,0,,NOAA,2013-03-29T15:47:48.0770000-06:00,in
37,USC00051772,Snow,1952-06-27T00:00:00.0000000-06:00,0.000000,,,0,,NOAA,2013-03-29T15:47:48.0770000-06:00,in
37,USC00051772,Snow,1952-06-28T00:00:00.0000000-06:00,0.000000,,,0,,NOAA,2013-03-29T15:47:48.0770000-06:00,in
37,USC00051772,Snow,1952-06-29T00:00:00.0000000-06:00,0.000000,,,0,,NOAA,2013-03-29T15:47:48.0770000-06:00,in
37,USC00051772,Snow,1952-06-30T00:00:00.0000000-06:00,0.000000,,,0,,NOAA,2013-03-29T15:47:48.0770000-06:00,in
37,USC00051772,Snow,1952-07-01T00:00:00.0000000-06:00,0.000000,,,0,,NOAA,2013-03-29T15:47:48.0770000-06:00,in
37,USC00051772,Snow,1952-07-02T00:00:00.0000000-06:00,0.000000,,,0,,NOAA,2013-03-29T15:47:48.0770000-06:00,in
37,USC00051772,Snow,1952-07-03T00:00:00.0000000-06:00,0.000000,,,0,,NOAA,2013-03-29T15:47:48.0770000-06:00,in
37,USC00051772,Snow,1952-07-04T00:00:00.0000000-06:00,0.000000,,,0,,NOAA,2013-03-29T15:47:48.0770000-06:00,in
37,USC00051772,Snow,1952-07-05T00:00:00.0000000-06:00,0.000000,,,0,,NOAA,2013-03-29T15:47:48.0770000-06:00,in
37,USC00051772,Snow,1952-07-06T00:00:00.0000000-06:00,0.000000,,,0,,NOAA,2013-03-29T15:47:48.0770000-06:00,in
37,USC00051772,Snow,1952-07-07T00:00:00.0000000-06:00,0.000000,,,0,,NOAA,2013-03-29T15:47:48.0770000-06:00,in
37,USC00051772,Snow,1952-07-08T00:00:00.0000000-06:00,0.000000,,,0,,NOAA,2013-03-29T15:47:48.0770000-06:00,in
37,USC00051772,Snow,1952-07-09T00:00:00.0000000-06:00,0.000000,,,0,,NOAA,2013-03-29T15:47:48.0770000-06:00,in
37,USC00051772,Snow,1952-07-10T00:00:00.0000000-06:00,0.000000,,,0,,NOAA,2013-03-29T15:47:48.0770000-06:00,in
37,USC00051772,Snow,1952-07-11T00:00:00.0000000-06:00,0.000000,,,0,,NOAA,2013-03-29T15:47:48.0770000-06:00,in
37,USC00051772,Snow,1952-07-12T00:00:00.0000000-06:00,0.000000,,,0,,NOAA,2013-03-29T15:47:48.0770000-06:00,in
37,USC00051772,Snow,1952-07-13T00:00:00.0000000-06:00,0.000000,,,0,,NOAA,2013-03-29T15:47:48.0770000-06:00,in
37,USC00051772,Snow,1952-07-14T00:00:00.0000000-06:00,0.000000,,,0,,NOAA,2013-03-29T15:47:48.0770000-06:00,in
37,USC00051772,Snow,1952-07-15T00:00:00.0000000-06:00,0.000000,,,0,,NOAA,2013-03-29T15:47:48.0770000-06:00,in
37,USC00051772,Snow,1952-07-16T00:00:00.0000000-06:00,0.000000,,,0,,NOAA,2013-03-29T15:47:48.0770000-06:00,in
37,USC00051772,Snow,1952-07-17T00:00:00.0000000-06:00,0.000000,,,0,,NOAA,2013-03-29T15:47:48.0770000-06:00,in
37,USC00051772,Snow,1952-07-18T00:00:00.0000000-06:00,0.000000,,,0,,NOAA,2013-03-29T15:47:48.0770000-06:00,in
37,USC00051772,Snow,1952-07-19T00:00:00.0000000-06:00,0.000000,,,0,,NOAA,2013-03-29T15:47:48.0770000-06:00,in
37,USC00051772,Snow,1952-07-20T00:00:00.0000000-06:00,0.000000,,,0,,NOAA,2013-03-29T15:47:48.0770000-06:00,in
37,USC00051772,Snow,1952-07-21T00:00:00.0000000-06:00,0.000000,,,0,,NOAA,2013-03-29T15:47:48.0770000-06:00,in
37,USC00051772,Snow,1952-07-22T00:00:00.0000000-06:00,0.000000,,,0,,NOAA,2013-03-29T15:47:48.0770000-06:00,in
37,USC00051772,Snow,1952-07-23T00:00:00.0000000-06:00,0.000000,,,0,,NOAA,2013-03-29T15:47:48.0770000-06:00,in
37,USC00051772,Snow,1952-07-24T00:00:00.0000000-06:00,0.000000,,,0,,NOAA,2013-03-29T15:47:48.0770000-06:00,in
37,USC00051772,Snow,1952-07-25T00:00:00.0000000-06:00,0.000000,,,0,,NOAA,2013-03-29T15:47:48.0770000-06:00,in
37,USC00051772,Snow,1952-07-26T00:00:00.0000000-06:00,0.000000,,,0,,NOAA,2013-03-29T15:47:48.0770000-06:00,in
37,USC00051772,Snow,1952-07-27T00:00:00.0000000-06:00,0.000000,,,0,,NOAA,2013-03-29T15:47:48.0770000-06:00,in
37,USC00051772,Snow,1952-07-28T00:00:00.0000000-06:00,0.000000,,,0,,NOAA,2013-03-29T15:47:48.0770000-06:00,in
37,USC00051772,Snow,1952-07-29T00:00:00.0000000-06:00,0.000000,,,0,,NOAA,2013-03-29T15:47:48.0770000-06:00,in
37,USC00051772,Snow,1952-07-30T00:00:00.0000000-06:00,0.000000,,,0,,NOAA,2013-03-29T15:47:48.0770000-06:00,in
37,USC00051772,Snow,1952-07-31T00:00:00.0000000-06:00,0.000000,,,0,,NOAA,2013-03-29T15:47:48.0770000-06:00,in
37,USC00051772,Snow,1952-08-01T00:00:00.0000000-06:00,0.000000,,,0,,NOAA,2013-03-29T15:47:48.0770000-06:00,in
37,USC00051772,Snow,1952-08-02T00:00:00.0000000-06:00,0.000000,,,0,,NOAA,2013-03-29T15:47:48.0770000-06:00,in
37,USC00051772,Snow,1952-08-03T00:00:00.0000000-06:00,0.000000,,,0,,NOAA,2013-03-29T15:47:48.0770000-06:00,in
37,USC00051772,Snow,1952-08-04T00:00:00.0000000-06:00,0.000000,,,0,,NOAA,2013-03-29T15:47:48.0770000-06:00,in
37,USC00051772,Snow,1952-08-05T00:00:00.0000000-06:00,0.000000,,,0,,NOAA,2013-03-29T15:47:48.0770000-06:00,in
37,USC00051772,Snow,1952-08-06T00:00:00.0000000-06:00,0.000000,,,0,,NOAA,2013-03-29T15:47:48.0770000-06:00,in
37,USC00051772,Snow,1952-08-07T00:00:00.0000000-06:00,0.000000,,,0,,NOAA,2013-03-29T15:47:48.0770000-06:00,in
37,USC00051772,Snow,1952-08-08T00:00:00.0000000-06:00,0.000000,,,0,,NOAA,2013-03-29T15:47:48.0770000-06:00,in
37,USC00051772,Snow,1952-08-09T00:00:00.0000000-06:00,0.000000,,,0,,NOAA,2013-03-29T15:47:48.0770000-06:00,in
37,USC00051772,Snow,1952-08-10T00:00:00.0000000-06:00,0.000000,,,0,,NOAA,2013-03-29T15:47:48.0770000-06:00,in
37,USC00051772,Snow,1952-08-11T00:00:00.0000000-06:00,0.000000,,,0,,NOAA,2013-03-29T15:47:48.0770000-06:00,in
37,USC00051772,Snow,1952-08-12T00:00:00.0000000-06:00,0.000000,,,0,,NOAA,2013-03-29T15:47:48.0770000-06:00,in
37,USC00051772,Snow,1952-08-13T00:00:00.0000000-06:00,0.000000,,,0,,NOAA,2013-03-29T15:47:48.0770000-06:00,in
37,USC00051772,Snow,1952-08-14T00:00:00.0000000-06:00,0.000000,,,0,,NOAA,2013-03-29T15:47:48.0770000-06:00,in
37,USC00051772,Snow,1952-08-15T00:00:00.0000000-06:00,0.000000,,,0,,NOAA,2013-03-29T15:47:48.0770000-06:00,in
37,USC00051772,Snow,1952-08-16T00:00:00.0000000-06:00,0.000000,,,0,,NOAA,2013-03-29T15:47:48.0770000-06:00,in
37,USC00051772,Snow,1952-08-17T00:00:00.0000000-06:00,0.000000,,,0,,NOAA,2013-03-29T15:47:48.0770000-06:00,in
37,USC00051772,Snow,1952-08-18T00:00:00.0000000-06:00,0.000000,,,0,,NOAA,2013-03-29T15:47:48.0770000-06:00,in
37,USC00051772,Snow,1952-08-19T00:00:00.0000000-06:00,0.000000,,,0,,NOAA,2013-03-29T15:47:48.0770000-06:00,in
37,USC00051772,Snow,1952-08-20T00:00:00.0000000-06:00,0.000000,,,0,,NOAA,2013-03-29T15:47:48.0770000-06:00,in
37,USC00051772,Snow,1952-08-21T00:00:00.0000000-06:00,0.000000,,,0,,NOAA,2013-03-29T15:47:48.0770000-06:00,in
37,USC00051772,Snow,1952-08-22T00:00:00.0000000-06:00,0.000000,,,0,,NOAA,2013-03-29T15:47:48.0770000-06:00,in
37,USC00051772,Snow,1952-08-23T00:00:00.0000000-06:00,0.000000,,,0,,NOAA,2013-03-29T15:47:48.0770000-06:00,in
37,USC00051772,Snow,1952-08-24T00:00:00.0000000-06:00,0.000000,,,0,,NOAA,2013-03-29T15:47:48.0770000-06:00,in
37,USC00051772,Snow,1952-08-25T00:00:00.0000000-06:00,0.000000,,,0,,NOAA,2013-03-29T15:47:48.0770000-06:00,in
37,USC00051772,Snow,1952-08-26T00:00:00.0000000-06:00,0.000000,,,0,,NOAA,2013-03-29T15:47:48.0770000-06:00,in
37,USC00051772,Snow,1952-08-27T00:00:00.0000000-06:00,0.000000,,,0,,NOAA,2013-03-29T15:47:48.0770000-06:00,in
37,USC00051772,Snow,1952-08-28T00:00:00.0000000-06:00,0.000000,,,0,,NOAA,2013-03-29T15:47:48.0770000-06:00,in
37,USC00051772,Snow,1952-08-29T00:00:00.0000000-06:00,0.000000,,,0,,NOAA,2013-03-29T15:47:48.0770000-06:00,in
37,USC00051772,Snow,1952-08-30T00:00:00.0000000-06:00,0.000000,,,0,,NOAA,2013-03-29T15:47:48.0770000-06:00,in
37,USC00051772,Snow,1952-08-31T00:00:00.0000000-06:00,0.000000,,,0,,NOAA,2013-03-29T15:47:48.0770000-06:00,in
37,USC00051772,Snow,1952-09-01T00:00:00.0000000-06:00,0.000000,,,0,,NOAA,2013-03-29T15:47:48.0770000-06:00,in
37,USC00051772,Snow,1952-09-02T00:00:00.0000000-06:00,0.000000,,,0,,NOAA,2013-03-29T15:47:48.0770000-06:00,in
37,USC00051772,Snow,1952-09-03T00:00:00.0000000-06:00,0.000000,,,0,,NOAA,2013-03-29T15:47:48.0770000-06:00,in
37,USC00051772,Snow,1952-09-04T00:00:00.0000000-06:00,0.000000,,,0,,NOAA,2013-03-29T15:47:48.0770000-06:00,in
37,USC00051772,Snow,1952-09-05T00:00:00.0000000-06:00,0.000000,,,0,,NOAA,2013-03-29T15:47:48.0770000-06:00,in
37,USC00051772,Snow,1952-09-06T00:00:00.0000000-06:00,0.000000,,,0,,NOAA,2013-03-29T15:47:48.0770000-06:00,in
37,USC00051772,Snow,1952-09-07T00:00:00.0000000-06:00,0.000000,,,0,,NOAA,2013-03-29T15:47:48.0770000-06:00,in
37,USC00051772,Snow,1952-09-08T00:00:00.0000000-06:00,0.000000,,,0,,NOAA,2013-03-29T15:47:48.0770000-06:00,in
37,USC00051772,Snow,1952-09-09T00:00:00.0000000-06:00,0.000000,,,0,,NOAA,2013-03-29T15:47:48.0770000-06:00,in
37,USC00051772,Snow,1952-09-10T00:00:00.0000000-06:00,0.000000,,,0,,NOAA,2013-03-29T15:47:48.0770000-06:00,in
37,USC00051772,Snow,1952-09-11T00:00:00.0000000-06:00,0.000000,,,0,,NOAA,2013-03-29T15:47:48.0770000-06:00,in
37,USC00051772,Snow,1952-09-12T00:00:00.0000000-06:00,0.000000,,,0,,NOAA,2013-03-29T15:47:48.0770000-06:00,in
37,USC00051772,Snow,1952-09-13T00:00:00.0000000-06:00,0.000000,,,0,,NOAA,2013-03-29T15:47:48.0770000-06:00,in
37,USC00051772,Snow,1952-09-14T00:00:00.0000000-06:00,0.000000,,,0,,NOAA,2013-03-29T15:47:48.0770000-06:00,in
37,USC00051772,Snow,1952-09-15T00:00:00.0000000-06:00,0.000000,,,0,,NOAA,2013-03-29T15:47:48.0770000-06:00,in
37,USC00051772,Snow,1952-09-16T00:00:00.0000000-06:00,0.000000,,,0,,NOAA,2013-03-29T15:47:48.0770000-06:00,in
37,USC00051772,Snow,1952-09-17T00:00:00.0000000-06:00,0.000000,T,,0,,NOAA,2013-03-29T15:47:48.0770000-06:00,in
37,USC00051772,Snow,1952-09-18T00:00:00.0000000-06:00,0.000000,,,0,,NOAA,2013-03-29T15:47:48.0770000-06:00,in
37,USC00051772,Snow,1952-09-19T00:00:00.0000000-06:00,0.000000,,,0,,NOAA,2013-03-29T15:47:48.0770000-06:00,in
37,USC00051772,Snow,1952-09-20T00:00:00.0000000-06:00,0.000000,,,0,,NOAA,2013-03-29T15:47:48.0770000-06:00,in
37,USC00051772,Snow,1952-09-21T00:00:00.0000000-06:00,0.000000,,,0,,NOAA,2013-03-29T15:47:48.0770000-06:00,in
37,USC00051772,Snow,1952-09-22T00:00:00.0000000-06:00,0.000000,,,0,,NOAA,2013-03-29T15:47:48.0770000-06:00,in
37,USC00051772,Snow,1952-09-23T00:00:00.0000000-06:00,0.000000,,,0,,NOAA,2013-03-29T15:47:48.0770000-06:00,in
37,USC00051772,Snow,1952-09-24T00:00:00.0000000-06:00,0.000000,,,0,,NOAA,2013-03-29T15:47:48.0770000-06:00,in
37,USC00051772,Snow,1952-09-25T00:00:00.0000000-06:00,0.000000,,,0,,NOAA,2013-03-29T15:47:48.0770000-06:00,in
37,USC00051772,Snow,1952-09-26T00:00:00.0000000-06:00,0.000000,,,0,,NOAA,2013-03-29T15:47:48.0770000-06:00,in
37,USC00051772,Snow,1952-09-27T00:00:00.0000000-06:00,0.000000,,,0,,NOAA,2013-03-29T15:47:48.0770000-06:00,in
37,USC00051772,Snow,1952-09-28T00:00:00.0000000-06:00,0.000000,,,0,,NOAA,2013-03-29T15:47:48.0770000-06:00,in
37,USC00051772,Snow,1952-09-29T00:00:00.0000000-06:00,0.000000,,,0,,NOAA,2013-03-29T15:47:48.0770000-06:00,in
37,USC00051772,Snow,1952-09-30T00:00:00.0000000-06:00,0.000000,,,0,,NOAA,2013-03-29T15:47:48.0770000-06:00,in
37,USC00051772,Snow,1952-10-01T00:00:00.0000000-06:00,0.000000,,,0,,NOAA,2013-03-29T15:47:48.0770000-06:00,in
37,USC00051772,Snow,1952-10-02T00:00:00.0000000-06:00,0.000000,,,0,,NOAA,2013-03-29T15:47:48.0770000-06:00,in
37,USC00051772,Snow,1952-10-03T00:00:00.0000000-06:00,0.000000,,,0,,NOAA,2013-03-29T15:47:48.0770000-06:00,in
37,USC00051772,Snow,1952-10-04T00:00:00.0000000-06:00,0.000000,,,0,,NOAA,2013-03-29T15:47:48.0770000-06:00,in
37,USC00051772,Snow,1952-10-05T00:00:00.0000000-06:00,0.000000,,,0,,NOAA,2013-03-29T15:47:48.0770000-06:00,in
37,USC00051772,Snow,1952-10-06T00:00:00.0000000-06:00,0.000000,,,0,,NOAA,2013-03-29T15:47:48.0770000-06:00,in
37,USC00051772,Snow,1952-10-07T00:00:00.0000000-06:00,0.000000,,,0,,NOAA,2013-03-29T15:47:48.0770000-06:00,in
37,USC00051772,Snow,1952-10-08T00:00:00.0000000-06:00,0.000000,,,0,,NOAA,2013-03-29T15:47:48.0770000-06:00,in
37,USC00051772,Snow,1952-10-09T00:00:00.0000000-06:00,0.000000,,,0,,NOAA,2013-03-29T15:47:48.0770000-06:00,in
37,USC00051772,Snow,1952-10-10T00:00:00.0000000-06:00,0.000000,,,0,,NOAA,2013-03-29T15:47:48.0770000-06:00,in
37,USC00051772,Snow,1952-10-11T00:00:00.0000000-06:00,0.000000,,,0,,NOAA,2013-03-29T15:47:48.0770000-06:00,in
37,USC00051772,Snow,1952-10-12T00:00:00.0000000-06:00,0.000000,,,0,,NOAA,2013-03-29T15:47:48.0770000-06:00,in
37,USC00051772,Snow,1952-10-13T00:00:00.0000000-06:00,0.000000,,,0,,NOAA,2013-03-29T15:47:48.0770000-06:00,in
37,USC00051772,Snow,1952-10-14T00:00:00.0000000-06:00,0.000000,,,0,,NOAA,2013-03-29T15:47:48.0770000-06:00,in
37,USC00051772,Snow,1952-10-15T00:00:00.0000000-06:00,0.000000,,,0,,NOAA,2013-03-29T15:47:48.0770000-06:00,in
37,USC00051772,Snow,1952-10-16T00:00:00.0000000-06:00,0.000000,,,0,,NOAA,2013-03-29T15:47:48.0770000-06:00,in
37,USC00051772,Snow,1952-10-17T00:00:00.0000000-06:00,0.000000,,,0,,NOAA,2013-03-29T15:47:48.0770000-06:00,in
37,USC00051772,Snow,1952-10-18T00:00:00.0000000-06:00,0.000000,,,0,,NOAA,2013-03-29T15:47:48.0770000-06:00,in
37,USC00051772,Snow,1952-10-19T00:00:00.0000000-06:00,0.000000,,,0,,NOAA,2013-03-29T15:47:48.0770000-06:00,in
37,USC00051772,Snow,1952-10-20T00:00:00.0000000-06:00,0.000000,,,0,,NOAA,2013-03-29T15:47:48.0770000-06:00,in
37,USC00051772,Snow,1952-10-21T00:00:00.0000000-06:00,0.000000,,,0,,NOAA,2013-03-29T15:47:48.0770000-06:00,in
37,USC00051772,Snow,1952-10-22T00:00:00.0000000-06:00,0.000000,,,0,,NOAA,2013-03-29T15:47:48.0770000-06:00,in
37,USC00051772,Snow,1952-10-23T00:00:00.0000000-06:00,0.000000,,,0,,NOAA,2013-03-29T15:47:48.0770000-06:00,in
37,USC00051772,Snow,1952-10-24T00:00:00.0000000-06:00,0.000000,,,0,,NOAA,2013-03-29T15:47:48.0770000-06:00,in
37,USC00051772,Snow,1952-10-25T00:00:00.0000000-06:00,0.000000,,,0,,NOAA,2013-03-29T15:47:48.0770000-06:00,in
37,USC00051772,Snow,1952-10-26T00:00:00.0000000-06:00,0.000000,,,0,,NOAA,2013-03-29T15:47:48.0770000-06:00,in
37,USC00051772,Snow,1952-10-27T00:00:00.0000000-07:00,0.000000,,,0,,NOAA,2013-03-29T15:47:48.0770000-06:00,in
37,USC00051772,Snow,1952-10-28T00:00:00.0000000-07:00,0.000000,,,0,,NOAA,2013-03-29T15:47:48.0770000-06:00,in
37,USC00051772,Snow,1952-10-29T00:00:00.0000000-07:00,0.000000,,,0,,NOAA,2013-03-29T15:47:48.0770000-06:00,in
37,USC00051772,Snow,1952-10-30T00:00:00.0000000-07:00,0.000000,,,0,,NOAA,2013-03-29T15:47:48.0770000-06:00,in
37,USC00051772,Snow,1952-10-31T00:00:00.0000000-07:00,0.000000,,,0,,NOAA,2013-03-29T15:47:48.0770000-06:00,in
37,USC00051772,Snow,1952-11-01T00:00:00.0000000-07:00,0.000000,,,0,,NOAA,2013-03-29T15:47:48.0770000-06:00,in
37,USC00051772,Snow,1952-11-02T00:00:00.0000000-07:00,0.000000,,,0,,NOAA,2013-03-29T15:47:48.0770000-06:00,in
37,USC00051772,Snow,1952-11-03T00:00:00.0000000-07:00,0.000000,,,0,,NOAA,2013-03-29T15:47:48.0770000-06:00,in
37,USC00051772,Snow,1952-11-04T00:00:00.0000000-07:00,0.000000,,,0,,NOAA,2013-03-29T15:47:48.0770000-06:00,in
37,USC00051772,Snow,1952-11-05T00:00:00.0000000-07:00,0.000000,,,0,,NOAA,2013-03-29T15:47:48.0770000-06:00,in
37,USC00051772,Snow,1952-11-06T00:00:00.0000000-07:00,0.000000,,,0,,NOAA,2013-03-29T15:47:48.0770000-06:00,in
37,USC00051772,Snow,1952-11-07T00:00:00.0000000-07:00,0.000000,,,0,,NOAA,2013-03-29T15:47:48.0770000-06:00,in
37,USC00051772,Snow,1952-11-08T00:00:00.0000000-07:00,0.000000,,,0,,NOAA,2013-03-29T15:47:48.0770000-06:00,in
37,USC00051772,Snow,1952-11-09T00:00:00.0000000-07:00,0.314961,,,0,,NOAA,2013-03-29T15:47:48.0770000-06:00,in
37,USC00051772,Snow,1952-11-10T00:00:00.0000000-07:00,0.000000,,,0,,NOAA,2013-03-29T15:47:48.0770000-06:00,in
37,USC00051772,Snow,1952-11-11T00:00:00.0000000-07:00,0.000000,,,0,,NOAA,2013-03-29T15:47:48.0770000-06:00,in
37,USC00051772,Snow,1952-11-12T00:00:00.0000000-07:00,0.000000,,,0,,NOAA,2013-03-29T15:47:48.0770000-06:00,in
37,USC00051772,Snow,1952-11-13T00:00:00.0000000-07:00,0.000000,,,0,,NOAA,2013-03-29T15:47:48.0770000-06:00,in
37,USC00051772,Snow,1952-11-14T00:00:00.0000000-07:00,0.000000,,,0,,NOAA,2013-03-29T15:47:48.0770000-06:00,in
37,USC00051772,Snow,1952-11-15T00:00:00.0000000-07:00,0.000000,T,,0,,NOAA,2013-03-29T15:47:48.0770000-06:00,in
37,USC00051772,Snow,1952-11-16T00:00:00.0000000-07:00,0.984252,,,0,,NOAA,2013-03-29T15:47:48.0770000-06:00,in
37,USC00051772,Snow,1952-11-17T00:00:00.0000000-07:00,2.086614,,,0,,NOAA,2013-03-29T15:47:48.0770000-06:00,in
37,USC00051772,Snow,1952-11-18T00:00:00.0000000-07:00,0.000000,T,,0,,NOAA,2013-03-29T15:47:48.0770000-06:00,in
37,USC00051772,Snow,1952-11-19T00:00:00.0000000-07:00,0.000000,,,0,,NOAA,2013-03-29T15:47:48.0770000-06:00,in
37,USC00051772,Snow,1952-11-20T00:00:00.0000000-07:00,0.000000,,,0,,NOAA,2013-03-29T15:47:48.0770000-06:00,in
37,USC00051772,Snow,1952-11-21T00:00:00.0000000-07:00,0.000000,,,0,,NOAA,2013-03-29T15:47:48.0770000-06:00,in
37,USC00051772,Snow,1952-11-22T00:00:00.0000000-07:00,3.307087,,,0,,NOAA,2013-03-29T15:47:48.0770000-06:00,in
37,USC00051772,Snow,1952-11-23T00:00:00.0000000-07:00,1.102362,,,0,,NOAA,2013-03-29T15:47:48.0770000-06:00,in
37,USC00051772,Snow,1952-11-24T00:00:00.0000000-07:00,1.496063,,,0,,NOAA,2013-03-29T15:47:48.0770000-06:00,in
37,USC00051772,Snow,1952-11-25T00:00:00.0000000-07:00,0.000000,,,0,,NOAA,2013-03-29T15:47:48.0770000-06:00,in
37,USC00051772,Snow,1952-11-26T00:00:00.0000000-07:00,0.000000,,,0,,NOAA,2013-03-29T15:47:48.0770000-06:00,in
37,USC00051772,Snow,1952-11-27T00:00:00.0000000-07:00,0.000000,,,0,,NOAA,2013-03-29T15:47:48.0770000-06:00,in
37,USC00051772,Snow,1952-11-28T00:00:00.0000000-07:00,0.000000,,,0,,NOAA,2013-03-29T15:47:48.0770000-06:00,in
37,USC00051772,Snow,1952-11-29T00:00:00.0000000-07:00,0.000000,,,0,,NOAA,2013-03-29T15:47:48.0770000-06:00,in
37,USC00051772,Snow,1952-11-30T00:00:00.0000000-07:00,0.000000,,,0,,NOAA,2013-03-29T15:47:48.0770000-06:00,in
37,USC00051772,Snow,1952-12-01T00:00:00.0000000-07:00,0.000000,,,0,,NOAA,2013-03-29T15:47:48.0770000-06:00,in
37,USC00051772,Snow,1952-12-02T00:00:00.0000000-07:00,0.000000,T,,0,,NOAA,2013-03-29T15:47:48.0770000-06:00,in
37,USC00051772,Snow,1952-12-03T00:00:00.0000000-07:00,0.000000,T,,0,,NOAA,2013-03-29T15:47:48.0770000-06:00,in
37,USC00051772,Snow,1952-12-04T00:00:00.0000000-07:00,0.984252,,,0,,NOAA,2013-03-29T15:47:48.0770000-06:00,in
37,USC00051772,Snow,1952-12-05T00:00:00.0000000-07:00,0.000000,,,0,,NOAA,2013-03-29T15:47:48.0770000-06:00,in
37,USC00051772,Snow,1952-12-06T00:00:00.0000000-07:00,0.000000,,,0,,NOAA,2013-03-29T15:47:48.0770000-06:00,in
37,USC00051772,Snow,1952-12-07T00:00:00.0000000-07:00,0.000000,,,0,,NOAA,2013-03-29T15:47:48.0770000-06:00,in
37,USC00051772,Snow,1952-12-08T00:00:00.0000000-07:00,5.000000,,,0,,NOAA,2013-03-29T15:47:48.0770000-06:00,in
37,USC00051772,Snow,1952-12-09T00:00:00.0000000-07:00,0.000000,,,0,,NOAA,2013-03-29T15:47:48.0770000-06:00,in
37,USC00051772,Snow,1952-12-10T00:00:00.0000000-07:00,0.000000,,,0,,NOAA,2013-03-29T15:47:48.0770000-06:00,in
37,USC00051772,Snow,1952-12-11T00:00:00.0000000-07:00,0.000000,,,0,,NOAA,2013-03-29T15:47:48.0770000-06:00,in
37,USC00051772,Snow,1952-12-12T00:00:00.0000000-07:00,0.000000,,,0,,NOAA,2013-03-29T15:47:48.0770000-06:00,in
37,USC00051772,Snow,1952-12-13T00:00:00.0000000-07:00,0.000000,,,0,,NOAA,2013-03-29T15:47:48.0770000-06:00,in
37,USC00051772,Snow,1952-12-14T00:00:00.0000000-07:00,0.000000,,,0,,NOAA,2013-03-29T15:47:48.0770000-06:00,in
37,USC00051772,Snow,1952-12-15T00:00:00.0000000-07:00,0.000000,,,0,,NOAA,2013-03-29T15:47:48.0770000-06:00,in
37,USC00051772,Snow,1952-12-16T00:00:00.0000000-07:00,0.000000,,,0,,NOAA,2013-03-29T15:47:48.0770000-06:00,in
37,USC00051772,Snow,1952-12-17T00:00:00.0000000-07:00,0.000000,,,0,,NOAA,2013-03-29T15:47:48.0770000-06:00,in
37,USC00051772,Snow,1952-12-18T00:00:00.0000000-07:00,0.118110,,,0,,NOAA,2013-03-29T15:47:48.0770000-06:00,in
37,USC00051772,Snow,1952-12-19T00:00:00.0000000-07:00,1.614173,,,0,,NOAA,2013-03-29T15:47:48.0770000-06:00,in
37,USC00051772,Snow,1952-12-20T00:00:00.0000000-07:00,0.000000,,,0,,NOAA,2013-03-29T15:47:48.0770000-06:00,in
37,USC00051772,Snow,1952-12-21T00:00:00.0000000-07:00,0.000000,T,,0,,NOAA,2013-03-29T15:47:48.0770000-06:00,in
37,USC00051772,Snow,1952-12-22T00:00:00.0000000-07:00,0.000000,T,,0,,NOAA,2013-03-29T15:47:48.0770000-06:00,in
37,USC00051772,Snow,1952-12-23T00:00:00.0000000-07:00,0.000000,,,0,,NOAA,2013-03-29T15:47:48.0770000-06:00,in
37,USC00051772,Snow,1952-12-24T00:00:00.0000000-07:00,0.000000,,,0,,NOAA,2013-03-29T15:47:48.0770000-06:00,in
37,USC00051772,Snow,1952-12-25T00:00:00.0000000-07:00,0.000000,,,0,,NOAA,2013-03-29T15:47:48.0770000-06:00,in
37,USC00051772,Snow,1952-12-26T00:00:00.0000000-07:00,0.000000,T,,0,,NOAA,2013-03-29T15:47:48.0770000-06:00,in
37,USC00051772,Snow,1952-12-27T00:00:00.0000000-07:00,0.000000,,,0,,NOAA,2013-03-29T15:47:48.0770000-06:00,in
37,USC00051772,Snow,1952-12-28T00:00:00.0000000-07:00,0.000000,,,0,,NOAA,2013-03-29T15:47:48.0770000-06:00,in
37,USC00051772,Snow,1952-12-29T00:00:00.0000000-07:00,0.000000,,,0,,NOAA,2013-03-29T15:47:48.0770000-06:00,in
37,USC00051772,Snow,1952-12-30T00:00:00.0000000-07:00,0.000000,,,0,,NOAA,2013-03-29T15:47:48.0770000-06:00,in
37,USC00051772,Snow,1952-12-31T00:00:00.0000000-07:00,0.000000,,,0,,NOAA,2013-03-29T15:47:48.0770000-06:00,in
37,USC00051772,Snow,1953-01-01T00:00:00.0000000-07:00,0.000000,,,0,,NOAA,2013-03-29T15:47:48.0770000-06:00,in
37,USC00051772,Snow,1953-01-02T00:00:00.0000000-07:00,0.000000,,,0,,NOAA,2013-03-29T15:47:48.0770000-06:00,in
37,USC00051772,Snow,1953-01-03T00:00:00.0000000-07:00,0.000000,,,0,,NOAA,2013-03-29T15:47:48.0770000-06:00,in
37,USC00051772,Snow,1953-01-04T00:00:00.0000000-07:00,0.000000,,,0,,NOAA,2013-03-29T15:47:48.0770000-06:00,in
37,USC00051772,Snow,1953-01-05T00:00:00.0000000-07:00,0.000000,,,0,,NOAA,2013-03-29T15:47:48.0770000-06:00,in
37,USC00051772,Snow,1953-01-06T00:00:00.0000000-07:00,0.000000,T,,0,,NOAA,2013-03-29T15:47:48.0770000-06:00,in
37,USC00051772,Snow,1953-01-07T00:00:00.0000000-07:00,0.000000,,,0,,NOAA,2013-03-29T15:47:48.0770000-06:00,in
37,USC00051772,Snow,1953-01-08T00:00:00.0000000-07:00,0.984252,,,0,,NOAA,2013-03-29T15:47:48.0770000-06:00,in
37,USC00051772,Snow,1953-01-09T00:00:00.0000000-07:00,0.000000,,,0,,NOAA,2013-03-29T15:47:48.0770000-06:00,in
37,USC00051772,Snow,1953-01-10T00:00:00.0000000-07:00,0.000000,,,0,,NOAA,2013-03-29T15:47:48.0770000-06:00,in
37,USC00051772,Snow,1953-01-11T00:00:00.0000000-07:00,0.000000,,,0,,NOAA,2013-03-29T15:47:48.0770000-06:00,in
37,USC00051772,Snow,1953-01-12T00:00:00.0000000-07:00,0.000000,,,0,,NOAA,2013-03-29T15:47:48.0770000-06:00,in
37,USC00051772,Snow,1953-01-13T00:00:00.0000000-07:00,0.000000,,,0,,NOAA,2013-03-29T15:47:48.0770000-06:00,in
37,USC00051772,Snow,1953-01-14T00:00:00.0000000-07:00,0.984252,,,0,,NOAA,2013-03-29T15:47:48.0770000-06:00,in
37,USC00051772,Snow,1953-01-15T00:00:00.0000000-07:00,0.511811,,,0,,NOAA,2013-03-29T15:47:48.0770000-06:00,in
37,USC00051772,Snow,1953-01-16T00:00:00.0000000-07:00,0.000000,,,0,,NOAA,2013-03-29T15:47:48.0770000-06:00,in
37,USC00051772,Snow,1953-01-17T00:00:00.0000000-07:00,0.000000,,,0,,NOAA,2013-03-29T15:47:48.0770000-06:00,in
37,USC00051772,Snow,1953-01-18T00:00:00.0000000-07:00,1.496063,,,0,,NOAA,2013-03-29T15:47:48.0770000-06:00,in
37,USC00051772,Snow,1953-01-19T00:00:00.0000000-07:00,0.000000,,,0,,NOAA,2013-03-29T15:47:48.0770000-06:00,in
37,USC00051772,Snow,1953-01-20T00:00:00.0000000-07:00,0.000000,,,0,,NOAA,2013-03-29T15:47:48.0770000-06:00,in
37,USC00051772,Snow,1953-01-21T00:00:00.0000000-07:00,2.007874,,,0,,NOAA,2013-03-29T15:47:48.0770000-06:00,in
37,USC00051772,Snow,1953-01-22T00:00:00.0000000-07:00,0.000000,,,0,,NOAA,2013-03-29T15:47:48.0770000-06:00,in
37,USC00051772,Snow,1953-01-23T00:00:00.0000000-07:00,0.000000,,,0,,NOAA,2013-03-29T15:47:48.0770000-06:00,in
37,USC00051772,Snow,1953-01-24T00:00:00.0000000-07:00,0.000000,,,0,,NOAA,2013-03-29T15:47:48.0770000-06:00,in
37,USC00051772,Snow,1953-01-25T00:00:00.0000000-07:00,0.000000,,,0,,NOAA,2013-03-29T15:47:48.0770000-06:00,in
37,USC00051772,Snow,1953-01-26T00:00:00.0000000-07:00,0.000000,,,0,,NOAA,2013-03-29T15:47:48.0770000-06:00,in
37,USC00051772,Snow,1953-01-27T00:00:00.0000000-07:00,0.000000,,,0,,NOAA,2013-03-29T15:47:48.0770000-06:00,in
37,USC00051772,Snow,1953-01-28T00:00:00.0000000-07:00,0.000000,,,0,,NOAA,2013-03-29T15:47:48.0770000-06:00,in
37,USC00051772,Snow,1953-01-29T00:00:00.0000000-07:00,0.000000,,,0,,NOAA,2013-03-29T15:47:48.0770000-06:00,in
37,USC00051772,Snow,1953-01-30T00:00:00.0000000-07:00,0.000000,T,,0,,NOAA,2013-03-29T15:47:48.0770000-06:00,in
37,USC00051772,Snow,1953-01-31T00:00:00.0000000-07:00,0.000000,,,0,,NOAA,2013-03-29T15:47:48.0770000-06:00,in
37,USC00051772,Snow,1953-02-01T00:00:00.0000000-07:00,0.000000,,,0,,NOAA,2013-03-29T15:47:48.0770000-06:00,in
37,USC00051772,Snow,1953-02-02T00:00:00.0000000-07:00,0.000000,,,0,,NOAA,2013-03-29T15:47:48.0770000-06:00,in
37,USC00051772,Snow,1953-02-03T00:00:00.0000000-07:00,0.000000,,,0,,NOAA,2013-03-29T15:47:48.0770000-06:00,in
37,USC00051772,Snow,1953-02-04T00:00:00.0000000-07:00,0.000000,,,0,,NOAA,2013-03-29T15:47:48.0770000-06:00,in
37,USC00051772,Snow,1953-02-05T00:00:00.0000000-07:00,0.000000,,,0,,NOAA,2013-03-29T15:47:48.0770000-06:00,in
37,USC00051772,Snow,1953-02-06T00:00:00.0000000-07:00,0.000000,T,,0,,NOAA,2013-03-29T15:47:48.0770000-06:00,in
37,USC00051772,Snow,1953-02-07T00:00:00.0000000-07:00,0.000000,,,0,,NOAA,2013-03-29T15:47:48.0770000-06:00,in
37,USC00051772,Snow,1953-02-08T00:00:00.0000000-07:00,0.000000,,,0,,NOAA,2013-03-29T15:47:48.0770000-06:00,in
37,USC00051772,Snow,1953-02-09T00:00:00.0000000-07:00,0.984252,,,0,,NOAA,2013-03-29T15:47:48.0770000-06:00,in
37,USC00051772,Snow,1953-02-10T00:00:00.0000000-07:00,0.000000,T,,0,,NOAA,2013-03-29T15:47:48.0770000-06:00,in
37,USC00051772,Snow,1953-02-11T00:00:00.0000000-07:00,0.000000,,,0,,NOAA,2013-03-29T15:47:48.0770000-06:00,in
37,USC00051772,Snow,1953-02-12T00:00:00.0000000-07:00,0.511811,,,0,,NOAA,2013-03-29T15:47:48.0770000-06:00,in
37,USC00051772,Snow,1953-02-13T00:00:00.0000000-07:00,0.000000,,,0,,NOAA,2013-03-29T15:47:48.0770000-06:00,in
37,USC00051772,Snow,1953-02-14T00:00:00.0000000-07:00,0.000000,,,0,,NOAA,2013-03-29T15:47:48.0770000-06:00,in
37,USC00051772,Snow,1953-02-15T00:00:00.0000000-07:00,0.000000,,,0,,NOAA,2013-03-29T15:47:48.0770000-06:00,in
37,USC00051772,Snow,1953-02-16T00:00:00.0000000-07:00,0.000000,,,0,,NOAA,2013-03-29T15:47:48.0770000-06:00,in
37,USC00051772,Snow,1953-02-17T00:00:00.0000000-07:00,0.000000,,,0,,NOAA,2013-03-29T15:47:48.0770000-06:00,in
37,USC00051772,Snow,1953-02-18T00:00:00.0000000-07:00,0.708661,,,0,,NOAA,2013-03-29T15:47:48.0770000-06:00,in
37,USC00051772,Snow,1953-02-19T00:00:00.0000000-07:00,0.393701,,,0,,NOAA,2013-03-29T15:47:48.0770000-06:00,in
37,USC00051772,Snow,1953-02-20T00:00:00.0000000-07:00,0.000000,,,0,,NOAA,2013-03-29T15:47:48.0770000-06:00,in
37,USC00051772,Snow,1953-02-21T00:00:00.0000000-07:00,0.000000,,,0,,NOAA,2013-03-29T15:47:48.0770000-06:00,in
37,USC00051772,Snow,1953-02-22T00:00:00.0000000-07:00,0.000000,,,0,,NOAA,2013-03-29T15:47:48.0770000-06:00,in
37,USC00051772,Snow,1953-02-23T00:00:00.0000000-07:00,0.000000,,,0,,NOAA,2013-03-29T15:47:48.0770000-06:00,in
37,USC00051772,Snow,1953-02-24T00:00:00.0000000-07:00,0.000000,,,0,,NOAA,2013-03-29T15:47:48.0770000-06:00,in
37,USC00051772,Snow,1953-02-25T00:00:00.0000000-07:00,0.000000,,,0,,NOAA,2013-03-29T15:47:48.0770000-06:00,in
37,USC00051772,Snow,1953-02-26T00:00:00.0000000-07:00,0.000000,,,0,,NOAA,2013-03-29T15:47:48.0770000-06:00,in
37,USC00051772,Snow,1953-02-27T00:00:00.0000000-07:00,0.000000,,,0,,NOAA,2013-03-29T15:47:48.0770000-06:00,in
37,USC00051772,Snow,1953-02-28T00:00:00.0000000-07:00,0.000000,,,0,,NOAA,2013-03-29T15:47:48.0770000-06:00,in
37,USC00051772,Snow,1953-03-01T00:00:00.0000000-07:00,1.496063,,,0,,NOAA,2013-03-29T15:47:48.0770000-06:00,in
37,USC00051772,Snow,1953-03-02T00:00:00.0000000-07:00,0.000000,,,0,,NOAA,2013-03-29T15:47:48.0770000-06:00,in
37,USC00051772,Snow,1953-03-03T00:00:00.0000000-07:00,2.007874,,,0,,NOAA,2013-03-29T15:47:48.0770000-06:00,in
37,USC00051772,Snow,1953-03-04T00:00:00.0000000-07:00,0.000000,,,0,,NOAA,2013-03-29T15:47:48.0770000-06:00,in
37,USC00051772,Snow,1953-03-05T00:00:00.0000000-07:00,0.000000,,,0,,NOAA,2013-03-29T15:47:48.0770000-06:00,in
37,USC00051772,Snow,1953-03-06T00:00:00.0000000-07:00,0.000000,,,0,,NOAA,2013-03-29T15:47:48.0770000-06:00,in
37,USC00051772,Snow,1953-03-07T00:00:00.0000000-07:00,0.000000,,,0,,NOAA,2013-03-29T15:47:48.0770000-06:00,in
37,USC00051772,Snow,1953-03-08T00:00:00.0000000-07:00,0.000000,,,0,,NOAA,2013-03-29T15:47:48.0770000-06:00,in
37,USC00051772,Snow,1953-03-09T00:00:00.0000000-07:00,0.000000,,,0,,NOAA,2013-03-29T15:47:48.0770000-06:00,in
37,USC00051772,Snow,1953-03-10T00:00:00.0000000-07:00,0.000000,T,,0,,NOAA,2013-03-29T15:47:48.0770000-06:00,in
37,USC00051772,Snow,1953-03-11T00:00:00.0000000-07:00,0.000000,T,,0,,NOAA,2013-03-29T15:47:48.0770000-06:00,in
37,USC00051772,Snow,1953-03-12T00:00:00.0000000-07:00,0.000000,,,0,,NOAA,2013-03-29T15:47:48.0770000-06:00,in
37,USC00051772,Snow,1953-03-13T00:00:00.0000000-07:00,0.000000,,,0,,NOAA,2013-03-29T15:47:48.0770000-06:00,in
37,USC00051772,Snow,1953-03-14T00:00:00.0000000-07:00,0.000000,,,0,,NOAA,2013-03-29T15:47:48.0770000-06:00,in
37,USC00051772,Snow,1953-03-15T00:00:00.0000000-07:00,0.000000,,,0,,NOAA,2013-03-29T15:47:48.0770000-06:00,in
37,USC00051772,Snow,1953-03-16T00:00:00.0000000-07:00,0.000000,,,0,,NOAA,2013-03-29T15:47:48.0770000-06:00,in
37,USC00051772,Snow,1953-03-17T00:00:00.0000000-07:00,0.000000,,,0,,NOAA,2013-03-29T15:47:48.0770000-06:00,in
37,USC00051772,Snow,1953-03-18T00:00:00.0000000-07:00,0.000000,,,0,,NOAA,2013-03-29T15:47:48.0770000-06:00,in
37,USC00051772,Snow,1953-03-19T00:00:00.0000000-07:00,0.000000,,,0,,NOAA,2013-03-29T15:47:48.0770000-06:00,in
37,USC00051772,Snow,1953-03-20T00:00:00.0000000-07:00,4.488189,,,0,,NOAA,2013-03-29T15:47:48.0770000-06:00,in
37,USC00051772,Snow,1953-03-21T00:00:00.0000000-07:00,2.007874,,,0,,NOAA,2013-03-29T15:47:48.0770000-06:00,in
37,USC00051772,Snow,1953-03-22T00:00:00.0000000-07:00,0.000000,,,0,,NOAA,2013-03-29T15:47:48.0770000-06:00,in
37,USC00051772,Snow,1953-03-23T00:00:00.0000000-07:00,0.000000,,,0,,NOAA,2013-03-29T15:47:48.0770000-06:00,in
37,USC00051772,Snow,1953-03-24T00:00:00.0000000-07:00,0.000000,,,0,,NOAA,2013-03-29T15:47:48.0770000-06:00,in
37,USC00051772,Snow,1953-03-25T00:00:00.0000000-07:00,0.000000,,,0,,NOAA,2013-03-29T15:47:48.0770000-06:00,in
37,USC00051772,Snow,1953-03-26T00:00:00.0000000-07:00,0.000000,,,0,,NOAA,2013-03-29T15:47:48.0770000-06:00,in
37,USC00051772,Snow,1953-03-27T00:00:00.0000000-07:00,0.000000,,,0,,NOAA,2013-03-29T15:47:48.0770000-06:00,in
37,USC00051772,Snow,1953-03-28T00:00:00.0000000-07:00,0.000000,,,0,,NOAA,2013-03-29T15:47:48.0770000-06:00,in
37,USC00051772,Snow,1953-03-29T00:00:00.0000000-07:00,0.000000,,,0,,NOAA,2013-03-29T15:47:48.0770000-06:00,in
37,USC00051772,Snow,1953-03-30T00:00:00.0000000-07:00,4.015748,,,0,,NOAA,2013-03-29T15:47:48.0770000-06:00,in
37,USC00051772,Snow,1953-03-31T00:00:00.0000000-07:00,0.000000,,,0,,NOAA,2013-03-29T15:47:48.0770000-06:00,in
37,USC00051772,Snow,1953-04-01T00:00:00.0000000-07:00,0.000000,,,0,,NOAA,2013-03-29T15:47:48.0770000-06:00,in
37,USC00051772,Snow,1953-04-02T00:00:00.0000000-07:00,0.000000,,,0,,NOAA,2013-03-29T15:47:48.0770000-06:00,in
37,USC00051772,Snow,1953-04-03T00:00:00.0000000-07:00,0.000000,,,0,,NOAA,2013-03-29T15:47:48.0770000-06:00,in
37,USC00051772,Snow,1953-04-04T00:00:00.0000000-07:00,0.000000,,,0,,NOAA,2013-03-29T15:47:48.0770000-06:00,in
37,USC00051772,Snow,1953-04-05T00:00:00.0000000-07:00,0.000000,,,0,,NOAA,2013-03-29T15:47:48.0770000-06:00,in
37,USC00051772,Snow,1953-04-06T00:00:00.0000000-06:00,0.000000,T,,0,,NOAA,2013-03-29T15:47:48.0770000-06:00,in
37,USC00051772,Snow,1953-04-07T00:00:00.0000000-06:00,0.000000,,,0,,NOAA,2013-03-29T15:47:48.0770000-06:00,in
37,USC00051772,Snow,1953-04-08T00:00:00.0000000-06:00,0.511811,,,0,,NOAA,2013-03-29T15:47:48.0770000-06:00,in
37,USC00051772,Snow,1953-04-09T00:00:00.0000000-06:00,0.000000,,,0,,NOAA,2013-03-29T15:47:48.0770000-06:00,in
37,USC00051772,Snow,1953-04-10T00:00:00.0000000-06:00,0.000000,,,0,,NOAA,2013-03-29T15:47:48.0770000-06:00,in
37,USC00051772,Snow,1953-04-11T00:00:00.0000000-06:00,0.511811,,,0,,NOAA,2013-03-29T15:47:48.0770000-06:00,in
37,USC00051772,Snow,1953-04-12T00:00:00.0000000-06:00,0.000000,,,0,,NOAA,2013-03-29T15:47:48.0770000-06:00,in
37,USC00051772,Snow,1953-04-13T00:00:00.0000000-06:00,0.000000,,,0,,NOAA,2013-03-29T15:47:48.0770000-06:00,in
37,USC00051772,Snow,1953-04-14T00:00:00.0000000-06:00,0.000000,,,0,,NOAA,2013-03-29T15:47:48.0770000-06:00,in
37,USC00051772,Snow,1953-04-15T00:00:00.0000000-06:00,0.000000,,,0,,NOAA,2013-03-29T15:47:48.0770000-06:00,in
37,USC00051772,Snow,1953-04-16T00:00:00.0000000-06:00,0.000000,,,0,,NOAA,2013-03-29T15:47:48.0770000-06:00,in
37,USC00051772,Snow,1953-04-17T00:00:00.0000000-06:00,0.000000,,,0,,NOAA,2013-03-29T15:47:48.0770000-06:00,in
37,USC00051772,Snow,1953-04-18T00:00:00.0000000-06:00,0.000000,,,0,,NOAA,2013-03-29T15:47:48.0770000-06:00,in
37,USC00051772,Snow,1953-04-19T00:00:00.0000000-06:00,0.000000,,,0,,NOAA,2013-03-29T15:47:48.0770000-06:00,in
37,USC00051772,Snow,1953-04-20T00:00:00.0000000-06:00,0.000000,,,0,,NOAA,2013-03-29T15:47:48.0770000-06:00,in
37,USC00051772,Snow,1953-04-21T00:00:00.0000000-06:00,0.000000,,,0,,NOAA,2013-03-29T15:47:48.0770000-06:00,in
37,USC00051772,Snow,1953-04-22T00:00:00.0000000-06:00,0.000000,,,0,,NOAA,2013-03-29T15:47:48.0770000-06:00,in
37,USC00051772,Snow,1953-04-23T00:00:00.0000000-06:00,0.000000,,,0,,NOAA,2013-03-29T15:47:48.0770000-06:00,in
37,USC00051772,Snow,1953-04-24T00:00:00.0000000-06:00,0.000000,,,0,,NOAA,2013-03-29T15:47:48.0770000-06:00,in
37,USC00051772,Snow,1953-04-25T00:00:00.0000000-06:00,0.000000,,,0,,NOAA,2013-03-29T15:47:48.0770000-06:00,in
37,USC00051772,Snow,1953-04-26T00:00:00.0000000-06:00,0.000000,,,0,,NOAA,2013-03-29T15:47:48.0770000-06:00,in
37,USC00051772,Snow,1953-04-27T00:00:00.0000000-06:00,0.000000,T,,0,,NOAA,2013-03-29T15:47:48.0770000-06:00,in
37,USC00051772,Snow,1953-04-28T00:00:00.0000000-06:00,0.000000,T,,0,,NOAA,2013-03-29T15:47:48.0770000-06:00,in
37,USC00051772,Snow,1953-04-29T00:00:00.0000000-06:00,0.000000,T,,0,,NOAA,2013-03-29T15:47:48.0770000-06:00,in
37,USC00051772,Snow,1953-04-30T00:00:00.0000000-06:00,0.000000,,,0,,NOAA,2013-03-29T15:47:48.0770000-06:00,in
37,USC00051772,Snow,1953-05-01T00:00:00.0000000-06:00,0.000000,,,0,,NOAA,2013-03-29T15:47:48.0770000-06:00,in
37,USC00051772,Snow,1953-05-02T00:00:00.0000000-06:00,0.000000,,,0,,NOAA,2013-03-29T15:47:48.0770000-06:00,in
37,USC00051772,Snow,1953-05-03T00:00:00.0000000-06:00,0.000000,,,0,,NOAA,2013-03-29T15:47:48.0770000-06:00,in
37,USC00051772,Snow,1953-05-04T00:00:00.0000000-06:00,0.000000,,,0,,NOAA,2013-03-29T15:47:48.0770000-06:00,in
37,USC00051772,Snow,1953-05-05T00:00:00.0000000-06:00,0.000000,,,0,,NOAA,2013-03-29T15:47:48.0770000-06:00,in
37,USC00051772,Snow,1953-05-06T00:00:00.0000000-06:00,0.000000,,,0,,NOAA,2013-03-29T15:47:48.0770000-06:00,in
37,USC00051772,Snow,1953-05-07T00:00:00.0000000-06:00,0.000000,,,0,,NOAA,2013-03-29T15:47:48.0770000-06:00,in
37,USC00051772,Snow,1953-05-08T00:00:00.0000000-06:00,0.000000,,,0,,NOAA,2013-03-29T15:47:48.0770000-06:00,in
37,USC00051772,Snow,1953-05-09T00:00:00.0000000-06:00,0.000000,,,0,,NOAA,2013-03-29T15:47:48.0770000-06:00,in
37,USC00051772,Snow,1953-05-10T00:00:00.0000000-06:00,0.000000,T,,0,,NOAA,2013-03-29T15:47:48.0770000-06:00,in
37,USC00051772,Snow,1953-05-11T00:00:00.0000000-06:00,0.000000,,,0,,NOAA,2013-03-29T15:47:48.0770000-06:00,in
37,USC00051772,Snow,1953-05-12T00:00:00.0000000-06:00,0.000000,,,0,,NOAA,2013-03-29T15:47:48.0770000-06:00,in
37,USC00051772,Snow,1953-05-13T00:00:00.0000000-06:00,0.000000,,,0,,NOAA,2013-03-29T15:47:48.0770000-06:00,in
37,USC00051772,Snow,1953-05-14T00:00:00.0000000-06:00,0.000000,,,0,,NOAA,2013-03-29T15:47:48.0770000-06:00,in
37,USC00051772,Snow,1953-05-15T00:00:00.0000000-06:00,0.000000,,,0,,NOAA,2013-03-29T15:47:48.0770000-06:00,in
37,USC00051772,Snow,1953-05-16T00:00:00.0000000-06:00,0.000000,,,0,,NOAA,2013-03-29T15:47:48.0770000-06:00,in
37,USC00051772,Snow,1953-05-17T00:00:00.0000000-06:00,0.000000,,,0,,NOAA,2013-03-29T15:47:48.0770000-06:00,in
37,USC00051772,Snow,1953-05-18T00:00:00.0000000-06:00,0.000000,,,0,,NOAA,2013-03-29T15:47:48.0770000-06:00,in
37,USC00051772,Snow,1953-05-19T00:00:00.0000000-06:00,0.000000,,,0,,NOAA,2013-03-29T15:47:48.0770000-06:00,in
37,USC00051772,Snow,1953-05-20T00:00:00.0000000-06:00,0.000000,,,0,,NOAA,2013-03-29T15:47:48.0770000-06:00,in
37,USC00051772,Snow,1953-05-21T00:00:00.0000000-06:00,0.000000,,,0,,NOAA,2013-03-29T15:47:48.0770000-06:00,in
37,USC00051772,Snow,1953-05-22T00:00:00.0000000-06:00,0.000000,,,0,,NOAA,2013-03-29T15:47:48.0770000-06:00,in
37,USC00051772,Snow,1953-05-23T00:00:00.0000000-06:00,0.000000,,,0,,NOAA,2013-03-29T15:47:48.0770000-06:00,in
37,USC00051772,Snow,1953-05-24T00:00:00.0000000-06:00,0.000000,,,0,,NOAA,2013-03-29T15:47:48.0770000-06:00,in
37,USC00051772,Snow,1953-05-25T00:00:00.0000000-06:00,0.000000,,,0,,NOAA,2013-03-29T15:47:48.0770000-06:00,in
37,USC00051772,Snow,1953-05-26T00:00:00.0000000-06:00,0.000000,,,0,,NOAA,2013-03-29T15:47:48.0770000-06:00,in
37,USC00051772,Snow,1953-05-27T00:00:00.0000000-06:00,0.000000,,,0,,NOAA,2013-03-29T15:47:48.0770000-06:00,in
37,USC00051772,Snow,1953-05-28T00:00:00.0000000-06:00,0.000000,T,,0,,NOAA,2013-03-29T15:47:48.0770000-06:00,in
37,USC00051772,Snow,1953-05-29T00:00:00.0000000-06:00,0.000000,,,0,,NOAA,2013-03-29T15:47:48.0770000-06:00,in
37,USC00051772,Snow,1953-05-30T00:00:00.0000000-06:00,0.000000,,,0,,NOAA,2013-03-29T15:47:48.0770000-06:00,in
37,USC00051772,Snow,1953-05-31T00:00:00.0000000-06:00,0.000000,,,0,,NOAA,2013-03-29T15:47:48.0770000-06:00,in
37,USC00051772,Snow,1953-06-01T00:00:00.0000000-06:00,0.000000,,,0,,NOAA,2013-03-29T15:47:48.0770000-06:00,in
37,USC00051772,Snow,1953-06-02T00:00:00.0000000-06:00,0.000000,,,0,,NOAA,2013-03-29T15:47:48.0770000-06:00,in
37,USC00051772,Snow,1953-06-03T00:00:00.0000000-06:00,0.000000,,,0,,NOAA,2013-03-29T15:47:48.0770000-06:00,in
37,USC00051772,Snow,1953-06-04T00:00:00.0000000-06:00,0.000000,,,0,,NOAA,2013-03-29T15:47:48.0770000-06:00,in
37,USC00051772,Snow,1953-06-05T00:00:00.0000000-06:00,0.000000,,,0,,NOAA,2013-03-29T15:47:48.0770000-06:00,in
37,USC00051772,Snow,1953-06-06T00:00:00.0000000-06:00,0.000000,,,0,,NOAA,2013-03-29T15:47:48.0770000-06:00,in
37,USC00051772,Snow,1953-06-07T00:00:00.0000000-06:00,0.000000,,,0,,NOAA,2013-03-29T15:47:48.0770000-06:00,in
37,USC00051772,Snow,1953-06-08T00:00:00.0000000-06:00,0.000000,,,0,,NOAA,2013-03-29T15:47:48.0770000-06:00,in
37,USC00051772,Snow,1953-06-09T00:00:00.0000000-06:00,0.000000,,,0,,NOAA,2013-03-29T15:47:48.0770000-06:00,in
37,USC00051772,Snow,1953-06-10T00:00:00.0000000-06:00,0.000000,,,0,,NOAA,2013-03-29T15:47:48.0770000-06:00,in
37,USC00051772,Snow,1953-06-11T00:00:00.0000000-06:00,0.000000,,,0,,NOAA,2013-03-29T15:47:48.0770000-06:00,in
37,USC00051772,Snow,1953-06-12T00:00:00.0000000-06:00,0.000000,,,0,,NOAA,2013-03-29T15:47:48.0770000-06:00,in
37,USC00051772,Snow,1953-06-13T00:00:00.0000000-06:00,0.000000,,,0,,NOAA,2013-03-29T15:47:48.0770000-06:00,in
37,USC00051772,Snow,1953-06-14T00:00:00.0000000-06:00,0.000000,,,0,,NOAA,2013-03-29T15:47:48.0770000-06:00,in
37,USC00051772,Snow,1953-06-15T00:00:00.0000000-06:00,0.000000,,,0,,NOAA,2013-03-29T15:47:48.0770000-06:00,in
37,USC00051772,Snow,1953-06-16T00:00:00.0000000-06:00,0.000000,,,0,,NOAA,2013-03-29T15:47:48.0770000-06:00,in
37,USC00051772,Snow,1953-06-17T00:00:00.0000000-06:00,0.000000,,,0,,NOAA,2013-03-29T15:47:48.0770000-06:00,in
37,USC00051772,Snow,1953-06-18T00:00:00.0000000-06:00,0.000000,,,0,,NOAA,2013-03-29T15:47:48.0770000-06:00,in
37,USC00051772,Snow,1953-06-19T00:00:00.0000000-06:00,0.000000,,,0,,NOAA,2013-03-29T15:47:48.0770000-06:00,in
37,USC00051772,Snow,1953-06-20T00:00:00.0000000-06:00,0.000000,,,0,,NOAA,2013-03-29T15:47:48.0770000-06:00,in
37,USC00051772,Snow,1953-06-21T00:00:00.0000000-06:00,0.000000,,,0,,NOAA,2013-03-29T15:47:48.0770000-06:00,in
37,USC00051772,Snow,1953-06-22T00:00:00.0000000-06:00,0.000000,,,0,,NOAA,2013-03-29T15:47:48.0770000-06:00,in
37,USC00051772,Snow,1953-06-23T00:00:00.0000000-06:00,0.000000,,,0,,NOAA,2013-03-29T15:47:48.0770000-06:00,in
37,USC00051772,Snow,1953-06-24T00:00:00.0000000-06:00,0.000000,,,0,,NOAA,2013-03-29T15:47:48.0770000-06:00,in
37,USC00051772,Snow,1953-06-25T00:00:00.0000000-06:00,0.000000,,,0,,NOAA,2013-03-29T15:47:48.0770000-06:00,in
37,USC00051772,Snow,1953-06-26T00:00:00.0000000-06:00,0.000000,,,0,,NOAA,2013-03-29T15:47:48.0770000-06:00,in
37,USC00051772,Snow,1953-06-27T00:00:00.0000000-06:00,0.000000,,,0,,NOAA,2013-03-29T15:47:48.0770000-06:00,in
37,USC00051772,Snow,1953-06-28T00:00:00.0000000-06:00,0.000000,,,0,,NOAA,2013-03-29T15:47:48.0770000-06:00,in
37,USC00051772,Snow,1953-06-29T00:00:00.0000000-06:00,0.000000,,,0,,NOAA,2013-03-29T15:47:48.0770000-06:00,in
37,USC00051772,Snow,1953-06-30T00:00:00.0000000-06:00,0.000000,,,0,,NOAA,2013-03-29T15:47:48.0770000-06:00,in
37,USC00051772,Snow,1953-07-01T00:00:00.0000000-06:00,0.000000,,,0,,NOAA,2013-03-29T15:47:48.0770000-06:00,in
37,USC00051772,Snow,1953-07-02T00:00:00.0000000-06:00,0.000000,,,0,,NOAA,2013-03-29T15:47:48.0770000-06:00,in
37,USC00051772,Snow,1953-07-03T00:00:00.0000000-06:00,0.000000,,,0,,NOAA,2013-03-29T15:47:48.0770000-06:00,in
37,USC00051772,Snow,1953-07-04T00:00:00.0000000-06:00,0.000000,,,0,,NOAA,2013-03-29T15:47:48.0770000-06:00,in
37,USC00051772,Snow,1953-07-05T00:00:00.0000000-06:00,0.000000,,,0,,NOAA,2013-03-29T15:47:48.0770000-06:00,in
37,USC00051772,Snow,1953-07-06T00:00:00.0000000-06:00,0.000000,,,0,,NOAA,2013-03-29T15:47:48.0770000-06:00,in
37,USC00051772,Snow,1953-07-07T00:00:00.0000000-06:00,0.000000,,,0,,NOAA,2013-03-29T15:47:48.0770000-06:00,in
37,USC00051772,Snow,1953-07-08T00:00:00.0000000-06:00,0.000000,,,0,,NOAA,2013-03-29T15:47:48.0770000-06:00,in
37,USC00051772,Snow,1953-07-09T00:00:00.0000000-06:00,0.000000,,,0,,NOAA,2013-03-29T15:47:48.0770000-06:00,in
37,USC00051772,Snow,1953-07-10T00:00:00.0000000-06:00,0.000000,,,0,,NOAA,2013-03-29T15:47:48.0770000-06:00,in
37,USC00051772,Snow,1953-07-11T00:00:00.0000000-06:00,0.000000,,,0,,NOAA,2013-03-29T15:47:48.0770000-06:00,in
37,USC00051772,Snow,1953-07-12T00:00:00.0000000-06:00,0.000000,,,0,,NOAA,2013-03-29T15:47:48.0770000-06:00,in
37,USC00051772,Snow,1953-07-13T00:00:00.0000000-06:00,0.000000,,,0,,NOAA,2013-03-29T15:47:48.0770000-06:00,in
37,USC00051772,Snow,1953-07-14T00:00:00.0000000-06:00,0.000000,,,0,,NOAA,2013-03-29T15:47:48.0770000-06:00,in
37,USC00051772,Snow,1953-07-15T00:00:00.0000000-06:00,0.000000,,,0,,NOAA,2013-03-29T15:47:48.0770000-06:00,in
37,USC00051772,Snow,1953-07-16T00:00:00.0000000-06:00,0.000000,,,0,,NOAA,2013-03-29T15:47:48.0770000-06:00,in
37,USC00051772,Snow,1953-07-17T00:00:00.0000000-06:00,0.000000,,,0,,NOAA,2013-03-29T15:47:48.0770000-06:00,in
37,USC00051772,Snow,1953-07-18T00:00:00.0000000-06:00,0.000000,,,0,,NOAA,2013-03-29T15:47:48.0770000-06:00,in
37,USC00051772,Snow,1953-07-19T00:00:00.0000000-06:00,0.000000,,,0,,NOAA,2013-03-29T15:47:48.0770000-06:00,in
37,USC00051772,Snow,1953-07-20T00:00:00.0000000-06:00,0.000000,,,0,,NOAA,2013-03-29T15:47:48.0770000-06:00,in
37,USC00051772,Snow,1953-07-21T00:00:00.0000000-06:00,0.000000,,,0,,NOAA,2013-03-29T15:47:48.0770000-06:00,in
37,USC00051772,Snow,1953-07-22T00:00:00.0000000-06:00,0.000000,,,0,,NOAA,2013-03-29T15:47:48.0770000-06:00,in
37,USC00051772,Snow,1953-07-23T00:00:00.0000000-06:00,0.000000,,,0,,NOAA,2013-03-29T15:47:48.0770000-06:00,in
37,USC00051772,Snow,1953-07-24T00:00:00.0000000-06:00,0.000000,,,0,,NOAA,2013-03-29T15:47:48.0770000-06:00,in
37,USC00051772,Snow,1953-07-25T00:00:00.0000000-06:00,0.000000,,,0,,NOAA,2013-03-29T15:47:48.0770000-06:00,in
37,USC00051772,Snow,1953-07-26T00:00:00.0000000-06:00,0.000000,,,0,,NOAA,2013-03-29T15:47:48.0770000-06:00,in
37,USC00051772,Snow,1953-07-27T00:00:00.0000000-06:00,0.000000,,,0,,NOAA,2013-03-29T15:47:48.0770000-06:00,in
37,USC00051772,Snow,1953-07-28T00:00:00.0000000-06:00,0.000000,,,0,,NOAA,2013-03-29T15:47:48.0770000-06:00,in
37,USC00051772,Snow,1953-07-29T00:00:00.0000000-06:00,0.000000,,,0,,NOAA,2013-03-29T15:47:48.0770000-06:00,in
37,USC00051772,Snow,1953-07-30T00:00:00.0000000-06:00,0.000000,,,0,,NOAA,2013-03-29T15:47:48.0770000-06:00,in
37,USC00051772,Snow,1953-07-31T00:00:00.0000000-06:00,0.000000,,,0,,NOAA,2013-03-29T15:47:48.0770000-06:00,in
37,USC00051772,Snow,1953-08-01T00:00:00.0000000-06:00,0.000000,,,0,,NOAA,2013-03-29T15:47:48.0770000-06:00,in
37,USC00051772,Snow,1953-08-02T00:00:00.0000000-06:00,0.000000,,,0,,NOAA,2013-03-29T15:47:48.0770000-06:00,in
37,USC00051772,Snow,1953-08-03T00:00:00.0000000-06:00,0.000000,,,0,,NOAA,2013-03-29T15:47:48.0770000-06:00,in
37,USC00051772,Snow,1953-08-04T00:00:00.0000000-06:00,0.000000,,,0,,NOAA,2013-03-29T15:47:48.0770000-06:00,in
37,USC00051772,Snow,1953-08-05T00:00:00.0000000-06:00,0.000000,,,0,,NOAA,2013-03-29T15:47:48.0770000-06:00,in
37,USC00051772,Snow,1953-08-06T00:00:00.0000000-06:00,0.000000,,,0,,NOAA,2013-03-29T15:47:48.0770000-06:00,in
37,USC00051772,Snow,1953-08-07T00:00:00.0000000-06:00,0.000000,,,0,,NOAA,2013-03-29T15:47:48.0770000-06:00,in
37,USC00051772,Snow,1953-08-08T00:00:00.0000000-06:00,0.000000,,,0,,NOAA,2013-03-29T15:47:48.0770000-06:00,in
37,USC00051772,Snow,1953-08-09T00:00:00.0000000-06:00,0.000000,,,0,,NOAA,2013-03-29T15:47:48.0770000-06:00,in
37,USC00051772,Snow,1953-08-10T00:00:00.0000000-06:00,0.000000,,,0,,NOAA,2013-03-29T15:47:48.0770000-06:00,in
37,USC00051772,Snow,1953-08-11T00:00:00.0000000-06:00,0.000000,,,0,,NOAA,2013-03-29T15:47:48.0770000-06:00,in
37,USC00051772,Snow,1953-08-12T00:00:00.0000000-06:00,0.000000,,,0,,NOAA,2013-03-29T15:47:48.0770000-06:00,in
37,USC00051772,Snow,1953-08-13T00:00:00.0000000-06:00,0.000000,,,0,,NOAA,2013-03-29T15:47:48.0770000-06:00,in
37,USC00051772,Snow,1953-08-14T00:00:00.0000000-06:00,0.000000,,,0,,NOAA,2013-03-29T15:47:48.0770000-06:00,in
37,USC00051772,Snow,1953-08-15T00:00:00.0000000-06:00,0.000000,,,0,,NOAA,2013-03-29T15:47:48.0770000-06:00,in
37,USC00051772,Snow,1953-08-16T00:00:00.0000000-06:00,0.000000,,,0,,NOAA,2013-03-29T15:47:48.0770000-06:00,in
37,USC00051772,Snow,1953-08-17T00:00:00.0000000-06:00,0.000000,,,0,,NOAA,2013-03-29T15:47:48.0770000-06:00,in
37,USC00051772,Snow,1953-08-18T00:00:00.0000000-06:00,0.000000,,,0,,NOAA,2013-03-29T15:47:48.0770000-06:00,in
37,USC00051772,Snow,1953-08-19T00:00:00.0000000-06:00,0.000000,,,0,,NOAA,2013-03-29T15:47:48.0770000-06:00,in
37,USC00051772,Snow,1953-08-20T00:00:00.0000000-06:00,0.000000,,,0,,NOAA,2013-03-29T15:47:48.0770000-06:00,in
37,USC00051772,Snow,1953-08-21T00:00:00.0000000-06:00,0.000000,,,0,,NOAA,2013-03-29T15:47:48.0770000-06:00,in
37,USC00051772,Snow,1953-08-22T00:00:00.0000000-06:00,0.000000,,,0,,NOAA,2013-03-29T15:47:48.0770000-06:00,in
37,USC00051772,Snow,1953-08-23T00:00:00.0000000-06:00,0.000000,,,0,,NOAA,2013-03-29T15:47:48.0770000-06:00,in
37,USC00051772,Snow,1953-08-24T00:00:00.0000000-06:00,0.000000,,,0,,NOAA,2013-03-29T15:47:48.0770000-06:00,in
37,USC00051772,Snow,1953-08-25T00:00:00.0000000-06:00,0.000000,,,0,,NOAA,2013-03-29T15:47:48.0770000-06:00,in
37,USC00051772,Snow,1953-08-26T00:00:00.0000000-06:00,0.000000,,,0,,NOAA,2013-03-29T15:47:48.0770000-06:00,in
37,USC00051772,Snow,1953-08-27T00:00:00.0000000-06:00,0.000000,,,0,,NOAA,2013-03-29T15:47:48.0770000-06:00,in
37,USC00051772,Snow,1953-08-28T00:00:00.0000000-06:00,0.000000,,,0,,NOAA,2013-03-29T15:47:48.0770000-06:00,in
37,USC00051772,Snow,1953-08-29T00:00:00.0000000-06:00,0.000000,,,0,,NOAA,2013-03-29T15:47:48.0770000-06:00,in
37,USC00051772,Snow,1953-08-30T00:00:00.0000000-06:00,0.000000,,,0,,NOAA,2013-03-29T15:47:48.0770000-06:00,in
37,USC00051772,Snow,1953-08-31T00:00:00.0000000-06:00,0.000000,,,0,,NOAA,2013-03-29T15:47:48.0770000-06:00,in
37,USC00051772,Snow,1953-09-01T00:00:00.0000000-06:00,0.000000,,,0,,NOAA,2013-03-29T15:47:48.0770000-06:00,in
37,USC00051772,Snow,1953-09-02T00:00:00.0000000-06:00,0.000000,,,0,,NOAA,2013-03-29T15:47:48.0770000-06:00,in
37,USC00051772,Snow,1953-09-03T00:00:00.0000000-06:00,0.000000,,,0,,NOAA,2013-03-29T15:47:48.0770000-06:00,in
37,USC00051772,Snow,1953-09-04T00:00:00.0000000-06:00,0.000000,,,0,,NOAA,2013-03-29T15:47:48.0770000-06:00,in
37,USC00051772,Snow,1953-09-05T00:00:00.0000000-06:00,0.000000,,,0,,NOAA,2013-03-29T15:47:48.0770000-06:00,in
37,USC00051772,Snow,1953-09-06T00:00:00.0000000-06:00,0.000000,,,0,,NOAA,2013-03-29T15:47:48.0770000-06:00,in
37,USC00051772,Snow,1953-09-07T00:00:00.0000000-06:00,0.000000,,,0,,NOAA,2013-03-29T15:47:48.0770000-06:00,in
37,USC00051772,Snow,1953-09-08T00:00:00.0000000-06:00,0.000000,,,0,,NOAA,2013-03-29T15:47:48.0770000-06:00,in
37,USC00051772,Snow,1953-09-09T00:00:00.0000000-06:00,0.000000,,,0,,NOAA,2013-03-29T15:47:48.0770000-06:00,in
37,USC00051772,Snow,1953-09-10T00:00:00.0000000-06:00,0.000000,,,0,,NOAA,2013-03-29T15:47:48.0770000-06:00,in
37,USC00051772,Snow,1953-09-11T00:00:00.0000000-06:00,0.000000,,,0,,NOAA,2013-03-29T15:47:48.0770000-06:00,in
37,USC00051772,Snow,1953-09-12T00:00:00.0000000-06:00,0.000000,,,0,,NOAA,2013-03-29T15:47:48.0770000-06:00,in
37,USC00051772,Snow,1953-09-13T00:00:00.0000000-06:00,0.000000,,,0,,NOAA,2013-03-29T15:47:48.0770000-06:00,in
37,USC00051772,Snow,1953-09-14T00:00:00.0000000-06:00,0.000000,,,0,,NOAA,2013-03-29T15:47:48.0770000-06:00,in
37,USC00051772,Snow,1953-09-15T00:00:00.0000000-06:00,0.000000,,,0,,NOAA,2013-03-29T15:47:48.0770000-06:00,in
37,USC00051772,Snow,1953-09-16T00:00:00.0000000-06:00,0.000000,,,0,,NOAA,2013-03-29T15:47:48.0770000-06:00,in
37,USC00051772,Snow,1953-09-17T00:00:00.0000000-06:00,0.000000,,,0,,NOAA,2013-03-29T15:47:48.0770000-06:00,in
37,USC00051772,Snow,1953-09-18T00:00:00.0000000-06:00,0.000000,,,0,,NOAA,2013-03-29T15:47:48.0770000-06:00,in
37,USC00051772,Snow,1953-09-19T00:00:00.0000000-06:00,0.000000,,,0,,NOAA,2013-03-29T15:47:48.0770000-06:00,in
37,USC00051772,Snow,1953-09-20T00:00:00.0000000-06:00,0.000000,,,0,,NOAA,2013-03-29T15:47:48.0770000-06:00,in
37,USC00051772,Snow,1953-09-21T00:00:00.0000000-06:00,0.000000,,,0,,NOAA,2013-03-29T15:47:48.0770000-06:00,in
37,USC00051772,Snow,1953-09-22T00:00:00.0000000-06:00,0.000000,,,0,,NOAA,2013-03-29T15:47:48.0770000-06:00,in
37,USC00051772,Snow,1953-09-23T00:00:00.0000000-06:00,0.000000,,,0,,NOAA,2013-03-29T15:47:48.0770000-06:00,in
37,USC00051772,Snow,1953-09-24T00:00:00.0000000-06:00,0.000000,,,0,,NOAA,2013-03-29T15:47:48.0770000-06:00,in
37,USC00051772,Snow,1953-09-25T00:00:00.0000000-06:00,0.000000,,,0,,NOAA,2013-03-29T15:47:48.0770000-06:00,in
37,USC00051772,Snow,1953-09-26T00:00:00.0000000-06:00,0.000000,,,0,,NOAA,2013-03-29T15:47:48.0770000-06:00,in
37,USC00051772,Snow,1953-09-27T00:00:00.0000000-06:00,0.000000,,,0,,NOAA,2013-03-29T15:47:48.0770000-06:00,in
37,USC00051772,Snow,1953-09-28T00:00:00.0000000-06:00,0.000000,,,0,,NOAA,2013-03-29T15:47:48.0770000-06:00,in
37,USC00051772,Snow,1953-09-29T00:00:00.0000000-06:00,0.000000,,,0,,NOAA,2013-03-29T15:47:48.0770000-06:00,in
37,USC00051772,Snow,1953-09-30T00:00:00.0000000-06:00,0.000000,,,0,,NOAA,2013-03-29T15:47:48.0770000-06:00,in
37,USC00051772,Snow,1953-10-01T00:00:00.0000000-06:00,0.000000,,,0,,NOAA,2013-03-29T15:47:48.0770000-06:00,in
37,USC00051772,Snow,1953-10-02T00:00:00.0000000-06:00,0.000000,,,0,,NOAA,2013-03-29T15:47:48.0770000-06:00,in
37,USC00051772,Snow,1953-10-03T00:00:00.0000000-06:00,0.000000,,,0,,NOAA,2013-03-29T15:47:48.0770000-06:00,in
37,USC00051772,Snow,1953-10-04T00:00:00.0000000-06:00,0.000000,,,0,,NOAA,2013-03-29T15:47:48.0770000-06:00,in
37,USC00051772,Snow,1953-10-05T00:00:00.0000000-06:00,0.000000,,,0,,NOAA,2013-03-29T15:47:48.0770000-06:00,in
37,USC00051772,Snow,1953-10-06T00:00:00.0000000-06:00,0.000000,,,0,,NOAA,2013-03-29T15:47:48.0770000-06:00,in
37,USC00051772,Snow,1953-10-07T00:00:00.0000000-06:00,0.000000,,,0,,NOAA,2013-03-29T15:47:48.0770000-06:00,in
37,USC00051772,Snow,1953-10-08T00:00:00.0000000-06:00,0.000000,,,0,,NOAA,2013-03-29T15:47:48.0770000-06:00,in
37,USC00051772,Snow,1953-10-09T00:00:00.0000000-06:00,0.000000,,,0,,NOAA,2013-03-29T15:47:48.0770000-06:00,in
37,USC00051772,Snow,1953-10-10T00:00:00.0000000-06:00,0.000000,,,0,,NOAA,2013-03-29T15:47:48.0770000-06:00,in
37,USC00051772,Snow,1953-10-11T00:00:00.0000000-06:00,0.000000,,,0,,NOAA,2013-03-29T15:47:48.0770000-06:00,in
37,USC00051772,Snow,1953-10-12T00:00:00.0000000-06:00,0.000000,T,,0,,NOAA,2013-03-29T15:47:48.0770000-06:00,in
37,USC00051772,Snow,1953-10-13T00:00:00.0000000-06:00,0.000000,,,0,,NOAA,2013-03-29T15:47:48.0770000-06:00,in
37,USC00051772,Snow,1953-10-14T00:00:00.0000000-06:00,0.000000,,,0,,NOAA,2013-03-29T15:47:48.0770000-06:00,in
37,USC00051772,Snow,1953-10-15T00:00:00.0000000-06:00,0.000000,,,0,,NOAA,2013-03-29T15:47:48.0770000-06:00,in
37,USC00051772,Snow,1953-10-16T00:00:00.0000000-06:00,0.000000,,,0,,NOAA,2013-03-29T15:47:48.0770000-06:00,in
37,USC00051772,Snow,1953-10-17T00:00:00.0000000-06:00,0.000000,,,0,,NOAA,2013-03-29T15:47:48.0770000-06:00,in
37,USC00051772,Snow,1953-10-18T00:00:00.0000000-06:00,0.000000,,,0,,NOAA,2013-03-29T15:47:48.0770000-06:00,in
37,USC00051772,Snow,1953-10-19T00:00:00.0000000-06:00,0.000000,,,0,,NOAA,2013-03-29T15:47:48.0770000-06:00,in
37,USC00051772,Snow,1953-10-20T00:00:00.0000000-06:00,0.000000,T,,0,,NOAA,2013-03-29T15:47:48.0770000-06:00,in
37,USC00051772,Snow,1953-10-21T00:00:00.0000000-06:00,0.000000,,,0,,NOAA,2013-03-29T15:47:48.0770000-06:00,in
37,USC00051772,Snow,1953-10-22T00:00:00.0000000-06:00,0.000000,,,0,,NOAA,2013-03-29T15:47:48.0770000-06:00,in
37,USC00051772,Snow,1953-10-23T00:00:00.0000000-06:00,0.000000,,,0,,NOAA,2013-03-29T15:47:48.0770000-06:00,in
37,USC00051772,Snow,1953-10-24T00:00:00.0000000-06:00,0.000000,,,0,,NOAA,2013-03-29T15:47:48.0770000-06:00,in
37,USC00051772,Snow,1953-10-25T00:00:00.0000000-06:00,0.000000,,,0,,NOAA,2013-03-29T15:47:48.0770000-06:00,in
37,USC00051772,Snow,1953-10-26T00:00:00.0000000-07:00,0.000000,,,0,,NOAA,2013-03-29T15:47:48.0770000-06:00,in
37,USC00051772,Snow,1953-10-27T00:00:00.0000000-07:00,0.000000,,,0,,NOAA,2013-03-29T15:47:48.0770000-06:00,in
37,USC00051772,Snow,1953-10-28T00:00:00.0000000-07:00,0.000000,,,0,,NOAA,2013-03-29T15:47:48.0770000-06:00,in
37,USC00051772,Snow,1953-10-29T00:00:00.0000000-07:00,0.000000,,,0,,NOAA,2013-03-29T15:47:48.0770000-06:00,in
37,USC00051772,Snow,1953-10-30T00:00:00.0000000-07:00,0.000000,,,0,,NOAA,2013-03-29T15:47:48.0770000-06:00,in
37,USC00051772,Snow,1953-10-31T00:00:00.0000000-07:00,0.000000,,,0,,NOAA,2013-03-29T15:47:48.0770000-06:00,in
37,USC00051772,Snow,1953-11-01T00:00:00.0000000-07:00,0.000000,,,0,,NOAA,2013-03-29T15:47:48.0770000-06:00,in
37,USC00051772,Snow,1953-11-02T00:00:00.0000000-07:00,0.000000,,,0,,NOAA,2013-03-29T15:47:48.0770000-06:00,in
37,USC00051772,Snow,1953-11-03T00:00:00.0000000-07:00,0.000000,,,0,,NOAA,2013-03-29T15:47:48.0770000-06:00,in
37,USC00051772,Snow,1953-11-04T00:00:00.0000000-07:00,0.000000,,,0,,NOAA,2013-03-29T15:47:48.0770000-06:00,in
37,USC00051772,Snow,1953-11-05T00:00:00.0000000-07:00,0.000000,,,0,,NOAA,2013-03-29T15:47:48.0770000-06:00,in
37,USC00051772,Snow,1953-11-06T00:00:00.0000000-07:00,0.000000,,,0,,NOAA,2013-03-29T15:47:48.0770000-06:00,in
37,USC00051772,Snow,1953-11-07T00:00:00.0000000-07:00,0.000000,,,0,,NOAA,2013-03-29T15:47:48.0770000-06:00,in
37,USC00051772,Snow,1953-11-08T00:00:00.0000000-07:00,0.000000,,,0,,NOAA,2013-03-29T15:47:48.0770000-06:00,in
37,USC00051772,Snow,1953-11-09T00:00:00.0000000-07:00,0.000000,,,0,,NOAA,2013-03-29T15:47:48.0770000-06:00,in
37,USC00051772,Snow,1953-11-10T00:00:00.0000000-07:00,0.000000,,,0,,NOAA,2013-03-29T15:47:48.0770000-06:00,in
37,USC00051772,Snow,1953-11-11T00:00:00.0000000-07:00,0.000000,,,0,,NOAA,2013-03-29T15:47:48.0770000-06:00,in
37,USC00051772,Snow,1953-11-12T00:00:00.0000000-07:00,0.000000,,,0,,NOAA,2013-03-29T15:47:48.0770000-06:00,in
37,USC00051772,Snow,1953-11-13T00:00:00.0000000-07:00,0.000000,,,0,,NOAA,2013-03-29T15:47:48.0770000-06:00,in
37,USC00051772,Snow,1953-11-14T00:00:00.0000000-07:00,0.000000,,,0,,NOAA,2013-03-29T15:47:48.0770000-06:00,in
37,USC00051772,Snow,1953-11-15T00:00:00.0000000-07:00,0.000000,,,0,,NOAA,2013-03-29T15:47:48.0770000-06:00,in
37,USC00051772,Snow,1953-11-16T00:00:00.0000000-07:00,0.000000,,,0,,NOAA,2013-03-29T15:47:48.0770000-06:00,in
37,USC00051772,Snow,1953-11-17T00:00:00.0000000-07:00,0.000000,,,0,,NOAA,2013-03-29T15:47:48.0770000-06:00,in
37,USC00051772,Snow,1953-11-18T00:00:00.0000000-07:00,1.299213,,,0,,NOAA,2013-03-29T15:47:48.0770000-06:00,in
37,USC00051772,Snow,1953-11-19T00:00:00.0000000-07:00,0.196850,,,0,,NOAA,2013-03-29T15:47:48.0770000-06:00,in
37,USC00051772,Snow,1953-11-20T00:00:00.0000000-07:00,0.000000,,,0,,NOAA,2013-03-29T15:47:48.0770000-06:00,in
37,USC00051772,Snow,1953-11-21T00:00:00.0000000-07:00,0.118110,,,0,,NOAA,2013-03-29T15:47:48.0770000-06:00,in
37,USC00051772,Snow,1953-11-22T00:00:00.0000000-07:00,0.000000,,,0,,NOAA,2013-03-29T15:47:48.0770000-06:00,in
37,USC00051772,Snow,1953-11-23T00:00:00.0000000-07:00,0.000000,,,0,,NOAA,2013-03-29T15:47:48.0770000-06:00,in
37,USC00051772,Snow,1953-11-24T00:00:00.0000000-07:00,0.000000,,,0,,NOAA,2013-03-29T15:47:48.0770000-06:00,in
37,USC00051772,Snow,1953-11-25T00:00:00.0000000-07:00,0.000000,,,0,,NOAA,2013-03-29T15:47:48.0770000-06:00,in
37,USC00051772,Snow,1953-11-26T00:00:00.0000000-07:00,0.000000,,,0,,NOAA,2013-03-29T15:47:48.0770000-06:00,in
37,USC00051772,Snow,1953-11-27T00:00:00.0000000-07:00,0.000000,,,0,,NOAA,2013-03-29T15:47:48.0770000-06:00,in
37,USC00051772,Snow,1953-11-28T00:00:00.0000000-07:00,0.000000,,,0,,NOAA,2013-03-29T15:47:48.0770000-06:00,in
37,USC00051772,Snow,1953-11-29T00:00:00.0000000-07:00,0.000000,,,0,,NOAA,2013-03-29T15:47:48.0770000-06:00,in
37,USC00051772,Snow,1953-11-30T00:00:00.0000000-07:00,0.000000,,,0,,NOAA,2013-03-29T15:47:48.0770000-06:00,in
37,USC00051772,Snow,1953-12-01T00:00:00.0000000-07:00,0.000000,,,0,,NOAA,2013-03-29T15:47:48.0770000-06:00,in
37,USC00051772,Snow,1953-12-02T00:00:00.0000000-07:00,0.000000,,,0,,NOAA,2013-03-29T15:47:48.0770000-06:00,in
37,USC00051772,Snow,1953-12-03T00:00:00.0000000-07:00,0.000000,,,0,,NOAA,2013-03-29T15:47:48.0770000-06:00,in
37,USC00051772,Snow,1953-12-04T00:00:00.0000000-07:00,0.511811,,,0,,NOAA,2013-03-29T15:47:48.0770000-06:00,in
37,USC00051772,Snow,1953-12-05T00:00:00.0000000-07:00,2.716536,,,0,,NOAA,2013-03-29T15:47:48.0770000-06:00,in
37,USC00051772,Snow,1953-12-06T00:00:00.0000000-07:00,0.000000,,,0,,NOAA,2013-03-29T15:47:48.0770000-06:00,in
37,USC00051772,Snow,1953-12-07T00:00:00.0000000-07:00,0.000000,,,0,,NOAA,2013-03-29T15:47:48.0770000-06:00,in
37,USC00051772,Snow,1953-12-08T00:00:00.0000000-07:00,2.519685,,,0,,NOAA,2013-03-29T15:47:48.0770000-06:00,in
37,USC00051772,Snow,1953-12-09T00:00:00.0000000-07:00,0.000000,,,0,,NOAA,2013-03-29T15:47:48.0770000-06:00,in
37,USC00051772,Snow,1953-12-10T00:00:00.0000000-07:00,0.511811,,,0,,NOAA,2013-03-29T15:47:48.0770000-06:00,in
37,USC00051772,Snow,1953-12-11T00:00:00.0000000-07:00,1.417323,,,0,,NOAA,2013-03-29T15:47:48.0770000-06:00,in
37,USC00051772,Snow,1953-12-12T00:00:00.0000000-07:00,0.000000,,,0,,NOAA,2013-03-29T15:47:48.0770000-06:00,in
37,USC00051772,Snow,1953-12-13T00:00:00.0000000-07:00,0.000000,,,0,,NOAA,2013-03-29T15:47:48.0770000-06:00,in
37,USC00051772,Snow,1953-12-14T00:00:00.0000000-07:00,0.000000,,,0,,NOAA,2013-03-29T15:47:48.0770000-06:00,in
37,USC00051772,Snow,1953-12-15T00:00:00.0000000-07:00,0.000000,,,0,,NOAA,2013-03-29T15:47:48.0770000-06:00,in
37,USC00051772,Snow,1953-12-16T00:00:00.0000000-07:00,0.000000,,,0,,NOAA,2013-03-29T15:47:48.0770000-06:00,in
37,USC00051772,Snow,1953-12-17T00:00:00.0000000-07:00,0.000000,,,0,,NOAA,2013-03-29T15:47:48.0770000-06:00,in
37,USC00051772,Snow,1953-12-18T00:00:00.0000000-07:00,0.000000,,,0,,NOAA,2013-03-29T15:47:48.0770000-06:00,in
37,USC00051772,Snow,1953-12-19T00:00:00.0000000-07:00,0.000000,,,0,,NOAA,2013-03-29T15:47:48.0770000-06:00,in
37,USC00051772,Snow,1953-12-20T00:00:00.0000000-07:00,0.000000,,,0,,NOAA,2013-03-29T15:47:48.0770000-06:00,in
37,USC00051772,Snow,1953-12-21T00:00:00.0000000-07:00,0.000000,,,0,,NOAA,2013-03-29T15:47:48.0770000-06:00,in
37,USC00051772,Snow,1953-12-22T00:00:00.0000000-07:00,0.000000,,,0,,NOAA,2013-03-29T15:47:48.0770000-06:00,in
37,USC00051772,Snow,1953-12-23T00:00:00.0000000-07:00,0.000000,,,0,,NOAA,2013-03-29T15:47:48.0770000-06:00,in
37,USC00051772,Snow,1953-12-24T00:00:00.0000000-07:00,0.000000,,,0,,NOAA,2013-03-29T15:47:48.0770000-06:00,in
37,USC00051772,Snow,1953-12-25T00:00:00.0000000-07:00,0.000000,,,0,,NOAA,2013-03-29T15:47:48.0770000-06:00,in
37,USC00051772,Snow,1953-12-26T00:00:00.0000000-07:00,0.000000,,,0,,NOAA,2013-03-29T15:47:48.0770000-06:00,in
37,USC00051772,Snow,1953-12-27T00:00:00.0000000-07:00,0.511811,,,0,,NOAA,2013-03-29T15:47:48.0770000-06:00,in
37,USC00051772,Snow,1953-12-28T00:00:00.0000000-07:00,0.000000,,,0,,NOAA,2013-03-29T15:47:48.0770000-06:00,in
37,USC00051772,Snow,1953-12-29T00:00:00.0000000-07:00,0.314961,,,0,,NOAA,2013-03-29T15:47:48.0770000-06:00,in
37,USC00051772,Snow,1953-12-30T00:00:00.0000000-07:00,0.000000,,,0,,NOAA,2013-03-29T15:47:48.0770000-06:00,in
37,USC00051772,Snow,1953-12-31T00:00:00.0000000-07:00,0.000000,,,0,,NOAA,2013-03-29T15:47:48.0770000-06:00,in
37,USC00051772,Snow,1954-01-01T00:00:00.0000000-07:00,0.000000,,,0,,NOAA,2013-03-29T15:47:48.0770000-06:00,in
37,USC00051772,Snow,1954-01-02T00:00:00.0000000-07:00,0.000000,,,0,,NOAA,2013-03-29T15:47:48.0770000-06:00,in
37,USC00051772,Snow,1954-01-03T00:00:00.0000000-07:00,0.000000,,,0,,NOAA,2013-03-29T15:47:48.0770000-06:00,in
37,USC00051772,Snow,1954-01-04T00:00:00.0000000-07:00,0.000000,,,0,,NOAA,2013-03-29T15:47:48.0770000-06:00,in
37,USC00051772,Snow,1954-01-05T00:00:00.0000000-07:00,0.000000,,,0,,NOAA,2013-03-29T15:47:48.0770000-06:00,in
37,USC00051772,Snow,1954-01-06T00:00:00.0000000-07:00,0.000000,,,0,,NOAA,2013-03-29T15:47:48.0770000-06:00,in
37,USC00051772,Snow,1954-01-07T00:00:00.0000000-07:00,0.000000,,,0,,NOAA,2013-03-29T15:47:48.0770000-06:00,in
37,USC00051772,Snow,1954-01-08T00:00:00.0000000-07:00,0.000000,,,0,,NOAA,2013-03-29T15:47:48.0770000-06:00,in
37,USC00051772,Snow,1954-01-09T00:00:00.0000000-07:00,0.000000,,,0,,NOAA,2013-03-29T15:47:48.0770000-06:00,in
37,USC00051772,Snow,1954-01-10T00:00:00.0000000-07:00,0.000000,,,0,,NOAA,2013-03-29T15:47:48.0770000-06:00,in
37,USC00051772,Snow,1954-01-11T00:00:00.0000000-07:00,0.000000,,,0,,NOAA,2013-03-29T15:47:48.0770000-06:00,in
37,USC00051772,Snow,1954-01-12T00:00:00.0000000-07:00,0.000000,,,0,,NOAA,2013-03-29T15:47:48.0770000-06:00,in
37,USC00051772,Snow,1954-01-13T00:00:00.0000000-07:00,0.393701,,,0,,NOAA,2013-03-29T15:47:48.0770000-06:00,in
37,USC00051772,Snow,1954-01-14T00:00:00.0000000-07:00,0.000000,,,0,,NOAA,2013-03-29T15:47:48.0770000-06:00,in
37,USC00051772,Snow,1954-01-15T00:00:00.0000000-07:00,0.000000,,,0,,NOAA,2013-03-29T15:47:48.0770000-06:00,in
37,USC00051772,Snow,1954-01-16T00:00:00.0000000-07:00,0.000000,,,0,,NOAA,2013-03-29T15:47:48.0770000-06:00,in
37,USC00051772,Snow,1954-01-17T00:00:00.0000000-07:00,0.000000,,,0,,NOAA,2013-03-29T15:47:48.0770000-06:00,in
37,USC00051772,Snow,1954-01-18T00:00:00.0000000-07:00,0.000000,,,0,,NOAA,2013-03-29T15:47:48.0770000-06:00,in
37,USC00051772,Snow,1954-01-19T00:00:00.0000000-07:00,1.496063,,,0,,NOAA,2013-03-29T15:47:48.0770000-06:00,in
37,USC00051772,Snow,1954-01-20T00:00:00.0000000-07:00,0.000000,T,,0,,NOAA,2013-03-29T15:47:48.0770000-06:00,in
37,USC00051772,Snow,1954-01-21T00:00:00.0000000-07:00,0.000000,T,,0,,NOAA,2013-03-29T15:47:48.0770000-06:00,in
37,USC00051772,Snow,1954-01-22T00:00:00.0000000-07:00,0.000000,,,0,,NOAA,2013-03-29T15:47:48.0770000-06:00,in
37,USC00051772,Snow,1954-01-23T00:00:00.0000000-07:00,0.000000,,,0,,NOAA,2013-03-29T15:47:48.0770000-06:00,in
37,USC00051772,Snow,1954-01-24T00:00:00.0000000-07:00,0.000000,,,0,,NOAA,2013-03-29T15:47:48.0770000-06:00,in
37,USC00051772,Snow,1954-01-25T00:00:00.0000000-07:00,0.000000,,,0,,NOAA,2013-03-29T15:47:48.0770000-06:00,in
37,USC00051772,Snow,1954-01-26T00:00:00.0000000-07:00,2.283465,,,0,,NOAA,2013-03-29T15:47:48.0770000-06:00,in
37,USC00051772,Snow,1954-01-27T00:00:00.0000000-07:00,0.000000,,,0,,NOAA,2013-03-29T15:47:48.0770000-06:00,in
37,USC00051772,Snow,1954-01-28T00:00:00.0000000-07:00,0.000000,,,0,,NOAA,2013-03-29T15:47:48.0770000-06:00,in
37,USC00051772,Snow,1954-01-29T00:00:00.0000000-07:00,0.000000,,,0,,NOAA,2013-03-29T15:47:48.0770000-06:00,in
37,USC00051772,Snow,1954-01-30T00:00:00.0000000-07:00,0.000000,,,0,,NOAA,2013-03-29T15:47:48.0770000-06:00,in
37,USC00051772,Snow,1954-01-31T00:00:00.0000000-07:00,0.000000,,,0,,NOAA,2013-03-29T15:47:48.0770000-06:00,in
37,USC00051772,Snow,1954-02-01T00:00:00.0000000-07:00,0.000000,,,0,,NOAA,2013-03-29T15:47:48.0770000-06:00,in
37,USC00051772,Snow,1954-02-02T00:00:00.0000000-07:00,0.000000,,,0,,NOAA,2013-03-29T15:47:48.0770000-06:00,in
37,USC00051772,Snow,1954-02-03T00:00:00.0000000-07:00,0.000000,,,0,,NOAA,2013-03-29T15:47:48.0770000-06:00,in
37,USC00051772,Snow,1954-02-04T00:00:00.0000000-07:00,0.000000,,,0,,NOAA,2013-03-29T15:47:48.0770000-06:00,in
37,USC00051772,Snow,1954-02-05T00:00:00.0000000-07:00,0.000000,,,0,,NOAA,2013-03-29T15:47:48.0770000-06:00,in
37,USC00051772,Snow,1954-02-06T00:00:00.0000000-07:00,0.000000,,,0,,NOAA,2013-03-29T15:47:48.0770000-06:00,in
37,USC00051772,Snow,1954-02-07T00:00:00.0000000-07:00,0.000000,,,0,,NOAA,2013-03-29T15:47:48.0770000-06:00,in
37,USC00051772,Snow,1954-02-08T00:00:00.0000000-07:00,0.000000,,,0,,NOAA,2013-03-29T15:47:48.0770000-06:00,in
37,USC00051772,Snow,1954-02-09T00:00:00.0000000-07:00,0.000000,,,0,,NOAA,2013-03-29T15:47:48.0770000-06:00,in
37,USC00051772,Snow,1954-02-10T00:00:00.0000000-07:00,0.000000,,,0,,NOAA,2013-03-29T15:47:48.0770000-06:00,in
37,USC00051772,Snow,1954-02-11T00:00:00.0000000-07:00,0.000000,,,0,,NOAA,2013-03-29T15:47:48.0770000-06:00,in
37,USC00051772,Snow,1954-02-12T00:00:00.0000000-07:00,0.000000,,,0,,NOAA,2013-03-29T15:47:48.0770000-06:00,in
37,USC00051772,Snow,1954-02-13T00:00:00.0000000-07:00,0.000000,,,0,,NOAA,2013-03-29T15:47:48.0770000-06:00,in
37,USC00051772,Snow,1954-02-14T00:00:00.0000000-07:00,0.000000,T,,0,,NOAA,2013-03-29T15:47:48.0770000-06:00,in
37,USC00051772,Snow,1954-02-15T00:00:00.0000000-07:00,0.511811,,,0,,NOAA,2013-03-29T15:47:48.0770000-06:00,in
37,USC00051772,Snow,1954-02-16T00:00:00.0000000-07:00,0.000000,,,0,,NOAA,2013-03-29T15:47:48.0770000-06:00,in
37,USC00051772,Snow,1954-02-17T00:00:00.0000000-07:00,0.000000,,,0,,NOAA,2013-03-29T15:47:48.0770000-06:00,in
37,USC00051772,Snow,1954-02-18T00:00:00.0000000-07:00,0.118110,,,0,,NOAA,2013-03-29T15:47:48.0770000-06:00,in
37,USC00051772,Snow,1954-02-19T00:00:00.0000000-07:00,0.000000,T,,0,,NOAA,2013-03-29T15:47:48.0770000-06:00,in
37,USC00051772,Snow,1954-02-20T00:00:00.0000000-07:00,0.000000,,,0,,NOAA,2013-03-29T15:47:48.0770000-06:00,in
37,USC00051772,Snow,1954-02-21T00:00:00.0000000-07:00,0.000000,,,0,,NOAA,2013-03-29T15:47:48.0770000-06:00,in
37,USC00051772,Snow,1954-02-22T00:00:00.0000000-07:00,0.000000,,,0,,NOAA,2013-03-29T15:47:48.0770000-06:00,in
37,USC00051772,Snow,1954-02-23T00:00:00.0000000-07:00,0.000000,,,0,,NOAA,2013-03-29T15:47:48.0770000-06:00,in
37,USC00051772,Snow,1954-02-24T00:00:00.0000000-07:00,0.000000,,,0,,NOAA,2013-03-29T15:47:48.0770000-06:00,in
37,USC00051772,Snow,1954-02-25T00:00:00.0000000-07:00,0.000000,,,0,,NOAA,2013-03-29T15:47:48.0770000-06:00,in
37,USC00051772,Snow,1954-02-26T00:00:00.0000000-07:00,0.000000,,,0,,NOAA,2013-03-29T15:47:48.0770000-06:00,in
37,USC00051772,Snow,1954-02-27T00:00:00.0000000-07:00,0.000000,,,0,,NOAA,2013-03-29T15:47:48.0770000-06:00,in
37,USC00051772,Snow,1954-02-28T00:00:00.0000000-07:00,0.000000,,,0,,NOAA,2013-03-29T15:47:48.0770000-06:00,in
37,USC00051772,Snow,1954-03-01T00:00:00.0000000-07:00,0.000000,,,0,,NOAA,2013-03-29T15:47:48.0770000-06:00,in
37,USC00051772,Snow,1954-03-02T00:00:00.0000000-07:00,0.000000,,,0,,NOAA,2013-03-29T15:47:48.0770000-06:00,in
37,USC00051772,Snow,1954-03-03T00:00:00.0000000-07:00,0.000000,,,0,,NOAA,2013-03-29T15:47:48.0770000-06:00,in
37,USC00051772,Snow,1954-03-04T00:00:00.0000000-07:00,0.000000,,,0,,NOAA,2013-03-29T15:47:48.0770000-06:00,in
37,USC00051772,Snow,1954-03-05T00:00:00.0000000-07:00,0.000000,,,0,,NOAA,2013-03-29T15:47:48.0770000-06:00,in
37,USC00051772,Snow,1954-03-06T00:00:00.0000000-07:00,0.000000,,,0,,NOAA,2013-03-29T15:47:48.0770000-06:00,in
37,USC00051772,Snow,1954-03-07T00:00:00.0000000-07:00,0.000000,,,0,,NOAA,2013-03-29T15:47:48.0770000-06:00,in
37,USC00051772,Snow,1954-03-08T00:00:00.0000000-07:00,0.000000,,,0,,NOAA,2013-03-29T15:47:48.0770000-06:00,in
37,USC00051772,Snow,1954-03-09T00:00:00.0000000-07:00,0.000000,,,0,,NOAA,2013-03-29T15:47:48.0770000-06:00,in
37,USC00051772,Snow,1954-03-10T00:00:00.0000000-07:00,0.000000,,,0,,NOAA,2013-03-29T15:47:48.0770000-06:00,in
37,USC00051772,Snow,1954-03-11T00:00:00.0000000-07:00,2.519685,,,0,,NOAA,2013-03-29T15:47:48.0770000-06:00,in
37,USC00051772,Snow,1954-03-12T00:00:00.0000000-07:00,0.000000,,,0,,NOAA,2013-03-29T15:47:48.0770000-06:00,in
37,USC00051772,Snow,1954-03-13T00:00:00.0000000-07:00,0.000000,,,0,,NOAA,2013-03-29T15:47:48.0770000-06:00,in
37,USC00051772,Snow,1954-03-14T00:00:00.0000000-07:00,0.000000,,,0,,NOAA,2013-03-29T15:47:48.0770000-06:00,in
37,USC00051772,Snow,1954-03-15T00:00:00.0000000-07:00,0.000000,,,0,,NOAA,2013-03-29T15:47:48.0770000-06:00,in
37,USC00051772,Snow,1954-03-16T00:00:00.0000000-07:00,0.000000,,,0,,NOAA,2013-03-29T15:47:48.0770000-06:00,in
37,USC00051772,Snow,1954-03-17T00:00:00.0000000-07:00,0.511811,,,0,,NOAA,2013-03-29T15:47:48.0770000-06:00,in
37,USC00051772,Snow,1954-03-18T00:00:00.0000000-07:00,0.000000,T,,0,,NOAA,2013-03-29T15:47:48.0770000-06:00,in
37,USC00051772,Snow,1954-03-19T00:00:00.0000000-07:00,0.000000,,,0,,NOAA,2013-03-29T15:47:48.0770000-06:00,in
37,USC00051772,Snow,1954-03-20T00:00:00.0000000-07:00,0.000000,T,,0,,NOAA,2013-03-29T15:47:48.0770000-06:00,in
37,USC00051772,Snow,1954-03-21T00:00:00.0000000-07:00,0.000000,,,0,,NOAA,2013-03-29T15:47:48.0770000-06:00,in
37,USC00051772,Snow,1954-03-22T00:00:00.0000000-07:00,0.000000,,,0,,NOAA,2013-03-29T15:47:48.0770000-06:00,in
37,USC00051772,Snow,1954-03-23T00:00:00.0000000-07:00,0.000000,,,0,,NOAA,2013-03-29T15:47:48.0770000-06:00,in
37,USC00051772,Snow,1954-03-24T00:00:00.0000000-07:00,0.000000,,,0,,NOAA,2013-03-29T15:47:48.0770000-06:00,in
37,USC00051772,Snow,1954-03-25T00:00:00.0000000-07:00,0.000000,,,0,,NOAA,2013-03-29T15:47:48.0770000-06:00,in
37,USC00051772,Snow,1954-03-26T00:00:00.0000000-07:00,0.000000,,,0,,NOAA,2013-03-29T15:47:48.0770000-06:00,in
37,USC00051772,Snow,1954-03-27T00:00:00.0000000-07:00,0.000000,,,0,,NOAA,2013-03-29T15:47:48.0770000-06:00,in
37,USC00051772,Snow,1954-03-28T00:00:00.0000000-07:00,0.000000,,,0,,NOAA,2013-03-29T15:47:48.0770000-06:00,in
37,USC00051772,Snow,1954-03-29T00:00:00.0000000-07:00,0.000000,,,0,,NOAA,2013-03-29T15:47:48.0770000-06:00,in
37,USC00051772,Snow,1954-03-30T00:00:00.0000000-07:00,0.000000,T,,0,,NOAA,2013-03-29T15:47:48.0770000-06:00,in
37,USC00051772,Snow,1954-03-31T00:00:00.0000000-07:00,0.393701,,,0,,NOAA,2013-03-29T15:47:48.0770000-06:00,in
37,USC00051772,Snow,1954-04-01T00:00:00.0000000-07:00,0.000000,,,0,,NOAA,2013-03-29T15:47:48.0770000-06:00,in
37,USC00051772,Snow,1954-04-02T00:00:00.0000000-07:00,0.000000,,,0,,NOAA,2013-03-29T15:47:48.0770000-06:00,in
37,USC00051772,Snow,1954-04-03T00:00:00.0000000-07:00,0.000000,,,0,,NOAA,2013-03-29T15:47:48.0770000-06:00,in
37,USC00051772,Snow,1954-04-04T00:00:00.0000000-07:00,0.000000,,,0,,NOAA,2013-03-29T15:47:48.0770000-06:00,in
37,USC00051772,Snow,1954-04-05T00:00:00.0000000-06:00,0.000000,,,0,,NOAA,2013-03-29T15:47:48.0770000-06:00,in
37,USC00051772,Snow,1954-04-06T00:00:00.0000000-06:00,0.000000,,,0,,NOAA,2013-03-29T15:47:48.0770000-06:00,in
37,USC00051772,Snow,1954-04-07T00:00:00.0000000-06:00,0.000000,,,0,,NOAA,2013-03-29T15:47:48.0770000-06:00,in
37,USC00051772,Snow,1954-04-08T00:00:00.0000000-06:00,0.000000,,,0,,NOAA,2013-03-29T15:47:48.0770000-06:00,in
37,USC00051772,Snow,1954-04-09T00:00:00.0000000-06:00,0.000000,,,0,,NOAA,2013-03-29T15:47:48.0770000-06:00,in
37,USC00051772,Snow,1954-04-10T00:00:00.0000000-06:00,0.000000,,,0,,NOAA,2013-03-29T15:47:48.0770000-06:00,in
37,USC00051772,Snow,1954-04-11T00:00:00.0000000-06:00,0.000000,,,0,,NOAA,2013-03-29T15:47:48.0770000-06:00,in
37,USC00051772,Snow,1954-04-12T00:00:00.0000000-06:00,0.000000,,,0,,NOAA,2013-03-29T15:47:48.0770000-06:00,in
37,USC00051772,Snow,1954-04-13T00:00:00.0000000-06:00,0.000000,,,0,,NOAA,2013-03-29T15:47:48.0770000-06:00,in
37,USC00051772,Snow,1954-04-14T00:00:00.0000000-06:00,0.000000,,,0,,NOAA,2013-03-29T15:47:48.0770000-06:00,in
37,USC00051772,Snow,1954-04-15T00:00:00.0000000-06:00,0.000000,,,0,,NOAA,2013-03-29T15:47:48.0770000-06:00,in
37,USC00051772,Snow,1954-04-16T00:00:00.0000000-06:00,0.000000,,,0,,NOAA,2013-03-29T15:47:48.0770000-06:00,in
37,USC00051772,Snow,1954-04-17T00:00:00.0000000-06:00,0.000000,,,0,,NOAA,2013-03-29T15:47:48.0770000-06:00,in
37,USC00051772,Snow,1954-04-18T00:00:00.0000000-06:00,0.000000,,,0,,NOAA,2013-03-29T15:47:48.0770000-06:00,in
37,USC00051772,Snow,1954-04-19T00:00:00.0000000-06:00,0.000000,,,0,,NOAA,2013-03-29T15:47:48.0770000-06:00,in
37,USC00051772,Snow,1954-04-20T00:00:00.0000000-06:00,0.000000,,,0,,NOAA,2013-03-29T15:47:48.0770000-06:00,in
37,USC00051772,Snow,1954-04-21T00:00:00.0000000-06:00,0.000000,,,0,,NOAA,2013-03-29T15:47:48.0770000-06:00,in
37,USC00051772,Snow,1954-04-22T00:00:00.0000000-06:00,0.000000,,,0,,NOAA,2013-03-29T15:47:48.0770000-06:00,in
37,USC00051772,Snow,1954-04-23T00:00:00.0000000-06:00,0.000000,,,0,,NOAA,2013-03-29T15:47:48.0770000-06:00,in
37,USC00051772,Snow,1954-04-24T00:00:00.0000000-06:00,0.000000,,,0,,NOAA,2013-03-29T15:47:48.0770000-06:00,in
37,USC00051772,Snow,1954-04-25T00:00:00.0000000-06:00,0.000000,,,0,,NOAA,2013-03-29T15:47:48.0770000-06:00,in
37,USC00051772,Snow,1954-04-26T00:00:00.0000000-06:00,0.000000,,,0,,NOAA,2013-03-29T15:47:48.0770000-06:00,in
37,USC00051772,Snow,1954-04-27T00:00:00.0000000-06:00,0.000000,,,0,,NOAA,2013-03-29T15:47:48.0770000-06:00,in
37,USC00051772,Snow,1954-04-28T00:00:00.0000000-06:00,0.000000,,,0,,NOAA,2013-03-29T15:47:48.0770000-06:00,in
37,USC00051772,Snow,1954-04-29T00:00:00.0000000-06:00,0.000000,,,0,,NOAA,2013-03-29T15:47:48.0770000-06:00,in
37,USC00051772,Snow,1954-04-30T00:00:00.0000000-06:00,0.000000,T,,0,,NOAA,2013-03-29T15:47:48.0770000-06:00,in
37,USC00051772,Snow,1954-05-01T00:00:00.0000000-06:00,0.000000,,,0,,NOAA,2013-03-29T15:47:48.0770000-06:00,in
37,USC00051772,Snow,1954-05-02T00:00:00.0000000-06:00,0.000000,,,0,,NOAA,2013-03-29T15:47:48.0770000-06:00,in
37,USC00051772,Snow,1954-05-03T00:00:00.0000000-06:00,0.000000,,,0,,NOAA,2013-03-29T15:47:48.0770000-06:00,in
37,USC00051772,Snow,1954-05-04T00:00:00.0000000-06:00,0.000000,,,0,,NOAA,2013-03-29T15:47:48.0770000-06:00,in
37,USC00051772,Snow,1954-05-05T00:00:00.0000000-06:00,0.000000,,,0,,NOAA,2013-03-29T15:47:48.0770000-06:00,in
37,USC00051772,Snow,1954-05-06T00:00:00.0000000-06:00,0.000000,,,0,,NOAA,2013-03-29T15:47:48.0770000-06:00,in
37,USC00051772,Snow,1954-05-07T00:00:00.0000000-06:00,0.000000,,,0,,NOAA,2013-03-29T15:47:48.0770000-06:00,in
37,USC00051772,Snow,1954-05-08T00:00:00.0000000-06:00,0.000000,,,0,,NOAA,2013-03-29T15:47:48.0770000-06:00,in
37,USC00051772,Snow,1954-05-09T00:00:00.0000000-06:00,0.000000,,,0,,NOAA,2013-03-29T15:47:48.0770000-06:00,in
37,USC00051772,Snow,1954-05-10T00:00:00.0000000-06:00,0.000000,,,0,,NOAA,2013-03-29T15:47:48.0770000-06:00,in
37,USC00051772,Snow,1954-05-11T00:00:00.0000000-06:00,0.000000,,,0,,NOAA,2013-03-29T15:47:48.0770000-06:00,in
37,USC00051772,Snow,1954-05-12T00:00:00.0000000-06:00,0.000000,,,0,,NOAA,2013-03-29T15:47:48.0770000-06:00,in
37,USC00051772,Snow,1954-05-13T00:00:00.0000000-06:00,0.000000,,,0,,NOAA,2013-03-29T15:47:48.0770000-06:00,in
37,USC00051772,Snow,1954-05-14T00:00:00.0000000-06:00,0.000000,,,0,,NOAA,2013-03-29T15:47:48.0770000-06:00,in
37,USC00051772,Snow,1954-05-15T00:00:00.0000000-06:00,0.000000,,,0,,NOAA,2013-03-29T15:47:48.0770000-06:00,in
37,USC00051772,Snow,1954-05-16T00:00:00.0000000-06:00,0.000000,,,0,,NOAA,2013-03-29T15:47:48.0770000-06:00,in
37,USC00051772,Snow,1954-05-17T00:00:00.0000000-06:00,0.000000,,,0,,NOAA,2013-03-29T15:47:48.0770000-06:00,in
37,USC00051772,Snow,1954-05-18T00:00:00.0000000-06:00,0.000000,,,0,,NOAA,2013-03-29T15:47:48.0770000-06:00,in
37,USC00051772,Snow,1954-05-19T00:00:00.0000000-06:00,0.000000,,,0,,NOAA,2013-03-29T15:47:48.0770000-06:00,in
37,USC00051772,Snow,1954-05-20T00:00:00.0000000-06:00,0.000000,,,0,,NOAA,2013-03-29T15:47:48.0770000-06:00,in
37,USC00051772,Snow,1954-05-21T00:00:00.0000000-06:00,0.000000,,,0,,NOAA,2013-03-29T15:47:48.0770000-06:00,in
37,USC00051772,Snow,1954-05-22T00:00:00.0000000-06:00,0.000000,,,0,,NOAA,2013-03-29T15:47:48.0770000-06:00,in
37,USC00051772,Snow,1954-05-23T00:00:00.0000000-06:00,0.000000,,,0,,NOAA,2013-03-29T15:47:48.0770000-06:00,in
37,USC00051772,Snow,1954-05-24T00:00:00.0000000-06:00,0.000000,,,0,,NOAA,2013-03-29T15:47:48.0770000-06:00,in
37,USC00051772,Snow,1954-05-25T00:00:00.0000000-06:00,0.000000,,,0,,NOAA,2013-03-29T15:47:48.0770000-06:00,in
37,USC00051772,Snow,1954-05-26T00:00:00.0000000-06:00,0.000000,,,0,,NOAA,2013-03-29T15:47:48.0770000-06:00,in
37,USC00051772,Snow,1954-05-27T00:00:00.0000000-06:00,0.000000,,,0,,NOAA,2013-03-29T15:47:48.0770000-06:00,in
37,USC00051772,Snow,1954-05-28T00:00:00.0000000-06:00,0.000000,,,0,,NOAA,2013-03-29T15:47:48.0770000-06:00,in
37,USC00051772,Snow,1954-05-29T00:00:00.0000000-06:00,0.000000,,,0,,NOAA,2013-03-29T15:47:48.0770000-06:00,in
37,USC00051772,Snow,1954-05-30T00:00:00.0000000-06:00,0.000000,,,0,,NOAA,2013-03-29T15:47:48.0770000-06:00,in
37,USC00051772,Snow,1954-05-31T00:00:00.0000000-06:00,0.000000,,,0,,NOAA,2013-03-29T15:47:48.0770000-06:00,in
37,USC00051772,Snow,1954-06-01T00:00:00.0000000-06:00,0.000000,,,0,,NOAA,2013-03-29T15:47:48.0770000-06:00,in
37,USC00051772,Snow,1954-06-02T00:00:00.0000000-06:00,0.000000,,,0,,NOAA,2013-03-29T15:47:48.0770000-06:00,in
37,USC00051772,Snow,1954-06-03T00:00:00.0000000-06:00,0.000000,,,0,,NOAA,2013-03-29T15:47:48.0770000-06:00,in
37,USC00051772,Snow,1954-06-04T00:00:00.0000000-06:00,0.000000,,,0,,NOAA,2013-03-29T15:47:48.0770000-06:00,in
37,USC00051772,Snow,1954-06-05T00:00:00.0000000-06:00,0.000000,,,0,,NOAA,2013-03-29T15:47:48.0770000-06:00,in
37,USC00051772,Snow,1954-06-06T00:00:00.0000000-06:00,0.000000,T,,0,,NOAA,2013-03-29T15:47:48.0770000-06:00,in
37,USC00051772,Snow,1954-06-07T00:00:00.0000000-06:00,0.000000,,,0,,NOAA,2013-03-29T15:47:48.0770000-06:00,in
37,USC00051772,Snow,1954-06-08T00:00:00.0000000-06:00,0.000000,,,0,,NOAA,2013-03-29T15:47:48.0770000-06:00,in
37,USC00051772,Snow,1954-06-09T00:00:00.0000000-06:00,0.000000,,,0,,NOAA,2013-03-29T15:47:48.0770000-06:00,in
37,USC00051772,Snow,1954-06-10T00:00:00.0000000-06:00,0.000000,,,0,,NOAA,2013-03-29T15:47:48.0770000-06:00,in
37,USC00051772,Snow,1954-06-11T00:00:00.0000000-06:00,0.000000,,,0,,NOAA,2013-03-29T15:47:48.0770000-06:00,in
37,USC00051772,Snow,1954-06-12T00:00:00.0000000-06:00,0.000000,,,0,,NOAA,2013-03-29T15:47:48.0770000-06:00,in
37,USC00051772,Snow,1954-06-13T00:00:00.0000000-06:00,0.000000,,,0,,NOAA,2013-03-29T15:47:48.0770000-06:00,in
37,USC00051772,Snow,1954-06-14T00:00:00.0000000-06:00,0.000000,,,0,,NOAA,2013-03-29T15:47:48.0770000-06:00,in
37,USC00051772,Snow,1954-06-15T00:00:00.0000000-06:00,0.000000,,,0,,NOAA,2013-03-29T15:47:48.0770000-06:00,in
37,USC00051772,Snow,1954-06-16T00:00:00.0000000-06:00,0.000000,,,0,,NOAA,2013-03-29T15:47:48.0770000-06:00,in
37,USC00051772,Snow,1954-06-17T00:00:00.0000000-06:00,0.000000,,,0,,NOAA,2013-03-29T15:47:48.0770000-06:00,in
37,USC00051772,Snow,1954-06-18T00:00:00.0000000-06:00,0.000000,,,0,,NOAA,2013-03-29T15:47:48.0770000-06:00,in
37,USC00051772,Snow,1954-06-19T00:00:00.0000000-06:00,0.000000,,,0,,NOAA,2013-03-29T15:47:48.0770000-06:00,in
37,USC00051772,Snow,1954-06-20T00:00:00.0000000-06:00,0.000000,,,0,,NOAA,2013-03-29T15:47:48.0770000-06:00,in
37,USC00051772,Snow,1954-06-21T00:00:00.0000000-06:00,0.000000,,,0,,NOAA,2013-03-29T15:47:48.0770000-06:00,in
37,USC00051772,Snow,1954-06-22T00:00:00.0000000-06:00,0.000000,,,0,,NOAA,2013-03-29T15:47:48.0770000-06:00,in
37,USC00051772,Snow,1954-06-23T00:00:00.0000000-06:00,0.000000,,,0,,NOAA,2013-03-29T15:47:48.0770000-06:00,in
37,USC00051772,Snow,1954-06-24T00:00:00.0000000-06:00,0.000000,,,0,,NOAA,2013-03-29T15:47:48.0770000-06:00,in
37,USC00051772,Snow,1954-06-25T00:00:00.0000000-06:00,0.000000,,,0,,NOAA,2013-03-29T15:47:48.0770000-06:00,in
37,USC00051772,Snow,1954-06-26T00:00:00.0000000-06:00,0.000000,,,0,,NOAA,2013-03-29T15:47:48.0770000-06:00,in
37,USC00051772,Snow,1954-06-27T00:00:00.0000000-06:00,0.000000,,,0,,NOAA,2013-03-29T15:47:48.0770000-06:00,in
37,USC00051772,Snow,1954-06-28T00:00:00.0000000-06:00,0.000000,,,0,,NOAA,2013-03-29T15:47:48.0770000-06:00,in
37,USC00051772,Snow,1954-06-29T00:00:00.0000000-06:00,0.000000,,,0,,NOAA,2013-03-29T15:47:48.0770000-06:00,in
37,USC00051772,Snow,1954-06-30T00:00:00.0000000-06:00,0.000000,T,,0,,NOAA,2013-03-29T15:47:48.0770000-06:00,in
37,USC00051772,Snow,1954-07-01T00:00:00.0000000-06:00,0.000000,,,0,,NOAA,2013-03-29T15:47:48.0770000-06:00,in
37,USC00051772,Snow,1954-07-02T00:00:00.0000000-06:00,0.000000,,,0,,NOAA,2013-03-29T15:47:48.0770000-06:00,in
37,USC00051772,Snow,1954-07-03T00:00:00.0000000-06:00,0.000000,,,0,,NOAA,2013-03-29T15:47:48.0770000-06:00,in
37,USC00051772,Snow,1954-07-04T00:00:00.0000000-06:00,0.000000,,,0,,NOAA,2013-03-29T15:47:48.0770000-06:00,in
37,USC00051772,Snow,1954-07-05T00:00:00.0000000-06:00,0.000000,,,0,,NOAA,2013-03-29T15:47:48.0770000-06:00,in
37,USC00051772,Snow,1954-07-06T00:00:00.0000000-06:00,0.000000,,,0,,NOAA,2013-03-29T15:47:48.0770000-06:00,in
37,USC00051772,Snow,1954-07-07T00:00:00.0000000-06:00,0.000000,,,0,,NOAA,2013-03-29T15:47:48.0770000-06:00,in
37,USC00051772,Snow,1954-07-08T00:00:00.0000000-06:00,0.000000,,,0,,NOAA,2013-03-29T15:47:48.0770000-06:00,in
37,USC00051772,Snow,1954-07-09T00:00:00.0000000-06:00,0.000000,,,0,,NOAA,2013-03-29T15:47:48.0770000-06:00,in
37,USC00051772,Snow,1954-07-10T00:00:00.0000000-06:00,0.000000,,,0,,NOAA,2013-03-29T15:47:48.0770000-06:00,in
37,USC00051772,Snow,1954-07-11T00:00:00.0000000-06:00,0.000000,,,0,,NOAA,2013-03-29T15:47:48.0770000-06:00,in
37,USC00051772,Snow,1954-07-12T00:00:00.0000000-06:00,0.000000,,,0,,NOAA,2013-03-29T15:47:48.0770000-06:00,in
37,USC00051772,Snow,1954-07-13T00:00:00.0000000-06:00,0.000000,,,0,,NOAA,2013-03-29T15:47:48.0770000-06:00,in
37,USC00051772,Snow,1954-07-14T00:00:00.0000000-06:00,0.000000,,,0,,NOAA,2013-03-29T15:47:48.0770000-06:00,in
37,USC00051772,Snow,1954-07-15T00:00:00.0000000-06:00,0.000000,,,0,,NOAA,2013-03-29T15:47:48.0770000-06:00,in
37,USC00051772,Snow,1954-07-16T00:00:00.0000000-06:00,0.000000,,,0,,NOAA,2013-03-29T15:47:48.0770000-06:00,in
37,USC00051772,Snow,1954-07-17T00:00:00.0000000-06:00,0.000000,,,0,,NOAA,2013-03-29T15:47:48.0770000-06:00,in
37,USC00051772,Snow,1954-07-18T00:00:00.0000000-06:00,0.000000,,,0,,NOAA,2013-03-29T15:47:48.0770000-06:00,in
37,USC00051772,Snow,1954-07-19T00:00:00.0000000-06:00,0.000000,,,0,,NOAA,2013-03-29T15:47:48.0770000-06:00,in
37,USC00051772,Snow,1954-07-20T00:00:00.0000000-06:00,0.000000,,,0,,NOAA,2013-03-29T15:47:48.0770000-06:00,in
37,USC00051772,Snow,1954-07-21T00:00:00.0000000-06:00,0.000000,,,0,,NOAA,2013-03-29T15:47:48.0770000-06:00,in
37,USC00051772,Snow,1954-07-22T00:00:00.0000000-06:00,0.000000,,,0,,NOAA,2013-03-29T15:47:48.0770000-06:00,in
37,USC00051772,Snow,1954-07-23T00:00:00.0000000-06:00,0.000000,,,0,,NOAA,2013-03-29T15:47:48.0770000-06:00,in
37,USC00051772,Snow,1954-07-24T00:00:00.0000000-06:00,0.000000,,,0,,NOAA,2013-03-29T15:47:48.0770000-06:00,in
37,USC00051772,Snow,1954-07-25T00:00:00.0000000-06:00,0.000000,,,0,,NOAA,2013-03-29T15:47:48.0770000-06:00,in
37,USC00051772,Snow,1954-07-26T00:00:00.0000000-06:00,0.000000,,,0,,NOAA,2013-03-29T15:47:48.0770000-06:00,in
37,USC00051772,Snow,1954-07-27T00:00:00.0000000-06:00,0.000000,,,0,,NOAA,2013-03-29T15:47:48.0770000-06:00,in
37,USC00051772,Snow,1954-07-28T00:00:00.0000000-06:00,0.000000,,,0,,NOAA,2013-03-29T15:47:48.0770000-06:00,in
37,USC00051772,Snow,1954-07-29T00:00:00.0000000-06:00,0.000000,,,0,,NOAA,2013-03-29T15:47:48.0770000-06:00,in
37,USC00051772,Snow,1954-07-30T00:00:00.0000000-06:00,0.000000,,,0,,NOAA,2013-03-29T15:47:48.0770000-06:00,in
37,USC00051772,Snow,1954-07-31T00:00:00.0000000-06:00,0.000000,,,0,,NOAA,2013-03-29T15:47:48.0770000-06:00,in
37,USC00051772,Snow,1954-08-01T00:00:00.0000000-06:00,0.000000,,,0,,NOAA,2013-03-29T15:47:48.0770000-06:00,in
37,USC00051772,Snow,1954-08-02T00:00:00.0000000-06:00,0.000000,,,0,,NOAA,2013-03-29T15:47:48.0770000-06:00,in
37,USC00051772,Snow,1954-08-03T00:00:00.0000000-06:00,0.000000,,,0,,NOAA,2013-03-29T15:47:48.0770000-06:00,in
37,USC00051772,Snow,1954-08-04T00:00:00.0000000-06:00,0.000000,,,0,,NOAA,2013-03-29T15:47:48.0770000-06:00,in
37,USC00051772,Snow,1954-08-05T00:00:00.0000000-06:00,0.000000,,,0,,NOAA,2013-03-29T15:47:48.0770000-06:00,in
37,USC00051772,Snow,1954-08-06T00:00:00.0000000-06:00,0.000000,,,0,,NOAA,2013-03-29T15:47:48.0770000-06:00,in
37,USC00051772,Snow,1954-08-07T00:00:00.0000000-06:00,0.000000,,,0,,NOAA,2013-03-29T15:47:48.0770000-06:00,in
37,USC00051772,Snow,1954-08-08T00:00:00.0000000-06:00,0.000000,,,0,,NOAA,2013-03-29T15:47:48.0770000-06:00,in
37,USC00051772,Snow,1954-08-09T00:00:00.0000000-06:00,0.000000,,,0,,NOAA,2013-03-29T15:47:48.0770000-06:00,in
37,USC00051772,Snow,1954-08-10T00:00:00.0000000-06:00,0.000000,,,0,,NOAA,2013-03-29T15:47:48.0770000-06:00,in
37,USC00051772,Snow,1954-08-11T00:00:00.0000000-06:00,0.000000,,,0,,NOAA,2013-03-29T15:47:48.0770000-06:00,in
37,USC00051772,Snow,1954-08-12T00:00:00.0000000-06:00,0.000000,,,0,,NOAA,2013-03-29T15:47:48.0770000-06:00,in
37,USC00051772,Snow,1954-08-13T00:00:00.0000000-06:00,0.000000,,,0,,NOAA,2013-03-29T15:47:48.0770000-06:00,in
37,USC00051772,Snow,1954-08-14T00:00:00.0000000-06:00,0.000000,,,0,,NOAA,2013-03-29T15:47:48.0770000-06:00,in
37,USC00051772,Snow,1954-08-15T00:00:00.0000000-06:00,0.000000,,,0,,NOAA,2013-03-29T15:47:48.0770000-06:00,in
37,USC00051772,Snow,1954-08-16T00:00:00.0000000-06:00,0.000000,,,0,,NOAA,2013-03-29T15:47:48.0770000-06:00,in
37,USC00051772,Snow,1954-08-17T00:00:00.0000000-06:00,0.000000,,,0,,NOAA,2013-03-29T15:47:48.0770000-06:00,in
37,USC00051772,Snow,1954-08-18T00:00:00.0000000-06:00,0.000000,,,0,,NOAA,2013-03-29T15:47:48.0770000-06:00,in
37,USC00051772,Snow,1954-08-19T00:00:00.0000000-06:00,0.000000,,,0,,NOAA,2013-03-29T15:47:48.0770000-06:00,in
37,USC00051772,Snow,1954-08-20T00:00:00.0000000-06:00,0.000000,,,0,,NOAA,2013-03-29T15:47:48.0770000-06:00,in
37,USC00051772,Snow,1954-08-21T00:00:00.0000000-06:00,0.000000,,,0,,NOAA,2013-03-29T15:47:48.0770000-06:00,in
37,USC00051772,Snow,1954-08-22T00:00:00.0000000-06:00,0.000000,,,0,,NOAA,2013-03-29T15:47:48.0770000-06:00,in
37,USC00051772,Snow,1954-08-23T00:00:00.0000000-06:00,0.000000,,,0,,NOAA,2013-03-29T15:47:48.0770000-06:00,in
37,USC00051772,Snow,1954-08-24T00:00:00.0000000-06:00,0.000000,,,0,,NOAA,2013-03-29T15:47:48.0770000-06:00,in
37,USC00051772,Snow,1954-08-25T00:00:00.0000000-06:00,0.000000,,,0,,NOAA,2013-03-29T15:47:48.0770000-06:00,in
37,USC00051772,Snow,1954-08-26T00:00:00.0000000-06:00,0.000000,,,0,,NOAA,2013-03-29T15:47:48.0770000-06:00,in
37,USC00051772,Snow,1954-08-27T00:00:00.0000000-06:00,0.000000,,,0,,NOAA,2013-03-29T15:47:48.0770000-06:00,in
37,USC00051772,Snow,1954-08-28T00:00:00.0000000-06:00,0.000000,,,0,,NOAA,2013-03-29T15:47:48.0770000-06:00,in
37,USC00051772,Snow,1954-08-29T00:00:00.0000000-06:00,0.000000,,,0,,NOAA,2013-03-29T15:47:48.0770000-06:00,in
37,USC00051772,Snow,1954-08-30T00:00:00.0000000-06:00,0.000000,,,0,,NOAA,2013-03-29T15:47:48.0770000-06:00,in
37,USC00051772,Snow,1954-08-31T00:00:00.0000000-06:00,0.000000,,,0,,NOAA,2013-03-29T15:47:48.0770000-06:00,in
37,USC00051772,Snow,1954-09-01T00:00:00.0000000-06:00,0.000000,,,0,,NOAA,2013-03-29T15:47:48.0770000-06:00,in
37,USC00051772,Snow,1954-09-02T00:00:00.0000000-06:00,0.000000,,,0,,NOAA,2013-03-29T15:47:48.0770000-06:00,in
37,USC00051772,Snow,1954-09-03T00:00:00.0000000-06:00,0.000000,,,0,,NOAA,2013-03-29T15:47:48.0770000-06:00,in
37,USC00051772,Snow,1954-09-04T00:00:00.0000000-06:00,0.000000,,,0,,NOAA,2013-03-29T15:47:48.0770000-06:00,in
37,USC00051772,Snow,1954-09-05T00:00:00.0000000-06:00,0.000000,,,0,,NOAA,2013-03-29T15:47:48.0770000-06:00,in
37,USC00051772,Snow,1954-09-06T00:00:00.0000000-06:00,0.000000,,,0,,NOAA,2013-03-29T15:47:48.0770000-06:00,in
37,USC00051772,Snow,1954-09-07T00:00:00.0000000-06:00,0.000000,,,0,,NOAA,2013-03-29T15:47:48.0770000-06:00,in
37,USC00051772,Snow,1954-09-08T00:00:00.0000000-06:00,0.000000,,,0,,NOAA,2013-03-29T15:47:48.0770000-06:00,in
37,USC00051772,Snow,1954-09-09T00:00:00.0000000-06:00,0.000000,,,0,,NOAA,2013-03-29T15:47:48.0770000-06:00,in
37,USC00051772,Snow,1954-09-10T00:00:00.0000000-06:00,0.000000,,,0,,NOAA,2013-03-29T15:47:48.0770000-06:00,in
37,USC00051772,Snow,1954-09-11T00:00:00.0000000-06:00,0.000000,,,0,,NOAA,2013-03-29T15:47:48.0770000-06:00,in
37,USC00051772,Snow,1954-09-12T00:00:00.0000000-06:00,0.000000,,,0,,NOAA,2013-03-29T15:47:48.0770000-06:00,in
37,USC00051772,Snow,1954-09-13T00:00:00.0000000-06:00,0.000000,,,0,,NOAA,2013-03-29T15:47:48.0770000-06:00,in
37,USC00051772,Snow,1954-09-14T00:00:00.0000000-06:00,0.000000,,,0,,NOAA,2013-03-29T15:47:48.0770000-06:00,in
37,USC00051772,Snow,1954-09-15T00:00:00.0000000-06:00,0.000000,,,0,,NOAA,2013-03-29T15:47:48.0770000-06:00,in
37,USC00051772,Snow,1954-09-16T00:00:00.0000000-06:00,0.000000,,,0,,NOAA,2013-03-29T15:47:48.0770000-06:00,in
37,USC00051772,Snow,1954-09-17T00:00:00.0000000-06:00,0.000000,,,0,,NOAA,2013-03-29T15:47:48.0770000-06:00,in
37,USC00051772,Snow,1954-09-18T00:00:00.0000000-06:00,0.000000,,,0,,NOAA,2013-03-29T15:47:48.0770000-06:00,in
37,USC00051772,Snow,1954-09-19T00:00:00.0000000-06:00,0.000000,,,0,,NOAA,2013-03-29T15:47:48.0770000-06:00,in
37,USC00051772,Snow,1954-09-20T00:00:00.0000000-06:00,0.000000,,,0,,NOAA,2013-03-29T15:47:48.0770000-06:00,in
37,USC00051772,Snow,1954-09-21T00:00:00.0000000-06:00,0.000000,,,0,,NOAA,2013-03-29T15:47:48.0770000-06:00,in
37,USC00051772,Snow,1954-09-22T00:00:00.0000000-06:00,0.000000,,,0,,NOAA,2013-03-29T15:47:48.0770000-06:00,in
37,USC00051772,Snow,1954-09-23T00:00:00.0000000-06:00,0.000000,,,0,,NOAA,2013-03-29T15:47:48.0770000-06:00,in
37,USC00051772,Snow,1954-09-24T00:00:00.0000000-06:00,0.000000,,,0,,NOAA,2013-03-29T15:47:48.0770000-06:00,in
37,USC00051772,Snow,1954-09-25T00:00:00.0000000-06:00,0.000000,,,0,,NOAA,2013-03-29T15:47:48.0770000-06:00,in
37,USC00051772,Snow,1954-09-26T00:00:00.0000000-06:00,0.000000,,,0,,NOAA,2013-03-29T15:47:48.0770000-06:00,in
37,USC00051772,Snow,1954-09-27T00:00:00.0000000-06:00,0.000000,,,0,,NOAA,2013-03-29T15:47:48.0770000-06:00,in
37,USC00051772,Snow,1954-09-28T00:00:00.0000000-06:00,0.000000,,,0,,NOAA,2013-03-29T15:47:48.0770000-06:00,in
37,USC00051772,Snow,1954-09-29T00:00:00.0000000-06:00,0.000000,,,0,,NOAA,2013-03-29T15:47:48.0770000-06:00,in
37,USC00051772,Snow,1954-09-30T00:00:00.0000000-06:00,0.000000,,,0,,NOAA,2013-03-29T15:47:48.0770000-06:00,in
37,USC00051772,Snow,1954-10-01T00:00:00.0000000-06:00,0.000000,,,0,,NOAA,2013-03-29T15:47:48.0770000-06:00,in
37,USC00051772,Snow,1954-10-02T00:00:00.0000000-06:00,0.000000,,,0,,NOAA,2013-03-29T15:47:48.0770000-06:00,in
37,USC00051772,Snow,1954-10-03T00:00:00.0000000-06:00,0.000000,,,0,,NOAA,2013-03-29T15:47:48.0770000-06:00,in
37,USC00051772,Snow,1954-10-04T00:00:00.0000000-06:00,0.000000,,,0,,NOAA,2013-03-29T15:47:48.0770000-06:00,in
37,USC00051772,Snow,1954-10-05T00:00:00.0000000-06:00,0.000000,,,0,,NOAA,2013-03-29T15:47:48.0770000-06:00,in
37,USC00051772,Snow,1954-10-06T00:00:00.0000000-06:00,0.000000,,,0,,NOAA,2013-03-29T15:47:48.0770000-06:00,in
37,USC00051772,Snow,1954-10-07T00:00:00.0000000-06:00,0.000000,,,0,,NOAA,2013-03-29T15:47:48.0770000-06:00,in
37,USC00051772,Snow,1954-10-08T00:00:00.0000000-06:00,0.000000,,,0,,NOAA,2013-03-29T15:47:48.0770000-06:00,in
37,USC00051772,Snow,1954-10-09T00:00:00.0000000-06:00,0.000000,,,0,,NOAA,2013-03-29T15:47:48.0770000-06:00,in
37,USC00051772,Snow,1954-10-10T00:00:00.0000000-06:00,0.000000,,,0,,NOAA,2013-03-29T15:47:48.0770000-06:00,in
37,USC00051772,Snow,1954-10-11T00:00:00.0000000-06:00,0.000000,,,0,,NOAA,2013-03-29T15:47:48.0770000-06:00,in
37,USC00051772,Snow,1954-10-12T00:00:00.0000000-06:00,0.000000,,,0,,NOAA,2013-03-29T15:47:48.0770000-06:00,in
37,USC00051772,Snow,1954-10-13T00:00:00.0000000-06:00,0.000000,,,0,,NOAA,2013-03-29T15:47:48.0770000-06:00,in
37,USC00051772,Snow,1954-10-14T00:00:00.0000000-06:00,0.000000,,,0,,NOAA,2013-03-29T15:47:48.0770000-06:00,in
37,USC00051772,Snow,1954-10-15T00:00:00.0000000-06:00,0.000000,,,0,,NOAA,2013-03-29T15:47:48.0770000-06:00,in
37,USC00051772,Snow,1954-10-16T00:00:00.0000000-06:00,0.000000,,,0,,NOAA,2013-03-29T15:47:48.0770000-06:00,in
37,USC00051772,Snow,1954-10-17T00:00:00.0000000-06:00,0.000000,,,0,,NOAA,2013-03-29T15:47:48.0770000-06:00,in
37,USC00051772,Snow,1954-10-18T00:00:00.0000000-06:00,0.000000,,,0,,NOAA,2013-03-29T15:47:48.0770000-06:00,in
37,USC00051772,Snow,1954-10-19T00:00:00.0000000-06:00,0.000000,,,0,,NOAA,2013-03-29T15:47:48.0770000-06:00,in
37,USC00051772,Snow,1954-10-20T00:00:00.0000000-06:00,0.000000,,,0,,NOAA,2013-03-29T15:47:48.0770000-06:00,in
37,USC00051772,Snow,1954-10-21T00:00:00.0000000-06:00,0.000000,,,0,,NOAA,2013-03-29T15:47:48.0770000-06:00,in
37,USC00051772,Snow,1954-10-22T00:00:00.0000000-06:00,0.000000,,,0,,NOAA,2013-03-29T15:47:48.0770000-06:00,in
37,USC00051772,Snow,1954-10-23T00:00:00.0000000-06:00,0.000000,,,0,,NOAA,2013-03-29T15:47:48.0770000-06:00,in
37,USC00051772,Snow,1954-10-24T00:00:00.0000000-06:00,0.000000,T,,0,,NOAA,2013-03-29T15:47:48.0770000-06:00,in
37,USC00051772,Snow,1954-10-25T00:00:00.0000000-06:00,0.000000,T,,0,,NOAA,2013-03-29T15:47:48.0770000-06:00,in
37,USC00051772,Snow,1954-10-26T00:00:00.0000000-06:00,0.000000,,,0,,NOAA,2013-03-29T15:47:48.0770000-06:00,in
37,USC00051772,Snow,1954-10-27T00:00:00.0000000-06:00,0.000000,,,0,,NOAA,2013-03-29T15:47:48.0770000-06:00,in
37,USC00051772,Snow,1954-10-28T00:00:00.0000000-06:00,0.000000,,,0,,NOAA,2013-03-29T15:47:48.0770000-06:00,in
37,USC00051772,Snow,1954-10-29T00:00:00.0000000-06:00,0.000000,,,0,,NOAA,2013-03-29T15:47:48.0770000-06:00,in
37,USC00051772,Snow,1954-10-30T00:00:00.0000000-06:00,0.000000,,,0,,NOAA,2013-03-29T15:47:48.0770000-06:00,in
37,USC00051772,Snow,1954-10-31T00:00:00.0000000-06:00,0.000000,,,0,,NOAA,2013-03-29T15:47:48.0770000-06:00,in
37,USC00051772,Snow,1954-11-01T00:00:00.0000000-07:00,0.000000,,,0,,NOAA,2013-03-29T15:47:48.0770000-06:00,in
37,USC00051772,Snow,1954-11-02T00:00:00.0000000-07:00,0.000000,,,0,,NOAA,2013-03-29T15:47:48.0770000-06:00,in
37,USC00051772,Snow,1954-11-03T00:00:00.0000000-07:00,0.000000,,,0,,NOAA,2013-03-29T15:47:48.0770000-06:00,in
37,USC00051772,Snow,1954-11-04T00:00:00.0000000-07:00,0.000000,,,0,,NOAA,2013-03-29T15:47:48.0770000-06:00,in
37,USC00051772,Snow,1954-11-05T00:00:00.0000000-07:00,0.000000,,,0,,NOAA,2013-03-29T15:47:48.0770000-06:00,in
37,USC00051772,Snow,1954-11-06T00:00:00.0000000-07:00,0.000000,,,0,,NOAA,2013-03-29T15:47:48.0770000-06:00,in
37,USC00051772,Snow,1954-11-07T00:00:00.0000000-07:00,0.000000,,,0,,NOAA,2013-03-29T15:47:48.0770000-06:00,in
37,USC00051772,Snow,1954-11-08T00:00:00.0000000-07:00,0.000000,,,0,,NOAA,2013-03-29T15:47:48.0770000-06:00,in
37,USC00051772,Snow,1954-11-09T00:00:00.0000000-07:00,0.000000,,,0,,NOAA,2013-03-29T15:47:48.0770000-06:00,in
37,USC00051772,Snow,1954-11-10T00:00:00.0000000-07:00,0.000000,,,0,,NOAA,2013-03-29T15:47:48.0770000-06:00,in
37,USC00051772,Snow,1954-11-11T00:00:00.0000000-07:00,0.000000,,,0,,NOAA,2013-03-29T15:47:48.0770000-06:00,in
37,USC00051772,Snow,1954-11-12T00:00:00.0000000-07:00,0.000000,,,0,,NOAA,2013-03-29T15:47:48.0770000-06:00,in
37,USC00051772,Snow,1954-11-13T00:00:00.0000000-07:00,0.000000,,,0,,NOAA,2013-03-29T15:47:48.0770000-06:00,in
37,USC00051772,Snow,1954-11-14T00:00:00.0000000-07:00,0.000000,,,0,,NOAA,2013-03-29T15:47:48.0770000-06:00,in
37,USC00051772,Snow,1954-11-15T00:00:00.0000000-07:00,0.000000,,,0,,NOAA,2013-03-29T15:47:48.0770000-06:00,in
37,USC00051772,Snow,1954-11-16T00:00:00.0000000-07:00,0.000000,,,0,,NOAA,2013-03-29T15:47:48.0770000-06:00,in
37,USC00051772,Snow,1954-11-17T00:00:00.0000000-07:00,0.000000,,,0,,NOAA,2013-03-29T15:47:48.0770000-06:00,in
37,USC00051772,Snow,1954-11-18T00:00:00.0000000-07:00,0.000000,,,0,,NOAA,2013-03-29T15:47:48.0770000-06:00,in
37,USC00051772,Snow,1954-11-19T00:00:00.0000000-07:00,0.000000,,,0,,NOAA,2013-03-29T15:47:48.0770000-06:00,in
37,USC00051772,Snow,1954-11-20T00:00:00.0000000-07:00,0.000000,,,0,,NOAA,2013-03-29T15:47:48.0770000-06:00,in
37,USC00051772,Snow,1954-11-21T00:00:00.0000000-07:00,0.000000,,,0,,NOAA,2013-03-29T15:47:48.0770000-06:00,in
37,USC00051772,Snow,1954-11-22T00:00:00.0000000-07:00,0.000000,,,0,,NOAA,2013-03-29T15:47:48.0770000-06:00,in
37,USC00051772,Snow,1954-11-23T00:00:00.0000000-07:00,0.000000,,,0,,NOAA,2013-03-29T15:47:48.0770000-06:00,in
37,USC00051772,Snow,1954-11-24T00:00:00.0000000-07:00,0.000000,,,0,,NOAA,2013-03-29T15:47:48.0770000-06:00,in
37,USC00051772,Snow,1954-11-25T00:00:00.0000000-07:00,0.000000,,,0,,NOAA,2013-03-29T15:47:48.0770000-06:00,in
37,USC00051772,Snow,1954-11-26T00:00:00.0000000-07:00,0.000000,,,0,,NOAA,2013-03-29T15:47:48.0770000-06:00,in
37,USC00051772,Snow,1954-11-27T00:00:00.0000000-07:00,0.000000,,,0,,NOAA,2013-03-29T15:47:48.0770000-06:00,in
37,USC00051772,Snow,1954-11-28T00:00:00.0000000-07:00,0.000000,T,,0,,NOAA,2013-03-29T15:47:48.0770000-06:00,in
37,USC00051772,Snow,1954-11-29T00:00:00.0000000-07:00,7.992126,,,0,,NOAA,2013-03-29T15:47:48.0770000-06:00,in
37,USC00051772,Snow,1954-12-01T00:00:00.0000000-07:00,0.000000,,,0,,NOAA,2013-03-29T15:47:48.0770000-06:00,in
37,USC00051772,Snow,1954-12-02T00:00:00.0000000-07:00,0.000000,,,0,,NOAA,2013-03-29T15:47:48.0770000-06:00,in
37,USC00051772,Snow,1954-12-03T00:00:00.0000000-07:00,0.000000,,,0,,NOAA,2013-03-29T15:47:48.0770000-06:00,in
37,USC00051772,Snow,1954-12-04T00:00:00.0000000-07:00,0.000000,,,0,,NOAA,2013-03-29T15:47:48.0770000-06:00,in
37,USC00051772,Snow,1954-12-05T00:00:00.0000000-07:00,0.000000,,,0,,NOAA,2013-03-29T15:47:48.0770000-06:00,in
37,USC00051772,Snow,1954-12-06T00:00:00.0000000-07:00,0.000000,,,0,,NOAA,2013-03-29T15:47:48.0770000-06:00,in
37,USC00051772,Snow,1954-12-07T00:00:00.0000000-07:00,0.000000,T,,0,,NOAA,2013-03-29T15:47:48.0770000-06:00,in
37,USC00051772,Snow,1954-12-08T00:00:00.0000000-07:00,0.000000,,,0,,NOAA,2013-03-29T15:47:48.0770000-06:00,in
37,USC00051772,Snow,1954-12-09T00:00:00.0000000-07:00,0.000000,,,0,,NOAA,2013-03-29T15:47:48.0770000-06:00,in
37,USC00051772,Snow,1954-12-10T00:00:00.0000000-07:00,0.000000,,,0,,NOAA,2013-03-29T15:47:48.0770000-06:00,in
37,USC00051772,Snow,1954-12-11T00:00:00.0000000-07:00,0.000000,T,,0,,NOAA,2013-03-29T15:47:48.0770000-06:00,in
37,USC00051772,Snow,1954-12-12T00:00:00.0000000-07:00,0.000000,,,0,,NOAA,2013-03-29T15:47:48.0770000-06:00,in
37,USC00051772,Snow,1954-12-13T00:00:00.0000000-07:00,0.000000,,,0,,NOAA,2013-03-29T15:47:48.0770000-06:00,in
37,USC00051772,Snow,1954-12-14T00:00:00.0000000-07:00,0.000000,,,0,,NOAA,2013-03-29T15:47:48.0770000-06:00,in
37,USC00051772,Snow,1954-12-15T00:00:00.0000000-07:00,0.000000,,,0,,NOAA,2013-03-29T15:47:48.0770000-06:00,in
37,USC00051772,Snow,1954-12-16T00:00:00.0000000-07:00,2.007874,,,0,,NOAA,2013-03-29T15:47:48.0770000-06:00,in
37,USC00051772,Snow,1954-12-17T00:00:00.0000000-07:00,0.000000,,,0,,NOAA,2013-03-29T15:47:48.0770000-06:00,in
37,USC00051772,Snow,1954-12-18T00:00:00.0000000-07:00,0.000000,,,0,,NOAA,2013-03-29T15:47:48.0770000-06:00,in
37,USC00051772,Snow,1954-12-19T00:00:00.0000000-07:00,0.000000,,,0,,NOAA,2013-03-29T15:47:48.0770000-06:00,in
37,USC00051772,Snow,1954-12-20T00:00:00.0000000-07:00,0.000000,,,0,,NOAA,2013-03-29T15:47:48.0770000-06:00,in
37,USC00051772,Snow,1954-12-21T00:00:00.0000000-07:00,0.000000,,,0,,NOAA,2013-03-29T15:47:48.0770000-06:00,in
37,USC00051772,Snow,1954-12-22T00:00:00.0000000-07:00,0.000000,,,0,,NOAA,2013-03-29T15:47:48.0770000-06:00,in
37,USC00051772,Snow,1954-12-23T00:00:00.0000000-07:00,0.000000,,,0,,NOAA,2013-03-29T15:47:48.0770000-06:00,in
37,USC00051772,Snow,1954-12-24T00:00:00.0000000-07:00,0.000000,,,0,,NOAA,2013-03-29T15:47:48.0770000-06:00,in
37,USC00051772,Snow,1954-12-25T00:00:00.0000000-07:00,0.000000,,,0,,NOAA,2013-03-29T15:47:48.0770000-06:00,in
37,USC00051772,Snow,1954-12-26T00:00:00.0000000-07:00,0.000000,,,0,,NOAA,2013-03-29T15:47:48.0770000-06:00,in
37,USC00051772,Snow,1954-12-27T00:00:00.0000000-07:00,0.000000,T,,0,,NOAA,2013-03-29T15:47:48.0770000-06:00,in
37,USC00051772,Snow,1954-12-28T00:00:00.0000000-07:00,0.000000,,,0,,NOAA,2013-03-29T15:47:48.0770000-06:00,in
37,USC00051772,Snow,1954-12-29T00:00:00.0000000-07:00,0.000000,,,0,,NOAA,2013-03-29T15:47:48.0770000-06:00,in
37,USC00051772,Snow,1954-12-30T00:00:00.0000000-07:00,0.000000,,,0,,NOAA,2013-03-29T15:47:48.0770000-06:00,in
37,USC00051772,Snow,1954-12-31T00:00:00.0000000-07:00,0.984252,,,0,,NOAA,2013-03-29T15:47:48.0770000-06:00,in
37,USC00051772,Snow,1955-01-01T00:00:00.0000000-07:00,5.000000,,,0,,NOAA,2013-03-29T15:47:48.0770000-06:00,in
37,USC00051772,Snow,1955-01-02T00:00:00.0000000-07:00,0.000000,T,,0,,NOAA,2013-03-29T15:47:48.0770000-06:00,in
37,USC00051772,Snow,1955-01-03T00:00:00.0000000-07:00,0.000000,,,0,,NOAA,2013-03-29T15:47:48.0770000-06:00,in
37,USC00051772,Snow,1955-01-04T00:00:00.0000000-07:00,0.984252,,,0,,NOAA,2013-03-29T15:47:48.0770000-06:00,in
37,USC00051772,Snow,1955-01-05T00:00:00.0000000-07:00,0.000000,T,,0,,NOAA,2013-03-29T15:47:48.0770000-06:00,in
37,USC00051772,Snow,1955-01-06T00:00:00.0000000-07:00,0.000000,,,0,,NOAA,2013-03-29T15:47:48.0770000-06:00,in
37,USC00051772,Snow,1955-01-07T00:00:00.0000000-07:00,0.000000,,,0,,NOAA,2013-03-29T15:47:48.0770000-06:00,in
37,USC00051772,Snow,1955-01-08T00:00:00.0000000-07:00,0.000000,,,0,,NOAA,2013-03-29T15:47:48.0770000-06:00,in
37,USC00051772,Snow,1955-01-09T00:00:00.0000000-07:00,0.000000,,,0,,NOAA,2013-03-29T15:47:48.0770000-06:00,in
37,USC00051772,Snow,1955-01-10T00:00:00.0000000-07:00,0.984252,,,0,,NOAA,2013-03-29T15:47:48.0770000-06:00,in
37,USC00051772,Snow,1955-01-11T00:00:00.0000000-07:00,2.007874,,,0,,NOAA,2013-03-29T15:47:48.0770000-06:00,in
37,USC00051772,Snow,1955-01-12T00:00:00.0000000-07:00,0.000000,,,0,,NOAA,2013-03-29T15:47:48.0770000-06:00,in
37,USC00051772,Snow,1955-01-13T00:00:00.0000000-07:00,0.000000,,,0,,NOAA,2013-03-29T15:47:48.0770000-06:00,in
37,USC00051772,Snow,1955-01-14T00:00:00.0000000-07:00,0.000000,,,0,,NOAA,2013-03-29T15:47:48.0770000-06:00,in
37,USC00051772,Snow,1955-01-15T00:00:00.0000000-07:00,0.000000,,,0,,NOAA,2013-03-29T15:47:48.0770000-06:00,in
37,USC00051772,Snow,1955-01-16T00:00:00.0000000-07:00,4.488189,,,0,,NOAA,2013-03-29T15:47:48.0770000-06:00,in
37,USC00051772,Snow,1955-01-17T00:00:00.0000000-07:00,2.992126,,,0,,NOAA,2013-03-29T15:47:48.0770000-06:00,in
37,USC00051772,Snow,1955-01-18T00:00:00.0000000-07:00,0.000000,,,0,,NOAA,2013-03-29T15:47:48.0770000-06:00,in
37,USC00051772,Snow,1955-01-19T00:00:00.0000000-07:00,0.393701,,,0,,NOAA,2013-03-29T15:47:48.0770000-06:00,in
37,USC00051772,Snow,1955-01-20T00:00:00.0000000-07:00,0.000000,,,0,,NOAA,2013-03-29T15:47:48.0770000-06:00,in
37,USC00051772,Snow,1955-01-21T00:00:00.0000000-07:00,0.000000,,,0,,NOAA,2013-03-29T15:47:48.0770000-06:00,in
37,USC00051772,Snow,1955-01-22T00:00:00.0000000-07:00,0.000000,,,0,,NOAA,2013-03-29T15:47:48.0770000-06:00,in
37,USC00051772,Snow,1955-01-23T00:00:00.0000000-07:00,0.000000,,,0,,NOAA,2013-03-29T15:47:48.0770000-06:00,in
37,USC00051772,Snow,1955-01-24T00:00:00.0000000-07:00,0.000000,,,0,,NOAA,2013-03-29T15:47:48.0770000-06:00,in
37,USC00051772,Snow,1955-01-25T00:00:00.0000000-07:00,0.000000,,,0,,NOAA,2013-03-29T15:47:48.0770000-06:00,in
37,USC00051772,Snow,1955-01-26T00:00:00.0000000-07:00,0.000000,,,0,,NOAA,2013-03-29T15:47:48.0770000-06:00,in
37,USC00051772,Snow,1955-01-27T00:00:00.0000000-07:00,0.000000,,,0,,NOAA,2013-03-29T15:47:48.0770000-06:00,in
37,USC00051772,Snow,1955-01-28T00:00:00.0000000-07:00,0.000000,,,0,,NOAA,2013-03-29T15:47:48.0770000-06:00,in
37,USC00051772,Snow,1955-01-29T00:00:00.0000000-07:00,0.000000,,,0,,NOAA,2013-03-29T15:47:48.0770000-06:00,in
37,USC00051772,Snow,1955-01-30T00:00:00.0000000-07:00,0.000000,,,0,,NOAA,2013-03-29T15:47:48.0770000-06:00,in
37,USC00051772,Snow,1955-01-31T00:00:00.0000000-07:00,0.511811,,,0,,NOAA,2013-03-29T15:47:48.0770000-06:00,in
37,USC00051772,Snow,1955-02-01T00:00:00.0000000-07:00,0.984252,,,0,,NOAA,2013-03-29T15:47:48.0770000-06:00,in
37,USC00051772,Snow,1955-02-02T00:00:00.0000000-07:00,0.511811,,,0,,NOAA,2013-03-29T15:47:48.0770000-06:00,in
37,USC00051772,Snow,1955-02-03T00:00:00.0000000-07:00,0.984252,,,0,,NOAA,2013-03-29T15:47:48.0770000-06:00,in
37,USC00051772,Snow,1955-02-04T00:00:00.0000000-07:00,0.000000,T,,0,,NOAA,2013-03-29T15:47:48.0770000-06:00,in
37,USC00051772,Snow,1955-02-05T00:00:00.0000000-07:00,0.000000,,,0,,NOAA,2013-03-29T15:47:48.0770000-06:00,in
37,USC00051772,Snow,1955-02-06T00:00:00.0000000-07:00,0.000000,,,0,,NOAA,2013-03-29T15:47:48.0770000-06:00,in
37,USC00051772,Snow,1955-02-07T00:00:00.0000000-07:00,0.000000,,,0,,NOAA,2013-03-29T15:47:48.0770000-06:00,in
37,USC00051772,Snow,1955-02-08T00:00:00.0000000-07:00,0.000000,,,0,,NOAA,2013-03-29T15:47:48.0770000-06:00,in
37,USC00051772,Snow,1955-02-09T00:00:00.0000000-07:00,0.000000,T,,0,,NOAA,2013-03-29T15:47:48.0770000-06:00,in
37,USC00051772,Snow,1955-02-10T00:00:00.0000000-07:00,0.000000,,,0,,NOAA,2013-03-29T15:47:48.0770000-06:00,in
37,USC00051772,Snow,1955-02-11T00:00:00.0000000-07:00,0.000000,,,0,,NOAA,2013-03-29T15:47:48.0770000-06:00,in
37,USC00051772,Snow,1955-02-12T00:00:00.0000000-07:00,0.000000,,,0,,NOAA,2013-03-29T15:47:48.0770000-06:00,in
37,USC00051772,Snow,1955-02-13T00:00:00.0000000-07:00,0.000000,,,0,,NOAA,2013-03-29T15:47:48.0770000-06:00,in
37,USC00051772,Snow,1955-02-14T00:00:00.0000000-07:00,0.000000,,,0,,NOAA,2013-03-29T15:47:48.0770000-06:00,in
37,USC00051772,Snow,1955-02-15T00:00:00.0000000-07:00,0.000000,,,0,,NOAA,2013-03-29T15:47:48.0770000-06:00,in
37,USC00051772,Snow,1955-02-16T00:00:00.0000000-07:00,0.000000,,,0,,NOAA,2013-03-29T15:47:48.0770000-06:00,in
37,USC00051772,Snow,1955-02-17T00:00:00.0000000-07:00,1.496063,,,0,,NOAA,2013-03-29T15:47:48.0770000-06:00,in
37,USC00051772,Snow,1955-02-18T00:00:00.0000000-07:00,5.000000,,,0,,NOAA,2013-03-29T15:47:48.0770000-06:00,in
37,USC00051772,Snow,1955-02-19T00:00:00.0000000-07:00,0.984252,,,0,,NOAA,2013-03-29T15:47:48.0770000-06:00,in
37,USC00051772,Snow,1955-02-20T00:00:00.0000000-07:00,0.000000,,,0,,NOAA,2013-03-29T15:47:48.0770000-06:00,in
37,USC00051772,Snow,1955-02-21T00:00:00.0000000-07:00,0.000000,,,0,,NOAA,2013-03-29T15:47:48.0770000-06:00,in
37,USC00051772,Snow,1955-02-22T00:00:00.0000000-07:00,0.000000,,,0,,NOAA,2013-03-29T15:47:48.0770000-06:00,in
37,USC00051772,Snow,1955-02-23T00:00:00.0000000-07:00,0.984252,,,0,,NOAA,2013-03-29T15:47:48.0770000-06:00,in
37,USC00051772,Snow,1955-02-24T00:00:00.0000000-07:00,0.000000,,,0,,NOAA,2013-03-29T15:47:48.0770000-06:00,in
37,USC00051772,Snow,1955-02-25T00:00:00.0000000-07:00,0.000000,,,0,,NOAA,2013-03-29T15:47:48.0770000-06:00,in
37,USC00051772,Snow,1955-02-26T00:00:00.0000000-07:00,4.015748,,,0,,NOAA,2013-03-29T15:47:48.0770000-06:00,in
37,USC00051772,Snow,1955-02-27T00:00:00.0000000-07:00,0.000000,,,0,,NOAA,2013-03-29T15:47:48.0770000-06:00,in
37,USC00051772,Snow,1955-02-28T00:00:00.0000000-07:00,4.015748,,,0,,NOAA,2013-03-29T15:47:48.0770000-06:00,in
37,USC00051772,Snow,1955-03-01T00:00:00.0000000-07:00,0.000000,,,0,,NOAA,2013-03-29T15:47:48.0770000-06:00,in
37,USC00051772,Snow,1955-03-02T00:00:00.0000000-07:00,0.000000,,,0,,NOAA,2013-03-29T15:47:48.0770000-06:00,in
37,USC00051772,Snow,1955-03-03T00:00:00.0000000-07:00,0.000000,,,0,,NOAA,2013-03-29T15:47:48.0770000-06:00,in
37,USC00051772,Snow,1955-03-04T00:00:00.0000000-07:00,0.000000,,,0,,NOAA,2013-03-29T15:47:48.0770000-06:00,in
37,USC00051772,Snow,1955-03-05T00:00:00.0000000-07:00,0.000000,,,0,,NOAA,2013-03-29T15:47:48.0770000-06:00,in
37,USC00051772,Snow,1955-03-06T00:00:00.0000000-07:00,0.000000,,,0,,NOAA,2013-03-29T15:47:48.0770000-06:00,in
37,USC00051772,Snow,1955-03-07T00:00:00.0000000-07:00,0.000000,,,0,,NOAA,2013-03-29T15:47:48.0770000-06:00,in
37,USC00051772,Snow,1955-03-08T00:00:00.0000000-07:00,0.000000,,,0,,NOAA,2013-03-29T15:47:48.0770000-06:00,in
37,USC00051772,Snow,1955-03-09T00:00:00.0000000-07:00,0.000000,,,0,,NOAA,2013-03-29T15:47:48.0770000-06:00,in
37,USC00051772,Snow,1955-03-10T00:00:00.0000000-07:00,0.000000,,,0,,NOAA,2013-03-29T15:47:48.0770000-06:00,in
37,USC00051772,Snow,1955-03-11T00:00:00.0000000-07:00,0.000000,,,0,,NOAA,2013-03-29T15:47:48.0770000-06:00,in
37,USC00051772,Snow,1955-03-12T00:00:00.0000000-07:00,0.000000,,,0,,NOAA,2013-03-29T15:47:48.0770000-06:00,in
37,USC00051772,Snow,1955-03-13T00:00:00.0000000-07:00,0.000000,,,0,,NOAA,2013-03-29T15:47:48.0770000-06:00,in
37,USC00051772,Snow,1955-03-14T00:00:00.0000000-07:00,0.000000,,,0,,NOAA,2013-03-29T15:47:48.0770000-06:00,in
37,USC00051772,Snow,1955-03-15T00:00:00.0000000-07:00,0.000000,T,,0,,NOAA,2013-03-29T15:47:48.0770000-06:00,in
37,USC00051772,Snow,1955-03-16T00:00:00.0000000-07:00,0.000000,T,,0,,NOAA,2013-03-29T15:47:48.0770000-06:00,in
37,USC00051772,Snow,1955-03-17T00:00:00.0000000-07:00,0.000000,T,,0,,NOAA,2013-03-29T15:47:48.0770000-06:00,in
37,USC00051772,Snow,1955-03-18T00:00:00.0000000-07:00,0.000000,,,0,,NOAA,2013-03-29T15:47:48.0770000-06:00,in
37,USC00051772,Snow,1955-03-19T00:00:00.0000000-07:00,0.000000,,,0,,NOAA,2013-03-29T15:47:48.0770000-06:00,in
37,USC00051772,Snow,1955-03-20T00:00:00.0000000-07:00,0.000000,T,,0,,NOAA,2013-03-29T15:47:48.0770000-06:00,in
37,USC00051772,Snow,1955-03-21T00:00:00.0000000-07:00,0.000000,T,,0,,NOAA,2013-03-29T15:47:48.0770000-06:00,in
37,USC00051772,Snow,1955-03-22T00:00:00.0000000-07:00,0.000000,T,,0,,NOAA,2013-03-29T15:47:48.0770000-06:00,in
37,USC00051772,Snow,1955-03-23T00:00:00.0000000-07:00,0.000000,T,,0,,NOAA,2013-03-29T15:47:48.0770000-06:00,in
37,USC00051772,Snow,1955-03-24T00:00:00.0000000-07:00,0.000000,,,0,,NOAA,2013-03-29T15:47:48.0770000-06:00,in
37,USC00051772,Snow,1955-03-25T00:00:00.0000000-07:00,0.000000,,,0,,NOAA,2013-03-29T15:47:48.0770000-06:00,in
37,USC00051772,Snow,1955-03-26T00:00:00.0000000-07:00,0.000000,,,0,,NOAA,2013-03-29T15:47:48.0770000-06:00,in
37,USC00051772,Snow,1955-03-27T00:00:00.0000000-07:00,0.000000,,,0,,NOAA,2013-03-29T15:47:48.0770000-06:00,in
37,USC00051772,Snow,1955-03-28T00:00:00.0000000-07:00,0.000000,,,0,,NOAA,2013-03-29T15:47:48.0770000-06:00,in
37,USC00051772,Snow,1955-03-29T00:00:00.0000000-07:00,0.000000,,,0,,NOAA,2013-03-29T15:47:48.0770000-06:00,in
37,USC00051772,Snow,1955-03-30T00:00:00.0000000-07:00,0.000000,T,,0,,NOAA,2013-03-29T15:47:48.0770000-06:00,in
37,USC00051772,Snow,1955-03-31T00:00:00.0000000-07:00,0.000000,T,,0,,NOAA,2013-03-29T15:47:48.0770000-06:00,in
37,USC00051772,Snow,1955-04-01T00:00:00.0000000-07:00,0.000000,,,0,,NOAA,2013-03-29T15:47:48.0770000-06:00,in
37,USC00051772,Snow,1955-04-02T00:00:00.0000000-07:00,0.000000,,,0,,NOAA,2013-03-29T15:47:48.0770000-06:00,in
37,USC00051772,Snow,1955-04-03T00:00:00.0000000-07:00,0.000000,,,0,,NOAA,2013-03-29T15:47:48.0770000-06:00,in
37,USC00051772,Snow,1955-04-04T00:00:00.0000000-06:00,0.000000,,,0,,NOAA,2013-03-29T15:47:48.0770000-06:00,in
37,USC00051772,Snow,1955-04-05T00:00:00.0000000-06:00,0.000000,,,0,,NOAA,2013-03-29T15:47:48.0770000-06:00,in
37,USC00051772,Snow,1955-04-06T00:00:00.0000000-06:00,0.000000,,,0,,NOAA,2013-03-29T15:47:48.0770000-06:00,in
37,USC00051772,Snow,1955-04-07T00:00:00.0000000-06:00,0.000000,T,,0,,NOAA,2013-03-29T15:47:48.0770000-06:00,in
37,USC00051772,Snow,1955-04-08T00:00:00.0000000-06:00,0.000000,,,0,,NOAA,2013-03-29T15:47:48.0770000-06:00,in
37,USC00051772,Snow,1955-04-09T00:00:00.0000000-06:00,0.000000,,,0,,NOAA,2013-03-29T15:47:48.0770000-06:00,in
37,USC00051772,Snow,1955-04-10T00:00:00.0000000-06:00,0.000000,,,0,,NOAA,2013-03-29T15:47:48.0770000-06:00,in
37,USC00051772,Snow,1955-04-11T00:00:00.0000000-06:00,5.000000,,,0,,NOAA,2013-03-29T15:47:48.0770000-06:00,in
37,USC00051772,Snow,1955-04-12T00:00:00.0000000-06:00,0.000000,,,0,,NOAA,2013-03-29T15:47:48.0770000-06:00,in
37,USC00051772,Snow,1955-04-13T00:00:00.0000000-06:00,0.000000,,,0,,NOAA,2013-03-29T15:47:48.0770000-06:00,in
37,USC00051772,Snow,1955-04-14T00:00:00.0000000-06:00,0.000000,,,0,,NOAA,2013-03-29T15:47:48.0770000-06:00,in
37,USC00051772,Snow,1955-04-15T00:00:00.0000000-06:00,0.000000,,,0,,NOAA,2013-03-29T15:47:48.0770000-06:00,in
37,USC00051772,Snow,1955-04-16T00:00:00.0000000-06:00,0.000000,,,0,,NOAA,2013-03-29T15:47:48.0770000-06:00,in
37,USC00051772,Snow,1955-04-17T00:00:00.0000000-06:00,0.000000,,,0,,NOAA,2013-03-29T15:47:48.0770000-06:00,in
37,USC00051772,Snow,1955-04-18T00:00:00.0000000-06:00,0.000000,,,0,,NOAA,2013-03-29T15:47:48.0770000-06:00,in
37,USC00051772,Snow,1955-04-19T00:00:00.0000000-06:00,0.000000,,,0,,NOAA,2013-03-29T15:47:48.0770000-06:00,in
37,USC00051772,Snow,1955-04-20T00:00:00.0000000-06:00,0.000000,,,0,,NOAA,2013-03-29T15:47:48.0770000-06:00,in
37,USC00051772,Snow,1955-04-21T00:00:00.0000000-06:00,0.000000,,,0,,NOAA,2013-03-29T15:47:48.0770000-06:00,in
37,USC00051772,Snow,1955-04-22T00:00:00.0000000-06:00,0.000000,,,0,,NOAA,2013-03-29T15:47:48.0770000-06:00,in
37,USC00051772,Snow,1955-04-23T00:00:00.0000000-06:00,0.000000,T,,0,,NOAA,2013-03-29T15:47:48.0770000-06:00,in
37,USC00051772,Snow,1955-04-24T00:00:00.0000000-06:00,0.000000,,,0,,NOAA,2013-03-29T15:47:48.0770000-06:00,in
37,USC00051772,Snow,1955-04-25T00:00:00.0000000-06:00,0.000000,,,0,,NOAA,2013-03-29T15:47:48.0770000-06:00,in
37,USC00051772,Snow,1955-04-26T00:00:00.0000000-06:00,0.000000,,,0,,NOAA,2013-03-29T15:47:48.0770000-06:00,in
37,USC00051772,Snow,1955-04-27T00:00:00.0000000-06:00,0.000000,,,0,,NOAA,2013-03-29T15:47:48.0770000-06:00,in
37,USC00051772,Snow,1955-04-28T00:00:00.0000000-06:00,0.000000,,,0,,NOAA,2013-03-29T15:47:48.0770000-06:00,in
37,USC00051772,Snow,1955-04-29T00:00:00.0000000-06:00,0.000000,,,0,,NOAA,2013-03-29T15:47:48.0770000-06:00,in
37,USC00051772,Snow,1955-04-30T00:00:00.0000000-06:00,0.000000,,,0,,NOAA,2013-03-29T15:47:48.0770000-06:00,in
37,USC00051772,Snow,1955-05-01T00:00:00.0000000-06:00,0.000000,,,0,,NOAA,2013-03-29T15:47:48.0770000-06:00,in
37,USC00051772,Snow,1955-05-02T00:00:00.0000000-06:00,0.000000,,,0,,NOAA,2013-03-29T15:47:48.0770000-06:00,in
37,USC00051772,Snow,1955-05-03T00:00:00.0000000-06:00,0.000000,,,0,,NOAA,2013-03-29T15:47:48.0770000-06:00,in
37,USC00051772,Snow,1955-05-04T00:00:00.0000000-06:00,0.000000,,,0,,NOAA,2013-03-29T15:47:48.0770000-06:00,in
37,USC00051772,Snow,1955-05-05T00:00:00.0000000-06:00,0.000000,,,0,,NOAA,2013-03-29T15:47:48.0770000-06:00,in
37,USC00051772,Snow,1955-05-06T00:00:00.0000000-06:00,0.000000,,,0,,NOAA,2013-03-29T15:47:48.0770000-06:00,in
37,USC00051772,Snow,1955-05-07T00:00:00.0000000-06:00,0.000000,,,0,,NOAA,2013-03-29T15:47:48.0770000-06:00,in
37,USC00051772,Snow,1955-05-08T00:00:00.0000000-06:00,0.000000,,,0,,NOAA,2013-03-29T15:47:48.0770000-06:00,in
37,USC00051772,Snow,1955-05-09T00:00:00.0000000-06:00,0.000000,,,0,,NOAA,2013-03-29T15:47:48.0770000-06:00,in
37,USC00051772,Snow,1955-05-10T00:00:00.0000000-06:00,0.000000,,,0,,NOAA,2013-03-29T15:47:48.0770000-06:00,in
37,USC00051772,Snow,1955-05-11T00:00:00.0000000-06:00,0.000000,,,0,,NOAA,2013-03-29T15:47:48.0770000-06:00,in
37,USC00051772,Snow,1955-05-12T00:00:00.0000000-06:00,0.000000,,,0,,NOAA,2013-03-29T15:47:48.0770000-06:00,in
37,USC00051772,Snow,1955-05-13T00:00:00.0000000-06:00,0.000000,,,0,,NOAA,2013-03-29T15:47:48.0770000-06:00,in
37,USC00051772,Snow,1955-05-14T00:00:00.0000000-06:00,0.000000,,,0,,NOAA,2013-03-29T15:47:48.0770000-06:00,in
37,USC00051772,Snow,1955-05-15T00:00:00.0000000-06:00,0.000000,,,0,,NOAA,2013-03-29T15:47:48.0770000-06:00,in
37,USC00051772,Snow,1955-05-16T00:00:00.0000000-06:00,0.000000,T,,0,,NOAA,2013-03-29T15:47:48.0770000-06:00,in
37,USC00051772,Snow,1955-05-17T00:00:00.0000000-06:00,0.000000,,,0,,NOAA,2013-03-29T15:47:48.0770000-06:00,in
37,USC00051772,Snow,1955-05-18T00:00:00.0000000-06:00,0.000000,,,0,,NOAA,2013-03-29T15:47:48.0770000-06:00,in
37,USC00051772,Snow,1955-05-19T00:00:00.0000000-06:00,0.000000,,,0,,NOAA,2013-03-29T15:47:48.0770000-06:00,in
37,USC00051772,Snow,1955-05-20T00:00:00.0000000-06:00,0.000000,,,0,,NOAA,2013-03-29T15:47:48.0770000-06:00,in
37,USC00051772,Snow,1955-05-21T00:00:00.0000000-06:00,0.000000,,,0,,NOAA,2013-03-29T15:47:48.0770000-06:00,in
37,USC00051772,Snow,1955-05-22T00:00:00.0000000-06:00,0.000000,,,0,,NOAA,2013-03-29T15:47:48.0770000-06:00,in
37,USC00051772,Snow,1955-05-23T00:00:00.0000000-06:00,0.000000,,,0,,NOAA,2013-03-29T15:47:48.0770000-06:00,in
37,USC00051772,Snow,1955-05-24T00:00:00.0000000-06:00,0.000000,,,0,,NOAA,2013-03-29T15:47:48.0770000-06:00,in
37,USC00051772,Snow,1955-05-25T00:00:00.0000000-06:00,0.000000,,,0,,NOAA,2013-03-29T15:47:48.0770000-06:00,in
37,USC00051772,Snow,1955-05-26T00:00:00.0000000-06:00,0.000000,,,0,,NOAA,2013-03-29T15:47:48.0770000-06:00,in
37,USC00051772,Snow,1955-05-27T00:00:00.0000000-06:00,0.000000,,,0,,NOAA,2013-03-29T15:47:48.0770000-06:00,in
37,USC00051772,Snow,1955-05-28T00:00:00.0000000-06:00,0.000000,,,0,,NOAA,2013-03-29T15:47:48.0770000-06:00,in
37,USC00051772,Snow,1955-05-29T00:00:00.0000000-06:00,0.000000,,,0,,NOAA,2013-03-29T15:47:48.0770000-06:00,in
37,USC00051772,Snow,1955-05-30T00:00:00.0000000-06:00,0.000000,,,0,,NOAA,2013-03-29T15:47:48.0770000-06:00,in
37,USC00051772,Snow,1955-05-31T00:00:00.0000000-06:00,0.000000,,,0,,NOAA,2013-03-29T15:47:48.0770000-06:00,in
37,USC00051772,Snow,1955-06-01T00:00:00.0000000-06:00,0.000000,,,0,,NOAA,2013-03-29T15:47:48.0770000-06:00,in
37,USC00051772,Snow,1955-06-02T00:00:00.0000000-06:00,0.000000,,,0,,NOAA,2013-03-29T15:47:48.0770000-06:00,in
37,USC00051772,Snow,1955-06-03T00:00:00.0000000-06:00,0.000000,,,0,,NOAA,2013-03-29T15:47:48.0770000-06:00,in
37,USC00051772,Snow,1955-06-04T00:00:00.0000000-06:00,0.000000,,,0,,NOAA,2013-03-29T15:47:48.0770000-06:00,in
37,USC00051772,Snow,1955-06-05T00:00:00.0000000-06:00,0.000000,,,0,,NOAA,2013-03-29T15:47:48.0770000-06:00,in
37,USC00051772,Snow,1955-06-06T00:00:00.0000000-06:00,0.000000,,,0,,NOAA,2013-03-29T15:47:48.0770000-06:00,in
37,USC00051772,Snow,1955-06-07T00:00:00.0000000-06:00,0.000000,,,0,,NOAA,2013-03-29T15:47:48.0770000-06:00,in
37,USC00051772,Snow,1955-06-08T00:00:00.0000000-06:00,0.000000,,,0,,NOAA,2013-03-29T15:47:48.0770000-06:00,in
37,USC00051772,Snow,1955-06-09T00:00:00.0000000-06:00,0.000000,,,0,,NOAA,2013-03-29T15:47:48.0770000-06:00,in
37,USC00051772,Snow,1955-06-10T00:00:00.0000000-06:00,0.000000,,,0,,NOAA,2013-03-29T15:47:48.0770000-06:00,in
37,USC00051772,Snow,1955-06-11T00:00:00.0000000-06:00,0.000000,,,0,,NOAA,2013-03-29T15:47:48.0770000-06:00,in
37,USC00051772,Snow,1955-06-12T00:00:00.0000000-06:00,0.000000,,,0,,NOAA,2013-03-29T15:47:48.0770000-06:00,in
37,USC00051772,Snow,1955-06-13T00:00:00.0000000-06:00,0.000000,,,0,,NOAA,2013-03-29T15:47:48.0770000-06:00,in
37,USC00051772,Snow,1955-06-14T00:00:00.0000000-06:00,0.000000,,,0,,NOAA,2013-03-29T15:47:48.0770000-06:00,in
37,USC00051772,Snow,1955-06-15T00:00:00.0000000-06:00,0.000000,,,0,,NOAA,2013-03-29T15:47:48.0770000-06:00,in
37,USC00051772,Snow,1955-06-16T00:00:00.0000000-06:00,0.000000,,,0,,NOAA,2013-03-29T15:47:48.0770000-06:00,in
37,USC00051772,Snow,1955-06-17T00:00:00.0000000-06:00,0.000000,,,0,,NOAA,2013-03-29T15:47:48.0770000-06:00,in
37,USC00051772,Snow,1955-06-18T00:00:00.0000000-06:00,0.000000,,,0,,NOAA,2013-03-29T15:47:48.0770000-06:00,in
37,USC00051772,Snow,1955-06-19T00:00:00.0000000-06:00,0.000000,,,0,,NOAA,2013-03-29T15:47:48.0770000-06:00,in
37,USC00051772,Snow,1955-06-20T00:00:00.0000000-06:00,0.000000,,,0,,NOAA,2013-03-29T15:47:48.0770000-06:00,in
37,USC00051772,Snow,1955-06-21T00:00:00.0000000-06:00,0.000000,,,0,,NOAA,2013-03-29T15:47:48.0770000-06:00,in
37,USC00051772,Snow,1955-06-22T00:00:00.0000000-06:00,0.000000,,,0,,NOAA,2013-03-29T15:47:48.0770000-06:00,in
37,USC00051772,Snow,1955-06-23T00:00:00.0000000-06:00,0.000000,,,0,,NOAA,2013-03-29T15:47:48.0770000-06:00,in
37,USC00051772,Snow,1955-06-24T00:00:00.0000000-06:00,0.000000,,,0,,NOAA,2013-03-29T15:47:48.0770000-06:00,in
37,USC00051772,Snow,1955-06-25T00:00:00.0000000-06:00,0.000000,,,0,,NOAA,2013-03-29T15:47:48.0770000-06:00,in
37,USC00051772,Snow,1955-06-26T00:00:00.0000000-06:00,0.000000,,,0,,NOAA,2013-03-29T15:47:48.0770000-06:00,in
37,USC00051772,Snow,1955-06-27T00:00:00.0000000-06:00,0.000000,,,0,,NOAA,2013-03-29T15:47:48.0770000-06:00,in
37,USC00051772,Snow,1955-06-28T00:00:00.0000000-06:00,0.000000,,,0,,NOAA,2013-03-29T15:47:48.0770000-06:00,in
37,USC00051772,Snow,1955-06-29T00:00:00.0000000-06:00,0.000000,,,0,,NOAA,2013-03-29T15:47:48.0770000-06:00,in
37,USC00051772,Snow,1955-06-30T00:00:00.0000000-06:00,0.000000,,,0,,NOAA,2013-03-29T15:47:48.0770000-06:00,in
37,USC00051772,Snow,1955-07-01T00:00:00.0000000-06:00,0.000000,,,0,,NOAA,2013-03-29T15:47:48.0770000-06:00,in
37,USC00051772,Snow,1955-07-02T00:00:00.0000000-06:00,0.000000,,,0,,NOAA,2013-03-29T15:47:48.0770000-06:00,in
37,USC00051772,Snow,1955-07-03T00:00:00.0000000-06:00,0.000000,,,0,,NOAA,2013-03-29T15:47:48.0770000-06:00,in
37,USC00051772,Snow,1955-07-04T00:00:00.0000000-06:00,0.000000,,,0,,NOAA,2013-03-29T15:47:48.0770000-06:00,in
37,USC00051772,Snow,1955-07-05T00:00:00.0000000-06:00,0.000000,,,0,,NOAA,2013-03-29T15:47:48.0770000-06:00,in
37,USC00051772,Snow,1955-07-06T00:00:00.0000000-06:00,0.000000,,,0,,NOAA,2013-03-29T15:47:48.0770000-06:00,in
37,USC00051772,Snow,1955-07-07T00:00:00.0000000-06:00,0.000000,,,0,,NOAA,2013-03-29T15:47:48.0770000-06:00,in
37,USC00051772,Snow,1955-07-08T00:00:00.0000000-06:00,0.000000,,,0,,NOAA,2013-03-29T15:47:48.0770000-06:00,in
37,USC00051772,Snow,1955-07-09T00:00:00.0000000-06:00,0.000000,,,0,,NOAA,2013-03-29T15:47:48.0770000-06:00,in
37,USC00051772,Snow,1955-07-10T00:00:00.0000000-06:00,0.000000,,,0,,NOAA,2013-03-29T15:47:48.0770000-06:00,in
37,USC00051772,Snow,1955-07-11T00:00:00.0000000-06:00,0.000000,,,0,,NOAA,2013-03-29T15:47:48.0770000-06:00,in
37,USC00051772,Snow,1955-07-12T00:00:00.0000000-06:00,0.000000,,,0,,NOAA,2013-03-29T15:47:48.0770000-06:00,in
37,USC00051772,Snow,1955-07-13T00:00:00.0000000-06:00,0.000000,,,0,,NOAA,2013-03-29T15:47:48.0770000-06:00,in
37,USC00051772,Snow,1955-07-14T00:00:00.0000000-06:00,0.000000,,,0,,NOAA,2013-03-29T15:47:48.0770000-06:00,in
37,USC00051772,Snow,1955-07-15T00:00:00.0000000-06:00,0.000000,,,0,,NOAA,2013-03-29T15:47:48.0770000-06:00,in
37,USC00051772,Snow,1955-07-16T00:00:00.0000000-06:00,0.000000,,,0,,NOAA,2013-03-29T15:47:48.0770000-06:00,in
37,USC00051772,Snow,1955-07-17T00:00:00.0000000-06:00,0.000000,,,0,,NOAA,2013-03-29T15:47:48.0770000-06:00,in
37,USC00051772,Snow,1955-07-18T00:00:00.0000000-06:00,0.000000,,,0,,NOAA,2013-03-29T15:47:48.0770000-06:00,in
37,USC00051772,Snow,1955-07-19T00:00:00.0000000-06:00,0.000000,,,0,,NOAA,2013-03-29T15:47:48.0770000-06:00,in
37,USC00051772,Snow,1955-07-20T00:00:00.0000000-06:00,0.000000,,,0,,NOAA,2013-03-29T15:47:48.0770000-06:00,in
37,USC00051772,Snow,1955-07-21T00:00:00.0000000-06:00,0.000000,,,0,,NOAA,2013-03-29T15:47:48.0770000-06:00,in
37,USC00051772,Snow,1955-07-22T00:00:00.0000000-06:00,0.000000,,,0,,NOAA,2013-03-29T15:47:48.0770000-06:00,in
37,USC00051772,Snow,1955-07-23T00:00:00.0000000-06:00,0.000000,,,0,,NOAA,2013-03-29T15:47:48.0770000-06:00,in
37,USC00051772,Snow,1955-07-24T00:00:00.0000000-06:00,0.000000,,,0,,NOAA,2013-03-29T15:47:48.0770000-06:00,in
37,USC00051772,Snow,1955-07-25T00:00:00.0000000-06:00,0.000000,,,0,,NOAA,2013-03-29T15:47:48.0770000-06:00,in
37,USC00051772,Snow,1955-07-26T00:00:00.0000000-06:00,0.000000,,,0,,NOAA,2013-03-29T15:47:48.0770000-06:00,in
37,USC00051772,Snow,1955-07-27T00:00:00.0000000-06:00,0.000000,,,0,,NOAA,2013-03-29T15:47:48.0770000-06:00,in
37,USC00051772,Snow,1955-07-28T00:00:00.0000000-06:00,0.000000,,,0,,NOAA,2013-03-29T15:47:48.0770000-06:00,in
37,USC00051772,Snow,1955-07-29T00:00:00.0000000-06:00,0.000000,,,0,,NOAA,2013-03-29T15:47:48.0770000-06:00,in
37,USC00051772,Snow,1955-07-30T00:00:00.0000000-06:00,0.000000,,,0,,NOAA,2013-03-29T15:47:48.0770000-06:00,in
37,USC00051772,Snow,1955-07-31T00:00:00.0000000-06:00,0.000000,,,0,,NOAA,2013-03-29T15:47:48.0770000-06:00,in
37,USC00051772,Snow,1955-08-01T00:00:00.0000000-06:00,0.000000,,,0,,NOAA,2013-03-29T15:47:48.0770000-06:00,in
37,USC00051772,Snow,1955-08-02T00:00:00.0000000-06:00,0.000000,,,0,,NOAA,2013-03-29T15:47:48.0770000-06:00,in
37,USC00051772,Snow,1955-08-03T00:00:00.0000000-06:00,0.000000,,,0,,NOAA,2013-03-29T15:47:48.0770000-06:00,in
37,USC00051772,Snow,1955-08-04T00:00:00.0000000-06:00,0.000000,,,0,,NOAA,2013-03-29T15:47:48.0770000-06:00,in
37,USC00051772,Snow,1955-08-05T00:00:00.0000000-06:00,0.000000,,,0,,NOAA,2013-03-29T15:47:48.0770000-06:00,in
37,USC00051772,Snow,1955-08-06T00:00:00.0000000-06:00,0.000000,,,0,,NOAA,2013-03-29T15:47:48.0770000-06:00,in
37,USC00051772,Snow,1955-08-07T00:00:00.0000000-06:00,0.000000,,,0,,NOAA,2013-03-29T15:47:48.0770000-06:00,in
37,USC00051772,Snow,1955-08-08T00:00:00.0000000-06:00,0.000000,,,0,,NOAA,2013-03-29T15:47:48.0770000-06:00,in
37,USC00051772,Snow,1955-08-09T00:00:00.0000000-06:00,0.000000,,,0,,NOAA,2013-03-29T15:47:48.0770000-06:00,in
37,USC00051772,Snow,1955-08-10T00:00:00.0000000-06:00,0.000000,,,0,,NOAA,2013-03-29T15:47:48.0770000-06:00,in
37,USC00051772,Snow,1955-08-11T00:00:00.0000000-06:00,0.000000,,,0,,NOAA,2013-03-29T15:47:48.0770000-06:00,in
37,USC00051772,Snow,1955-08-12T00:00:00.0000000-06:00,0.000000,,,0,,NOAA,2013-03-29T15:47:48.0770000-06:00,in
37,USC00051772,Snow,1955-08-13T00:00:00.0000000-06:00,0.000000,,,0,,NOAA,2013-03-29T15:47:48.0770000-06:00,in
37,USC00051772,Snow,1955-08-14T00:00:00.0000000-06:00,0.000000,,,0,,NOAA,2013-03-29T15:47:48.0770000-06:00,in
37,USC00051772,Snow,1955-08-15T00:00:00.0000000-06:00,0.000000,,,0,,NOAA,2013-03-29T15:47:48.0770000-06:00,in
37,USC00051772,Snow,1955-08-16T00:00:00.0000000-06:00,0.000000,,,0,,NOAA,2013-03-29T15:47:48.0770000-06:00,in
37,USC00051772,Snow,1955-08-17T00:00:00.0000000-06:00,0.000000,,,0,,NOAA,2013-03-29T15:47:48.0770000-06:00,in
37,USC00051772,Snow,1955-08-18T00:00:00.0000000-06:00,0.000000,,,0,,NOAA,2013-03-29T15:47:48.0770000-06:00,in
37,USC00051772,Snow,1955-08-19T00:00:00.0000000-06:00,0.000000,,,0,,NOAA,2013-03-29T15:47:48.0770000-06:00,in
37,USC00051772,Snow,1955-08-20T00:00:00.0000000-06:00,0.000000,,,0,,NOAA,2013-03-29T15:47:48.0770000-06:00,in
37,USC00051772,Snow,1955-08-21T00:00:00.0000000-06:00,0.000000,,,0,,NOAA,2013-03-29T15:47:48.0770000-06:00,in
37,USC00051772,Snow,1955-08-22T00:00:00.0000000-06:00,0.000000,,,0,,NOAA,2013-03-29T15:47:48.0770000-06:00,in
37,USC00051772,Snow,1955-08-23T00:00:00.0000000-06:00,0.000000,,,0,,NOAA,2013-03-29T15:47:48.0770000-06:00,in
37,USC00051772,Snow,1955-08-24T00:00:00.0000000-06:00,0.000000,,,0,,NOAA,2013-03-29T15:47:48.0770000-06:00,in
37,USC00051772,Snow,1955-08-25T00:00:00.0000000-06:00,0.000000,,,0,,NOAA,2013-03-29T15:47:48.0770000-06:00,in
37,USC00051772,Snow,1955-08-26T00:00:00.0000000-06:00,0.000000,,,0,,NOAA,2013-03-29T15:47:48.0770000-06:00,in
37,USC00051772,Snow,1955-08-27T00:00:00.0000000-06:00,0.000000,,,0,,NOAA,2013-03-29T15:47:48.0770000-06:00,in
37,USC00051772,Snow,1955-08-28T00:00:00.0000000-06:00,0.000000,,,0,,NOAA,2013-03-29T15:47:48.0770000-06:00,in
37,USC00051772,Snow,1955-08-29T00:00:00.0000000-06:00,0.000000,,,0,,NOAA,2013-03-29T15:47:48.0770000-06:00,in
37,USC00051772,Snow,1955-08-30T00:00:00.0000000-06:00,0.000000,,,0,,NOAA,2013-03-29T15:47:48.0770000-06:00,in
37,USC00051772,Snow,1955-08-31T00:00:00.0000000-06:00,0.000000,,,0,,NOAA,2013-03-29T15:47:48.0770000-06:00,in
37,USC00051772,Snow,1955-09-01T00:00:00.0000000-06:00,0.000000,,,0,,NOAA,2013-03-29T15:47:48.0770000-06:00,in
37,USC00051772,Snow,1955-09-02T00:00:00.0000000-06:00,0.000000,,,0,,NOAA,2013-03-29T15:47:48.0770000-06:00,in
37,USC00051772,Snow,1955-09-03T00:00:00.0000000-06:00,0.000000,,,0,,NOAA,2013-03-29T15:47:48.0770000-06:00,in
37,USC00051772,Snow,1955-09-04T00:00:00.0000000-06:00,0.000000,,,0,,NOAA,2013-03-29T15:47:48.0770000-06:00,in
37,USC00051772,Snow,1955-09-05T00:00:00.0000000-06:00,0.000000,,,0,,NOAA,2013-03-29T15:47:48.0770000-06:00,in
37,USC00051772,Snow,1955-09-06T00:00:00.0000000-06:00,0.000000,,,0,,NOAA,2013-03-29T15:47:48.0770000-06:00,in
37,USC00051772,Snow,1955-09-07T00:00:00.0000000-06:00,0.000000,,,0,,NOAA,2013-03-29T15:47:48.0770000-06:00,in
37,USC00051772,Snow,1955-09-08T00:00:00.0000000-06:00,0.000000,,,0,,NOAA,2013-03-29T15:47:48.0770000-06:00,in
37,USC00051772,Snow,1955-09-09T00:00:00.0000000-06:00,0.000000,,,0,,NOAA,2013-03-29T15:47:48.0770000-06:00,in
37,USC00051772,Snow,1955-09-10T00:00:00.0000000-06:00,0.000000,,,0,,NOAA,2013-03-29T15:47:48.0770000-06:00,in
37,USC00051772,Snow,1955-09-11T00:00:00.0000000-06:00,0.000000,,,0,,NOAA,2013-03-29T15:47:48.0770000-06:00,in
37,USC00051772,Snow,1955-09-12T00:00:00.0000000-06:00,0.000000,,,0,,NOAA,2013-03-29T15:47:48.0770000-06:00,in
37,USC00051772,Snow,1955-09-13T00:00:00.0000000-06:00,0.000000,,,0,,NOAA,2013-03-29T15:47:48.0770000-06:00,in
37,USC00051772,Snow,1955-09-14T00:00:00.0000000-06:00,0.000000,,,0,,NOAA,2013-03-29T15:47:48.0770000-06:00,in
37,USC00051772,Snow,1955-09-15T00:00:00.0000000-06:00,0.000000,,,0,,NOAA,2013-03-29T15:47:48.0770000-06:00,in
37,USC00051772,Snow,1955-09-16T00:00:00.0000000-06:00,0.000000,,,0,,NOAA,2013-03-29T15:47:48.0770000-06:00,in
37,USC00051772,Snow,1955-09-17T00:00:00.0000000-06:00,0.000000,,,0,,NOAA,2013-03-29T15:47:48.0770000-06:00,in
37,USC00051772,Snow,1955-09-18T00:00:00.0000000-06:00,0.000000,,,0,,NOAA,2013-03-29T15:47:48.0770000-06:00,in
37,USC00051772,Snow,1955-09-19T00:00:00.0000000-06:00,0.000000,,,0,,NOAA,2013-03-29T15:47:48.0770000-06:00,in
37,USC00051772,Snow,1955-09-20T00:00:00.0000000-06:00,0.000000,,,0,,NOAA,2013-03-29T15:47:48.0770000-06:00,in
37,USC00051772,Snow,1955-09-21T00:00:00.0000000-06:00,0.000000,,,0,,NOAA,2013-03-29T15:47:48.0770000-06:00,in
37,USC00051772,Snow,1955-09-22T00:00:00.0000000-06:00,0.000000,,,0,,NOAA,2013-03-29T15:47:48.0770000-06:00,in
37,USC00051772,Snow,1955-09-23T00:00:00.0000000-06:00,0.000000,,,0,,NOAA,2013-03-29T15:47:48.0770000-06:00,in
37,USC00051772,Snow,1955-09-24T00:00:00.0000000-06:00,0.000000,,,0,,NOAA,2013-03-29T15:47:48.0770000-06:00,in
37,USC00051772,Snow,1955-09-25T00:00:00.0000000-06:00,0.000000,,,0,,NOAA,2013-03-29T15:47:48.0770000-06:00,in
37,USC00051772,Snow,1955-09-26T00:00:00.0000000-06:00,0.000000,,,0,,NOAA,2013-03-29T15:47:48.0770000-06:00,in
37,USC00051772,Snow,1955-09-27T00:00:00.0000000-06:00,0.000000,,,0,,NOAA,2013-03-29T15:47:48.0770000-06:00,in
37,USC00051772,Snow,1955-09-28T00:00:00.0000000-06:00,0.000000,,,0,,NOAA,2013-03-29T15:47:48.0770000-06:00,in
37,USC00051772,Snow,1955-09-29T00:00:00.0000000-06:00,0.000000,,,0,,NOAA,2013-03-29T15:47:48.0770000-06:00,in
37,USC00051772,Snow,1955-09-30T00:00:00.0000000-06:00,0.000000,,,0,,NOAA,2013-03-29T15:47:48.0770000-06:00,in
37,USC00051772,Snow,1955-10-01T00:00:00.0000000-06:00,0.000000,,,0,,NOAA,2013-03-29T15:47:48.0770000-06:00,in
37,USC00051772,Snow,1955-10-02T00:00:00.0000000-06:00,0.000000,,,0,,NOAA,2013-03-29T15:47:48.0770000-06:00,in
37,USC00051772,Snow,1955-10-03T00:00:00.0000000-06:00,0.000000,,,0,,NOAA,2013-03-29T15:47:48.0770000-06:00,in
37,USC00051772,Snow,1955-10-04T00:00:00.0000000-06:00,0.000000,,,0,,NOAA,2013-03-29T15:47:48.0770000-06:00,in
37,USC00051772,Snow,1955-10-05T00:00:00.0000000-06:00,0.000000,,,0,,NOAA,2013-03-29T15:47:48.0770000-06:00,in
37,USC00051772,Snow,1955-10-06T00:00:00.0000000-06:00,0.000000,,,0,,NOAA,2013-03-29T15:47:48.0770000-06:00,in
37,USC00051772,Snow,1955-10-07T00:00:00.0000000-06:00,0.000000,,,0,,NOAA,2013-03-29T15:47:48.0770000-06:00,in
37,USC00051772,Snow,1955-10-08T00:00:00.0000000-06:00,0.000000,,,0,,NOAA,2013-03-29T15:47:48.0770000-06:00,in
37,USC00051772,Snow,1955-10-09T00:00:00.0000000-06:00,0.000000,,,0,,NOAA,2013-03-29T15:47:48.0770000-06:00,in
37,USC00051772,Snow,1955-10-10T00:00:00.0000000-06:00,0.000000,,,0,,NOAA,2013-03-29T15:47:48.0770000-06:00,in
37,USC00051772,Snow,1955-10-11T00:00:00.0000000-06:00,0.000000,,,0,,NOAA,2013-03-29T15:47:48.0770000-06:00,in
37,USC00051772,Snow,1955-10-12T00:00:00.0000000-06:00,0.000000,,,0,,NOAA,2013-03-29T15:47:48.0770000-06:00,in
37,USC00051772,Snow,1955-10-13T00:00:00.0000000-06:00,0.000000,,,0,,NOAA,2013-03-29T15:47:48.0770000-06:00,in
37,USC00051772,Snow,1955-10-14T00:00:00.0000000-06:00,0.000000,,,0,,NOAA,2013-03-29T15:47:48.0770000-06:00,in
37,USC00051772,Snow,1955-10-15T00:00:00.0000000-06:00,0.000000,,,0,,NOAA,2013-03-29T15:47:48.0770000-06:00,in
37,USC00051772,Snow,1955-10-16T00:00:00.0000000-06:00,0.000000,,,0,,NOAA,2013-03-29T15:47:48.0770000-06:00,in
37,USC00051772,Snow,1955-10-17T00:00:00.0000000-06:00,0.000000,,,0,,NOAA,2013-03-29T15:47:48.0770000-06:00,in
37,USC00051772,Snow,1955-10-18T00:00:00.0000000-06:00,0.000000,,,0,,NOAA,2013-03-29T15:47:48.0770000-06:00,in
37,USC00051772,Snow,1955-10-19T00:00:00.0000000-06:00,0.000000,,,0,,NOAA,2013-03-29T15:47:48.0770000-06:00,in
37,USC00051772,Snow,1955-10-20T00:00:00.0000000-06:00,0.000000,,,0,,NOAA,2013-03-29T15:47:48.0770000-06:00,in
37,USC00051772,Snow,1955-10-21T00:00:00.0000000-06:00,0.000000,,,0,,NOAA,2013-03-29T15:47:48.0770000-06:00,in
37,USC00051772,Snow,1955-10-22T00:00:00.0000000-06:00,0.000000,,,0,,NOAA,2013-03-29T15:47:48.0770000-06:00,in
37,USC00051772,Snow,1955-10-23T00:00:00.0000000-06:00,0.000000,,,0,,NOAA,2013-03-29T15:47:48.0770000-06:00,in
37,USC00051772,Snow,1955-10-24T00:00:00.0000000-06:00,0.000000,,,0,,NOAA,2013-03-29T15:47:48.0770000-06:00,in
37,USC00051772,Snow,1955-10-25T00:00:00.0000000-06:00,0.000000,,,0,,NOAA,2013-03-29T15:47:48.0770000-06:00,in
37,USC00051772,Snow,1955-10-26T00:00:00.0000000-06:00,0.000000,,,0,,NOAA,2013-03-29T15:47:48.0770000-06:00,in
37,USC00051772,Snow,1955-10-27T00:00:00.0000000-06:00,2.007874,,,0,,NOAA,2013-03-29T15:47:48.0770000-06:00,in
37,USC00051772,Snow,1955-10-28T00:00:00.0000000-06:00,0.000000,,,0,,NOAA,2013-03-29T15:47:48.0770000-06:00,in
37,USC00051772,Snow,1955-10-29T00:00:00.0000000-06:00,0.000000,,,0,,NOAA,2013-03-29T15:47:48.0770000-06:00,in
37,USC00051772,Snow,1955-10-30T00:00:00.0000000-06:00,0.000000,,,0,,NOAA,2013-03-29T15:47:48.0770000-06:00,in
37,USC00051772,Snow,1955-10-31T00:00:00.0000000-07:00,0.000000,,,0,,NOAA,2013-03-29T15:47:48.0770000-06:00,in
37,USC00051772,Snow,1955-11-01T00:00:00.0000000-07:00,0.000000,,,0,,NOAA,2013-03-29T15:47:48.0770000-06:00,in
37,USC00051772,Snow,1955-11-02T00:00:00.0000000-07:00,0.000000,,,0,,NOAA,2013-03-29T15:47:48.0770000-06:00,in
37,USC00051772,Snow,1955-11-03T00:00:00.0000000-07:00,0.000000,,,0,,NOAA,2013-03-29T15:47:48.0770000-06:00,in
37,USC00051772,Snow,1955-11-04T00:00:00.0000000-07:00,0.000000,,,0,,NOAA,2013-03-29T15:47:48.0770000-06:00,in
37,USC00051772,Snow,1955-11-05T00:00:00.0000000-07:00,0.000000,,,0,,NOAA,2013-03-29T15:47:48.0770000-06:00,in
37,USC00051772,Snow,1955-11-06T00:00:00.0000000-07:00,0.000000,,,0,,NOAA,2013-03-29T15:47:48.0770000-06:00,in
37,USC00051772,Snow,1955-11-07T00:00:00.0000000-07:00,0.000000,,,0,,NOAA,2013-03-29T15:47:48.0770000-06:00,in
37,USC00051772,Snow,1955-11-08T00:00:00.0000000-07:00,0.000000,,,0,,NOAA,2013-03-29T15:47:48.0770000-06:00,in
37,USC00051772,Snow,1955-11-09T00:00:00.0000000-07:00,0.000000,,,0,,NOAA,2013-03-29T15:47:48.0770000-06:00,in
37,USC00051772,Snow,1955-11-10T00:00:00.0000000-07:00,0.000000,,,0,,NOAA,2013-03-29T15:47:48.0770000-06:00,in
37,USC00051772,Snow,1955-11-11T00:00:00.0000000-07:00,0.000000,,,0,,NOAA,2013-03-29T15:47:48.0770000-06:00,in
37,USC00051772,Snow,1955-11-12T00:00:00.0000000-07:00,0.000000,T,,0,,NOAA,2013-03-29T15:47:48.0770000-06:00,in
37,USC00051772,Snow,1955-11-13T00:00:00.0000000-07:00,0.000000,T,,0,,NOAA,2013-03-29T15:47:48.0770000-06:00,in
37,USC00051772,Snow,1955-11-14T00:00:00.0000000-07:00,0.000000,T,,0,,NOAA,2013-03-29T15:47:48.0770000-06:00,in
37,USC00051772,Snow,1955-11-15T00:00:00.0000000-07:00,5.000000,,,0,,NOAA,2013-03-29T15:47:48.0770000-06:00,in
37,USC00051772,Snow,1955-11-16T00:00:00.0000000-07:00,0.000000,,,0,,NOAA,2013-03-29T15:47:48.0770000-06:00,in
37,USC00051772,Snow,1955-11-17T00:00:00.0000000-07:00,4.015748,,,0,,NOAA,2013-03-29T15:47:48.0770000-06:00,in
37,USC00051772,Snow,1955-11-18T00:00:00.0000000-07:00,0.984252,,,0,,NOAA,2013-03-29T15:47:48.0770000-06:00,in
37,USC00051772,Snow,1955-11-19T00:00:00.0000000-07:00,0.000000,,,0,,NOAA,2013-03-29T15:47:48.0770000-06:00,in
37,USC00051772,Snow,1955-11-20T00:00:00.0000000-07:00,0.000000,,,0,,NOAA,2013-03-29T15:47:48.0770000-06:00,in
37,USC00051772,Snow,1955-11-21T00:00:00.0000000-07:00,0.000000,,,0,,NOAA,2013-03-29T15:47:48.0770000-06:00,in
37,USC00051772,Snow,1955-11-22T00:00:00.0000000-07:00,0.000000,,,0,,NOAA,2013-03-29T15:47:48.0770000-06:00,in
37,USC00051772,Snow,1955-11-23T00:00:00.0000000-07:00,0.000000,,,0,,NOAA,2013-03-29T15:47:48.0770000-06:00,in
37,USC00051772,Snow,1955-11-24T00:00:00.0000000-07:00,0.000000,T,,0,,NOAA,2013-03-29T15:47:48.0770000-06:00,in
37,USC00051772,Snow,1955-11-25T00:00:00.0000000-07:00,0.000000,,,0,,NOAA,2013-03-29T15:47:48.0770000-06:00,in
37,USC00051772,Snow,1955-11-26T00:00:00.0000000-07:00,0.000000,,,0,,NOAA,2013-03-29T15:47:48.0770000-06:00,in
37,USC00051772,Snow,1955-11-27T00:00:00.0000000-07:00,0.000000,,,0,,NOAA,2013-03-29T15:47:48.0770000-06:00,in
37,USC00051772,Snow,1955-11-28T00:00:00.0000000-07:00,0.000000,,,0,,NOAA,2013-03-29T15:47:48.0770000-06:00,in
37,USC00051772,Snow,1955-11-29T00:00:00.0000000-07:00,0.000000,,,0,,NOAA,2013-03-29T15:47:48.0770000-06:00,in
37,USC00051772,Snow,1955-11-30T00:00:00.0000000-07:00,0.000000,T,,0,,NOAA,2013-03-29T15:47:48.0770000-06:00,in
37,USC00051772,Snow,1955-12-01T00:00:00.0000000-07:00,0.000000,,,0,,NOAA,2013-03-29T15:47:48.0770000-06:00,in
37,USC00051772,Snow,1955-12-02T00:00:00.0000000-07:00,0.984252,,,0,,NOAA,2013-03-29T15:47:48.0770000-06:00,in
37,USC00051772,Snow,1955-12-03T00:00:00.0000000-07:00,0.118110,,,0,,NOAA,2013-03-29T15:47:48.0770000-06:00,in
37,USC00051772,Snow,1955-12-04T00:00:00.0000000-07:00,0.000000,T,,0,,NOAA,2013-03-29T15:47:48.0770000-06:00,in
37,USC00051772,Snow,1955-12-05T00:00:00.0000000-07:00,0.000000,,,0,,NOAA,2013-03-29T15:47:48.0770000-06:00,in
37,USC00051772,Snow,1955-12-06T00:00:00.0000000-07:00,0.000000,,,0,,NOAA,2013-03-29T15:47:48.0770000-06:00,in
37,USC00051772,Snow,1955-12-07T00:00:00.0000000-07:00,2.007874,,,0,,NOAA,2013-03-29T15:47:48.0770000-06:00,in
37,USC00051772,Snow,1955-12-08T00:00:00.0000000-07:00,0.000000,,,0,,NOAA,2013-03-29T15:47:48.0770000-06:00,in
37,USC00051772,Snow,1955-12-09T00:00:00.0000000-07:00,0.984252,,,0,,NOAA,2013-03-29T15:47:48.0770000-06:00,in
37,USC00051772,Snow,1955-12-10T00:00:00.0000000-07:00,0.118110,,,0,,NOAA,2013-03-29T15:47:48.0770000-06:00,in
37,USC00051772,Snow,1955-12-11T00:00:00.0000000-07:00,0.000000,,,0,,NOAA,2013-03-29T15:47:48.0770000-06:00,in
37,USC00051772,Snow,1955-12-12T00:00:00.0000000-07:00,0.000000,,,0,,NOAA,2013-03-29T15:47:48.0770000-06:00,in
37,USC00051772,Snow,1955-12-13T00:00:00.0000000-07:00,0.000000,,,0,,NOAA,2013-03-29T15:47:48.0770000-06:00,in
37,USC00051772,Snow,1955-12-14T00:00:00.0000000-07:00,0.000000,,,0,,NOAA,2013-03-29T15:47:48.0770000-06:00,in
37,USC00051772,Snow,1955-12-15T00:00:00.0000000-07:00,0.000000,,,0,,NOAA,2013-03-29T15:47:48.0770000-06:00,in
37,USC00051772,Snow,1955-12-16T00:00:00.0000000-07:00,0.000000,,,0,,NOAA,2013-03-29T15:47:48.0770000-06:00,in
37,USC00051772,Snow,1955-12-17T00:00:00.0000000-07:00,0.000000,,,0,,NOAA,2013-03-29T15:47:48.0770000-06:00,in
37,USC00051772,Snow,1955-12-18T00:00:00.0000000-07:00,0.000000,,,0,,NOAA,2013-03-29T15:47:48.0770000-06:00,in
37,USC00051772,Snow,1955-12-19T00:00:00.0000000-07:00,0.000000,,,0,,NOAA,2013-03-29T15:47:48.0770000-06:00,in
37,USC00051772,Snow,1955-12-20T00:00:00.0000000-07:00,0.000000,,,0,,NOAA,2013-03-29T15:47:48.0770000-06:00,in
37,USC00051772,Snow,1955-12-21T00:00:00.0000000-07:00,0.000000,,,0,,NOAA,2013-03-29T15:47:48.0770000-06:00,in
37,USC00051772,Snow,1955-12-22T00:00:00.0000000-07:00,0.000000,,,0,,NOAA,2013-03-29T15:47:48.0770000-06:00,in
37,USC00051772,Snow,1955-12-23T00:00:00.0000000-07:00,0.000000,,,0,,NOAA,2013-03-29T15:47:48.0770000-06:00,in
37,USC00051772,Snow,1955-12-24T00:00:00.0000000-07:00,0.000000,,,0,,NOAA,2013-03-29T15:47:48.0770000-06:00,in
37,USC00051772,Snow,1955-12-25T00:00:00.0000000-07:00,0.000000,,,0,,NOAA,2013-03-29T15:47:48.0770000-06:00,in
37,USC00051772,Snow,1955-12-26T00:00:00.0000000-07:00,0.000000,,,0,,NOAA,2013-03-29T15:47:48.0770000-06:00,in
37,USC00051772,Snow,1955-12-27T00:00:00.0000000-07:00,0.000000,,,0,,NOAA,2013-03-29T15:47:48.0770000-06:00,in
37,USC00051772,Snow,1955-12-28T00:00:00.0000000-07:00,0.000000,,,0,,NOAA,2013-03-29T15:47:48.0770000-06:00,in
37,USC00051772,Snow,1955-12-29T00:00:00.0000000-07:00,0.000000,,,0,,NOAA,2013-03-29T15:47:48.0770000-06:00,in
37,USC00051772,Snow,1955-12-30T00:00:00.0000000-07:00,0.000000,,,0,,NOAA,2013-03-29T15:47:48.0770000-06:00,in
37,USC00051772,Snow,1955-12-31T00:00:00.0000000-07:00,0.984252,,,0,,NOAA,2013-03-29T15:47:48.0770000-06:00,in
37,USC00051772,Snow,1956-01-01T00:00:00.0000000-07:00,0.000000,,,0,,NOAA,2013-03-29T15:47:48.0770000-06:00,in
37,USC00051772,Snow,1956-01-02T00:00:00.0000000-07:00,0.000000,,,0,,NOAA,2013-03-29T15:47:48.0770000-06:00,in
37,USC00051772,Snow,1956-01-03T00:00:00.0000000-07:00,0.000000,,,0,,NOAA,2013-03-29T15:47:48.0770000-06:00,in
37,USC00051772,Snow,1956-01-04T00:00:00.0000000-07:00,0.000000,,,0,,NOAA,2013-03-29T15:47:48.0770000-06:00,in
37,USC00051772,Snow,1956-01-05T00:00:00.0000000-07:00,0.000000,,,0,,NOAA,2013-03-29T15:47:48.0770000-06:00,in
37,USC00051772,Snow,1956-01-06T00:00:00.0000000-07:00,0.000000,,,0,,NOAA,2013-03-29T15:47:48.0770000-06:00,in
37,USC00051772,Snow,1956-01-07T00:00:00.0000000-07:00,0.000000,,,0,,NOAA,2013-03-29T15:47:48.0770000-06:00,in
37,USC00051772,Snow,1956-01-08T00:00:00.0000000-07:00,0.000000,,,0,,NOAA,2013-03-29T15:47:48.0770000-06:00,in
37,USC00051772,Snow,1956-01-09T00:00:00.0000000-07:00,0.000000,,,0,,NOAA,2013-03-29T15:47:48.0770000-06:00,in
37,USC00051772,Snow,1956-01-10T00:00:00.0000000-07:00,0.000000,,,0,,NOAA,2013-03-29T15:47:48.0770000-06:00,in
37,USC00051772,Snow,1956-01-11T00:00:00.0000000-07:00,0.000000,,,0,,NOAA,2013-03-29T15:47:48.0770000-06:00,in
37,USC00051772,Snow,1956-01-12T00:00:00.0000000-07:00,0.000000,,,0,,NOAA,2013-03-29T15:47:48.0770000-06:00,in
37,USC00051772,Snow,1956-01-13T00:00:00.0000000-07:00,0.000000,,,0,,NOAA,2013-03-29T15:47:48.0770000-06:00,in
37,USC00051772,Snow,1956-01-14T00:00:00.0000000-07:00,0.000000,,,0,,NOAA,2013-03-29T15:47:48.0770000-06:00,in
37,USC00051772,Snow,1956-01-15T00:00:00.0000000-07:00,0.000000,,,0,,NOAA,2013-03-29T15:47:48.0770000-06:00,in
37,USC00051772,Snow,1956-01-16T00:00:00.0000000-07:00,0.000000,,,0,,NOAA,2013-03-29T15:47:48.0770000-06:00,in
37,USC00051772,Snow,1956-01-17T00:00:00.0000000-07:00,0.984252,,,0,,NOAA,2013-03-29T15:47:48.0770000-06:00,in
37,USC00051772,Snow,1956-01-18T00:00:00.0000000-07:00,0.000000,,,0,,NOAA,2013-03-29T15:47:48.0770000-06:00,in
37,USC00051772,Snow,1956-01-19T00:00:00.0000000-07:00,0.511811,,,0,,NOAA,2013-03-29T15:47:48.0770000-06:00,in
37,USC00051772,Snow,1956-01-20T00:00:00.0000000-07:00,0.984252,,,0,,NOAA,2013-03-29T15:47:48.0770000-06:00,in
37,USC00051772,Snow,1956-01-21T00:00:00.0000000-07:00,0.511811,,,0,,NOAA,2013-03-29T15:47:48.0770000-06:00,in
37,USC00051772,Snow,1956-01-22T00:00:00.0000000-07:00,0.000000,T,,0,,NOAA,2013-03-29T15:47:48.0770000-06:00,in
37,USC00051772,Snow,1956-01-23T00:00:00.0000000-07:00,1.496063,,,0,,NOAA,2013-03-29T15:47:48.0770000-06:00,in
37,USC00051772,Snow,1956-01-24T00:00:00.0000000-07:00,0.000000,,,0,,NOAA,2013-03-29T15:47:48.0770000-06:00,in
37,USC00051772,Snow,1956-01-25T00:00:00.0000000-07:00,4.015748,,,0,,NOAA,2013-03-29T15:47:48.0770000-06:00,in
37,USC00051772,Snow,1956-01-26T00:00:00.0000000-07:00,0.000000,,,0,,NOAA,2013-03-29T15:47:48.0770000-06:00,in
37,USC00051772,Snow,1956-01-27T00:00:00.0000000-07:00,0.984252,,,0,,NOAA,2013-03-29T15:47:48.0770000-06:00,in
37,USC00051772,Snow,1956-01-28T00:00:00.0000000-07:00,2.007874,,,0,,NOAA,2013-03-29T15:47:48.0770000-06:00,in
37,USC00051772,Snow,1956-01-29T00:00:00.0000000-07:00,0.000000,,,0,,NOAA,2013-03-29T15:47:48.0770000-06:00,in
37,USC00051772,Snow,1956-01-30T00:00:00.0000000-07:00,0.000000,,,0,,NOAA,2013-03-29T15:47:48.0770000-06:00,in
37,USC00051772,Snow,1956-01-31T00:00:00.0000000-07:00,0.000000,,,0,,NOAA,2013-03-29T15:47:48.0770000-06:00,in
37,USC00051772,Snow,1956-02-01T00:00:00.0000000-07:00,0.000000,,,0,,NOAA,2013-03-29T15:47:48.0770000-06:00,in
37,USC00051772,Snow,1956-02-02T00:00:00.0000000-07:00,0.000000,,,0,,NOAA,2013-03-29T15:47:48.0770000-06:00,in
37,USC00051772,Snow,1956-02-03T00:00:00.0000000-07:00,0.000000,,,0,,NOAA,2013-03-29T15:47:48.0770000-06:00,in
37,USC00051772,Snow,1956-02-04T00:00:00.0000000-07:00,0.000000,,,0,,NOAA,2013-03-29T15:47:48.0770000-06:00,in
37,USC00051772,Snow,1956-02-05T00:00:00.0000000-07:00,0.000000,,,0,,NOAA,2013-03-29T15:47:48.0770000-06:00,in
37,USC00051772,Snow,1956-02-06T00:00:00.0000000-07:00,0.000000,,,0,,NOAA,2013-03-29T15:47:48.0770000-06:00,in
37,USC00051772,Snow,1956-02-07T00:00:00.0000000-07:00,2.992126,,,0,,NOAA,2013-03-29T15:47:48.0770000-06:00,in
37,USC00051772,Snow,1956-02-08T00:00:00.0000000-07:00,0.000000,,,0,,NOAA,2013-03-29T15:47:48.0770000-06:00,in
37,USC00051772,Snow,1956-02-09T00:00:00.0000000-07:00,0.000000,,,0,,NOAA,2013-03-29T15:47:48.0770000-06:00,in
37,USC00051772,Snow,1956-02-10T00:00:00.0000000-07:00,0.000000,,,0,,NOAA,2013-03-29T15:47:48.0770000-06:00,in
37,USC00051772,Snow,1956-02-11T00:00:00.0000000-07:00,0.000000,,,0,,NOAA,2013-03-29T15:47:48.0770000-06:00,in
37,USC00051772,Snow,1956-02-12T00:00:00.0000000-07:00,0.000000,,,0,,NOAA,2013-03-29T15:47:48.0770000-06:00,in
37,USC00051772,Snow,1956-02-13T00:00:00.0000000-07:00,0.000000,,,0,,NOAA,2013-03-29T15:47:48.0770000-06:00,in
37,USC00051772,Snow,1956-02-14T00:00:00.0000000-07:00,0.000000,,,0,,NOAA,2013-03-29T15:47:48.0770000-06:00,in
37,USC00051772,Snow,1956-02-15T00:00:00.0000000-07:00,0.000000,,,0,,NOAA,2013-03-29T15:47:48.0770000-06:00,in
37,USC00051772,Snow,1956-02-16T00:00:00.0000000-07:00,5.000000,,,0,,NOAA,2013-03-29T15:47:48.0770000-06:00,in
37,USC00051772,Snow,1956-02-17T00:00:00.0000000-07:00,0.000000,,,0,,NOAA,2013-03-29T15:47:48.0770000-06:00,in
37,USC00051772,Snow,1956-02-18T00:00:00.0000000-07:00,0.000000,,,0,,NOAA,2013-03-29T15:47:48.0770000-06:00,in
37,USC00051772,Snow,1956-02-19T00:00:00.0000000-07:00,0.000000,T,,0,,NOAA,2013-03-29T15:47:48.0770000-06:00,in
37,USC00051772,Snow,1956-02-20T00:00:00.0000000-07:00,0.000000,,,0,,NOAA,2013-03-29T15:47:48.0770000-06:00,in
37,USC00051772,Snow,1956-02-21T00:00:00.0000000-07:00,0.000000,,,0,,NOAA,2013-03-29T15:47:48.0770000-06:00,in
37,USC00051772,Snow,1956-02-22T00:00:00.0000000-07:00,0.000000,,,0,,NOAA,2013-03-29T15:47:48.0770000-06:00,in
37,USC00051772,Snow,1956-02-23T00:00:00.0000000-07:00,0.000000,,,0,,NOAA,2013-03-29T15:47:48.0770000-06:00,in
37,USC00051772,Snow,1956-02-24T00:00:00.0000000-07:00,5.984252,,,0,,NOAA,2013-03-29T15:47:48.0770000-06:00,in
37,USC00051772,Snow,1956-02-25T00:00:00.0000000-07:00,0.000000,,,0,,NOAA,2013-03-29T15:47:48.0770000-06:00,in
37,USC00051772,Snow,1956-02-26T00:00:00.0000000-07:00,0.000000,T,,0,,NOAA,2013-03-29T15:47:48.0770000-06:00,in
37,USC00051772,Snow,1956-02-27T00:00:00.0000000-07:00,0.000000,,,0,,NOAA,2013-03-29T15:47:48.0770000-06:00,in
37,USC00051772,Snow,1956-02-28T00:00:00.0000000-07:00,0.000000,,,0,,NOAA,2013-03-29T15:47:48.0770000-06:00,in
37,USC00051772,Snow,1956-02-29T00:00:00.0000000-07:00,0.000000,,,0,,NOAA,2013-03-29T15:47:48.0770000-06:00,in
37,USC00051772,Snow,1956-03-01T00:00:00.0000000-07:00,0.000000,,,0,,NOAA,2013-03-29T15:47:48.0770000-06:00,in
37,USC00051772,Snow,1956-03-02T00:00:00.0000000-07:00,0.000000,,,0,,NOAA,2013-03-29T15:47:48.0770000-06:00,in
37,USC00051772,Snow,1956-03-03T00:00:00.0000000-07:00,0.000000,,,0,,NOAA,2013-03-29T15:47:48.0770000-06:00,in
37,USC00051772,Snow,1956-03-04T00:00:00.0000000-07:00,0.000000,,,0,,NOAA,2013-03-29T15:47:48.0770000-06:00,in
37,USC00051772,Snow,1956-03-05T00:00:00.0000000-07:00,0.000000,,,0,,NOAA,2013-03-29T15:47:48.0770000-06:00,in
37,USC00051772,Snow,1956-03-06T00:00:00.0000000-07:00,1.496063,,,0,,NOAA,2013-03-29T15:47:48.0770000-06:00,in
37,USC00051772,Snow,1956-03-07T00:00:00.0000000-07:00,0.000000,,,0,,NOAA,2013-03-29T15:47:48.0770000-06:00,in
37,USC00051772,Snow,1956-03-08T00:00:00.0000000-07:00,0.000000,,,0,,NOAA,2013-03-29T15:47:48.0770000-06:00,in
37,USC00051772,Snow,1956-03-09T00:00:00.0000000-07:00,0.000000,,,0,,NOAA,2013-03-29T15:47:48.0770000-06:00,in
37,USC00051772,Snow,1956-03-10T00:00:00.0000000-07:00,0.000000,,,0,,NOAA,2013-03-29T15:47:48.0770000-06:00,in
37,USC00051772,Snow,1956-03-11T00:00:00.0000000-07:00,0.000000,,,0,,NOAA,2013-03-29T15:47:48.0770000-06:00,in
37,USC00051772,Snow,1956-03-12T00:00:00.0000000-07:00,0.000000,,,0,,NOAA,2013-03-29T15:47:48.0770000-06:00,in
37,USC00051772,Snow,1956-03-13T00:00:00.0000000-07:00,0.000000,,,0,,NOAA,2013-03-29T15:47:48.0770000-06:00,in
37,USC00051772,Snow,1956-03-14T00:00:00.0000000-07:00,5.984252,,,0,,NOAA,2013-03-29T15:47:48.0770000-06:00,in
37,USC00051772,Snow,1956-03-15T00:00:00.0000000-07:00,0.000000,,,0,,NOAA,2013-03-29T15:47:48.0770000-06:00,in
37,USC00051772,Snow,1956-03-16T00:00:00.0000000-07:00,0.000000,,,0,,NOAA,2013-03-29T15:47:48.0770000-06:00,in
37,USC00051772,Snow,1956-03-17T00:00:00.0000000-07:00,0.000000,,,0,,NOAA,2013-03-29T15:47:48.0770000-06:00,in
37,USC00051772,Snow,1956-03-18T00:00:00.0000000-07:00,0.000000,,,0,,NOAA,2013-03-29T15:47:48.0770000-06:00,in
37,USC00051772,Snow,1956-03-19T00:00:00.0000000-07:00,0.000000,,,0,,NOAA,2013-03-29T15:47:48.0770000-06:00,in
37,USC00051772,Snow,1956-03-20T00:00:00.0000000-07:00,0.000000,,,0,,NOAA,2013-03-29T15:47:48.0770000-06:00,in
37,USC00051772,Snow,1956-03-21T00:00:00.0000000-07:00,0.000000,,,0,,NOAA,2013-03-29T15:47:48.0770000-06:00,in
37,USC00051772,Snow,1956-03-22T00:00:00.0000000-07:00,0.000000,,,0,,NOAA,2013-03-29T15:47:48.0770000-06:00,in
37,USC00051772,Snow,1956-03-23T00:00:00.0000000-07:00,0.000000,,,0,,NOAA,2013-03-29T15:47:48.0770000-06:00,in
37,USC00051772,Snow,1956-03-24T00:00:00.0000000-07:00,0.000000,,,0,,NOAA,2013-03-29T15:47:48.0770000-06:00,in
37,USC00051772,Snow,1956-03-25T00:00:00.0000000-07:00,0.000000,,,0,,NOAA,2013-03-29T15:47:48.0770000-06:00,in
37,USC00051772,Snow,1956-03-26T00:00:00.0000000-07:00,0.000000,,,0,,NOAA,2013-03-29T15:47:48.0770000-06:00,in
37,USC00051772,Snow,1956-03-27T00:00:00.0000000-07:00,0.000000,,,0,,NOAA,2013-03-29T15:47:48.0770000-06:00,in
37,USC00051772,Snow,1956-03-28T00:00:00.0000000-07:00,0.000000,,,0,,NOAA,2013-03-29T15:47:48.0770000-06:00,in
37,USC00051772,Snow,1956-03-29T00:00:00.0000000-07:00,0.000000,,,0,,NOAA,2013-03-29T15:47:48.0770000-06:00,in
37,USC00051772,Snow,1956-03-30T00:00:00.0000000-07:00,0.000000,,,0,,NOAA,2013-03-29T15:47:48.0770000-06:00,in
37,USC00051772,Snow,1956-03-31T00:00:00.0000000-07:00,0.000000,,,0,,NOAA,2013-03-29T15:47:48.0770000-06:00,in
37,USC00051772,Snow,1956-04-01T00:00:00.0000000-07:00,0.000000,,,0,,NOAA,2013-03-29T15:47:48.0770000-06:00,in
37,USC00051772,Snow,1956-04-02T00:00:00.0000000-06:00,0.984252,,,0,,NOAA,2013-03-29T15:47:48.0770000-06:00,in
37,USC00051772,Snow,1956-04-03T00:00:00.0000000-06:00,0.000000,T,,0,,NOAA,2013-03-29T15:47:48.0770000-06:00,in
37,USC00051772,Snow,1956-04-04T00:00:00.0000000-06:00,0.000000,,,0,,NOAA,2013-03-29T15:47:48.0770000-06:00,in
37,USC00051772,Snow,1956-04-05T00:00:00.0000000-06:00,0.000000,,,0,,NOAA,2013-03-29T15:47:48.0770000-06:00,in
37,USC00051772,Snow,1956-04-06T00:00:00.0000000-06:00,0.000000,,,0,,NOAA,2013-03-29T15:47:48.0770000-06:00,in
37,USC00051772,Snow,1956-04-07T00:00:00.0000000-06:00,0.000000,,,0,,NOAA,2013-03-29T15:47:48.0770000-06:00,in
37,USC00051772,Snow,1956-04-08T00:00:00.0000000-06:00,0.000000,,,0,,NOAA,2013-03-29T15:47:48.0770000-06:00,in
37,USC00051772,Snow,1956-04-09T00:00:00.0000000-06:00,0.000000,,,0,,NOAA,2013-03-29T15:47:48.0770000-06:00,in
37,USC00051772,Snow,1956-04-10T00:00:00.0000000-06:00,0.000000,,,0,,NOAA,2013-03-29T15:47:48.0770000-06:00,in
37,USC00051772,Snow,1956-04-11T00:00:00.0000000-06:00,0.000000,,,0,,NOAA,2013-03-29T15:47:48.0770000-06:00,in
37,USC00051772,Snow,1956-04-12T00:00:00.0000000-06:00,0.000000,,,0,,NOAA,2013-03-29T15:47:48.0770000-06:00,in
37,USC00051772,Snow,1956-04-13T00:00:00.0000000-06:00,0.000000,,,0,,NOAA,2013-03-29T15:47:48.0770000-06:00,in
37,USC00051772,Snow,1956-04-14T00:00:00.0000000-06:00,0.000000,,,0,,NOAA,2013-03-29T15:47:48.0770000-06:00,in
37,USC00051772,Snow,1956-04-15T00:00:00.0000000-06:00,0.000000,,,0,,NOAA,2013-03-29T15:47:48.0770000-06:00,in
37,USC00051772,Snow,1956-04-16T00:00:00.0000000-06:00,0.000000,,,0,,NOAA,2013-03-29T15:47:48.0770000-06:00,in
37,USC00051772,Snow,1956-04-17T00:00:00.0000000-06:00,0.000000,,,0,,NOAA,2013-03-29T15:47:48.0770000-06:00,in
37,USC00051772,Snow,1956-04-18T00:00:00.0000000-06:00,0.000000,,,0,,NOAA,2013-03-29T15:47:48.0770000-06:00,in
37,USC00051772,Snow,1956-04-19T00:00:00.0000000-06:00,0.000000,,,0,,NOAA,2013-03-29T15:47:48.0770000-06:00,in
37,USC00051772,Snow,1956-04-20T00:00:00.0000000-06:00,0.000000,,,0,,NOAA,2013-03-29T15:47:48.0770000-06:00,in
37,USC00051772,Snow,1956-04-21T00:00:00.0000000-06:00,0.000000,,,0,,NOAA,2013-03-29T15:47:48.0770000-06:00,in
37,USC00051772,Snow,1956-04-22T00:00:00.0000000-06:00,0.000000,,,0,,NOAA,2013-03-29T15:47:48.0770000-06:00,in
37,USC00051772,Snow,1956-04-23T00:00:00.0000000-06:00,0.000000,,,0,,NOAA,2013-03-29T15:47:48.0770000-06:00,in
37,USC00051772,Snow,1956-04-24T00:00:00.0000000-06:00,0.000000,,,0,,NOAA,2013-03-29T15:47:48.0770000-06:00,in
37,USC00051772,Snow,1956-04-25T00:00:00.0000000-06:00,0.000000,,,0,,NOAA,2013-03-29T15:47:48.0770000-06:00,in
37,USC00051772,Snow,1956-04-26T00:00:00.0000000-06:00,0.000000,,,0,,NOAA,2013-03-29T15:47:48.0770000-06:00,in
37,USC00051772,Snow,1956-04-27T00:00:00.0000000-06:00,0.000000,,,0,,NOAA,2013-03-29T15:47:48.0770000-06:00,in
37,USC00051772,Snow,1956-04-28T00:00:00.0000000-06:00,0.000000,,,0,,NOAA,2013-03-29T15:47:48.0770000-06:00,in
37,USC00051772,Snow,1956-04-29T00:00:00.0000000-06:00,0.000000,,,0,,NOAA,2013-03-29T15:47:48.0770000-06:00,in
37,USC00051772,Snow,1956-04-30T00:00:00.0000000-06:00,0.000000,,,0,,NOAA,2013-03-29T15:47:48.0770000-06:00,in
37,USC00051772,Snow,1956-05-01T00:00:00.0000000-06:00,0.000000,,,0,,NOAA,2013-03-29T15:47:48.0770000-06:00,in
37,USC00051772,Snow,1956-05-02T00:00:00.0000000-06:00,0.000000,,,0,,NOAA,2013-03-29T15:47:48.0770000-06:00,in
37,USC00051772,Snow,1956-05-03T00:00:00.0000000-06:00,0.000000,,,0,,NOAA,2013-03-29T15:47:48.0770000-06:00,in
37,USC00051772,Snow,1956-05-04T00:00:00.0000000-06:00,0.000000,,,0,,NOAA,2013-03-29T15:47:48.0770000-06:00,in
37,USC00051772,Snow,1956-05-05T00:00:00.0000000-06:00,0.000000,,,0,,NOAA,2013-03-29T15:47:48.0770000-06:00,in
37,USC00051772,Snow,1956-05-06T00:00:00.0000000-06:00,0.000000,,,0,,NOAA,2013-03-29T15:47:48.0770000-06:00,in
37,USC00051772,Snow,1956-05-07T00:00:00.0000000-06:00,0.000000,,,0,,NOAA,2013-03-29T15:47:48.0770000-06:00,in
37,USC00051772,Snow,1956-05-08T00:00:00.0000000-06:00,0.000000,,,0,,NOAA,2013-03-29T15:47:48.0770000-06:00,in
37,USC00051772,Snow,1956-05-09T00:00:00.0000000-06:00,0.000000,,,0,,NOAA,2013-03-29T15:47:48.0770000-06:00,in
37,USC00051772,Snow,1956-05-10T00:00:00.0000000-06:00,0.000000,,,0,,NOAA,2013-03-29T15:47:48.0770000-06:00,in
37,USC00051772,Snow,1956-05-11T00:00:00.0000000-06:00,0.000000,,,0,,NOAA,2013-03-29T15:47:48.0770000-06:00,in
37,USC00051772,Snow,1956-05-12T00:00:00.0000000-06:00,0.000000,,,0,,NOAA,2013-03-29T15:47:48.0770000-06:00,in
37,USC00051772,Snow,1956-05-13T00:00:00.0000000-06:00,0.000000,,,0,,NOAA,2013-03-29T15:47:48.0770000-06:00,in
37,USC00051772,Snow,1956-05-14T00:00:00.0000000-06:00,0.000000,T,,0,,NOAA,2013-03-29T15:47:48.0770000-06:00,in
37,USC00051772,Snow,1956-05-15T00:00:00.0000000-06:00,0.000000,,,0,,NOAA,2013-03-29T15:47:48.0770000-06:00,in
37,USC00051772,Snow,1956-05-16T00:00:00.0000000-06:00,0.000000,,,0,,NOAA,2013-03-29T15:47:48.0770000-06:00,in
37,USC00051772,Snow,1956-05-17T00:00:00.0000000-06:00,0.000000,,,0,,NOAA,2013-03-29T15:47:48.0770000-06:00,in
37,USC00051772,Snow,1956-05-18T00:00:00.0000000-06:00,0.000000,,,0,,NOAA,2013-03-29T15:47:48.0770000-06:00,in
37,USC00051772,Snow,1956-05-19T00:00:00.0000000-06:00,0.000000,,,0,,NOAA,2013-03-29T15:47:48.0770000-06:00,in
37,USC00051772,Snow,1956-05-20T00:00:00.0000000-06:00,0.000000,,,0,,NOAA,2013-03-29T15:47:48.0770000-06:00,in
37,USC00051772,Snow,1956-05-21T00:00:00.0000000-06:00,0.000000,,,0,,NOAA,2013-03-29T15:47:48.0770000-06:00,in
37,USC00051772,Snow,1956-05-22T00:00:00.0000000-06:00,0.000000,,,0,,NOAA,2013-03-29T15:47:48.0770000-06:00,in
37,USC00051772,Snow,1956-05-23T00:00:00.0000000-06:00,0.000000,,,0,,NOAA,2013-03-29T15:47:48.0770000-06:00,in
37,USC00051772,Snow,1956-05-24T00:00:00.0000000-06:00,0.000000,,,0,,NOAA,2013-03-29T15:47:48.0770000-06:00,in
37,USC00051772,Snow,1956-05-25T00:00:00.0000000-06:00,0.000000,,,0,,NOAA,2013-03-29T15:47:48.0770000-06:00,in
37,USC00051772,Snow,1956-05-26T00:00:00.0000000-06:00,0.000000,,,0,,NOAA,2013-03-29T15:47:48.0770000-06:00,in
37,USC00051772,Snow,1956-05-27T00:00:00.0000000-06:00,0.000000,,,0,,NOAA,2013-03-29T15:47:48.0770000-06:00,in
37,USC00051772,Snow,1956-05-28T00:00:00.0000000-06:00,0.000000,,,0,,NOAA,2013-03-29T15:47:48.0770000-06:00,in
37,USC00051772,Snow,1956-05-29T00:00:00.0000000-06:00,0.000000,,,0,,NOAA,2013-03-29T15:47:48.0770000-06:00,in
37,USC00051772,Snow,1956-05-30T00:00:00.0000000-06:00,0.000000,,,0,,NOAA,2013-03-29T15:47:48.0770000-06:00,in
37,USC00051772,Snow,1956-05-31T00:00:00.0000000-06:00,0.000000,,,0,,NOAA,2013-03-29T15:47:48.0770000-06:00,in
37,USC00051772,Snow,1956-06-01T00:00:00.0000000-06:00,0.000000,,,0,,NOAA,2013-03-29T15:47:48.0770000-06:00,in
37,USC00051772,Snow,1956-06-02T00:00:00.0000000-06:00,0.000000,,,0,,NOAA,2013-03-29T15:47:48.0770000-06:00,in
37,USC00051772,Snow,1956-06-03T00:00:00.0000000-06:00,0.000000,,,0,,NOAA,2013-03-29T15:47:48.0770000-06:00,in
37,USC00051772,Snow,1956-06-04T00:00:00.0000000-06:00,0.000000,,,0,,NOAA,2013-03-29T15:47:48.0770000-06:00,in
37,USC00051772,Snow,1956-06-05T00:00:00.0000000-06:00,0.000000,,,0,,NOAA,2013-03-29T15:47:48.0770000-06:00,in
37,USC00051772,Snow,1956-06-06T00:00:00.0000000-06:00,0.000000,,,0,,NOAA,2013-03-29T15:47:48.0770000-06:00,in
37,USC00051772,Snow,1956-06-07T00:00:00.0000000-06:00,0.000000,,,0,,NOAA,2013-03-29T15:47:48.0770000-06:00,in
37,USC00051772,Snow,1956-06-08T00:00:00.0000000-06:00,0.000000,,,0,,NOAA,2013-03-29T15:47:48.0770000-06:00,in
37,USC00051772,Snow,1956-06-09T00:00:00.0000000-06:00,0.000000,,,0,,NOAA,2013-03-29T15:47:48.0770000-06:00,in
37,USC00051772,Snow,1956-06-10T00:00:00.0000000-06:00,0.000000,,,0,,NOAA,2013-03-29T15:47:48.0770000-06:00,in
37,USC00051772,Snow,1956-06-11T00:00:00.0000000-06:00,0.000000,,,0,,NOAA,2013-03-29T15:47:48.0770000-06:00,in
37,USC00051772,Snow,1956-06-12T00:00:00.0000000-06:00,0.000000,,,0,,NOAA,2013-03-29T15:47:48.0770000-06:00,in
37,USC00051772,Snow,1956-06-13T00:00:00.0000000-06:00,0.000000,,,0,,NOAA,2013-03-29T15:47:48.0770000-06:00,in
37,USC00051772,Snow,1956-06-14T00:00:00.0000000-06:00,0.000000,,,0,,NOAA,2013-03-29T15:47:48.0770000-06:00,in
37,USC00051772,Snow,1956-06-15T00:00:00.0000000-06:00,0.000000,,,0,,NOAA,2013-03-29T15:47:48.0770000-06:00,in
37,USC00051772,Snow,1956-06-16T00:00:00.0000000-06:00,0.000000,,,0,,NOAA,2013-03-29T15:47:48.0770000-06:00,in
37,USC00051772,Snow,1956-06-17T00:00:00.0000000-06:00,0.000000,,,0,,NOAA,2013-03-29T15:47:48.0770000-06:00,in
37,USC00051772,Snow,1956-06-18T00:00:00.0000000-06:00,0.000000,,,0,,NOAA,2013-03-29T15:47:48.0770000-06:00,in
37,USC00051772,Snow,1956-06-19T00:00:00.0000000-06:00,0.000000,,,0,,NOAA,2013-03-29T15:47:48.0770000-06:00,in
37,USC00051772,Snow,1956-06-20T00:00:00.0000000-06:00,0.000000,,,0,,NOAA,2013-03-29T15:47:48.0770000-06:00,in
37,USC00051772,Snow,1956-06-21T00:00:00.0000000-06:00,0.000000,,,0,,NOAA,2013-03-29T15:47:48.0770000-06:00,in
37,USC00051772,Snow,1956-06-22T00:00:00.0000000-06:00,0.000000,,,0,,NOAA,2013-03-29T15:47:48.0770000-06:00,in
37,USC00051772,Snow,1956-06-23T00:00:00.0000000-06:00,0.000000,,,0,,NOAA,2013-03-29T15:47:48.0770000-06:00,in
37,USC00051772,Snow,1956-06-24T00:00:00.0000000-06:00,0.000000,,,0,,NOAA,2013-03-29T15:47:48.0770000-06:00,in
37,USC00051772,Snow,1956-06-25T00:00:00.0000000-06:00,0.000000,,,0,,NOAA,2013-03-29T15:47:48.0770000-06:00,in
37,USC00051772,Snow,1956-06-26T00:00:00.0000000-06:00,0.000000,,,0,,NOAA,2013-03-29T15:47:48.0770000-06:00,in
37,USC00051772,Snow,1956-06-27T00:00:00.0000000-06:00,0.000000,,,0,,NOAA,2013-03-29T15:47:48.0770000-06:00,in
37,USC00051772,Snow,1956-06-28T00:00:00.0000000-06:00,0.000000,,,0,,NOAA,2013-03-29T15:47:48.0770000-06:00,in
37,USC00051772,Snow,1956-06-29T00:00:00.0000000-06:00,0.000000,,,0,,NOAA,2013-03-29T15:47:48.0770000-06:00,in
37,USC00051772,Snow,1956-06-30T00:00:00.0000000-06:00,0.000000,,,0,,NOAA,2013-03-29T15:47:48.0770000-06:00,in
37,USC00051772,Snow,1956-07-01T00:00:00.0000000-06:00,0.000000,,,0,,NOAA,2013-03-29T15:47:48.0770000-06:00,in
37,USC00051772,Snow,1956-07-02T00:00:00.0000000-06:00,0.000000,,,0,,NOAA,2013-03-29T15:47:48.0770000-06:00,in
37,USC00051772,Snow,1956-07-03T00:00:00.0000000-06:00,0.000000,,,0,,NOAA,2013-03-29T15:47:48.0770000-06:00,in
37,USC00051772,Snow,1956-07-04T00:00:00.0000000-06:00,0.000000,,,0,,NOAA,2013-03-29T15:47:48.0770000-06:00,in
37,USC00051772,Snow,1956-07-05T00:00:00.0000000-06:00,0.000000,,,0,,NOAA,2013-03-29T15:47:48.0770000-06:00,in
37,USC00051772,Snow,1956-07-06T00:00:00.0000000-06:00,0.000000,,,0,,NOAA,2013-03-29T15:47:48.0770000-06:00,in
37,USC00051772,Snow,1956-07-07T00:00:00.0000000-06:00,0.000000,,,0,,NOAA,2013-03-29T15:47:48.0770000-06:00,in
37,USC00051772,Snow,1956-07-08T00:00:00.0000000-06:00,0.000000,,,0,,NOAA,2013-03-29T15:47:48.0770000-06:00,in
37,USC00051772,Snow,1956-07-09T00:00:00.0000000-06:00,0.000000,,,0,,NOAA,2013-03-29T15:47:48.0770000-06:00,in
37,USC00051772,Snow,1956-07-10T00:00:00.0000000-06:00,0.000000,,,0,,NOAA,2013-03-29T15:47:48.0770000-06:00,in
37,USC00051772,Snow,1956-07-11T00:00:00.0000000-06:00,0.000000,,,0,,NOAA,2013-03-29T15:47:48.0770000-06:00,in
37,USC00051772,Snow,1956-07-12T00:00:00.0000000-06:00,0.000000,,,0,,NOAA,2013-03-29T15:47:48.0770000-06:00,in
37,USC00051772,Snow,1956-07-13T00:00:00.0000000-06:00,0.000000,,,0,,NOAA,2013-03-29T15:47:48.0770000-06:00,in
37,USC00051772,Snow,1956-07-14T00:00:00.0000000-06:00,0.000000,,,0,,NOAA,2013-03-29T15:47:48.0770000-06:00,in
37,USC00051772,Snow,1956-07-15T00:00:00.0000000-06:00,0.000000,,,0,,NOAA,2013-03-29T15:47:48.0770000-06:00,in
37,USC00051772,Snow,1956-07-16T00:00:00.0000000-06:00,0.000000,,,0,,NOAA,2013-03-29T15:47:48.0770000-06:00,in
37,USC00051772,Snow,1956-07-17T00:00:00.0000000-06:00,0.000000,,,0,,NOAA,2013-03-29T15:47:48.0770000-06:00,in
37,USC00051772,Snow,1956-07-18T00:00:00.0000000-06:00,0.000000,,,0,,NOAA,2013-03-29T15:47:48.0770000-06:00,in
37,USC00051772,Snow,1956-07-19T00:00:00.0000000-06:00,0.000000,,,0,,NOAA,2013-03-29T15:47:48.0770000-06:00,in
37,USC00051772,Snow,1956-07-20T00:00:00.0000000-06:00,0.000000,,,0,,NOAA,2013-03-29T15:47:48.0770000-06:00,in
37,USC00051772,Snow,1956-07-21T00:00:00.0000000-06:00,0.000000,,,0,,NOAA,2013-03-29T15:47:48.0770000-06:00,in
37,USC00051772,Snow,1956-07-22T00:00:00.0000000-06:00,0.000000,,,0,,NOAA,2013-03-29T15:47:48.0770000-06:00,in
37,USC00051772,Snow,1956-07-23T00:00:00.0000000-06:00,0.000000,,,0,,NOAA,2013-03-29T15:47:48.0770000-06:00,in
37,USC00051772,Snow,1956-07-24T00:00:00.0000000-06:00,0.000000,,,0,,NOAA,2013-03-29T15:47:48.0770000-06:00,in
37,USC00051772,Snow,1956-07-25T00:00:00.0000000-06:00,0.000000,,,0,,NOAA,2013-03-29T15:47:48.0770000-06:00,in
37,USC00051772,Snow,1956-07-26T00:00:00.0000000-06:00,0.000000,,,0,,NOAA,2013-03-29T15:47:48.0770000-06:00,in
37,USC00051772,Snow,1956-07-27T00:00:00.0000000-06:00,0.000000,,,0,,NOAA,2013-03-29T15:47:48.0770000-06:00,in
37,USC00051772,Snow,1956-07-28T00:00:00.0000000-06:00,0.000000,,,0,,NOAA,2013-03-29T15:47:48.0770000-06:00,in
37,USC00051772,Snow,1956-07-29T00:00:00.0000000-06:00,0.000000,,,0,,NOAA,2013-03-29T15:47:48.0770000-06:00,in
37,USC00051772,Snow,1956-07-30T00:00:00.0000000-06:00,0.000000,,,0,,NOAA,2013-03-29T15:47:48.0770000-06:00,in
37,USC00051772,Snow,1956-07-31T00:00:00.0000000-06:00,0.000000,,,0,,NOAA,2013-03-29T15:47:48.0770000-06:00,in
37,USC00051772,Snow,1956-08-01T00:00:00.0000000-06:00,0.000000,,,0,,NOAA,2013-03-29T15:47:48.0770000-06:00,in
37,USC00051772,Snow,1956-08-02T00:00:00.0000000-06:00,0.000000,,,0,,NOAA,2013-03-29T15:47:48.0770000-06:00,in
37,USC00051772,Snow,1956-08-03T00:00:00.0000000-06:00,0.000000,,,0,,NOAA,2013-03-29T15:47:48.0770000-06:00,in
37,USC00051772,Snow,1956-08-04T00:00:00.0000000-06:00,0.000000,,,0,,NOAA,2013-03-29T15:47:48.0770000-06:00,in
37,USC00051772,Snow,1956-08-05T00:00:00.0000000-06:00,0.000000,,,0,,NOAA,2013-03-29T15:47:48.0770000-06:00,in
37,USC00051772,Snow,1956-08-06T00:00:00.0000000-06:00,0.000000,,,0,,NOAA,2013-03-29T15:47:48.0770000-06:00,in
37,USC00051772,Snow,1956-08-07T00:00:00.0000000-06:00,0.000000,,,0,,NOAA,2013-03-29T15:47:48.0770000-06:00,in
37,USC00051772,Snow,1956-08-08T00:00:00.0000000-06:00,0.000000,,,0,,NOAA,2013-03-29T15:47:48.0770000-06:00,in
37,USC00051772,Snow,1956-08-09T00:00:00.0000000-06:00,0.000000,,,0,,NOAA,2013-03-29T15:47:48.0770000-06:00,in
37,USC00051772,Snow,1956-08-10T00:00:00.0000000-06:00,0.000000,,,0,,NOAA,2013-03-29T15:47:48.0770000-06:00,in
37,USC00051772,Snow,1956-08-11T00:00:00.0000000-06:00,0.000000,,,0,,NOAA,2013-03-29T15:47:48.0770000-06:00,in
37,USC00051772,Snow,1956-08-12T00:00:00.0000000-06:00,0.000000,,,0,,NOAA,2013-03-29T15:47:48.0770000-06:00,in
37,USC00051772,Snow,1956-08-13T00:00:00.0000000-06:00,0.000000,,,0,,NOAA,2013-03-29T15:47:48.0770000-06:00,in
37,USC00051772,Snow,1956-08-14T00:00:00.0000000-06:00,0.000000,,,0,,NOAA,2013-03-29T15:47:48.0770000-06:00,in
37,USC00051772,Snow,1956-08-15T00:00:00.0000000-06:00,0.000000,,,0,,NOAA,2013-03-29T15:47:48.0770000-06:00,in
37,USC00051772,Snow,1956-08-16T00:00:00.0000000-06:00,0.000000,,,0,,NOAA,2013-03-29T15:47:48.0770000-06:00,in
37,USC00051772,Snow,1956-08-17T00:00:00.0000000-06:00,0.000000,,,0,,NOAA,2013-03-29T15:47:48.0770000-06:00,in
37,USC00051772,Snow,1956-08-18T00:00:00.0000000-06:00,0.000000,,,0,,NOAA,2013-03-29T15:47:48.0770000-06:00,in
37,USC00051772,Snow,1956-08-19T00:00:00.0000000-06:00,0.000000,,,0,,NOAA,2013-03-29T15:47:48.0770000-06:00,in
37,USC00051772,Snow,1956-08-20T00:00:00.0000000-06:00,0.000000,,,0,,NOAA,2013-03-29T15:47:48.0770000-06:00,in
37,USC00051772,Snow,1956-08-21T00:00:00.0000000-06:00,0.000000,,,0,,NOAA,2013-03-29T15:47:48.0770000-06:00,in
37,USC00051772,Snow,1956-08-22T00:00:00.0000000-06:00,0.000000,,,0,,NOAA,2013-03-29T15:47:48.0770000-06:00,in
37,USC00051772,Snow,1956-08-23T00:00:00.0000000-06:00,0.000000,,,0,,NOAA,2013-03-29T15:47:48.0770000-06:00,in
37,USC00051772,Snow,1956-08-24T00:00:00.0000000-06:00,0.000000,,,0,,NOAA,2013-03-29T15:47:48.0770000-06:00,in
37,USC00051772,Snow,1956-08-25T00:00:00.0000000-06:00,0.000000,,,0,,NOAA,2013-03-29T15:47:48.0770000-06:00,in
37,USC00051772,Snow,1956-08-26T00:00:00.0000000-06:00,0.000000,,,0,,NOAA,2013-03-29T15:47:48.0770000-06:00,in
37,USC00051772,Snow,1956-08-27T00:00:00.0000000-06:00,0.000000,,,0,,NOAA,2013-03-29T15:47:48.0770000-06:00,in
37,USC00051772,Snow,1956-08-28T00:00:00.0000000-06:00,0.000000,,,0,,NOAA,2013-03-29T15:47:48.0770000-06:00,in
37,USC00051772,Snow,1956-08-29T00:00:00.0000000-06:00,0.000000,,,0,,NOAA,2013-03-29T15:47:48.0770000-06:00,in
37,USC00051772,Snow,1956-08-30T00:00:00.0000000-06:00,0.000000,,,0,,NOAA,2013-03-29T15:47:48.0770000-06:00,in
37,USC00051772,Snow,1956-08-31T00:00:00.0000000-06:00,0.000000,,,0,,NOAA,2013-03-29T15:47:48.0770000-06:00,in
37,USC00051772,Snow,1956-09-01T00:00:00.0000000-06:00,0.000000,,,0,,NOAA,2013-03-29T15:47:48.0770000-06:00,in
37,USC00051772,Snow,1956-09-02T00:00:00.0000000-06:00,0.000000,,,0,,NOAA,2013-03-29T15:47:48.0770000-06:00,in
37,USC00051772,Snow,1956-09-03T00:00:00.0000000-06:00,0.000000,,,0,,NOAA,2013-03-29T15:47:48.0770000-06:00,in
37,USC00051772,Snow,1956-09-04T00:00:00.0000000-06:00,0.000000,,,0,,NOAA,2013-03-29T15:47:48.0770000-06:00,in
37,USC00051772,Snow,1956-09-05T00:00:00.0000000-06:00,0.000000,,,0,,NOAA,2013-03-29T15:47:48.0770000-06:00,in
37,USC00051772,Snow,1956-09-06T00:00:00.0000000-06:00,0.000000,,,0,,NOAA,2013-03-29T15:47:48.0770000-06:00,in
37,USC00051772,Snow,1956-09-07T00:00:00.0000000-06:00,0.000000,,,0,,NOAA,2013-03-29T15:47:48.0770000-06:00,in
37,USC00051772,Snow,1956-09-08T00:00:00.0000000-06:00,0.000000,,,0,,NOAA,2013-03-29T15:47:48.0770000-06:00,in
37,USC00051772,Snow,1956-09-09T00:00:00.0000000-06:00,0.000000,,,0,,NOAA,2013-03-29T15:47:48.0770000-06:00,in
37,USC00051772,Snow,1956-09-10T00:00:00.0000000-06:00,0.000000,,,0,,NOAA,2013-03-29T15:47:48.0770000-06:00,in
37,USC00051772,Snow,1956-09-11T00:00:00.0000000-06:00,0.000000,,,0,,NOAA,2013-03-29T15:47:48.0770000-06:00,in
37,USC00051772,Snow,1956-09-12T00:00:00.0000000-06:00,0.000000,,,0,,NOAA,2013-03-29T15:47:48.0770000-06:00,in
37,USC00051772,Snow,1956-09-13T00:00:00.0000000-06:00,0.000000,,,0,,NOAA,2013-03-29T15:47:48.0770000-06:00,in
37,USC00051772,Snow,1956-09-14T00:00:00.0000000-06:00,0.000000,,,0,,NOAA,2013-03-29T15:47:48.0770000-06:00,in
37,USC00051772,Snow,1956-09-15T00:00:00.0000000-06:00,0.000000,,,0,,NOAA,2013-03-29T15:47:48.0770000-06:00,in
37,USC00051772,Snow,1956-09-16T00:00:00.0000000-06:00,0.000000,,,0,,NOAA,2013-03-29T15:47:48.0770000-06:00,in
37,USC00051772,Snow,1956-09-17T00:00:00.0000000-06:00,0.000000,,,0,,NOAA,2013-03-29T15:47:48.0770000-06:00,in
37,USC00051772,Snow,1956-09-18T00:00:00.0000000-06:00,0.000000,,,0,,NOAA,2013-03-29T15:47:48.0770000-06:00,in
37,USC00051772,Snow,1956-09-19T00:00:00.0000000-06:00,0.000000,,,0,,NOAA,2013-03-29T15:47:48.0770000-06:00,in
37,USC00051772,Snow,1956-09-20T00:00:00.0000000-06:00,0.000000,,,0,,NOAA,2013-03-29T15:47:48.0770000-06:00,in
37,USC00051772,Snow,1956-09-21T00:00:00.0000000-06:00,0.000000,,,0,,NOAA,2013-03-29T15:47:48.0770000-06:00,in
37,USC00051772,Snow,1956-09-22T00:00:00.0000000-06:00,0.000000,,,0,,NOAA,2013-03-29T15:47:48.0770000-06:00,in
37,USC00051772,Snow,1956-09-23T00:00:00.0000000-06:00,0.000000,,,0,,NOAA,2013-03-29T15:47:48.0770000-06:00,in
37,USC00051772,Snow,1956-09-24T00:00:00.0000000-06:00,0.000000,,,0,,NOAA,2013-03-29T15:47:48.0770000-06:00,in
37,USC00051772,Snow,1956-09-25T00:00:00.0000000-06:00,0.000000,,,0,,NOAA,2013-03-29T15:47:48.0770000-06:00,in
37,USC00051772,Snow,1956-09-26T00:00:00.0000000-06:00,0.000000,,,0,,NOAA,2013-03-29T15:47:48.0770000-06:00,in
37,USC00051772,Snow,1956-09-27T00:00:00.0000000-06:00,0.000000,,,0,,NOAA,2013-03-29T15:47:48.0770000-06:00,in
37,USC00051772,Snow,1956-09-28T00:00:00.0000000-06:00,0.000000,,,0,,NOAA,2013-03-29T15:47:48.0770000-06:00,in
37,USC00051772,Snow,1956-09-29T00:00:00.0000000-06:00,0.000000,,,0,,NOAA,2013-03-29T15:47:48.0770000-06:00,in
37,USC00051772,Snow,1956-09-30T00:00:00.0000000-06:00,0.000000,,,0,,NOAA,2013-03-29T15:47:48.0770000-06:00,in
37,USC00051772,Snow,1956-10-01T00:00:00.0000000-06:00,0.000000,,,0,,NOAA,2013-03-29T15:47:48.0770000-06:00,in
37,USC00051772,Snow,1956-10-02T00:00:00.0000000-06:00,0.000000,,,0,,NOAA,2013-03-29T15:47:48.0770000-06:00,in
37,USC00051772,Snow,1956-10-03T00:00:00.0000000-06:00,0.000000,,,0,,NOAA,2013-03-29T15:47:48.0770000-06:00,in
37,USC00051772,Snow,1956-10-04T00:00:00.0000000-06:00,0.000000,,,0,,NOAA,2013-03-29T15:47:48.0770000-06:00,in
37,USC00051772,Snow,1956-10-05T00:00:00.0000000-06:00,0.000000,,,0,,NOAA,2013-03-29T15:47:48.0770000-06:00,in
37,USC00051772,Snow,1956-10-06T00:00:00.0000000-06:00,0.000000,,,0,,NOAA,2013-03-29T15:47:48.0770000-06:00,in
37,USC00051772,Snow,1956-10-07T00:00:00.0000000-06:00,0.000000,,,0,,NOAA,2013-03-29T15:47:48.0770000-06:00,in
37,USC00051772,Snow,1956-10-08T00:00:00.0000000-06:00,0.000000,,,0,,NOAA,2013-03-29T15:47:48.0770000-06:00,in
37,USC00051772,Snow,1956-10-09T00:00:00.0000000-06:00,0.000000,,,0,,NOAA,2013-03-29T15:47:48.0770000-06:00,in
37,USC00051772,Snow,1956-10-10T00:00:00.0000000-06:00,0.000000,,,0,,NOAA,2013-03-29T15:47:48.0770000-06:00,in
37,USC00051772,Snow,1956-10-11T00:00:00.0000000-06:00,0.000000,,,0,,NOAA,2013-03-29T15:47:48.0770000-06:00,in
37,USC00051772,Snow,1956-10-12T00:00:00.0000000-06:00,0.000000,,,0,,NOAA,2013-03-29T15:47:48.0770000-06:00,in
37,USC00051772,Snow,1956-10-13T00:00:00.0000000-06:00,0.000000,,,0,,NOAA,2013-03-29T15:47:48.0770000-06:00,in
37,USC00051772,Snow,1956-10-14T00:00:00.0000000-06:00,0.000000,,,0,,NOAA,2013-03-29T15:47:48.0770000-06:00,in
37,USC00051772,Snow,1956-10-15T00:00:00.0000000-06:00,0.000000,,,0,,NOAA,2013-03-29T15:47:48.0770000-06:00,in
37,USC00051772,Snow,1956-10-16T00:00:00.0000000-06:00,0.000000,,,0,,NOAA,2013-03-29T15:47:48.0770000-06:00,in
37,USC00051772,Snow,1956-10-17T00:00:00.0000000-06:00,0.000000,,,0,,NOAA,2013-03-29T15:47:48.0770000-06:00,in
37,USC00051772,Snow,1956-10-18T00:00:00.0000000-06:00,0.000000,,,0,,NOAA,2013-03-29T15:47:48.0770000-06:00,in
37,USC00051772,Snow,1956-10-19T00:00:00.0000000-06:00,0.000000,,,0,,NOAA,2013-03-29T15:47:48.0770000-06:00,in
37,USC00051772,Snow,1956-10-20T00:00:00.0000000-06:00,0.000000,,,0,,NOAA,2013-03-29T15:47:48.0770000-06:00,in
37,USC00051772,Snow,1956-10-21T00:00:00.0000000-06:00,0.000000,,,0,,NOAA,2013-03-29T15:47:48.0770000-06:00,in
37,USC00051772,Snow,1956-10-22T00:00:00.0000000-06:00,0.000000,,,0,,NOAA,2013-03-29T15:47:48.0770000-06:00,in
37,USC00051772,Snow,1956-10-23T00:00:00.0000000-06:00,0.000000,,,0,,NOAA,2013-03-29T15:47:48.0770000-06:00,in
37,USC00051772,Snow,1956-10-24T00:00:00.0000000-06:00,0.000000,T,,0,,NOAA,2013-03-29T15:47:48.0770000-06:00,in
37,USC00051772,Snow,1956-10-25T00:00:00.0000000-06:00,0.000000,,,0,,NOAA,2013-03-29T15:47:48.0770000-06:00,in
37,USC00051772,Snow,1956-10-26T00:00:00.0000000-06:00,0.000000,,,0,,NOAA,2013-03-29T15:47:48.0770000-06:00,in
37,USC00051772,Snow,1956-10-27T00:00:00.0000000-06:00,0.000000,,,0,,NOAA,2013-03-29T15:47:48.0770000-06:00,in
37,USC00051772,Snow,1956-10-28T00:00:00.0000000-06:00,0.000000,,,0,,NOAA,2013-03-29T15:47:48.0770000-06:00,in
37,USC00051772,Snow,1956-10-29T00:00:00.0000000-07:00,0.000000,T,,0,,NOAA,2013-03-29T15:47:48.0770000-06:00,in
37,USC00051772,Snow,1956-10-30T00:00:00.0000000-07:00,0.000000,,,0,,NOAA,2013-03-29T15:47:48.0770000-06:00,in
37,USC00051772,Snow,1956-10-31T00:00:00.0000000-07:00,0.000000,,,0,,NOAA,2013-03-29T15:47:48.0770000-06:00,in
37,USC00051772,Snow,1956-11-01T00:00:00.0000000-07:00,2.007874,,,0,,NOAA,2013-03-29T15:47:48.0770000-06:00,in
37,USC00051772,Snow,1956-11-02T00:00:00.0000000-07:00,0.000000,,,0,,NOAA,2013-03-29T15:47:48.0770000-06:00,in
37,USC00051772,Snow,1956-11-03T00:00:00.0000000-07:00,0.000000,,,0,,NOAA,2013-03-29T15:47:48.0770000-06:00,in
37,USC00051772,Snow,1956-11-04T00:00:00.0000000-07:00,0.000000,,,0,,NOAA,2013-03-29T15:47:48.0770000-06:00,in
37,USC00051772,Snow,1956-11-05T00:00:00.0000000-07:00,2.007874,,,0,,NOAA,2013-03-29T15:47:48.0770000-06:00,in
37,USC00051772,Snow,1956-11-06T00:00:00.0000000-07:00,0.000000,,,0,,NOAA,2013-03-29T15:47:48.0770000-06:00,in
37,USC00051772,Snow,1956-11-07T00:00:00.0000000-07:00,0.000000,,,0,,NOAA,2013-03-29T15:47:48.0770000-06:00,in
37,USC00051772,Snow,1956-11-08T00:00:00.0000000-07:00,0.000000,,,0,,NOAA,2013-03-29T15:47:48.0770000-06:00,in
37,USC00051772,Snow,1956-11-09T00:00:00.0000000-07:00,0.000000,,,0,,NOAA,2013-03-29T15:47:48.0770000-06:00,in
37,USC00051772,Snow,1956-11-10T00:00:00.0000000-07:00,0.000000,,,0,,NOAA,2013-03-29T15:47:48.0770000-06:00,in
37,USC00051772,Snow,1956-11-11T00:00:00.0000000-07:00,0.000000,,,0,,NOAA,2013-03-29T15:47:48.0770000-06:00,in
37,USC00051772,Snow,1956-11-12T00:00:00.0000000-07:00,0.000000,,,0,,NOAA,2013-03-29T15:47:48.0770000-06:00,in
37,USC00051772,Snow,1956-11-13T00:00:00.0000000-07:00,0.000000,,,0,,NOAA,2013-03-29T15:47:48.0770000-06:00,in
37,USC00051772,Snow,1956-11-14T00:00:00.0000000-07:00,2.992126,,,0,,NOAA,2013-03-29T15:47:48.0770000-06:00,in
37,USC00051772,Snow,1956-11-15T00:00:00.0000000-07:00,0.000000,,,0,,NOAA,2013-03-29T15:47:48.0770000-06:00,in
37,USC00051772,Snow,1956-11-16T00:00:00.0000000-07:00,0.000000,,,0,,NOAA,2013-03-29T15:47:48.0770000-06:00,in
37,USC00051772,Snow,1956-11-17T00:00:00.0000000-07:00,0.000000,,,0,,NOAA,2013-03-29T15:47:48.0770000-06:00,in
37,USC00051772,Snow,1956-11-18T00:00:00.0000000-07:00,0.000000,,,0,,NOAA,2013-03-29T15:47:48.0770000-06:00,in
37,USC00051772,Snow,1956-11-19T00:00:00.0000000-07:00,5.984252,,,0,,NOAA,2013-03-29T15:47:48.0770000-06:00,in
37,USC00051772,Snow,1956-11-20T00:00:00.0000000-07:00,0.000000,,,0,,NOAA,2013-03-29T15:47:48.0770000-06:00,in
37,USC00051772,Snow,1956-11-21T00:00:00.0000000-07:00,0.000000,,,0,,NOAA,2013-03-29T15:47:48.0770000-06:00,in
37,USC00051772,Snow,1956-11-22T00:00:00.0000000-07:00,0.000000,,,0,,NOAA,2013-03-29T15:47:48.0770000-06:00,in
37,USC00051772,Snow,1956-11-23T00:00:00.0000000-07:00,0.000000,,,0,,NOAA,2013-03-29T15:47:48.0770000-06:00,in
37,USC00051772,Snow,1956-11-24T00:00:00.0000000-07:00,0.000000,,,0,,NOAA,2013-03-29T15:47:48.0770000-06:00,in
37,USC00051772,Snow,1956-11-25T00:00:00.0000000-07:00,0.000000,,,0,,NOAA,2013-03-29T15:47:48.0770000-06:00,in
37,USC00051772,Snow,1956-11-26T00:00:00.0000000-07:00,0.000000,,,0,,NOAA,2013-03-29T15:47:48.0770000-06:00,in
37,USC00051772,Snow,1956-11-27T00:00:00.0000000-07:00,0.000000,,,0,,NOAA,2013-03-29T15:47:48.0770000-06:00,in
37,USC00051772,Snow,1956-11-28T00:00:00.0000000-07:00,0.000000,,,0,,NOAA,2013-03-29T15:47:48.0770000-06:00,in
37,USC00051772,Snow,1956-11-29T00:00:00.0000000-07:00,0.000000,,,0,,NOAA,2013-03-29T15:47:48.0770000-06:00,in
37,USC00051772,Snow,1956-11-30T00:00:00.0000000-07:00,0.000000,,,0,,NOAA,2013-03-29T15:47:48.0770000-06:00,in
37,USC00051772,Snow,1956-12-01T00:00:00.0000000-07:00,0.000000,,,0,,NOAA,2013-03-29T15:47:48.0770000-06:00,in
37,USC00051772,Snow,1956-12-02T00:00:00.0000000-07:00,0.000000,,,0,,NOAA,2013-03-29T15:47:48.0770000-06:00,in
37,USC00051772,Snow,1956-12-03T00:00:00.0000000-07:00,0.000000,,,0,,NOAA,2013-03-29T15:47:48.0770000-06:00,in
37,USC00051772,Snow,1956-12-04T00:00:00.0000000-07:00,0.000000,,,0,,NOAA,2013-03-29T15:47:48.0770000-06:00,in
37,USC00051772,Snow,1956-12-05T00:00:00.0000000-07:00,0.000000,,,0,,NOAA,2013-03-29T15:47:48.0770000-06:00,in
37,USC00051772,Snow,1956-12-06T00:00:00.0000000-07:00,0.000000,,,0,,NOAA,2013-03-29T15:47:48.0770000-06:00,in
37,USC00051772,Snow,1956-12-07T00:00:00.0000000-07:00,5.000000,,,0,,NOAA,2013-03-29T15:47:48.0770000-06:00,in
37,USC00051772,Snow,1956-12-08T00:00:00.0000000-07:00,2.007874,,,0,,NOAA,2013-03-29T15:47:48.0770000-06:00,in
37,USC00051772,Snow,1956-12-09T00:00:00.0000000-07:00,0.000000,,,0,,NOAA,2013-03-29T15:47:48.0770000-06:00,in
37,USC00051772,Snow,1956-12-10T00:00:00.0000000-07:00,0.000000,,,0,,NOAA,2013-03-29T15:47:48.0770000-06:00,in
37,USC00051772,Snow,1956-12-11T00:00:00.0000000-07:00,0.984252,,,0,,NOAA,2013-03-29T15:47:48.0770000-06:00,in
37,USC00051772,Snow,1956-12-12T00:00:00.0000000-07:00,0.000000,,,0,,NOAA,2013-03-29T15:47:48.0770000-06:00,in
37,USC00051772,Snow,1956-12-13T00:00:00.0000000-07:00,0.000000,,,0,,NOAA,2013-03-29T15:47:48.0770000-06:00,in
37,USC00051772,Snow,1956-12-14T00:00:00.0000000-07:00,0.000000,T,,0,,NOAA,2013-03-29T15:47:48.0770000-06:00,in
37,USC00051772,Snow,1956-12-15T00:00:00.0000000-07:00,0.000000,,,0,,NOAA,2013-03-29T15:47:48.0770000-06:00,in
37,USC00051772,Snow,1956-12-16T00:00:00.0000000-07:00,2.519685,,,0,,NOAA,2013-03-29T15:47:48.0770000-06:00,in
37,USC00051772,Snow,1956-12-17T00:00:00.0000000-07:00,2.007874,,,0,,NOAA,2013-03-29T15:47:48.0770000-06:00,in
37,USC00051772,Snow,1956-12-18T00:00:00.0000000-07:00,0.000000,,,0,,NOAA,2013-03-29T15:47:48.0770000-06:00,in
37,USC00051772,Snow,1956-12-19T00:00:00.0000000-07:00,0.000000,,,0,,NOAA,2013-03-29T15:47:48.0770000-06:00,in
37,USC00051772,Snow,1956-12-20T00:00:00.0000000-07:00,0.000000,,,0,,NOAA,2013-03-29T15:47:48.0770000-06:00,in
37,USC00051772,Snow,1956-12-21T00:00:00.0000000-07:00,0.000000,,,0,,NOAA,2013-03-29T15:47:48.0770000-06:00,in
37,USC00051772,Snow,1956-12-22T00:00:00.0000000-07:00,0.000000,T,,0,,NOAA,2013-03-29T15:47:48.0770000-06:00,in
37,USC00051772,Snow,1956-12-23T00:00:00.0000000-07:00,0.000000,,,0,,NOAA,2013-03-29T15:47:48.0770000-06:00,in
37,USC00051772,Snow,1956-12-24T00:00:00.0000000-07:00,0.000000,,,0,,NOAA,2013-03-29T15:47:48.0770000-06:00,in
37,USC00051772,Snow,1956-12-25T00:00:00.0000000-07:00,0.000000,,,0,,NOAA,2013-03-29T15:47:48.0770000-06:00,in
37,USC00051772,Snow,1956-12-26T00:00:00.0000000-07:00,0.000000,,,0,,NOAA,2013-03-29T15:47:48.0770000-06:00,in
37,USC00051772,Snow,1956-12-27T00:00:00.0000000-07:00,0.000000,,,0,,NOAA,2013-03-29T15:47:48.0770000-06:00,in
37,USC00051772,Snow,1956-12-28T00:00:00.0000000-07:00,0.000000,,,0,,NOAA,2013-03-29T15:47:48.0770000-06:00,in
37,USC00051772,Snow,1956-12-29T00:00:00.0000000-07:00,0.000000,,,0,,NOAA,2013-03-29T15:47:48.0770000-06:00,in
37,USC00051772,Snow,1956-12-30T00:00:00.0000000-07:00,0.000000,,,0,,NOAA,2013-03-29T15:47:48.0770000-06:00,in
37,USC00051772,Snow,1956-12-31T00:00:00.0000000-07:00,0.000000,,,0,,NOAA,2013-03-29T15:47:48.0770000-06:00,in
37,USC00051772,Snow,1957-01-01T00:00:00.0000000-07:00,0.000000,,,0,,NOAA,2013-03-29T15:47:48.0770000-06:00,in
37,USC00051772,Snow,1957-01-02T00:00:00.0000000-07:00,0.984252,,,0,,NOAA,2013-03-29T15:47:48.0770000-06:00,in
37,USC00051772,Snow,1957-01-03T00:00:00.0000000-07:00,0.000000,,,0,,NOAA,2013-03-29T15:47:48.0770000-06:00,in
37,USC00051772,Snow,1957-01-04T00:00:00.0000000-07:00,1.496063,,,0,,NOAA,2013-03-29T15:47:48.0770000-06:00,in
37,USC00051772,Snow,1957-01-05T00:00:00.0000000-07:00,7.519685,,,0,,NOAA,2013-03-29T15:47:48.0770000-06:00,in
37,USC00051772,Snow,1957-01-06T00:00:00.0000000-07:00,1.496063,,,0,,NOAA,2013-03-29T15:47:48.0770000-06:00,in
37,USC00051772,Snow,1957-01-07T00:00:00.0000000-07:00,0.000000,,,0,,NOAA,2013-03-29T15:47:48.0770000-06:00,in
37,USC00051772,Snow,1957-01-08T00:00:00.0000000-07:00,5.984252,,,0,,NOAA,2013-03-29T15:47:48.0770000-06:00,in
37,USC00051772,Snow,1957-01-09T00:00:00.0000000-07:00,0.000000,T,,0,,NOAA,2013-03-29T15:47:48.0770000-06:00,in
37,USC00051772,Snow,1957-01-10T00:00:00.0000000-07:00,0.000000,,,0,,NOAA,2013-03-29T15:47:48.0770000-06:00,in
37,USC00051772,Snow,1957-01-11T00:00:00.0000000-07:00,0.000000,,,0,,NOAA,2013-03-29T15:47:48.0770000-06:00,in
37,USC00051772,Snow,1957-01-12T00:00:00.0000000-07:00,0.000000,,,0,,NOAA,2013-03-29T15:47:48.0770000-06:00,in
37,USC00051772,Snow,1957-01-13T00:00:00.0000000-07:00,4.488189,,,0,,NOAA,2013-03-29T15:47:48.0770000-06:00,in
37,USC00051772,Snow,1957-01-14T00:00:00.0000000-07:00,2.007874,,,0,,NOAA,2013-03-29T15:47:48.0770000-06:00,in
37,USC00051772,Snow,1957-01-15T00:00:00.0000000-07:00,0.000000,,,0,,NOAA,2013-03-29T15:47:48.0770000-06:00,in
37,USC00051772,Snow,1957-01-16T00:00:00.0000000-07:00,0.000000,T,,0,,NOAA,2013-03-29T15:47:48.0770000-06:00,in
37,USC00051772,Snow,1957-01-17T00:00:00.0000000-07:00,0.000000,,,0,,NOAA,2013-03-29T15:47:48.0770000-06:00,in
37,USC00051772,Snow,1957-01-18T00:00:00.0000000-07:00,0.000000,,,0,,NOAA,2013-03-29T15:47:48.0770000-06:00,in
37,USC00051772,Snow,1957-01-19T00:00:00.0000000-07:00,0.000000,,,0,,NOAA,2013-03-29T15:47:48.0770000-06:00,in
37,USC00051772,Snow,1957-01-20T00:00:00.0000000-07:00,0.000000,,,0,,NOAA,2013-03-29T15:47:48.0770000-06:00,in
37,USC00051772,Snow,1957-01-21T00:00:00.0000000-07:00,4.015748,,,0,,NOAA,2013-03-29T15:47:48.0770000-06:00,in
37,USC00051772,Snow,1957-01-22T00:00:00.0000000-07:00,0.984252,,,0,,NOAA,2013-03-29T15:47:48.0770000-06:00,in
37,USC00051772,Snow,1957-01-23T00:00:00.0000000-07:00,0.000000,,,0,,NOAA,2013-03-29T15:47:48.0770000-06:00,in
37,USC00051772,Snow,1957-01-24T00:00:00.0000000-07:00,1.496063,,,0,,NOAA,2013-03-29T15:47:48.0770000-06:00,in
37,USC00051772,Snow,1957-01-25T00:00:00.0000000-07:00,2.992126,,,0,,NOAA,2013-03-29T15:47:48.0770000-06:00,in
37,USC00051772,Snow,1957-01-26T00:00:00.0000000-07:00,10.984252,,,0,,NOAA,2013-03-29T15:47:48.0770000-06:00,in
37,USC00051772,Snow,1957-01-27T00:00:00.0000000-07:00,12.007874,,,0,,NOAA,2013-03-29T15:47:48.0770000-06:00,in
37,USC00051772,Snow,1957-01-28T00:00:00.0000000-07:00,2.007874,,,0,,NOAA,2013-03-29T15:47:48.0770000-06:00,in
37,USC00051772,Snow,1957-01-29T00:00:00.0000000-07:00,4.015748,,,0,,NOAA,2013-03-29T15:47:48.0770000-06:00,in
37,USC00051772,Snow,1957-01-30T00:00:00.0000000-07:00,0.000000,T,,0,,NOAA,2013-03-29T15:47:48.0770000-06:00,in
37,USC00051772,Snow,1957-01-31T00:00:00.0000000-07:00,0.000000,T,,0,,NOAA,2013-03-29T15:47:48.0770000-06:00,in
37,USC00051772,Snow,1957-02-01T00:00:00.0000000-07:00,0.000000,,,0,,NOAA,2013-03-29T15:47:48.0770000-06:00,in
37,USC00051772,Snow,1957-02-02T00:00:00.0000000-07:00,0.000000,,,0,,NOAA,2013-03-29T15:47:48.0770000-06:00,in
37,USC00051772,Snow,1957-02-03T00:00:00.0000000-07:00,0.000000,T,,0,,NOAA,2013-03-29T15:47:48.0770000-06:00,in
37,USC00051772,Snow,1957-02-04T00:00:00.0000000-07:00,0.000000,,,0,,NOAA,2013-03-29T15:47:48.0770000-06:00,in
37,USC00051772,Snow,1957-02-05T00:00:00.0000000-07:00,0.000000,,,0,,NOAA,2013-03-29T15:47:48.0770000-06:00,in
37,USC00051772,Snow,1957-02-06T00:00:00.0000000-07:00,0.000000,,,0,,NOAA,2013-03-29T15:47:48.0770000-06:00,in
37,USC00051772,Snow,1957-02-07T00:00:00.0000000-07:00,0.000000,,,0,,NOAA,2013-03-29T15:47:48.0770000-06:00,in
37,USC00051772,Snow,1957-02-08T00:00:00.0000000-07:00,1.496063,,,0,,NOAA,2013-03-29T15:47:48.0770000-06:00,in
37,USC00051772,Snow,1957-02-09T00:00:00.0000000-07:00,0.000000,,,0,,NOAA,2013-03-29T15:47:48.0770000-06:00,in
37,USC00051772,Snow,1957-02-10T00:00:00.0000000-07:00,0.000000,,,0,,NOAA,2013-03-29T15:47:48.0770000-06:00,in
37,USC00051772,Snow,1957-02-11T00:00:00.0000000-07:00,0.000000,,,0,,NOAA,2013-03-29T15:47:48.0770000-06:00,in
37,USC00051772,Snow,1957-02-12T00:00:00.0000000-07:00,0.000000,,,0,,NOAA,2013-03-29T15:47:48.0770000-06:00,in
37,USC00051772,Snow,1957-02-13T00:00:00.0000000-07:00,0.000000,,,0,,NOAA,2013-03-29T15:47:48.0770000-06:00,in
37,USC00051772,Snow,1957-02-14T00:00:00.0000000-07:00,0.000000,,,0,,NOAA,2013-03-29T15:47:48.0770000-06:00,in
37,USC00051772,Snow,1957-02-15T00:00:00.0000000-07:00,0.000000,,,0,,NOAA,2013-03-29T15:47:48.0770000-06:00,in
37,USC00051772,Snow,1957-02-16T00:00:00.0000000-07:00,0.000000,,,0,,NOAA,2013-03-29T15:47:48.0770000-06:00,in
37,USC00051772,Snow,1957-02-17T00:00:00.0000000-07:00,0.000000,,,0,,NOAA,2013-03-29T15:47:48.0770000-06:00,in
37,USC00051772,Snow,1957-02-18T00:00:00.0000000-07:00,0.000000,,,0,,NOAA,2013-03-29T15:47:48.0770000-06:00,in
37,USC00051772,Snow,1957-02-19T00:00:00.0000000-07:00,0.000000,,,0,,NOAA,2013-03-29T15:47:48.0770000-06:00,in
37,USC00051772,Snow,1957-02-20T00:00:00.0000000-07:00,0.000000,,,0,,NOAA,2013-03-29T15:47:48.0770000-06:00,in
37,USC00051772,Snow,1957-02-21T00:00:00.0000000-07:00,0.000000,,,0,,NOAA,2013-03-29T15:47:48.0770000-06:00,in
37,USC00051772,Snow,1957-02-22T00:00:00.0000000-07:00,0.000000,,,0,,NOAA,2013-03-29T15:47:48.0770000-06:00,in
37,USC00051772,Snow,1957-02-23T00:00:00.0000000-07:00,0.000000,,,0,,NOAA,2013-03-29T15:47:48.0770000-06:00,in
37,USC00051772,Snow,1957-02-24T00:00:00.0000000-07:00,0.000000,,,0,,NOAA,2013-03-29T15:47:48.0770000-06:00,in
37,USC00051772,Snow,1957-02-25T00:00:00.0000000-07:00,0.000000,,,0,,NOAA,2013-03-29T15:47:48.0770000-06:00,in
37,USC00051772,Snow,1957-02-26T00:00:00.0000000-07:00,0.000000,,,0,,NOAA,2013-03-29T15:47:48.0770000-06:00,in
37,USC00051772,Snow,1957-02-27T00:00:00.0000000-07:00,0.000000,,,0,,NOAA,2013-03-29T15:47:48.0770000-06:00,in
37,USC00051772,Snow,1957-02-28T00:00:00.0000000-07:00,0.000000,,,0,,NOAA,2013-03-29T15:47:48.0770000-06:00,in
37,USC00051772,Snow,1957-03-01T00:00:00.0000000-07:00,0.000000,,,0,,NOAA,2013-03-29T15:47:48.0770000-06:00,in
37,USC00051772,Snow,1957-03-02T00:00:00.0000000-07:00,0.000000,,,0,,NOAA,2013-03-29T15:47:48.0770000-06:00,in
37,USC00051772,Snow,1957-03-03T00:00:00.0000000-07:00,0.000000,,,0,,NOAA,2013-03-29T15:47:48.0770000-06:00,in
37,USC00051772,Snow,1957-03-04T00:00:00.0000000-07:00,0.000000,,,0,,NOAA,2013-03-29T15:47:48.0770000-06:00,in
37,USC00051772,Snow,1957-03-05T00:00:00.0000000-07:00,2.007874,,,0,,NOAA,2013-03-29T15:47:48.0770000-06:00,in
37,USC00051772,Snow,1957-03-06T00:00:00.0000000-07:00,0.000000,,,0,,NOAA,2013-03-29T15:47:48.0770000-06:00,in
37,USC00051772,Snow,1957-03-07T00:00:00.0000000-07:00,0.000000,,,0,,NOAA,2013-03-29T15:47:48.0770000-06:00,in
37,USC00051772,Snow,1957-03-08T00:00:00.0000000-07:00,0.000000,,,0,,NOAA,2013-03-29T15:47:48.0770000-06:00,in
37,USC00051772,Snow,1957-03-09T00:00:00.0000000-07:00,0.000000,,,0,,NOAA,2013-03-29T15:47:48.0770000-06:00,in
37,USC00051772,Snow,1957-03-10T00:00:00.0000000-07:00,0.000000,,,0,,NOAA,2013-03-29T15:47:48.0770000-06:00,in
37,USC00051772,Snow,1957-03-11T00:00:00.0000000-07:00,0.000000,,,0,,NOAA,2013-03-29T15:47:48.0770000-06:00,in
37,USC00051772,Snow,1957-03-12T00:00:00.0000000-07:00,0.000000,,,0,,NOAA,2013-03-29T15:47:48.0770000-06:00,in
37,USC00051772,Snow,1957-03-13T00:00:00.0000000-07:00,4.015748,,,0,,NOAA,2013-03-29T15:47:48.0770000-06:00,in
37,USC00051772,Snow,1957-03-14T00:00:00.0000000-07:00,0.000000,,,0,,NOAA,2013-03-29T15:47:48.0770000-06:00,in
37,USC00051772,Snow,1957-03-15T00:00:00.0000000-07:00,0.000000,,,0,,NOAA,2013-03-29T15:47:48.0770000-06:00,in
37,USC00051772,Snow,1957-03-16T00:00:00.0000000-07:00,0.000000,,,0,,NOAA,2013-03-29T15:47:48.0770000-06:00,in
37,USC00051772,Snow,1957-03-17T00:00:00.0000000-07:00,0.000000,,,0,,NOAA,2013-03-29T15:47:48.0770000-06:00,in
37,USC00051772,Snow,1957-03-18T00:00:00.0000000-07:00,0.000000,,,0,,NOAA,2013-03-29T15:47:48.0770000-06:00,in
37,USC00051772,Snow,1957-03-19T00:00:00.0000000-07:00,0.000000,,,0,,NOAA,2013-03-29T15:47:48.0770000-06:00,in
37,USC00051772,Snow,1957-03-20T00:00:00.0000000-07:00,0.000000,,,0,,NOAA,2013-03-29T15:47:48.0770000-06:00,in
37,USC00051772,Snow,1957-03-21T00:00:00.0000000-07:00,0.000000,T,,0,,NOAA,2013-03-29T15:47:48.0770000-06:00,in
37,USC00051772,Snow,1957-03-22T00:00:00.0000000-07:00,5.984252,,,0,,NOAA,2013-03-29T15:47:48.0770000-06:00,in
37,USC00051772,Snow,1957-03-23T00:00:00.0000000-07:00,0.000000,,,0,,NOAA,2013-03-29T15:47:48.0770000-06:00,in
37,USC00051772,Snow,1957-03-24T00:00:00.0000000-07:00,0.000000,,,0,,NOAA,2013-03-29T15:47:48.0770000-06:00,in
37,USC00051772,Snow,1957-03-25T00:00:00.0000000-07:00,0.000000,,,0,,NOAA,2013-03-29T15:47:48.0770000-06:00,in
37,USC00051772,Snow,1957-03-26T00:00:00.0000000-07:00,0.000000,,,0,,NOAA,2013-03-29T15:47:48.0770000-06:00,in
37,USC00051772,Snow,1957-03-27T00:00:00.0000000-07:00,0.000000,,,0,,NOAA,2013-03-29T15:47:48.0770000-06:00,in
37,USC00051772,Snow,1957-03-28T00:00:00.0000000-07:00,0.000000,,,0,,NOAA,2013-03-29T15:47:48.0770000-06:00,in
37,USC00051772,Snow,1957-03-29T00:00:00.0000000-07:00,0.000000,,,0,,NOAA,2013-03-29T15:47:48.0770000-06:00,in
37,USC00051772,Snow,1957-03-30T00:00:00.0000000-07:00,0.000000,,,0,,NOAA,2013-03-29T15:47:48.0770000-06:00,in
37,USC00051772,Snow,1957-03-31T00:00:00.0000000-07:00,0.000000,,,0,,NOAA,2013-03-29T15:47:48.0770000-06:00,in
37,USC00051772,Snow,1957-04-01T00:00:00.0000000-07:00,0.000000,T,,0,,NOAA,2013-03-29T15:47:48.0770000-06:00,in
37,USC00051772,Snow,1957-04-02T00:00:00.0000000-07:00,0.000000,,,0,,NOAA,2013-03-29T15:47:48.0770000-06:00,in
37,USC00051772,Snow,1957-04-03T00:00:00.0000000-07:00,0.000000,T,,0,,NOAA,2013-03-29T15:47:48.0770000-06:00,in
37,USC00051772,Snow,1957-04-04T00:00:00.0000000-07:00,0.000000,,,0,,NOAA,2013-03-29T15:47:48.0770000-06:00,in
37,USC00051772,Snow,1957-04-05T00:00:00.0000000-07:00,0.000000,,,0,,NOAA,2013-03-29T15:47:48.0770000-06:00,in
37,USC00051772,Snow,1957-04-06T00:00:00.0000000-07:00,0.000000,,,0,,NOAA,2013-03-29T15:47:48.0770000-06:00,in
37,USC00051772,Snow,1957-04-07T00:00:00.0000000-07:00,4.015748,,,0,,NOAA,2013-03-29T15:47:48.0770000-06:00,in
37,USC00051772,Snow,1957-04-08T00:00:00.0000000-06:00,0.000000,,,0,,NOAA,2013-03-29T15:47:48.0770000-06:00,in
37,USC00051772,Snow,1957-04-09T00:00:00.0000000-06:00,0.000000,,,0,,NOAA,2013-03-29T15:47:48.0770000-06:00,in
37,USC00051772,Snow,1957-04-10T00:00:00.0000000-06:00,0.000000,,,0,,NOAA,2013-03-29T15:47:48.0770000-06:00,in
37,USC00051772,Snow,1957-04-11T00:00:00.0000000-06:00,0.000000,,,0,,NOAA,2013-03-29T15:47:48.0770000-06:00,in
37,USC00051772,Snow,1957-04-12T00:00:00.0000000-06:00,0.000000,,,0,,NOAA,2013-03-29T15:47:48.0770000-06:00,in
37,USC00051772,Snow,1957-04-13T00:00:00.0000000-06:00,0.000000,,,0,,NOAA,2013-03-29T15:47:48.0770000-06:00,in
37,USC00051772,Snow,1957-04-14T00:00:00.0000000-06:00,0.000000,,,0,,NOAA,2013-03-29T15:47:48.0770000-06:00,in
37,USC00051772,Snow,1957-04-15T00:00:00.0000000-06:00,0.000000,,,0,,NOAA,2013-03-29T15:47:48.0770000-06:00,in
37,USC00051772,Snow,1957-04-16T00:00:00.0000000-06:00,0.000000,,,0,,NOAA,2013-03-29T15:47:48.0770000-06:00,in
37,USC00051772,Snow,1957-04-17T00:00:00.0000000-06:00,0.000000,,,0,,NOAA,2013-03-29T15:47:48.0770000-06:00,in
37,USC00051772,Snow,1957-04-18T00:00:00.0000000-06:00,0.000000,,,0,,NOAA,2013-03-29T15:47:48.0770000-06:00,in
37,USC00051772,Snow,1957-04-19T00:00:00.0000000-06:00,0.000000,,,0,,NOAA,2013-03-29T15:47:48.0770000-06:00,in
37,USC00051772,Snow,1957-04-20T00:00:00.0000000-06:00,0.000000,,,0,,NOAA,2013-03-29T15:47:48.0770000-06:00,in
37,USC00051772,Snow,1957-04-21T00:00:00.0000000-06:00,0.000000,,,0,,NOAA,2013-03-29T15:47:48.0770000-06:00,in
37,USC00051772,Snow,1957-04-22T00:00:00.0000000-06:00,0.000000,,,0,,NOAA,2013-03-29T15:47:48.0770000-06:00,in
37,USC00051772,Snow,1957-04-23T00:00:00.0000000-06:00,0.000000,,,0,,NOAA,2013-03-29T15:47:48.0770000-06:00,in
37,USC00051772,Snow,1957-04-24T00:00:00.0000000-06:00,0.000000,,,0,,NOAA,2013-03-29T15:47:48.0770000-06:00,in
37,USC00051772,Snow,1957-04-25T00:00:00.0000000-06:00,4.015748,,,0,,NOAA,2013-03-29T15:47:48.0770000-06:00,in
37,USC00051772,Snow,1957-04-26T00:00:00.0000000-06:00,0.000000,,,0,,NOAA,2013-03-29T15:47:48.0770000-06:00,in
37,USC00051772,Snow,1957-04-27T00:00:00.0000000-06:00,0.000000,,,0,,NOAA,2013-03-29T15:47:48.0770000-06:00,in
37,USC00051772,Snow,1957-04-28T00:00:00.0000000-06:00,0.000000,,,0,,NOAA,2013-03-29T15:47:48.0770000-06:00,in
37,USC00051772,Snow,1957-04-29T00:00:00.0000000-06:00,0.000000,,,0,,NOAA,2013-03-29T15:47:48.0770000-06:00,in
37,USC00051772,Snow,1957-04-30T00:00:00.0000000-06:00,0.000000,,,0,,NOAA,2013-03-29T15:47:48.0770000-06:00,in
37,USC00051772,Snow,1957-05-01T00:00:00.0000000-06:00,0.000000,,,0,,NOAA,2013-03-29T15:47:48.0770000-06:00,in
37,USC00051772,Snow,1957-05-02T00:00:00.0000000-06:00,0.000000,,,0,,NOAA,2013-03-29T15:47:48.0770000-06:00,in
37,USC00051772,Snow,1957-05-03T00:00:00.0000000-06:00,0.000000,,,0,,NOAA,2013-03-29T15:47:48.0770000-06:00,in
37,USC00051772,Snow,1957-05-04T00:00:00.0000000-06:00,0.000000,,,0,,NOAA,2013-03-29T15:47:48.0770000-06:00,in
37,USC00051772,Snow,1957-05-05T00:00:00.0000000-06:00,0.000000,,,0,,NOAA,2013-03-29T15:47:48.0770000-06:00,in
37,USC00051772,Snow,1957-05-06T00:00:00.0000000-06:00,0.000000,,,0,,NOAA,2013-03-29T15:47:48.0770000-06:00,in
37,USC00051772,Snow,1957-05-07T00:00:00.0000000-06:00,0.000000,,,0,,NOAA,2013-03-29T15:47:48.0770000-06:00,in
37,USC00051772,Snow,1957-05-08T00:00:00.0000000-06:00,0.000000,,,0,,NOAA,2013-03-29T15:47:48.0770000-06:00,in
37,USC00051772,Snow,1957-05-09T00:00:00.0000000-06:00,0.000000,,,0,,NOAA,2013-03-29T15:47:48.0770000-06:00,in
37,USC00051772,Snow,1957-05-10T00:00:00.0000000-06:00,0.000000,,,0,,NOAA,2013-03-29T15:47:48.0770000-06:00,in
37,USC00051772,Snow,1957-05-11T00:00:00.0000000-06:00,0.000000,,,0,,NOAA,2013-03-29T15:47:48.0770000-06:00,in
37,USC00051772,Snow,1957-05-12T00:00:00.0000000-06:00,0.000000,,,0,,NOAA,2013-03-29T15:47:48.0770000-06:00,in
37,USC00051772,Snow,1957-05-13T00:00:00.0000000-06:00,0.000000,,,0,,NOAA,2013-03-29T15:47:48.0770000-06:00,in
37,USC00051772,Snow,1957-05-14T00:00:00.0000000-06:00,0.000000,,,0,,NOAA,2013-03-29T15:47:48.0770000-06:00,in
37,USC00051772,Snow,1957-05-15T00:00:00.0000000-06:00,0.000000,,,0,,NOAA,2013-03-29T15:47:48.0770000-06:00,in
37,USC00051772,Snow,1957-05-16T00:00:00.0000000-06:00,0.000000,,,0,,NOAA,2013-03-29T15:47:48.0770000-06:00,in
37,USC00051772,Snow,1957-05-17T00:00:00.0000000-06:00,0.000000,,,0,,NOAA,2013-03-29T15:47:48.0770000-06:00,in
37,USC00051772,Snow,1957-05-18T00:00:00.0000000-06:00,0.000000,,,0,,NOAA,2013-03-29T15:47:48.0770000-06:00,in
37,USC00051772,Snow,1957-05-19T00:00:00.0000000-06:00,0.000000,,,0,,NOAA,2013-03-29T15:47:48.0770000-06:00,in
37,USC00051772,Snow,1957-05-20T00:00:00.0000000-06:00,0.000000,,,0,,NOAA,2013-03-29T15:47:48.0770000-06:00,in
37,USC00051772,Snow,1957-05-21T00:00:00.0000000-06:00,0.000000,,,0,,NOAA,2013-03-29T15:47:48.0770000-06:00,in
37,USC00051772,Snow,1957-05-22T00:00:00.0000000-06:00,0.000000,,,0,,NOAA,2013-03-29T15:47:48.0770000-06:00,in
37,USC00051772,Snow,1957-05-23T00:00:00.0000000-06:00,0.000000,,,0,,NOAA,2013-03-29T15:47:48.0770000-06:00,in
37,USC00051772,Snow,1957-05-24T00:00:00.0000000-06:00,0.000000,,,0,,NOAA,2013-03-29T15:47:48.0770000-06:00,in
37,USC00051772,Snow,1957-05-25T00:00:00.0000000-06:00,0.000000,,,0,,NOAA,2013-03-29T15:47:48.0770000-06:00,in
37,USC00051772,Snow,1957-05-26T00:00:00.0000000-06:00,0.000000,,,0,,NOAA,2013-03-29T15:47:48.0770000-06:00,in
37,USC00051772,Snow,1957-05-27T00:00:00.0000000-06:00,0.000000,,,0,,NOAA,2013-03-29T15:47:48.0770000-06:00,in
37,USC00051772,Snow,1957-05-28T00:00:00.0000000-06:00,0.000000,,,0,,NOAA,2013-03-29T15:47:48.0770000-06:00,in
37,USC00051772,Snow,1957-05-29T00:00:00.0000000-06:00,0.000000,,,0,,NOAA,2013-03-29T15:47:48.0770000-06:00,in
37,USC00051772,Snow,1957-05-30T00:00:00.0000000-06:00,0.000000,,,0,,NOAA,2013-03-29T15:47:48.0770000-06:00,in
37,USC00051772,Snow,1957-05-31T00:00:00.0000000-06:00,0.000000,,,0,,NOAA,2013-03-29T15:47:48.0770000-06:00,in
37,USC00051772,Snow,1957-06-01T00:00:00.0000000-06:00,0.000000,,,0,,NOAA,2013-03-29T15:47:48.0770000-06:00,in
37,USC00051772,Snow,1957-06-02T00:00:00.0000000-06:00,0.000000,,,0,,NOAA,2013-03-29T15:47:48.0770000-06:00,in
37,USC00051772,Snow,1957-06-03T00:00:00.0000000-06:00,0.000000,,,0,,NOAA,2013-03-29T15:47:48.0770000-06:00,in
37,USC00051772,Snow,1957-06-04T00:00:00.0000000-06:00,0.000000,,,0,,NOAA,2013-03-29T15:47:48.0770000-06:00,in
37,USC00051772,Snow,1957-06-05T00:00:00.0000000-06:00,0.000000,,,0,,NOAA,2013-03-29T15:47:48.0770000-06:00,in
37,USC00051772,Snow,1957-06-06T00:00:00.0000000-06:00,0.000000,,,0,,NOAA,2013-03-29T15:47:48.0770000-06:00,in
37,USC00051772,Snow,1957-06-07T00:00:00.0000000-06:00,0.000000,,,0,,NOAA,2013-03-29T15:47:48.0770000-06:00,in
37,USC00051772,Snow,1957-06-08T00:00:00.0000000-06:00,0.000000,,,0,,NOAA,2013-03-29T15:47:48.0770000-06:00,in
37,USC00051772,Snow,1957-06-10T00:00:00.0000000-06:00,0.000000,,,0,,NOAA,2013-03-29T15:47:48.0770000-06:00,in
37,USC00051772,Snow,1957-06-11T00:00:00.0000000-06:00,0.000000,,,0,,NOAA,2013-03-29T15:47:48.0770000-06:00,in
37,USC00051772,Snow,1957-06-12T00:00:00.0000000-06:00,0.000000,,,0,,NOAA,2013-03-29T15:47:48.0770000-06:00,in
37,USC00051772,Snow,1957-06-13T00:00:00.0000000-06:00,0.000000,,,0,,NOAA,2013-03-29T15:47:48.0770000-06:00,in
37,USC00051772,Snow,1957-06-14T00:00:00.0000000-06:00,0.000000,,,0,,NOAA,2013-03-29T15:47:48.0770000-06:00,in
37,USC00051772,Snow,1957-06-15T00:00:00.0000000-06:00,0.000000,,,0,,NOAA,2013-03-29T15:47:48.0770000-06:00,in
37,USC00051772,Snow,1957-06-16T00:00:00.0000000-06:00,0.000000,,,0,,NOAA,2013-03-29T15:47:48.0770000-06:00,in
37,USC00051772,Snow,1957-06-17T00:00:00.0000000-06:00,0.000000,,,0,,NOAA,2013-03-29T15:47:48.0770000-06:00,in
37,USC00051772,Snow,1957-06-18T00:00:00.0000000-06:00,0.000000,,,0,,NOAA,2013-03-29T15:47:48.0770000-06:00,in
37,USC00051772,Snow,1957-06-19T00:00:00.0000000-06:00,0.000000,,,0,,NOAA,2013-03-29T15:47:48.0770000-06:00,in
37,USC00051772,Snow,1957-06-20T00:00:00.0000000-06:00,0.000000,,,0,,NOAA,2013-03-29T15:47:48.0770000-06:00,in
37,USC00051772,Snow,1957-06-21T00:00:00.0000000-06:00,0.000000,,,0,,NOAA,2013-03-29T15:47:48.0770000-06:00,in
37,USC00051772,Snow,1957-06-22T00:00:00.0000000-06:00,0.000000,,,0,,NOAA,2013-03-29T15:47:48.0770000-06:00,in
37,USC00051772,Snow,1957-06-23T00:00:00.0000000-06:00,0.000000,,,0,,NOAA,2013-03-29T15:47:48.0770000-06:00,in
37,USC00051772,Snow,1957-06-24T00:00:00.0000000-06:00,0.000000,,,0,,NOAA,2013-03-29T15:47:48.0770000-06:00,in
37,USC00051772,Snow,1957-06-25T00:00:00.0000000-06:00,0.000000,,,0,,NOAA,2013-03-29T15:47:48.0770000-06:00,in
37,USC00051772,Snow,1957-06-26T00:00:00.0000000-06:00,0.000000,,,0,,NOAA,2013-03-29T15:47:48.0770000-06:00,in
37,USC00051772,Snow,1957-06-27T00:00:00.0000000-06:00,0.000000,,,0,,NOAA,2013-03-29T15:47:48.0770000-06:00,in
37,USC00051772,Snow,1957-06-28T00:00:00.0000000-06:00,0.000000,,,0,,NOAA,2013-03-29T15:47:48.0770000-06:00,in
37,USC00051772,Snow,1957-06-29T00:00:00.0000000-06:00,0.000000,,,0,,NOAA,2013-03-29T15:47:48.0770000-06:00,in
37,USC00051772,Snow,1957-06-30T00:00:00.0000000-06:00,0.000000,,,0,,NOAA,2013-03-29T15:47:48.0770000-06:00,in
37,USC00051772,Snow,1957-07-01T00:00:00.0000000-06:00,0.000000,,,0,,NOAA,2013-03-29T15:47:48.0770000-06:00,in
37,USC00051772,Snow,1957-07-02T00:00:00.0000000-06:00,0.000000,,,0,,NOAA,2013-03-29T15:47:48.0770000-06:00,in
37,USC00051772,Snow,1957-07-03T00:00:00.0000000-06:00,0.000000,,,0,,NOAA,2013-03-29T15:47:48.0770000-06:00,in
37,USC00051772,Snow,1957-07-04T00:00:00.0000000-06:00,0.000000,,,0,,NOAA,2013-03-29T15:47:48.0770000-06:00,in
37,USC00051772,Snow,1957-07-05T00:00:00.0000000-06:00,0.000000,,,0,,NOAA,2013-03-29T15:47:48.0770000-06:00,in
37,USC00051772,Snow,1957-07-06T00:00:00.0000000-06:00,0.000000,,,0,,NOAA,2013-03-29T15:47:48.0770000-06:00,in
37,USC00051772,Snow,1957-07-07T00:00:00.0000000-06:00,0.000000,,,0,,NOAA,2013-03-29T15:47:48.0770000-06:00,in
37,USC00051772,Snow,1957-07-08T00:00:00.0000000-06:00,0.000000,,,0,,NOAA,2013-03-29T15:47:48.0770000-06:00,in
37,USC00051772,Snow,1957-07-09T00:00:00.0000000-06:00,0.000000,,,0,,NOAA,2013-03-29T15:47:48.0770000-06:00,in
37,USC00051772,Snow,1957-07-10T00:00:00.0000000-06:00,0.000000,,,0,,NOAA,2013-03-29T15:47:48.0770000-06:00,in
37,USC00051772,Snow,1957-07-11T00:00:00.0000000-06:00,0.000000,,,0,,NOAA,2013-03-29T15:47:48.0770000-06:00,in
37,USC00051772,Snow,1957-07-12T00:00:00.0000000-06:00,0.000000,,,0,,NOAA,2013-03-29T15:47:48.0770000-06:00,in
37,USC00051772,Snow,1957-07-13T00:00:00.0000000-06:00,0.000000,,,0,,NOAA,2013-03-29T15:47:48.0770000-06:00,in
37,USC00051772,Snow,1957-07-14T00:00:00.0000000-06:00,0.000000,,,0,,NOAA,2013-03-29T15:47:48.0770000-06:00,in
37,USC00051772,Snow,1957-07-15T00:00:00.0000000-06:00,0.000000,,,0,,NOAA,2013-03-29T15:47:48.0770000-06:00,in
37,USC00051772,Snow,1957-07-16T00:00:00.0000000-06:00,0.000000,,,0,,NOAA,2013-03-29T15:47:48.0770000-06:00,in
37,USC00051772,Snow,1957-07-17T00:00:00.0000000-06:00,0.000000,,,0,,NOAA,2013-03-29T15:47:48.0770000-06:00,in
37,USC00051772,Snow,1957-07-18T00:00:00.0000000-06:00,0.000000,,,0,,NOAA,2013-03-29T15:47:48.0770000-06:00,in
37,USC00051772,Snow,1957-07-19T00:00:00.0000000-06:00,0.000000,,,0,,NOAA,2013-03-29T15:47:48.0770000-06:00,in
37,USC00051772,Snow,1957-07-20T00:00:00.0000000-06:00,0.000000,,,0,,NOAA,2013-03-29T15:47:48.0770000-06:00,in
37,USC00051772,Snow,1957-07-21T00:00:00.0000000-06:00,0.000000,,,0,,NOAA,2013-03-29T15:47:48.0770000-06:00,in
37,USC00051772,Snow,1957-07-22T00:00:00.0000000-06:00,0.000000,,,0,,NOAA,2013-03-29T15:47:48.0770000-06:00,in
37,USC00051772,Snow,1957-07-23T00:00:00.0000000-06:00,0.000000,,,0,,NOAA,2013-03-29T15:47:48.0770000-06:00,in
37,USC00051772,Snow,1957-07-24T00:00:00.0000000-06:00,0.000000,,,0,,NOAA,2013-03-29T15:47:48.0770000-06:00,in
37,USC00051772,Snow,1957-07-25T00:00:00.0000000-06:00,0.000000,,,0,,NOAA,2013-03-29T15:47:48.0770000-06:00,in
37,USC00051772,Snow,1957-07-26T00:00:00.0000000-06:00,0.000000,,,0,,NOAA,2013-03-29T15:47:48.0770000-06:00,in
37,USC00051772,Snow,1957-07-27T00:00:00.0000000-06:00,0.000000,,,0,,NOAA,2013-03-29T15:47:48.0770000-06:00,in
37,USC00051772,Snow,1957-07-28T00:00:00.0000000-06:00,0.000000,,,0,,NOAA,2013-03-29T15:47:48.0770000-06:00,in
37,USC00051772,Snow,1957-07-29T00:00:00.0000000-06:00,0.000000,,,0,,NOAA,2013-03-29T15:47:48.0770000-06:00,in
37,USC00051772,Snow,1957-07-30T00:00:00.0000000-06:00,0.000000,,,0,,NOAA,2013-03-29T15:47:48.0770000-06:00,in
37,USC00051772,Snow,1957-07-31T00:00:00.0000000-06:00,0.000000,,,0,,NOAA,2013-03-29T15:47:48.0770000-06:00,in
37,USC00051772,Snow,1957-08-01T00:00:00.0000000-06:00,0.000000,,,0,,NOAA,2013-03-29T15:47:48.0770000-06:00,in
37,USC00051772,Snow,1957-08-02T00:00:00.0000000-06:00,0.000000,,,0,,NOAA,2013-03-29T15:47:48.0770000-06:00,in
37,USC00051772,Snow,1957-08-03T00:00:00.0000000-06:00,0.000000,,,0,,NOAA,2013-03-29T15:47:48.0770000-06:00,in
37,USC00051772,Snow,1957-08-04T00:00:00.0000000-06:00,0.000000,,,0,,NOAA,2013-03-29T15:47:48.0770000-06:00,in
37,USC00051772,Snow,1957-08-05T00:00:00.0000000-06:00,0.000000,,,0,,NOAA,2013-03-29T15:47:48.0770000-06:00,in
37,USC00051772,Snow,1957-08-06T00:00:00.0000000-06:00,0.000000,,,0,,NOAA,2013-03-29T15:47:48.0770000-06:00,in
37,USC00051772,Snow,1957-08-07T00:00:00.0000000-06:00,0.000000,,,0,,NOAA,2013-03-29T15:47:48.0770000-06:00,in
37,USC00051772,Snow,1957-08-08T00:00:00.0000000-06:00,0.000000,,,0,,NOAA,2013-03-29T15:47:48.0770000-06:00,in
37,USC00051772,Snow,1957-08-09T00:00:00.0000000-06:00,0.000000,,,0,,NOAA,2013-03-29T15:47:48.0770000-06:00,in
37,USC00051772,Snow,1957-08-10T00:00:00.0000000-06:00,0.000000,,,0,,NOAA,2013-03-29T15:47:48.0770000-06:00,in
37,USC00051772,Snow,1957-08-11T00:00:00.0000000-06:00,0.000000,,,0,,NOAA,2013-03-29T15:47:48.0770000-06:00,in
37,USC00051772,Snow,1957-08-12T00:00:00.0000000-06:00,0.000000,,,0,,NOAA,2013-03-29T15:47:48.0770000-06:00,in
37,USC00051772,Snow,1957-08-13T00:00:00.0000000-06:00,0.000000,,,0,,NOAA,2013-03-29T15:47:48.0770000-06:00,in
37,USC00051772,Snow,1957-08-14T00:00:00.0000000-06:00,0.000000,,,0,,NOAA,2013-03-29T15:47:48.0770000-06:00,in
37,USC00051772,Snow,1957-08-15T00:00:00.0000000-06:00,0.000000,,,0,,NOAA,2013-03-29T15:47:48.0770000-06:00,in
37,USC00051772,Snow,1957-08-16T00:00:00.0000000-06:00,0.000000,,,0,,NOAA,2013-03-29T15:47:48.0770000-06:00,in
37,USC00051772,Snow,1957-08-17T00:00:00.0000000-06:00,0.000000,,,0,,NOAA,2013-03-29T15:47:48.0770000-06:00,in
37,USC00051772,Snow,1957-08-18T00:00:00.0000000-06:00,0.000000,,,0,,NOAA,2013-03-29T15:47:48.0770000-06:00,in
37,USC00051772,Snow,1957-08-19T00:00:00.0000000-06:00,0.000000,,,0,,NOAA,2013-03-29T15:47:48.0770000-06:00,in
37,USC00051772,Snow,1957-08-20T00:00:00.0000000-06:00,0.000000,,,0,,NOAA,2013-03-29T15:47:48.0770000-06:00,in
37,USC00051772,Snow,1957-08-21T00:00:00.0000000-06:00,0.000000,,,0,,NOAA,2013-03-29T15:47:48.0770000-06:00,in
37,USC00051772,Snow,1957-08-22T00:00:00.0000000-06:00,0.000000,,,0,,NOAA,2013-03-29T15:47:48.0770000-06:00,in
37,USC00051772,Snow,1957-08-23T00:00:00.0000000-06:00,0.000000,,,0,,NOAA,2013-03-29T15:47:48.0770000-06:00,in
37,USC00051772,Snow,1957-08-24T00:00:00.0000000-06:00,0.000000,,,0,,NOAA,2013-03-29T15:47:48.0770000-06:00,in
37,USC00051772,Snow,1957-08-25T00:00:00.0000000-06:00,0.000000,,,0,,NOAA,2013-03-29T15:47:48.0770000-06:00,in
37,USC00051772,Snow,1957-08-26T00:00:00.0000000-06:00,0.000000,,,0,,NOAA,2013-03-29T15:47:48.0770000-06:00,in
37,USC00051772,Snow,1957-08-27T00:00:00.0000000-06:00,0.000000,,,0,,NOAA,2013-03-29T15:47:48.0770000-06:00,in
37,USC00051772,Snow,1957-08-28T00:00:00.0000000-06:00,0.000000,,,0,,NOAA,2013-03-29T15:47:48.0770000-06:00,in
37,USC00051772,Snow,1957-08-29T00:00:00.0000000-06:00,0.000000,,,0,,NOAA,2013-03-29T15:47:48.0770000-06:00,in
37,USC00051772,Snow,1957-08-30T00:00:00.0000000-06:00,0.000000,,,0,,NOAA,2013-03-29T15:47:48.0770000-06:00,in
37,USC00051772,Snow,1957-08-31T00:00:00.0000000-06:00,0.000000,,,0,,NOAA,2013-03-29T15:47:48.0770000-06:00,in
37,USC00051772,Snow,1957-09-01T00:00:00.0000000-06:00,0.000000,,,0,,NOAA,2013-03-29T15:47:48.0770000-06:00,in
37,USC00051772,Snow,1957-09-02T00:00:00.0000000-06:00,0.000000,,,0,,NOAA,2013-03-29T15:47:48.0770000-06:00,in
37,USC00051772,Snow,1957-09-03T00:00:00.0000000-06:00,0.000000,,,0,,NOAA,2013-03-29T15:47:48.0770000-06:00,in
37,USC00051772,Snow,1957-09-04T00:00:00.0000000-06:00,0.000000,,,0,,NOAA,2013-03-29T15:47:48.0770000-06:00,in
37,USC00051772,Snow,1957-09-05T00:00:00.0000000-06:00,0.000000,,,0,,NOAA,2013-03-29T15:47:48.0770000-06:00,in
37,USC00051772,Snow,1957-09-06T00:00:00.0000000-06:00,0.000000,,,0,,NOAA,2013-03-29T15:47:48.0770000-06:00,in
37,USC00051772,Snow,1957-09-07T00:00:00.0000000-06:00,0.000000,,,0,,NOAA,2013-03-29T15:47:48.0770000-06:00,in
37,USC00051772,Snow,1957-09-08T00:00:00.0000000-06:00,0.000000,,,0,,NOAA,2013-03-29T15:47:48.0770000-06:00,in
37,USC00051772,Snow,1957-09-09T00:00:00.0000000-06:00,0.000000,,,0,,NOAA,2013-03-29T15:47:48.0770000-06:00,in
37,USC00051772,Snow,1957-09-10T00:00:00.0000000-06:00,0.000000,,,0,,NOAA,2013-03-29T15:47:48.0770000-06:00,in
37,USC00051772,Snow,1957-09-11T00:00:00.0000000-06:00,0.000000,,,0,,NOAA,2013-03-29T15:47:48.0770000-06:00,in
37,USC00051772,Snow,1957-09-12T00:00:00.0000000-06:00,0.000000,,,0,,NOAA,2013-03-29T15:47:48.0770000-06:00,in
37,USC00051772,Snow,1957-09-13T00:00:00.0000000-06:00,0.000000,,,0,,NOAA,2013-03-29T15:47:48.0770000-06:00,in
37,USC00051772,Snow,1957-09-14T00:00:00.0000000-06:00,0.000000,,,0,,NOAA,2013-03-29T15:47:48.0770000-06:00,in
37,USC00051772,Snow,1957-09-15T00:00:00.0000000-06:00,0.000000,,,0,,NOAA,2013-03-29T15:47:48.0770000-06:00,in
37,USC00051772,Snow,1957-09-16T00:00:00.0000000-06:00,0.000000,,,0,,NOAA,2013-03-29T15:47:48.0770000-06:00,in
37,USC00051772,Snow,1957-09-17T00:00:00.0000000-06:00,0.000000,,,0,,NOAA,2013-03-29T15:47:48.0770000-06:00,in
37,USC00051772,Snow,1957-09-18T00:00:00.0000000-06:00,0.000000,,,0,,NOAA,2013-03-29T15:47:48.0770000-06:00,in
37,USC00051772,Snow,1957-09-19T00:00:00.0000000-06:00,0.000000,,,0,,NOAA,2013-03-29T15:47:48.0770000-06:00,in
37,USC00051772,Snow,1957-09-20T00:00:00.0000000-06:00,0.000000,,,0,,NOAA,2013-03-29T15:47:48.0770000-06:00,in
37,USC00051772,Snow,1957-09-21T00:00:00.0000000-06:00,0.000000,,,0,,NOAA,2013-03-29T15:47:48.0770000-06:00,in
37,USC00051772,Snow,1957-09-22T00:00:00.0000000-06:00,0.000000,,,0,,NOAA,2013-03-29T15:47:48.0770000-06:00,in
37,USC00051772,Snow,1957-09-23T00:00:00.0000000-06:00,0.000000,,,0,,NOAA,2013-03-29T15:47:48.0770000-06:00,in
37,USC00051772,Snow,1957-09-24T00:00:00.0000000-06:00,0.000000,,,0,,NOAA,2013-03-29T15:47:48.0770000-06:00,in
37,USC00051772,Snow,1957-09-25T00:00:00.0000000-06:00,0.000000,,,0,,NOAA,2013-03-29T15:47:48.0770000-06:00,in
37,USC00051772,Snow,1957-09-26T00:00:00.0000000-06:00,0.000000,,,0,,NOAA,2013-03-29T15:47:48.0770000-06:00,in
37,USC00051772,Snow,1957-09-27T00:00:00.0000000-06:00,0.000000,,,0,,NOAA,2013-03-29T15:47:48.0770000-06:00,in
37,USC00051772,Snow,1957-09-28T00:00:00.0000000-06:00,0.000000,,,0,,NOAA,2013-03-29T15:47:48.0770000-06:00,in
37,USC00051772,Snow,1957-09-29T00:00:00.0000000-06:00,0.000000,,,0,,NOAA,2013-03-29T15:47:48.0770000-06:00,in
37,USC00051772,Snow,1957-09-30T00:00:00.0000000-06:00,0.000000,,,0,,NOAA,2013-03-29T15:47:48.0770000-06:00,in
37,USC00051772,Snow,1957-10-01T00:00:00.0000000-06:00,0.000000,,,0,,NOAA,2013-03-29T15:47:48.0770000-06:00,in
37,USC00051772,Snow,1957-10-02T00:00:00.0000000-06:00,0.000000,,,0,,NOAA,2013-03-29T15:47:48.0770000-06:00,in
37,USC00051772,Snow,1957-10-03T00:00:00.0000000-06:00,0.000000,,,0,,NOAA,2013-03-29T15:47:48.0770000-06:00,in
37,USC00051772,Snow,1957-10-04T00:00:00.0000000-06:00,0.000000,,,0,,NOAA,2013-03-29T15:47:48.0770000-06:00,in
37,USC00051772,Snow,1957-10-05T00:00:00.0000000-06:00,0.000000,,,0,,NOAA,2013-03-29T15:47:48.0770000-06:00,in
37,USC00051772,Snow,1957-10-06T00:00:00.0000000-06:00,0.000000,,,0,,NOAA,2013-03-29T15:47:48.0770000-06:00,in
37,USC00051772,Snow,1957-10-07T00:00:00.0000000-06:00,0.000000,,,0,,NOAA,2013-03-29T15:47:48.0770000-06:00,in
37,USC00051772,Snow,1957-10-08T00:00:00.0000000-06:00,0.000000,,,0,,NOAA,2013-03-29T15:47:48.0770000-06:00,in
37,USC00051772,Snow,1957-10-09T00:00:00.0000000-06:00,0.000000,,,0,,NOAA,2013-03-29T15:47:48.0770000-06:00,in
37,USC00051772,Snow,1957-10-10T00:00:00.0000000-06:00,0.000000,,,0,,NOAA,2013-03-29T15:47:48.0770000-06:00,in
37,USC00051772,Snow,1957-10-11T00:00:00.0000000-06:00,0.000000,,,0,,NOAA,2013-03-29T15:47:48.0770000-06:00,in
37,USC00051772,Snow,1957-10-12T00:00:00.0000000-06:00,0.000000,,,0,,NOAA,2013-03-29T15:47:48.0770000-06:00,in
37,USC00051772,Snow,1957-10-13T00:00:00.0000000-06:00,0.000000,,,0,,NOAA,2013-03-29T15:47:48.0770000-06:00,in
37,USC00051772,Snow,1957-10-14T00:00:00.0000000-06:00,0.000000,,,0,,NOAA,2013-03-29T15:47:48.0770000-06:00,in
37,USC00051772,Snow,1957-10-15T00:00:00.0000000-06:00,0.000000,,,0,,NOAA,2013-03-29T15:47:48.0770000-06:00,in
37,USC00051772,Snow,1957-10-16T00:00:00.0000000-06:00,0.000000,,,0,,NOAA,2013-03-29T15:47:48.0770000-06:00,in
37,USC00051772,Snow,1957-10-17T00:00:00.0000000-06:00,0.000000,,,0,,NOAA,2013-03-29T15:47:48.0770000-06:00,in
37,USC00051772,Snow,1957-10-18T00:00:00.0000000-06:00,0.000000,,,0,,NOAA,2013-03-29T15:47:48.0770000-06:00,in
37,USC00051772,Snow,1957-10-19T00:00:00.0000000-06:00,0.000000,,,0,,NOAA,2013-03-29T15:47:48.0770000-06:00,in
37,USC00051772,Snow,1957-10-20T00:00:00.0000000-06:00,0.000000,,,0,,NOAA,2013-03-29T15:47:48.0770000-06:00,in
37,USC00051772,Snow,1957-10-21T00:00:00.0000000-06:00,0.000000,,,0,,NOAA,2013-03-29T15:47:48.0770000-06:00,in
37,USC00051772,Snow,1957-10-22T00:00:00.0000000-06:00,0.000000,,,0,,NOAA,2013-03-29T15:47:48.0770000-06:00,in
37,USC00051772,Snow,1957-10-23T00:00:00.0000000-06:00,0.000000,,,0,,NOAA,2013-03-29T15:47:48.0770000-06:00,in
37,USC00051772,Snow,1957-10-24T00:00:00.0000000-06:00,0.000000,,,0,,NOAA,2013-03-29T15:47:48.0770000-06:00,in
37,USC00051772,Snow,1957-10-25T00:00:00.0000000-06:00,0.000000,,,0,,NOAA,2013-03-29T15:47:48.0770000-06:00,in
37,USC00051772,Snow,1957-10-26T00:00:00.0000000-06:00,0.000000,,,0,,NOAA,2013-03-29T15:47:48.0770000-06:00,in
37,USC00051772,Snow,1957-10-27T00:00:00.0000000-06:00,0.000000,,,0,,NOAA,2013-03-29T15:47:48.0770000-06:00,in
37,USC00051772,Snow,1957-10-28T00:00:00.0000000-07:00,0.000000,,,0,,NOAA,2013-03-29T15:47:48.0770000-06:00,in
37,USC00051772,Snow,1957-10-29T00:00:00.0000000-07:00,0.000000,,,0,,NOAA,2013-03-29T15:47:48.0770000-06:00,in
37,USC00051772,Snow,1957-10-30T00:00:00.0000000-07:00,0.000000,,,0,,NOAA,2013-03-29T15:47:48.0770000-06:00,in
37,USC00051772,Snow,1957-10-31T00:00:00.0000000-07:00,0.000000,,,0,,NOAA,2013-03-29T15:47:48.0770000-06:00,in
37,USC00051772,Snow,1957-11-01T00:00:00.0000000-07:00,0.000000,,,0,,NOAA,2013-03-29T15:47:48.0770000-06:00,in
37,USC00051772,Snow,1957-11-02T00:00:00.0000000-07:00,0.000000,,,0,,NOAA,2013-03-29T15:47:48.0770000-06:00,in
37,USC00051772,Snow,1957-11-03T00:00:00.0000000-07:00,0.000000,,,0,,NOAA,2013-03-29T15:47:48.0770000-06:00,in
37,USC00051772,Snow,1957-11-04T00:00:00.0000000-07:00,0.000000,,,0,,NOAA,2013-03-29T15:47:48.0770000-06:00,in
37,USC00051772,Snow,1957-11-05T00:00:00.0000000-07:00,0.000000,,,0,,NOAA,2013-03-29T15:47:48.0770000-06:00,in
37,USC00051772,Snow,1957-11-06T00:00:00.0000000-07:00,0.000000,,,0,,NOAA,2013-03-29T15:47:48.0770000-06:00,in
37,USC00051772,Snow,1957-11-07T00:00:00.0000000-07:00,0.000000,,,0,,NOAA,2013-03-29T15:47:48.0770000-06:00,in
37,USC00051772,Snow,1957-11-08T00:00:00.0000000-07:00,0.000000,,,0,,NOAA,2013-03-29T15:47:48.0770000-06:00,in
37,USC00051772,Snow,1957-11-09T00:00:00.0000000-07:00,0.000000,,,0,,NOAA,2013-03-29T15:47:48.0770000-06:00,in
37,USC00051772,Snow,1957-11-10T00:00:00.0000000-07:00,0.000000,,,0,,NOAA,2013-03-29T15:47:48.0770000-06:00,in
37,USC00051772,Snow,1957-11-11T00:00:00.0000000-07:00,0.000000,,,0,,NOAA,2013-03-29T15:47:48.0770000-06:00,in
37,USC00051772,Snow,1957-11-12T00:00:00.0000000-07:00,0.000000,,,0,,NOAA,2013-03-29T15:47:48.0770000-06:00,in
37,USC00051772,Snow,1957-11-13T00:00:00.0000000-07:00,0.000000,,,0,,NOAA,2013-03-29T15:47:48.0770000-06:00,in
37,USC00051772,Snow,1957-11-14T00:00:00.0000000-07:00,2.992126,,,0,,NOAA,2013-03-29T15:47:48.0770000-06:00,in
37,USC00051772,Snow,1957-11-15T00:00:00.0000000-07:00,0.000000,,,0,,NOAA,2013-03-29T15:47:48.0770000-06:00,in
37,USC00051772,Snow,1957-11-16T00:00:00.0000000-07:00,0.000000,,,0,,NOAA,2013-03-29T15:47:48.0770000-06:00,in
37,USC00051772,Snow,1957-11-17T00:00:00.0000000-07:00,0.000000,,,0,,NOAA,2013-03-29T15:47:48.0770000-06:00,in
37,USC00051772,Snow,1957-11-18T00:00:00.0000000-07:00,0.000000,,,0,,NOAA,2013-03-29T15:47:48.0770000-06:00,in
37,USC00051772,Snow,1957-11-19T00:00:00.0000000-07:00,0.000000,T,,0,,NOAA,2013-03-29T15:47:48.0770000-06:00,in
37,USC00051772,Snow,1957-11-20T00:00:00.0000000-07:00,0.000000,,,0,,NOAA,2013-03-29T15:47:48.0770000-06:00,in
37,USC00051772,Snow,1957-11-21T00:00:00.0000000-07:00,0.000000,,,0,,NOAA,2013-03-29T15:47:48.0770000-06:00,in
37,USC00051772,Snow,1957-11-22T00:00:00.0000000-07:00,0.000000,,,0,,NOAA,2013-03-29T15:47:48.0770000-06:00,in
37,USC00051772,Snow,1957-11-23T00:00:00.0000000-07:00,0.000000,,,0,,NOAA,2013-03-29T15:47:48.0770000-06:00,in
37,USC00051772,Snow,1957-11-24T00:00:00.0000000-07:00,0.000000,,,0,,NOAA,2013-03-29T15:47:48.0770000-06:00,in
37,USC00051772,Snow,1957-11-25T00:00:00.0000000-07:00,0.000000,,,0,,NOAA,2013-03-29T15:47:48.0770000-06:00,in
37,USC00051772,Snow,1957-11-26T00:00:00.0000000-07:00,0.000000,,,0,,NOAA,2013-03-29T15:47:48.0770000-06:00,in
37,USC00051772,Snow,1957-11-27T00:00:00.0000000-07:00,0.000000,,,0,,NOAA,2013-03-29T15:47:48.0770000-06:00,in
37,USC00051772,Snow,1957-11-28T00:00:00.0000000-07:00,0.000000,,,0,,NOAA,2013-03-29T15:47:48.0770000-06:00,in
37,USC00051772,Snow,1957-11-29T00:00:00.0000000-07:00,0.000000,T,,0,,NOAA,2013-03-29T15:47:48.0770000-06:00,in
37,USC00051772,Snow,1957-11-30T00:00:00.0000000-07:00,0.000000,,,0,,NOAA,2013-03-29T15:47:48.0770000-06:00,in
37,USC00051772,Snow,1957-12-01T00:00:00.0000000-07:00,0.000000,,,0,,NOAA,2013-03-29T15:47:48.0770000-06:00,in
37,USC00051772,Snow,1957-12-02T00:00:00.0000000-07:00,0.000000,,,0,,NOAA,2013-03-29T15:47:48.0770000-06:00,in
37,USC00051772,Snow,1957-12-03T00:00:00.0000000-07:00,0.000000,,,0,,NOAA,2013-03-29T15:47:48.0770000-06:00,in
37,USC00051772,Snow,1957-12-04T00:00:00.0000000-07:00,0.000000,,,0,,NOAA,2013-03-29T15:47:48.0770000-06:00,in
37,USC00051772,Snow,1957-12-05T00:00:00.0000000-07:00,0.000000,,,0,,NOAA,2013-03-29T15:47:48.0770000-06:00,in
37,USC00051772,Snow,1957-12-06T00:00:00.0000000-07:00,0.511811,,,0,,NOAA,2013-03-29T15:47:48.0770000-06:00,in
37,USC00051772,Snow,1957-12-07T00:00:00.0000000-07:00,0.000000,,,0,,NOAA,2013-03-29T15:47:48.0770000-06:00,in
37,USC00051772,Snow,1957-12-08T00:00:00.0000000-07:00,0.000000,,,0,,NOAA,2013-03-29T15:47:48.0770000-06:00,in
37,USC00051772,Snow,1957-12-09T00:00:00.0000000-07:00,0.000000,,,0,,NOAA,2013-03-29T15:47:48.0770000-06:00,in
37,USC00051772,Snow,1957-12-10T00:00:00.0000000-07:00,0.000000,,,0,,NOAA,2013-03-29T15:47:48.0770000-06:00,in
37,USC00051772,Snow,1957-12-11T00:00:00.0000000-07:00,0.000000,,,0,,NOAA,2013-03-29T15:47:48.0770000-06:00,in
37,USC00051772,Snow,1957-12-12T00:00:00.0000000-07:00,0.000000,,,0,,NOAA,2013-03-29T15:47:48.0770000-06:00,in
37,USC00051772,Snow,1957-12-13T00:00:00.0000000-07:00,0.000000,,,0,,NOAA,2013-03-29T15:47:48.0770000-06:00,in
37,USC00051772,Snow,1957-12-14T00:00:00.0000000-07:00,0.000000,,,0,,NOAA,2013-03-29T15:47:48.0770000-06:00,in
37,USC00051772,Snow,1957-12-15T00:00:00.0000000-07:00,0.000000,,,0,,NOAA,2013-03-29T15:47:48.0770000-06:00,in
37,USC00051772,Snow,1957-12-16T00:00:00.0000000-07:00,0.984252,,,0,,NOAA,2013-03-29T15:47:48.0770000-06:00,in
37,USC00051772,Snow,1957-12-17T00:00:00.0000000-07:00,1.889764,,,0,,NOAA,2013-03-29T15:47:48.0770000-06:00,in
37,USC00051772,Snow,1957-12-18T00:00:00.0000000-07:00,0.000000,,,0,,NOAA,2013-03-29T15:47:48.0770000-06:00,in
37,USC00051772,Snow,1957-12-19T00:00:00.0000000-07:00,0.000000,,,0,,NOAA,2013-03-29T15:47:48.0770000-06:00,in
37,USC00051772,Snow,1957-12-20T00:00:00.0000000-07:00,0.000000,,,0,,NOAA,2013-03-29T15:47:48.0770000-06:00,in
37,USC00051772,Snow,1957-12-21T00:00:00.0000000-07:00,0.000000,,,0,,NOAA,2013-03-29T15:47:48.0770000-06:00,in
37,USC00051772,Snow,1957-12-22T00:00:00.0000000-07:00,0.000000,,,0,,NOAA,2013-03-29T15:47:48.0770000-06:00,in
37,USC00051772,Snow,1957-12-23T00:00:00.0000000-07:00,0.000000,,,0,,NOAA,2013-03-29T15:47:48.0770000-06:00,in
37,USC00051772,Snow,1957-12-24T00:00:00.0000000-07:00,1.299213,,,0,,NOAA,2013-03-29T15:47:48.0770000-06:00,in
37,USC00051772,Snow,1957-12-25T00:00:00.0000000-07:00,0.000000,,,0,,NOAA,2013-03-29T15:47:48.0770000-06:00,in
37,USC00051772,Snow,1957-12-26T00:00:00.0000000-07:00,0.000000,,,0,,NOAA,2013-03-29T15:47:48.0770000-06:00,in
37,USC00051772,Snow,1957-12-27T00:00:00.0000000-07:00,0.000000,,,0,,NOAA,2013-03-29T15:47:48.0770000-06:00,in
37,USC00051772,Snow,1957-12-28T00:00:00.0000000-07:00,0.000000,,,0,,NOAA,2013-03-29T15:47:48.0770000-06:00,in
37,USC00051772,Snow,1957-12-29T00:00:00.0000000-07:00,0.000000,,,0,,NOAA,2013-03-29T15:47:48.0770000-06:00,in
37,USC00051772,Snow,1957-12-30T00:00:00.0000000-07:00,0.000000,,,0,,NOAA,2013-03-29T15:47:48.0770000-06:00,in
37,USC00051772,Snow,1957-12-31T00:00:00.0000000-07:00,0.000000,,,0,,NOAA,2013-03-29T15:47:48.0770000-06:00,in
37,USC00051772,Snow,1958-01-01T00:00:00.0000000-07:00,0.000000,,,0,,NOAA,2013-03-29T15:47:48.0770000-06:00,in
37,USC00051772,Snow,1958-01-02T00:00:00.0000000-07:00,0.000000,,,0,,NOAA,2013-03-29T15:47:48.0770000-06:00,in
37,USC00051772,Snow,1958-01-03T00:00:00.0000000-07:00,0.000000,,,0,,NOAA,2013-03-29T15:47:48.0770000-06:00,in
37,USC00051772,Snow,1958-01-04T00:00:00.0000000-07:00,0.000000,,,0,,NOAA,2013-03-29T15:47:48.0770000-06:00,in
37,USC00051772,Snow,1958-01-05T00:00:00.0000000-07:00,0.000000,,,0,,NOAA,2013-03-29T15:47:48.0770000-06:00,in
37,USC00051772,Snow,1958-01-06T00:00:00.0000000-07:00,0.000000,,,0,,NOAA,2013-03-29T15:47:48.0770000-06:00,in
37,USC00051772,Snow,1958-01-07T00:00:00.0000000-07:00,0.000000,,,0,,NOAA,2013-03-29T15:47:48.0770000-06:00,in
37,USC00051772,Snow,1958-01-08T00:00:00.0000000-07:00,0.000000,,,0,,NOAA,2013-03-29T15:47:48.0770000-06:00,in
37,USC00051772,Snow,1958-01-09T00:00:00.0000000-07:00,0.000000,,,0,,NOAA,2013-03-29T15:47:48.0770000-06:00,in
37,USC00051772,Snow,1958-01-10T00:00:00.0000000-07:00,0.000000,,,0,,NOAA,2013-03-29T15:47:48.0770000-06:00,in
37,USC00051772,Snow,1958-01-11T00:00:00.0000000-07:00,2.007874,,,0,,NOAA,2013-03-29T15:47:48.0770000-06:00,in
37,USC00051772,Snow,1958-01-12T00:00:00.0000000-07:00,0.000000,,,0,,NOAA,2013-03-29T15:47:48.0770000-06:00,in
37,USC00051772,Snow,1958-01-13T00:00:00.0000000-07:00,0.000000,,,0,,NOAA,2013-03-29T15:47:48.0770000-06:00,in
37,USC00051772,Snow,1958-01-14T00:00:00.0000000-07:00,0.000000,,,0,,NOAA,2013-03-29T15:47:48.0770000-06:00,in
37,USC00051772,Snow,1958-01-15T00:00:00.0000000-07:00,0.000000,,,0,,NOAA,2013-03-29T15:47:48.0770000-06:00,in
37,USC00051772,Snow,1958-01-16T00:00:00.0000000-07:00,0.000000,,,0,,NOAA,2013-03-29T15:47:48.0770000-06:00,in
37,USC00051772,Snow,1958-01-17T00:00:00.0000000-07:00,0.000000,,,0,,NOAA,2013-03-29T15:47:48.0770000-06:00,in
37,USC00051772,Snow,1958-01-18T00:00:00.0000000-07:00,0.000000,,,0,,NOAA,2013-03-29T15:47:48.0770000-06:00,in
37,USC00051772,Snow,1958-01-19T00:00:00.0000000-07:00,1.496063,,,0,,NOAA,2013-03-29T15:47:48.0770000-06:00,in
37,USC00051772,Snow,1958-01-20T00:00:00.0000000-07:00,0.000000,,,0,,NOAA,2013-03-29T15:47:48.0770000-06:00,in
37,USC00051772,Snow,1958-01-21T00:00:00.0000000-07:00,0.000000,,,0,,NOAA,2013-03-29T15:47:48.0770000-06:00,in
37,USC00051772,Snow,1958-01-22T00:00:00.0000000-07:00,0.000000,,,0,,NOAA,2013-03-29T15:47:48.0770000-06:00,in
37,USC00051772,Snow,1958-01-23T00:00:00.0000000-07:00,0.000000,,,0,,NOAA,2013-03-29T15:47:48.0770000-06:00,in
37,USC00051772,Snow,1958-01-24T00:00:00.0000000-07:00,0.000000,,,0,,NOAA,2013-03-29T15:47:48.0770000-06:00,in
37,USC00051772,Snow,1958-01-25T00:00:00.0000000-07:00,0.000000,T,,0,,NOAA,2013-03-29T15:47:48.0770000-06:00,in
37,USC00051772,Snow,1958-01-26T00:00:00.0000000-07:00,0.000000,T,,0,,NOAA,2013-03-29T15:47:48.0770000-06:00,in
37,USC00051772,Snow,1958-01-27T00:00:00.0000000-07:00,2.007874,,,0,,NOAA,2013-03-29T15:47:48.0770000-06:00,in
37,USC00051772,Snow,1958-01-28T00:00:00.0000000-07:00,0.000000,T,,0,,NOAA,2013-03-29T15:47:48.0770000-06:00,in
37,USC00051772,Snow,1958-01-29T00:00:00.0000000-07:00,0.000000,,,0,,NOAA,2013-03-29T15:47:48.0770000-06:00,in
37,USC00051772,Snow,1958-01-30T00:00:00.0000000-07:00,0.000000,T,,0,,NOAA,2013-03-29T15:47:48.0770000-06:00,in
37,USC00051772,Snow,1958-01-31T00:00:00.0000000-07:00,0.000000,,,0,,NOAA,2013-03-29T15:47:48.0770000-06:00,in
37,USC00051772,Snow,1958-02-01T00:00:00.0000000-07:00,0.000000,,,0,,NOAA,2013-03-29T15:47:48.0770000-06:00,in
37,USC00051772,Snow,1958-02-02T00:00:00.0000000-07:00,0.000000,,,0,,NOAA,2013-03-29T15:47:48.0770000-06:00,in
37,USC00051772,Snow,1958-02-03T00:00:00.0000000-07:00,0.000000,,,0,,NOAA,2013-03-29T15:47:48.0770000-06:00,in
37,USC00051772,Snow,1958-02-04T00:00:00.0000000-07:00,0.000000,,,0,,NOAA,2013-03-29T15:47:48.0770000-06:00,in
37,USC00051772,Snow,1958-02-05T00:00:00.0000000-07:00,2.007874,,,0,,NOAA,2013-03-29T15:47:48.0770000-06:00,in
37,USC00051772,Snow,1958-02-06T00:00:00.0000000-07:00,0.000000,,,0,,NOAA,2013-03-29T15:47:48.0770000-06:00,in
37,USC00051772,Snow,1958-02-07T00:00:00.0000000-07:00,0.000000,,,0,,NOAA,2013-03-29T15:47:48.0770000-06:00,in
37,USC00051772,Snow,1958-02-08T00:00:00.0000000-07:00,0.000000,,,0,,NOAA,2013-03-29T15:47:48.0770000-06:00,in
37,USC00051772,Snow,1958-02-09T00:00:00.0000000-07:00,2.007874,,,0,,NOAA,2013-03-29T15:47:48.0770000-06:00,in
37,USC00051772,Snow,1958-02-10T00:00:00.0000000-07:00,0.000000,,,0,,NOAA,2013-03-29T15:47:48.0770000-06:00,in
37,USC00051772,Snow,1958-02-11T00:00:00.0000000-07:00,0.000000,,,0,,NOAA,2013-03-29T15:47:48.0770000-06:00,in
37,USC00051772,Snow,1958-02-12T00:00:00.0000000-07:00,0.000000,,,0,,NOAA,2013-03-29T15:47:48.0770000-06:00,in
37,USC00051772,Snow,1958-02-13T00:00:00.0000000-07:00,0.000000,,,0,,NOAA,2013-03-29T15:47:48.0770000-06:00,in
37,USC00051772,Snow,1958-02-14T00:00:00.0000000-07:00,2.519685,,,0,,NOAA,2013-03-29T15:47:48.0770000-06:00,in
37,USC00051772,Snow,1958-02-15T00:00:00.0000000-07:00,0.000000,,,0,,NOAA,2013-03-29T15:47:48.0770000-06:00,in
37,USC00051772,Snow,1958-02-16T00:00:00.0000000-07:00,0.000000,,,0,,NOAA,2013-03-29T15:47:48.0770000-06:00,in
37,USC00051772,Snow,1958-02-17T00:00:00.0000000-07:00,0.000000,,,0,,NOAA,2013-03-29T15:47:48.0770000-06:00,in
37,USC00051772,Snow,1958-02-18T00:00:00.0000000-07:00,0.000000,,,0,,NOAA,2013-03-29T15:47:48.0770000-06:00,in
37,USC00051772,Snow,1958-02-19T00:00:00.0000000-07:00,0.000000,,,0,,NOAA,2013-03-29T15:47:48.0770000-06:00,in
37,USC00051772,Snow,1958-02-20T00:00:00.0000000-07:00,0.000000,,,0,,NOAA,2013-03-29T15:47:48.0770000-06:00,in
37,USC00051772,Snow,1958-02-21T00:00:00.0000000-07:00,0.000000,,,0,,NOAA,2013-03-29T15:47:48.0770000-06:00,in
37,USC00051772,Snow,1958-02-22T00:00:00.0000000-07:00,0.000000,,,0,,NOAA,2013-03-29T15:47:48.0770000-06:00,in
37,USC00051772,Snow,1958-02-23T00:00:00.0000000-07:00,0.000000,,,0,,NOAA,2013-03-29T15:47:48.0770000-06:00,in
37,USC00051772,Snow,1958-02-24T00:00:00.0000000-07:00,0.000000,,,0,,NOAA,2013-03-29T15:47:48.0770000-06:00,in
37,USC00051772,Snow,1958-02-25T00:00:00.0000000-07:00,1.496063,,,0,,NOAA,2013-03-29T15:47:48.0770000-06:00,in
37,USC00051772,Snow,1958-02-26T00:00:00.0000000-07:00,0.000000,,,0,,NOAA,2013-03-29T15:47:48.0770000-06:00,in
37,USC00051772,Snow,1958-02-27T00:00:00.0000000-07:00,0.000000,,,0,,NOAA,2013-03-29T15:47:48.0770000-06:00,in
37,USC00051772,Snow,1958-02-28T00:00:00.0000000-07:00,0.000000,,,0,,NOAA,2013-03-29T15:47:48.0770000-06:00,in
37,USC00051772,Snow,1958-03-01T00:00:00.0000000-07:00,0.000000,,,0,,NOAA,2013-03-29T15:47:48.0770000-06:00,in
37,USC00051772,Snow,1958-03-02T00:00:00.0000000-07:00,0.000000,,,0,,NOAA,2013-03-29T15:47:48.0770000-06:00,in
37,USC00051772,Snow,1958-03-03T00:00:00.0000000-07:00,0.000000,,,0,,NOAA,2013-03-29T15:47:48.0770000-06:00,in
37,USC00051772,Snow,1958-03-04T00:00:00.0000000-07:00,0.000000,,,0,,NOAA,2013-03-29T15:47:48.0770000-06:00,in
37,USC00051772,Snow,1958-03-05T00:00:00.0000000-07:00,0.000000,,,0,,NOAA,2013-03-29T15:47:48.0770000-06:00,in
37,USC00051772,Snow,1958-03-06T00:00:00.0000000-07:00,0.000000,,,0,,NOAA,2013-03-29T15:47:48.0770000-06:00,in
37,USC00051772,Snow,1958-03-07T00:00:00.0000000-07:00,0.000000,,,0,,NOAA,2013-03-29T15:47:48.0770000-06:00,in
37,USC00051772,Snow,1958-03-08T00:00:00.0000000-07:00,0.000000,,,0,,NOAA,2013-03-29T15:47:48.0770000-06:00,in
37,USC00051772,Snow,1958-03-09T00:00:00.0000000-07:00,0.000000,T,,0,,NOAA,2013-03-29T15:47:48.0770000-06:00,in
37,USC00051772,Snow,1958-03-10T00:00:00.0000000-07:00,0.000000,,,0,,NOAA,2013-03-29T15:47:48.0770000-06:00,in
37,USC00051772,Snow,1958-03-11T00:00:00.0000000-07:00,0.000000,,,0,,NOAA,2013-03-29T15:47:48.0770000-06:00,in
37,USC00051772,Snow,1958-03-12T00:00:00.0000000-07:00,0.984252,,,0,,NOAA,2013-03-29T15:47:48.0770000-06:00,in
37,USC00051772,Snow,1958-03-13T00:00:00.0000000-07:00,0.000000,,,0,,NOAA,2013-03-29T15:47:48.0770000-06:00,in
37,USC00051772,Snow,1958-03-14T00:00:00.0000000-07:00,0.000000,,,0,,NOAA,2013-03-29T15:47:48.0770000-06:00,in
37,USC00051772,Snow,1958-03-15T00:00:00.0000000-07:00,0.000000,,,0,,NOAA,2013-03-29T15:47:48.0770000-06:00,in
37,USC00051772,Snow,1958-03-16T00:00:00.0000000-07:00,0.000000,,,0,,NOAA,2013-03-29T15:47:48.0770000-06:00,in
37,USC00051772,Snow,1958-03-17T00:00:00.0000000-07:00,0.000000,,,0,,NOAA,2013-03-29T15:47:48.0770000-06:00,in
37,USC00051772,Snow,1958-03-18T00:00:00.0000000-07:00,0.000000,,,0,,NOAA,2013-03-29T15:47:48.0770000-06:00,in
37,USC00051772,Snow,1958-03-19T00:00:00.0000000-07:00,0.000000,,,0,,NOAA,2013-03-29T15:47:48.0770000-06:00,in
37,USC00051772,Snow,1958-03-20T00:00:00.0000000-07:00,0.000000,,,0,,NOAA,2013-03-29T15:47:48.0770000-06:00,in
37,USC00051772,Snow,1958-03-21T00:00:00.0000000-07:00,0.000000,,,0,,NOAA,2013-03-29T15:47:48.0770000-06:00,in
37,USC00051772,Snow,1958-03-22T00:00:00.0000000-07:00,0.000000,,,0,,NOAA,2013-03-29T15:47:48.0770000-06:00,in
37,USC00051772,Snow,1958-03-23T00:00:00.0000000-07:00,0.000000,,,0,,NOAA,2013-03-29T15:47:48.0770000-06:00,in
37,USC00051772,Snow,1958-03-24T00:00:00.0000000-07:00,0.000000,,,0,,NOAA,2013-03-29T15:47:48.0770000-06:00,in
37,USC00051772,Snow,1958-03-25T00:00:00.0000000-07:00,0.000000,T,,0,,NOAA,2013-03-29T15:47:48.0770000-06:00,in
37,USC00051772,Snow,1958-03-26T00:00:00.0000000-07:00,0.000000,,,0,,NOAA,2013-03-29T15:47:48.0770000-06:00,in
37,USC00051772,Snow,1958-03-27T00:00:00.0000000-07:00,0.000000,,,0,,NOAA,2013-03-29T15:47:48.0770000-06:00,in
37,USC00051772,Snow,1958-03-28T00:00:00.0000000-07:00,0.000000,,,0,,NOAA,2013-03-29T15:47:48.0770000-06:00,in
37,USC00051772,Snow,1958-03-29T00:00:00.0000000-07:00,0.000000,,,0,,NOAA,2013-03-29T15:47:48.0770000-06:00,in
37,USC00051772,Snow,1958-03-30T00:00:00.0000000-07:00,0.000000,,,0,,NOAA,2013-03-29T15:47:48.0770000-06:00,in
37,USC00051772,Snow,1958-03-31T00:00:00.0000000-07:00,0.000000,,,0,,NOAA,2013-03-29T15:47:48.0770000-06:00,in
37,USC00051772,Snow,1958-04-01T00:00:00.0000000-07:00,0.000000,,,0,,NOAA,2013-03-29T15:47:48.0770000-06:00,in
37,USC00051772,Snow,1958-04-02T00:00:00.0000000-07:00,0.000000,,,0,,NOAA,2013-03-29T15:47:48.0770000-06:00,in
37,USC00051772,Snow,1958-04-03T00:00:00.0000000-07:00,0.000000,,,0,,NOAA,2013-03-29T15:47:48.0770000-06:00,in
37,USC00051772,Snow,1958-04-04T00:00:00.0000000-07:00,0.000000,,,0,,NOAA,2013-03-29T15:47:48.0770000-06:00,in
37,USC00051772,Snow,1958-04-05T00:00:00.0000000-07:00,0.000000,,,0,,NOAA,2013-03-29T15:47:48.0770000-06:00,in
37,USC00051772,Snow,1958-04-06T00:00:00.0000000-07:00,0.000000,,,0,,NOAA,2013-03-29T15:47:48.0770000-06:00,in
37,USC00051772,Snow,1958-04-07T00:00:00.0000000-06:00,0.000000,,,0,,NOAA,2013-03-29T15:47:48.0770000-06:00,in
37,USC00051772,Snow,1958-04-08T00:00:00.0000000-06:00,0.000000,,,0,,NOAA,2013-03-29T15:47:48.0770000-06:00,in
37,USC00051772,Snow,1958-04-09T00:00:00.0000000-06:00,0.000000,,,0,,NOAA,2013-03-29T15:47:48.0770000-06:00,in
37,USC00051772,Snow,1958-04-10T00:00:00.0000000-06:00,0.000000,,,0,,NOAA,2013-03-29T15:47:48.0770000-06:00,in
37,USC00051772,Snow,1958-04-11T00:00:00.0000000-06:00,0.000000,,,0,,NOAA,2013-03-29T15:47:48.0770000-06:00,in
37,USC00051772,Snow,1958-04-12T00:00:00.0000000-06:00,0.000000,,,0,,NOAA,2013-03-29T15:47:48.0770000-06:00,in
37,USC00051772,Snow,1958-04-13T00:00:00.0000000-06:00,0.000000,,,0,,NOAA,2013-03-29T15:47:48.0770000-06:00,in
37,USC00051772,Snow,1958-04-14T00:00:00.0000000-06:00,0.000000,,,0,,NOAA,2013-03-29T15:47:48.0770000-06:00,in
37,USC00051772,Snow,1958-04-15T00:00:00.0000000-06:00,0.000000,,,0,,NOAA,2013-03-29T15:47:48.0770000-06:00,in
37,USC00051772,Snow,1958-04-16T00:00:00.0000000-06:00,0.000000,,,0,,NOAA,2013-03-29T15:47:48.0770000-06:00,in
37,USC00051772,Snow,1958-04-17T00:00:00.0000000-06:00,0.000000,,,0,,NOAA,2013-03-29T15:47:48.0770000-06:00,in
37,USC00051772,Snow,1958-04-18T00:00:00.0000000-06:00,0.000000,,,0,,NOAA,2013-03-29T15:47:48.0770000-06:00,in
37,USC00051772,Snow,1958-04-19T00:00:00.0000000-06:00,0.000000,,,0,,NOAA,2013-03-29T15:47:48.0770000-06:00,in
37,USC00051772,Snow,1958-04-20T00:00:00.0000000-06:00,0.000000,,,0,,NOAA,2013-03-29T15:47:48.0770000-06:00,in
37,USC00051772,Snow,1958-04-21T00:00:00.0000000-06:00,0.000000,,,0,,NOAA,2013-03-29T15:47:48.0770000-06:00,in
37,USC00051772,Snow,1958-04-22T00:00:00.0000000-06:00,0.000000,,,0,,NOAA,2013-03-29T15:47:48.0770000-06:00,in
37,USC00051772,Snow,1958-04-23T00:00:00.0000000-06:00,0.000000,,,0,,NOAA,2013-03-29T15:47:48.0770000-06:00,in
37,USC00051772,Snow,1958-04-25T00:00:00.0000000-06:00,0.000000,,,0,,NOAA,2013-03-29T15:47:48.0770000-06:00,in
37,USC00051772,Snow,1958-04-26T00:00:00.0000000-06:00,0.000000,,,0,,NOAA,2013-03-29T15:47:48.0770000-06:00,in
37,USC00051772,Snow,1958-04-27T00:00:00.0000000-06:00,0.000000,,,0,,NOAA,2013-03-29T15:47:48.0770000-06:00,in
37,USC00051772,Snow,1958-04-28T00:00:00.0000000-06:00,0.000000,,,0,,NOAA,2013-03-29T15:47:48.0770000-06:00,in
37,USC00051772,Snow,1958-04-29T00:00:00.0000000-06:00,0.000000,,,0,,NOAA,2013-03-29T15:47:48.0770000-06:00,in
37,USC00051772,Snow,1958-04-30T00:00:00.0000000-06:00,0.000000,,,0,,NOAA,2013-03-29T15:47:48.0770000-06:00,in
37,USC00051772,Snow,1958-05-01T00:00:00.0000000-06:00,0.000000,,,0,,NOAA,2013-03-29T15:47:48.0770000-06:00,in
37,USC00051772,Snow,1958-05-02T00:00:00.0000000-06:00,0.000000,,,0,,NOAA,2013-03-29T15:47:48.0770000-06:00,in
37,USC00051772,Snow,1958-05-03T00:00:00.0000000-06:00,0.000000,,,0,,NOAA,2013-03-29T15:47:48.0770000-06:00,in
37,USC00051772,Snow,1958-05-04T00:00:00.0000000-06:00,0.000000,,,0,,NOAA,2013-03-29T15:47:48.0770000-06:00,in
37,USC00051772,Snow,1958-05-05T00:00:00.0000000-06:00,0.000000,,,0,,NOAA,2013-03-29T15:47:48.0770000-06:00,in
37,USC00051772,Snow,1958-05-06T00:00:00.0000000-06:00,0.000000,,,0,,NOAA,2013-03-29T15:47:48.0770000-06:00,in
37,USC00051772,Snow,1958-05-07T00:00:00.0000000-06:00,0.000000,,,0,,NOAA,2013-03-29T15:47:48.0770000-06:00,in
37,USC00051772,Snow,1958-05-08T00:00:00.0000000-06:00,0.000000,,,0,,NOAA,2013-03-29T15:47:48.0770000-06:00,in
37,USC00051772,Snow,1958-05-09T00:00:00.0000000-06:00,0.000000,,,0,,NOAA,2013-03-29T15:47:48.0770000-06:00,in
37,USC00051772,Snow,1958-05-10T00:00:00.0000000-06:00,0.000000,,,0,,NOAA,2013-03-29T15:47:48.0770000-06:00,in
37,USC00051772,Snow,1958-05-11T00:00:00.0000000-06:00,0.000000,,,0,,NOAA,2013-03-29T15:47:48.0770000-06:00,in
37,USC00051772,Snow,1958-05-12T00:00:00.0000000-06:00,0.000000,,,0,,NOAA,2013-03-29T15:47:48.0770000-06:00,in
37,USC00051772,Snow,1958-05-13T00:00:00.0000000-06:00,0.000000,,,0,,NOAA,2013-03-29T15:47:48.0770000-06:00,in
37,USC00051772,Snow,1958-05-14T00:00:00.0000000-06:00,0.000000,,,0,,NOAA,2013-03-29T15:47:48.0770000-06:00,in
37,USC00051772,Snow,1958-05-15T00:00:00.0000000-06:00,0.000000,,,0,,NOAA,2013-03-29T15:47:48.0770000-06:00,in
37,USC00051772,Snow,1958-05-16T00:00:00.0000000-06:00,0.000000,,,0,,NOAA,2013-03-29T15:47:48.0770000-06:00,in
37,USC00051772,Snow,1958-05-17T00:00:00.0000000-06:00,0.000000,,,0,,NOAA,2013-03-29T15:47:48.0770000-06:00,in
37,USC00051772,Snow,1958-05-18T00:00:00.0000000-06:00,0.000000,,,0,,NOAA,2013-03-29T15:47:48.0770000-06:00,in
37,USC00051772,Snow,1958-05-19T00:00:00.0000000-06:00,0.000000,,,0,,NOAA,2013-03-29T15:47:48.0770000-06:00,in
37,USC00051772,Snow,1958-05-20T00:00:00.0000000-06:00,0.000000,,,0,,NOAA,2013-03-29T15:47:48.0770000-06:00,in
37,USC00051772,Snow,1958-05-21T00:00:00.0000000-06:00,0.000000,,,0,,NOAA,2013-03-29T15:47:48.0770000-06:00,in
37,USC00051772,Snow,1958-05-22T00:00:00.0000000-06:00,0.000000,,,0,,NOAA,2013-03-29T15:47:48.0770000-06:00,in
37,USC00051772,Snow,1958-05-23T00:00:00.0000000-06:00,0.000000,,,0,,NOAA,2013-03-29T15:47:48.0770000-06:00,in
37,USC00051772,Snow,1958-05-24T00:00:00.0000000-06:00,0.000000,,,0,,NOAA,2013-03-29T15:47:48.0770000-06:00,in
37,USC00051772,Snow,1958-05-25T00:00:00.0000000-06:00,0.000000,,,0,,NOAA,2013-03-29T15:47:48.0770000-06:00,in
37,USC00051772,Snow,1958-05-26T00:00:00.0000000-06:00,0.000000,,,0,,NOAA,2013-03-29T15:47:48.0770000-06:00,in
37,USC00051772,Snow,1958-05-27T00:00:00.0000000-06:00,0.000000,,,0,,NOAA,2013-03-29T15:47:48.0770000-06:00,in
37,USC00051772,Snow,1958-05-28T00:00:00.0000000-06:00,0.000000,,,0,,NOAA,2013-03-29T15:47:48.0770000-06:00,in
37,USC00051772,Snow,1958-05-29T00:00:00.0000000-06:00,0.000000,,,0,,NOAA,2013-03-29T15:47:48.0770000-06:00,in
37,USC00051772,Snow,1958-05-30T00:00:00.0000000-06:00,0.000000,,,0,,NOAA,2013-03-29T15:47:48.0770000-06:00,in
37,USC00051772,Snow,1958-05-31T00:00:00.0000000-06:00,0.000000,,,0,,NOAA,2013-03-29T15:47:48.0770000-06:00,in
37,USC00051772,Snow,1958-06-01T00:00:00.0000000-06:00,0.000000,,,0,,NOAA,2013-03-29T15:47:48.0770000-06:00,in
37,USC00051772,Snow,1958-06-02T00:00:00.0000000-06:00,0.000000,,,0,,NOAA,2013-03-29T15:47:48.0770000-06:00,in
37,USC00051772,Snow,1958-06-03T00:00:00.0000000-06:00,0.000000,,,0,,NOAA,2013-03-29T15:47:48.0770000-06:00,in
37,USC00051772,Snow,1958-06-04T00:00:00.0000000-06:00,0.000000,,,0,,NOAA,2013-03-29T15:47:48.0770000-06:00,in
37,USC00051772,Snow,1958-06-05T00:00:00.0000000-06:00,0.000000,,,0,,NOAA,2013-03-29T15:47:48.0770000-06:00,in
37,USC00051772,Snow,1958-06-06T00:00:00.0000000-06:00,0.000000,,,0,,NOAA,2013-03-29T15:47:48.0770000-06:00,in
37,USC00051772,Snow,1958-06-07T00:00:00.0000000-06:00,0.000000,,,0,,NOAA,2013-03-29T15:47:48.0770000-06:00,in
37,USC00051772,Snow,1958-06-08T00:00:00.0000000-06:00,0.000000,,,0,,NOAA,2013-03-29T15:47:48.0770000-06:00,in
37,USC00051772,Snow,1958-06-09T00:00:00.0000000-06:00,0.000000,,,0,,NOAA,2013-03-29T15:47:48.0770000-06:00,in
37,USC00051772,Snow,1958-06-10T00:00:00.0000000-06:00,0.000000,,,0,,NOAA,2013-03-29T15:47:48.0770000-06:00,in
37,USC00051772,Snow,1958-06-11T00:00:00.0000000-06:00,0.000000,,,0,,NOAA,2013-03-29T15:47:48.0770000-06:00,in
37,USC00051772,Snow,1958-06-12T00:00:00.0000000-06:00,0.000000,,,0,,NOAA,2013-03-29T15:47:48.0770000-06:00,in
37,USC00051772,Snow,1958-06-13T00:00:00.0000000-06:00,0.000000,,,0,,NOAA,2013-03-29T15:47:48.0770000-06:00,in
37,USC00051772,Snow,1958-06-14T00:00:00.0000000-06:00,0.000000,,,0,,NOAA,2013-03-29T15:47:48.0770000-06:00,in
37,USC00051772,Snow,1958-06-15T00:00:00.0000000-06:00,0.000000,,,0,,NOAA,2013-03-29T15:47:48.0770000-06:00,in
37,USC00051772,Snow,1958-06-16T00:00:00.0000000-06:00,0.000000,,,0,,NOAA,2013-03-29T15:47:48.0770000-06:00,in
37,USC00051772,Snow,1958-06-17T00:00:00.0000000-06:00,0.000000,,,0,,NOAA,2013-03-29T15:47:48.0770000-06:00,in
37,USC00051772,Snow,1958-06-18T00:00:00.0000000-06:00,0.000000,,,0,,NOAA,2013-03-29T15:47:48.0770000-06:00,in
37,USC00051772,Snow,1958-06-19T00:00:00.0000000-06:00,0.000000,,,0,,NOAA,2013-03-29T15:47:48.0770000-06:00,in
37,USC00051772,Snow,1958-06-20T00:00:00.0000000-06:00,0.000000,,,0,,NOAA,2013-03-29T15:47:48.0770000-06:00,in
37,USC00051772,Snow,1958-06-21T00:00:00.0000000-06:00,0.000000,,,0,,NOAA,2013-03-29T15:47:48.0770000-06:00,in
37,USC00051772,Snow,1958-06-22T00:00:00.0000000-06:00,0.000000,,,0,,NOAA,2013-03-29T15:47:48.0770000-06:00,in
37,USC00051772,Snow,1958-06-23T00:00:00.0000000-06:00,0.000000,,,0,,NOAA,2013-03-29T15:47:48.0770000-06:00,in
37,USC00051772,Snow,1958-06-24T00:00:00.0000000-06:00,0.000000,,,0,,NOAA,2013-03-29T15:47:48.0770000-06:00,in
37,USC00051772,Snow,1958-06-25T00:00:00.0000000-06:00,0.000000,,,0,,NOAA,2013-03-29T15:47:48.0770000-06:00,in
37,USC00051772,Snow,1958-06-26T00:00:00.0000000-06:00,0.000000,,,0,,NOAA,2013-03-29T15:47:48.0770000-06:00,in
37,USC00051772,Snow,1958-06-27T00:00:00.0000000-06:00,0.000000,,,0,,NOAA,2013-03-29T15:47:48.0770000-06:00,in
37,USC00051772,Snow,1958-06-28T00:00:00.0000000-06:00,0.000000,,,0,,NOAA,2013-03-29T15:47:48.0770000-06:00,in
37,USC00051772,Snow,1958-06-29T00:00:00.0000000-06:00,0.000000,,,0,,NOAA,2013-03-29T15:47:48.0770000-06:00,in
37,USC00051772,Snow,1958-06-30T00:00:00.0000000-06:00,0.000000,,,0,,NOAA,2013-03-29T15:47:48.0770000-06:00,in
37,USC00051772,Snow,1958-07-01T00:00:00.0000000-06:00,0.000000,,,0,,NOAA,2013-03-29T15:47:48.0770000-06:00,in
37,USC00051772,Snow,1958-07-02T00:00:00.0000000-06:00,0.000000,,,0,,NOAA,2013-03-29T15:47:48.0770000-06:00,in
37,USC00051772,Snow,1958-07-03T00:00:00.0000000-06:00,0.000000,,,0,,NOAA,2013-03-29T15:47:48.0770000-06:00,in
37,USC00051772,Snow,1958-07-04T00:00:00.0000000-06:00,0.000000,,,0,,NOAA,2013-03-29T15:47:48.0770000-06:00,in
37,USC00051772,Snow,1958-07-05T00:00:00.0000000-06:00,0.000000,,,0,,NOAA,2013-03-29T15:47:48.0770000-06:00,in
37,USC00051772,Snow,1958-07-06T00:00:00.0000000-06:00,0.000000,,,0,,NOAA,2013-03-29T15:47:48.0770000-06:00,in
37,USC00051772,Snow,1958-07-07T00:00:00.0000000-06:00,0.000000,,,0,,NOAA,2013-03-29T15:47:48.0770000-06:00,in
37,USC00051772,Snow,1958-07-08T00:00:00.0000000-06:00,0.000000,,,0,,NOAA,2013-03-29T15:47:48.0770000-06:00,in
37,USC00051772,Snow,1958-07-09T00:00:00.0000000-06:00,0.000000,,,0,,NOAA,2013-03-29T15:47:48.0770000-06:00,in
37,USC00051772,Snow,1958-07-10T00:00:00.0000000-06:00,0.000000,,,0,,NOAA,2013-03-29T15:47:48.0770000-06:00,in
37,USC00051772,Snow,1958-07-11T00:00:00.0000000-06:00,0.000000,,,0,,NOAA,2013-03-29T15:47:48.0770000-06:00,in
37,USC00051772,Snow,1958-07-12T00:00:00.0000000-06:00,0.000000,,,0,,NOAA,2013-03-29T15:47:48.0770000-06:00,in
37,USC00051772,Snow,1958-07-13T00:00:00.0000000-06:00,0.000000,,,0,,NOAA,2013-03-29T15:47:48.0770000-06:00,in
37,USC00051772,Snow,1958-07-14T00:00:00.0000000-06:00,0.000000,,,0,,NOAA,2013-03-29T15:47:48.0770000-06:00,in
37,USC00051772,Snow,1958-07-15T00:00:00.0000000-06:00,0.000000,,,0,,NOAA,2013-03-29T15:47:48.0770000-06:00,in
37,USC00051772,Snow,1958-07-16T00:00:00.0000000-06:00,0.000000,,,0,,NOAA,2013-03-29T15:47:48.0770000-06:00,in
37,USC00051772,Snow,1958-07-17T00:00:00.0000000-06:00,0.000000,,,0,,NOAA,2013-03-29T15:47:48.0770000-06:00,in
37,USC00051772,Snow,1958-07-18T00:00:00.0000000-06:00,0.000000,,,0,,NOAA,2013-03-29T15:47:48.0770000-06:00,in
37,USC00051772,Snow,1958-07-19T00:00:00.0000000-06:00,0.000000,,,0,,NOAA,2013-03-29T15:47:48.0770000-06:00,in
37,USC00051772,Snow,1958-07-20T00:00:00.0000000-06:00,0.000000,,,0,,NOAA,2013-03-29T15:47:48.0770000-06:00,in
37,USC00051772,Snow,1958-07-21T00:00:00.0000000-06:00,0.000000,,,0,,NOAA,2013-03-29T15:47:48.0770000-06:00,in
37,USC00051772,Snow,1958-07-22T00:00:00.0000000-06:00,0.000000,,,0,,NOAA,2013-03-29T15:47:48.0770000-06:00,in
37,USC00051772,Snow,1958-07-23T00:00:00.0000000-06:00,0.000000,,,0,,NOAA,2013-03-29T15:47:48.0770000-06:00,in
37,USC00051772,Snow,1958-07-24T00:00:00.0000000-06:00,0.000000,,,0,,NOAA,2013-03-29T15:47:48.0770000-06:00,in
37,USC00051772,Snow,1958-07-25T00:00:00.0000000-06:00,0.000000,,,0,,NOAA,2013-03-29T15:47:48.0770000-06:00,in
37,USC00051772,Snow,1958-07-26T00:00:00.0000000-06:00,0.000000,,,0,,NOAA,2013-03-29T15:47:48.0770000-06:00,in
37,USC00051772,Snow,1958-07-27T00:00:00.0000000-06:00,0.000000,,,0,,NOAA,2013-03-29T15:47:48.0770000-06:00,in
37,USC00051772,Snow,1958-07-28T00:00:00.0000000-06:00,0.000000,,,0,,NOAA,2013-03-29T15:47:48.0770000-06:00,in
37,USC00051772,Snow,1958-07-29T00:00:00.0000000-06:00,0.000000,,,0,,NOAA,2013-03-29T15:47:48.0770000-06:00,in
37,USC00051772,Snow,1958-07-30T00:00:00.0000000-06:00,0.000000,,,0,,NOAA,2013-03-29T15:47:48.0770000-06:00,in
37,USC00051772,Snow,1958-07-31T00:00:00.0000000-06:00,0.000000,,,0,,NOAA,2013-03-29T15:47:48.0770000-06:00,in
37,USC00051772,Snow,1958-08-01T00:00:00.0000000-06:00,0.000000,,,0,,NOAA,2013-03-29T15:47:48.0770000-06:00,in
37,USC00051772,Snow,1958-08-02T00:00:00.0000000-06:00,0.000000,,,0,,NOAA,2013-03-29T15:47:48.0770000-06:00,in
37,USC00051772,Snow,1958-08-03T00:00:00.0000000-06:00,0.000000,,,0,,NOAA,2013-03-29T15:47:48.0770000-06:00,in
37,USC00051772,Snow,1958-08-04T00:00:00.0000000-06:00,0.000000,,,0,,NOAA,2013-03-29T15:47:48.0770000-06:00,in
37,USC00051772,Snow,1958-08-05T00:00:00.0000000-06:00,0.000000,,,0,,NOAA,2013-03-29T15:47:48.0770000-06:00,in
37,USC00051772,Snow,1958-08-06T00:00:00.0000000-06:00,0.000000,,,0,,NOAA,2013-03-29T15:47:48.0770000-06:00,in
37,USC00051772,Snow,1958-08-07T00:00:00.0000000-06:00,0.000000,,,0,,NOAA,2013-03-29T15:47:48.0770000-06:00,in
37,USC00051772,Snow,1958-08-08T00:00:00.0000000-06:00,0.000000,,,0,,NOAA,2013-03-29T15:47:48.0770000-06:00,in
37,USC00051772,Snow,1958-08-09T00:00:00.0000000-06:00,0.000000,,,0,,NOAA,2013-03-29T15:47:48.0770000-06:00,in
37,USC00051772,Snow,1958-08-10T00:00:00.0000000-06:00,0.000000,,,0,,NOAA,2013-03-29T15:47:48.0770000-06:00,in
37,USC00051772,Snow,1958-08-11T00:00:00.0000000-06:00,0.000000,,,0,,NOAA,2013-03-29T15:47:48.0770000-06:00,in
37,USC00051772,Snow,1958-08-12T00:00:00.0000000-06:00,0.000000,,,0,,NOAA,2013-03-29T15:47:48.0770000-06:00,in
37,USC00051772,Snow,1958-08-13T00:00:00.0000000-06:00,0.000000,,,0,,NOAA,2013-03-29T15:47:48.0770000-06:00,in
37,USC00051772,Snow,1958-08-14T00:00:00.0000000-06:00,0.000000,,,0,,NOAA,2013-03-29T15:47:48.0770000-06:00,in
37,USC00051772,Snow,1958-08-15T00:00:00.0000000-06:00,0.000000,,,0,,NOAA,2013-03-29T15:47:48.0770000-06:00,in
37,USC00051772,Snow,1958-08-16T00:00:00.0000000-06:00,0.000000,,,0,,NOAA,2013-03-29T15:47:48.0770000-06:00,in
37,USC00051772,Snow,1958-08-17T00:00:00.0000000-06:00,0.000000,,,0,,NOAA,2013-03-29T15:47:48.0770000-06:00,in
37,USC00051772,Snow,1958-08-18T00:00:00.0000000-06:00,0.000000,,,0,,NOAA,2013-03-29T15:47:48.0770000-06:00,in
37,USC00051772,Snow,1958-08-19T00:00:00.0000000-06:00,0.000000,,,0,,NOAA,2013-03-29T15:47:48.0770000-06:00,in
37,USC00051772,Snow,1958-08-20T00:00:00.0000000-06:00,0.000000,,,0,,NOAA,2013-03-29T15:47:48.0770000-06:00,in
37,USC00051772,Snow,1958-08-21T00:00:00.0000000-06:00,0.000000,,,0,,NOAA,2013-03-29T15:47:48.0770000-06:00,in
37,USC00051772,Snow,1958-08-22T00:00:00.0000000-06:00,0.000000,,,0,,NOAA,2013-03-29T15:47:48.0770000-06:00,in
37,USC00051772,Snow,1958-08-23T00:00:00.0000000-06:00,0.000000,,,0,,NOAA,2013-03-29T15:47:48.0770000-06:00,in
37,USC00051772,Snow,1958-08-24T00:00:00.0000000-06:00,0.000000,,,0,,NOAA,2013-03-29T15:47:48.0770000-06:00,in
37,USC00051772,Snow,1958-08-25T00:00:00.0000000-06:00,0.000000,,,0,,NOAA,2013-03-29T15:47:48.0770000-06:00,in
37,USC00051772,Snow,1958-08-26T00:00:00.0000000-06:00,0.000000,,,0,,NOAA,2013-03-29T15:47:48.0770000-06:00,in
37,USC00051772,Snow,1958-08-27T00:00:00.0000000-06:00,0.000000,,,0,,NOAA,2013-03-29T15:47:48.0770000-06:00,in
37,USC00051772,Snow,1958-08-28T00:00:00.0000000-06:00,0.000000,,,0,,NOAA,2013-03-29T15:47:48.0770000-06:00,in
37,USC00051772,Snow,1958-08-29T00:00:00.0000000-06:00,0.000000,,,0,,NOAA,2013-03-29T15:47:48.0770000-06:00,in
37,USC00051772,Snow,1958-08-30T00:00:00.0000000-06:00,0.000000,,,0,,NOAA,2013-03-29T15:47:48.0770000-06:00,in
37,USC00051772,Snow,1958-08-31T00:00:00.0000000-06:00,0.000000,,,0,,NOAA,2013-03-29T15:47:48.0770000-06:00,in
37,USC00051772,Snow,1958-09-01T00:00:00.0000000-06:00,0.000000,,,0,,NOAA,2013-03-29T15:47:48.0770000-06:00,in
37,USC00051772,Snow,1958-09-02T00:00:00.0000000-06:00,0.000000,,,0,,NOAA,2013-03-29T15:47:48.0770000-06:00,in
37,USC00051772,Snow,1958-09-03T00:00:00.0000000-06:00,0.000000,,,0,,NOAA,2013-03-29T15:47:48.0770000-06:00,in
37,USC00051772,Snow,1958-09-04T00:00:00.0000000-06:00,0.000000,,,0,,NOAA,2013-03-29T15:47:48.0770000-06:00,in
37,USC00051772,Snow,1958-09-05T00:00:00.0000000-06:00,0.000000,,,0,,NOAA,2013-03-29T15:47:48.0770000-06:00,in
37,USC00051772,Snow,1958-09-06T00:00:00.0000000-06:00,0.000000,,,0,,NOAA,2013-03-29T15:47:48.0770000-06:00,in
37,USC00051772,Snow,1958-09-07T00:00:00.0000000-06:00,0.000000,,,0,,NOAA,2013-03-29T15:47:48.0770000-06:00,in
37,USC00051772,Snow,1958-09-08T00:00:00.0000000-06:00,0.000000,,,0,,NOAA,2013-03-29T15:47:48.0770000-06:00,in
37,USC00051772,Snow,1958-09-09T00:00:00.0000000-06:00,0.000000,,,0,,NOAA,2013-03-29T15:47:48.0770000-06:00,in
37,USC00051772,Snow,1958-09-10T00:00:00.0000000-06:00,0.000000,,,0,,NOAA,2013-03-29T15:47:48.0770000-06:00,in
37,USC00051772,Snow,1958-09-11T00:00:00.0000000-06:00,0.000000,,,0,,NOAA,2013-03-29T15:47:48.0770000-06:00,in
37,USC00051772,Snow,1958-09-12T00:00:00.0000000-06:00,0.000000,,,0,,NOAA,2013-03-29T15:47:48.0770000-06:00,in
37,USC00051772,Snow,1958-09-13T00:00:00.0000000-06:00,0.000000,,,0,,NOAA,2013-03-29T15:47:48.0770000-06:00,in
37,USC00051772,Snow,1958-09-14T00:00:00.0000000-06:00,0.000000,,,0,,NOAA,2013-03-29T15:47:48.0770000-06:00,in
37,USC00051772,Snow,1958-09-15T00:00:00.0000000-06:00,0.000000,,,0,,NOAA,2013-03-29T15:47:48.0770000-06:00,in
37,USC00051772,Snow,1958-09-16T00:00:00.0000000-06:00,0.000000,,,0,,NOAA,2013-03-29T15:47:48.0770000-06:00,in
37,USC00051772,Snow,1958-09-17T00:00:00.0000000-06:00,0.000000,,,0,,NOAA,2013-03-29T15:47:48.0770000-06:00,in
37,USC00051772,Snow,1958-09-18T00:00:00.0000000-06:00,0.000000,,,0,,NOAA,2013-03-29T15:47:48.0770000-06:00,in
37,USC00051772,Snow,1958-09-19T00:00:00.0000000-06:00,0.000000,,,0,,NOAA,2013-03-29T15:47:48.0770000-06:00,in
37,USC00051772,Snow,1958-09-20T00:00:00.0000000-06:00,0.000000,,,0,,NOAA,2013-03-29T15:47:48.0770000-06:00,in
37,USC00051772,Snow,1958-09-21T00:00:00.0000000-06:00,0.000000,,,0,,NOAA,2013-03-29T15:47:48.0770000-06:00,in
37,USC00051772,Snow,1958-09-22T00:00:00.0000000-06:00,0.000000,,,0,,NOAA,2013-03-29T15:47:48.0770000-06:00,in
37,USC00051772,Snow,1958-09-23T00:00:00.0000000-06:00,0.000000,,,0,,NOAA,2013-03-29T15:47:48.0770000-06:00,in
37,USC00051772,Snow,1958-09-24T00:00:00.0000000-06:00,0.000000,,,0,,NOAA,2013-03-29T15:47:48.0770000-06:00,in
37,USC00051772,Snow,1958-09-25T00:00:00.0000000-06:00,0.000000,,,0,,NOAA,2013-03-29T15:47:48.0770000-06:00,in
37,USC00051772,Snow,1958-09-26T00:00:00.0000000-06:00,0.000000,,,0,,NOAA,2013-03-29T15:47:48.0770000-06:00,in
37,USC00051772,Snow,1958-09-27T00:00:00.0000000-06:00,0.000000,,,0,,NOAA,2013-03-29T15:47:48.0770000-06:00,in
37,USC00051772,Snow,1958-09-28T00:00:00.0000000-06:00,0.000000,,,0,,NOAA,2013-03-29T15:47:48.0770000-06:00,in
37,USC00051772,Snow,1958-09-29T00:00:00.0000000-06:00,0.000000,,,0,,NOAA,2013-03-29T15:47:48.0770000-06:00,in
37,USC00051772,Snow,1958-09-30T00:00:00.0000000-06:00,0.000000,,,0,,NOAA,2013-03-29T15:47:48.0770000-06:00,in
37,USC00051772,Snow,1958-10-01T00:00:00.0000000-06:00,0.000000,,,0,,NOAA,2013-03-29T15:47:48.0770000-06:00,in
37,USC00051772,Snow,1958-10-02T00:00:00.0000000-06:00,0.000000,,,0,,NOAA,2013-03-29T15:47:48.0770000-06:00,in
37,USC00051772,Snow,1958-10-03T00:00:00.0000000-06:00,0.000000,,,0,,NOAA,2013-03-29T15:47:48.0770000-06:00,in
37,USC00051772,Snow,1958-10-04T00:00:00.0000000-06:00,0.000000,,,0,,NOAA,2013-03-29T15:47:48.0770000-06:00,in
37,USC00051772,Snow,1958-10-05T00:00:00.0000000-06:00,0.000000,,,0,,NOAA,2013-03-29T15:47:48.0770000-06:00,in
37,USC00051772,Snow,1958-10-06T00:00:00.0000000-06:00,0.000000,,,0,,NOAA,2013-03-29T15:47:48.0770000-06:00,in
37,USC00051772,Snow,1958-10-07T00:00:00.0000000-06:00,0.000000,,,0,,NOAA,2013-03-29T15:47:48.0770000-06:00,in
37,USC00051772,Snow,1958-10-08T00:00:00.0000000-06:00,0.000000,,,0,,NOAA,2013-03-29T15:47:48.0770000-06:00,in
37,USC00051772,Snow,1958-10-09T00:00:00.0000000-06:00,0.000000,,,0,,NOAA,2013-03-29T15:47:48.0770000-06:00,in
37,USC00051772,Snow,1958-10-10T00:00:00.0000000-06:00,0.000000,,,0,,NOAA,2013-03-29T15:47:48.0770000-06:00,in
37,USC00051772,Snow,1958-10-11T00:00:00.0000000-06:00,0.000000,,,0,,NOAA,2013-03-29T15:47:48.0770000-06:00,in
37,USC00051772,Snow,1958-10-12T00:00:00.0000000-06:00,0.000000,,,0,,NOAA,2013-03-29T15:47:48.0770000-06:00,in
37,USC00051772,Snow,1958-10-13T00:00:00.0000000-06:00,0.000000,,,0,,NOAA,2013-03-29T15:47:48.0770000-06:00,in
37,USC00051772,Snow,1958-10-14T00:00:00.0000000-06:00,0.000000,,,0,,NOAA,2013-03-29T15:47:48.0770000-06:00,in
37,USC00051772,Snow,1958-10-15T00:00:00.0000000-06:00,0.000000,,,0,,NOAA,2013-03-29T15:47:48.0770000-06:00,in
37,USC00051772,Snow,1958-10-16T00:00:00.0000000-06:00,0.000000,,,0,,NOAA,2013-03-29T15:47:48.0770000-06:00,in
37,USC00051772,Snow,1958-10-17T00:00:00.0000000-06:00,0.000000,,,0,,NOAA,2013-03-29T15:47:48.0770000-06:00,in
37,USC00051772,Snow,1958-10-18T00:00:00.0000000-06:00,0.000000,,,0,,NOAA,2013-03-29T15:47:48.0770000-06:00,in
37,USC00051772,Snow,1958-10-19T00:00:00.0000000-06:00,0.000000,,,0,,NOAA,2013-03-29T15:47:48.0770000-06:00,in
37,USC00051772,Snow,1958-10-20T00:00:00.0000000-06:00,0.000000,,,0,,NOAA,2013-03-29T15:47:48.0770000-06:00,in
37,USC00051772,Snow,1958-10-21T00:00:00.0000000-06:00,0.000000,,,0,,NOAA,2013-03-29T15:47:48.0770000-06:00,in
37,USC00051772,Snow,1958-10-22T00:00:00.0000000-06:00,0.000000,,,0,,NOAA,2013-03-29T15:47:48.0770000-06:00,in
37,USC00051772,Snow,1958-10-23T00:00:00.0000000-06:00,0.000000,,,0,,NOAA,2013-03-29T15:47:48.0770000-06:00,in
37,USC00051772,Snow,1958-10-24T00:00:00.0000000-06:00,0.000000,,,0,,NOAA,2013-03-29T15:47:48.0770000-06:00,in
37,USC00051772,Snow,1958-10-25T00:00:00.0000000-06:00,0.000000,,,0,,NOAA,2013-03-29T15:47:48.0770000-06:00,in
37,USC00051772,Snow,1958-10-26T00:00:00.0000000-06:00,0.000000,,,0,,NOAA,2013-03-29T15:47:48.0770000-06:00,in
37,USC00051772,Snow,1958-10-27T00:00:00.0000000-07:00,0.000000,,,0,,NOAA,2013-03-29T15:47:48.0770000-06:00,in
37,USC00051772,Snow,1958-10-28T00:00:00.0000000-07:00,0.000000,,,0,,NOAA,2013-03-29T15:47:48.0770000-06:00,in
37,USC00051772,Snow,1958-10-29T00:00:00.0000000-07:00,0.000000,,,0,,NOAA,2013-03-29T15:47:48.0770000-06:00,in
37,USC00051772,Snow,1958-10-30T00:00:00.0000000-07:00,0.000000,,,0,,NOAA,2013-03-29T15:47:48.0770000-06:00,in
37,USC00051772,Snow,1958-10-31T00:00:00.0000000-07:00,0.000000,,,0,,NOAA,2013-03-29T15:47:48.0770000-06:00,in
37,USC00051772,Snow,1958-11-01T00:00:00.0000000-07:00,0.000000,,,0,,NOAA,2013-03-29T15:47:48.0770000-06:00,in
37,USC00051772,Snow,1958-11-02T00:00:00.0000000-07:00,0.000000,,,0,,NOAA,2013-03-29T15:47:48.0770000-06:00,in
37,USC00051772,Snow,1958-11-03T00:00:00.0000000-07:00,0.000000,,,0,,NOAA,2013-03-29T15:47:48.0770000-06:00,in
37,USC00051772,Snow,1958-11-04T00:00:00.0000000-07:00,0.000000,,,0,,NOAA,2013-03-29T15:47:48.0770000-06:00,in
37,USC00051772,Snow,1958-11-05T00:00:00.0000000-07:00,0.000000,,,0,,NOAA,2013-03-29T15:47:48.0770000-06:00,in
37,USC00051772,Snow,1958-11-06T00:00:00.0000000-07:00,0.000000,,,0,,NOAA,2013-03-29T15:47:48.0770000-06:00,in
37,USC00051772,Snow,1958-11-07T00:00:00.0000000-07:00,0.000000,,,0,,NOAA,2013-03-29T15:47:48.0770000-06:00,in
37,USC00051772,Snow,1958-11-08T00:00:00.0000000-07:00,0.000000,,,0,,NOAA,2013-03-29T15:47:48.0770000-06:00,in
37,USC00051772,Snow,1958-11-09T00:00:00.0000000-07:00,0.000000,,,0,,NOAA,2013-03-29T15:47:48.0770000-06:00,in
37,USC00051772,Snow,1958-11-10T00:00:00.0000000-07:00,0.000000,,,0,,NOAA,2013-03-29T15:47:48.0770000-06:00,in
37,USC00051772,Snow,1958-11-11T00:00:00.0000000-07:00,0.000000,,,0,,NOAA,2013-03-29T15:47:48.0770000-06:00,in
37,USC00051772,Snow,1958-11-12T00:00:00.0000000-07:00,0.000000,,,0,,NOAA,2013-03-29T15:47:48.0770000-06:00,in
37,USC00051772,Snow,1958-11-13T00:00:00.0000000-07:00,0.000000,,,0,,NOAA,2013-03-29T15:47:48.0770000-06:00,in
37,USC00051772,Snow,1958-11-14T00:00:00.0000000-07:00,0.000000,,,0,,NOAA,2013-03-29T15:47:48.0770000-06:00,in
37,USC00051772,Snow,1958-11-15T00:00:00.0000000-07:00,0.000000,,,0,,NOAA,2013-03-29T15:47:48.0770000-06:00,in
37,USC00051772,Snow,1958-11-16T00:00:00.0000000-07:00,0.000000,,,0,,NOAA,2013-03-29T15:47:48.0770000-06:00,in
37,USC00051772,Snow,1958-11-17T00:00:00.0000000-07:00,0.000000,,,0,,NOAA,2013-03-29T15:47:48.0770000-06:00,in
37,USC00051772,Snow,1958-11-18T00:00:00.0000000-07:00,0.000000,,,0,,NOAA,2013-03-29T15:47:48.0770000-06:00,in
37,USC00051772,Snow,1958-11-19T00:00:00.0000000-07:00,0.000000,,,0,,NOAA,2013-03-29T15:47:48.0770000-06:00,in
37,USC00051772,Snow,1958-11-20T00:00:00.0000000-07:00,0.000000,,,0,,NOAA,2013-03-29T15:47:48.0770000-06:00,in
37,USC00051772,Snow,1958-11-21T00:00:00.0000000-07:00,0.000000,,,0,,NOAA,2013-03-29T15:47:48.0770000-06:00,in
37,USC00051772,Snow,1958-11-22T00:00:00.0000000-07:00,0.000000,,,0,,NOAA,2013-03-29T15:47:48.0770000-06:00,in
37,USC00051772,Snow,1958-11-23T00:00:00.0000000-07:00,0.000000,,,0,,NOAA,2013-03-29T15:47:48.0770000-06:00,in
37,USC00051772,Snow,1958-11-24T00:00:00.0000000-07:00,0.000000,,,0,,NOAA,2013-03-29T15:47:48.0770000-06:00,in
37,USC00051772,Snow,1958-11-25T00:00:00.0000000-07:00,0.000000,,,0,,NOAA,2013-03-29T15:47:48.0770000-06:00,in
37,USC00051772,Snow,1958-11-26T00:00:00.0000000-07:00,0.000000,,,0,,NOAA,2013-03-29T15:47:48.0770000-06:00,in
37,USC00051772,Snow,1958-11-27T00:00:00.0000000-07:00,0.511811,,,0,,NOAA,2013-03-29T15:47:48.0770000-06:00,in
37,USC00051772,Snow,1958-11-28T00:00:00.0000000-07:00,0.000000,,,0,,NOAA,2013-03-29T15:47:48.0770000-06:00,in
37,USC00051772,Snow,1958-11-29T00:00:00.0000000-07:00,0.000000,,,0,,NOAA,2013-03-29T15:47:48.0770000-06:00,in
37,USC00051772,Snow,1958-11-30T00:00:00.0000000-07:00,0.000000,,,0,,NOAA,2013-03-29T15:47:48.0770000-06:00,in
37,USC00051772,Snow,1958-12-01T00:00:00.0000000-07:00,0.000000,,,0,,NOAA,2013-03-29T15:47:48.0770000-06:00,in
37,USC00051772,Snow,1958-12-02T00:00:00.0000000-07:00,0.000000,,,0,,NOAA,2013-03-29T15:47:48.0770000-06:00,in
37,USC00051772,Snow,1958-12-03T00:00:00.0000000-07:00,0.000000,,,0,,NOAA,2013-03-29T15:47:48.0770000-06:00,in
37,USC00051772,Snow,1958-12-04T00:00:00.0000000-07:00,0.000000,,,0,,NOAA,2013-03-29T15:47:48.0770000-06:00,in
37,USC00051772,Snow,1958-12-05T00:00:00.0000000-07:00,0.000000,,,0,,NOAA,2013-03-29T15:47:48.0770000-06:00,in
37,USC00051772,Snow,1958-12-06T00:00:00.0000000-07:00,0.000000,,,0,,NOAA,2013-03-29T15:47:48.0770000-06:00,in
37,USC00051772,Snow,1958-12-07T00:00:00.0000000-07:00,0.000000,,,0,,NOAA,2013-03-29T15:47:48.0770000-06:00,in
37,USC00051772,Snow,1958-12-08T00:00:00.0000000-07:00,0.000000,,,0,,NOAA,2013-03-29T15:47:48.0770000-06:00,in
37,USC00051772,Snow,1958-12-09T00:00:00.0000000-07:00,0.000000,,,0,,NOAA,2013-03-29T15:47:48.0770000-06:00,in
37,USC00051772,Snow,1958-12-10T00:00:00.0000000-07:00,0.000000,,,0,,NOAA,2013-03-29T15:47:48.0770000-06:00,in
37,USC00051772,Snow,1958-12-11T00:00:00.0000000-07:00,0.000000,,,0,,NOAA,2013-03-29T15:47:48.0770000-06:00,in
37,USC00051772,Snow,1958-12-12T00:00:00.0000000-07:00,0.000000,,,0,,NOAA,2013-03-29T15:47:48.0770000-06:00,in
37,USC00051772,Snow,1958-12-13T00:00:00.0000000-07:00,0.000000,,,0,,NOAA,2013-03-29T15:47:48.0770000-06:00,in
37,USC00051772,Snow,1958-12-14T00:00:00.0000000-07:00,0.000000,,,0,,NOAA,2013-03-29T15:47:48.0770000-06:00,in
37,USC00051772,Snow,1958-12-15T00:00:00.0000000-07:00,0.000000,,,0,,NOAA,2013-03-29T15:47:48.0770000-06:00,in
37,USC00051772,Snow,1958-12-16T00:00:00.0000000-07:00,0.000000,,,0,,NOAA,2013-03-29T15:47:48.0770000-06:00,in
37,USC00051772,Snow,1958-12-17T00:00:00.0000000-07:00,0.000000,,,0,,NOAA,2013-03-29T15:47:48.0770000-06:00,in
37,USC00051772,Snow,1958-12-18T00:00:00.0000000-07:00,0.000000,,,0,,NOAA,2013-03-29T15:47:48.0770000-06:00,in
37,USC00051772,Snow,1958-12-19T00:00:00.0000000-07:00,0.000000,,,0,,NOAA,2013-03-29T15:47:48.0770000-06:00,in
37,USC00051772,Snow,1958-12-20T00:00:00.0000000-07:00,0.000000,,,0,,NOAA,2013-03-29T15:47:48.0770000-06:00,in
37,USC00051772,Snow,1958-12-21T00:00:00.0000000-07:00,0.000000,,,0,,NOAA,2013-03-29T15:47:48.0770000-06:00,in
37,USC00051772,Snow,1958-12-22T00:00:00.0000000-07:00,0.000000,,,0,,NOAA,2013-03-29T15:47:48.0770000-06:00,in
37,USC00051772,Snow,1958-12-23T00:00:00.0000000-07:00,0.787402,,,0,,NOAA,2013-03-29T15:47:48.0770000-06:00,in
37,USC00051772,Snow,1958-12-24T00:00:00.0000000-07:00,0.000000,,,0,,NOAA,2013-03-29T15:47:48.0770000-06:00,in
37,USC00051772,Snow,1958-12-25T00:00:00.0000000-07:00,0.000000,T,,0,,NOAA,2013-03-29T15:47:48.0770000-06:00,in
37,USC00051772,Snow,1958-12-26T00:00:00.0000000-07:00,0.000000,,,0,,NOAA,2013-03-29T15:47:48.0770000-06:00,in
37,USC00051772,Snow,1958-12-27T00:00:00.0000000-07:00,0.000000,,,0,,NOAA,2013-03-29T15:47:48.0770000-06:00,in
37,USC00051772,Snow,1958-12-28T00:00:00.0000000-07:00,0.000000,,,0,,NOAA,2013-03-29T15:47:48.0770000-06:00,in
37,USC00051772,Snow,1958-12-29T00:00:00.0000000-07:00,0.000000,,,0,,NOAA,2013-03-29T15:47:48.0770000-06:00,in
37,USC00051772,Snow,1958-12-30T00:00:00.0000000-07:00,0.000000,,,0,,NOAA,2013-03-29T15:47:48.0770000-06:00,in
37,USC00051772,Snow,1958-12-31T00:00:00.0000000-07:00,0.000000,,,0,,NOAA,2013-03-29T15:47:48.0770000-06:00,in
37,USC00051772,Snow,1959-01-01T00:00:00.0000000-07:00,0.000000,,,0,,NOAA,2013-03-29T15:47:48.0770000-06:00,in
37,USC00051772,Snow,1959-01-02T00:00:00.0000000-07:00,0.000000,T,,0,,NOAA,2013-03-29T15:47:48.0770000-06:00,in
37,USC00051772,Snow,1959-01-03T00:00:00.0000000-07:00,0.511811,,,0,,NOAA,2013-03-29T15:47:48.0770000-06:00,in
37,USC00051772,Snow,1959-01-04T00:00:00.0000000-07:00,0.000000,,,0,,NOAA,2013-03-29T15:47:48.0770000-06:00,in
37,USC00051772,Snow,1959-01-05T00:00:00.0000000-07:00,0.000000,,,0,,NOAA,2013-03-29T15:47:48.0770000-06:00,in
37,USC00051772,Snow,1959-01-06T00:00:00.0000000-07:00,0.984252,,,0,,NOAA,2013-03-29T15:47:48.0770000-06:00,in
37,USC00051772,Snow,1959-01-07T00:00:00.0000000-07:00,0.984252,,,0,,NOAA,2013-03-29T15:47:48.0770000-06:00,in
37,USC00051772,Snow,1959-01-08T00:00:00.0000000-07:00,0.000000,,,0,,NOAA,2013-03-29T15:47:48.0770000-06:00,in
37,USC00051772,Snow,1959-01-09T00:00:00.0000000-07:00,0.000000,,,0,,NOAA,2013-03-29T15:47:48.0770000-06:00,in
37,USC00051772,Snow,1959-01-10T00:00:00.0000000-07:00,0.000000,,,0,,NOAA,2013-03-29T15:47:48.0770000-06:00,in
37,USC00051772,Snow,1959-01-11T00:00:00.0000000-07:00,0.000000,,,0,,NOAA,2013-03-29T15:47:48.0770000-06:00,in
37,USC00051772,Snow,1959-01-12T00:00:00.0000000-07:00,0.000000,,,0,,NOAA,2013-03-29T15:47:48.0770000-06:00,in
37,USC00051772,Snow,1959-01-13T00:00:00.0000000-07:00,0.000000,,,0,,NOAA,2013-03-29T15:47:48.0770000-06:00,in
37,USC00051772,Snow,1959-01-14T00:00:00.0000000-07:00,0.000000,T,,0,,NOAA,2013-03-29T15:47:48.0770000-06:00,in
37,USC00051772,Snow,1959-01-15T00:00:00.0000000-07:00,0.000000,,,0,,NOAA,2013-03-29T15:47:48.0770000-06:00,in
37,USC00051772,Snow,1959-01-16T00:00:00.0000000-07:00,0.000000,,,0,,NOAA,2013-03-29T15:47:48.0770000-06:00,in
37,USC00051772,Snow,1959-01-17T00:00:00.0000000-07:00,0.000000,,,0,,NOAA,2013-03-29T15:47:48.0770000-06:00,in
37,USC00051772,Snow,1959-01-18T00:00:00.0000000-07:00,0.000000,,,0,,NOAA,2013-03-29T15:47:48.0770000-06:00,in
37,USC00051772,Snow,1959-01-19T00:00:00.0000000-07:00,0.511811,,,0,,NOAA,2013-03-29T15:47:48.0770000-06:00,in
37,USC00051772,Snow,1959-01-20T00:00:00.0000000-07:00,0.000000,T,,0,,NOAA,2013-03-29T15:47:48.0770000-06:00,in
37,USC00051772,Snow,1959-01-21T00:00:00.0000000-07:00,0.000000,,,0,,NOAA,2013-03-29T15:47:48.0770000-06:00,in
37,USC00051772,Snow,1959-01-22T00:00:00.0000000-07:00,0.000000,,,0,,NOAA,2013-03-29T15:47:48.0770000-06:00,in
37,USC00051772,Snow,1959-01-23T00:00:00.0000000-07:00,0.000000,,,0,,NOAA,2013-03-29T15:47:48.0770000-06:00,in
37,USC00051772,Snow,1959-01-24T00:00:00.0000000-07:00,0.000000,,,0,,NOAA,2013-03-29T15:47:48.0770000-06:00,in
37,USC00051772,Snow,1959-01-25T00:00:00.0000000-07:00,0.000000,,,0,,NOAA,2013-03-29T15:47:48.0770000-06:00,in
37,USC00051772,Snow,1959-01-26T00:00:00.0000000-07:00,0.000000,T,,0,,NOAA,2013-03-29T15:47:48.0770000-06:00,in
37,USC00051772,Snow,1959-01-27T00:00:00.0000000-07:00,0.000000,,,0,,NOAA,2013-03-29T15:47:48.0770000-06:00,in
37,USC00051772,Snow,1959-01-28T00:00:00.0000000-07:00,2.007874,,,0,,NOAA,2013-03-29T15:47:48.0770000-06:00,in
37,USC00051772,Snow,1959-01-29T00:00:00.0000000-07:00,0.000000,,,0,,NOAA,2013-03-29T15:47:48.0770000-06:00,in
37,USC00051772,Snow,1959-01-30T00:00:00.0000000-07:00,0.000000,,,0,,NOAA,2013-03-29T15:47:48.0770000-06:00,in
37,USC00051772,Snow,1959-01-31T00:00:00.0000000-07:00,0.000000,,,0,,NOAA,2013-03-29T15:47:48.0770000-06:00,in
37,USC00051772,Snow,1959-02-03T00:00:00.0000000-07:00,0.000000,,,0,,NOAA,2013-03-29T15:47:48.0770000-06:00,in
37,USC00051772,Snow,1959-02-05T00:00:00.0000000-07:00,0.000000,,,0,,NOAA,2013-03-29T15:47:48.0770000-06:00,in
37,USC00051772,Snow,1959-02-06T00:00:00.0000000-07:00,0.000000,,,0,,NOAA,2013-03-29T15:47:48.0770000-06:00,in
37,USC00051772,Snow,1959-02-07T00:00:00.0000000-07:00,0.000000,,,0,,NOAA,2013-03-29T15:47:48.0770000-06:00,in
37,USC00051772,Snow,1959-02-08T00:00:00.0000000-07:00,0.000000,,,0,,NOAA,2013-03-29T15:47:48.0770000-06:00,in
37,USC00051772,Snow,1959-02-10T00:00:00.0000000-07:00,0.000000,,,0,,NOAA,2013-03-29T15:47:48.0770000-06:00,in
37,USC00051772,Snow,1959-02-11T00:00:00.0000000-07:00,0.000000,,,0,,NOAA,2013-03-29T15:47:48.0770000-06:00,in
37,USC00051772,Snow,1959-02-12T00:00:00.0000000-07:00,0.000000,,,0,,NOAA,2013-03-29T15:47:48.0770000-06:00,in
37,USC00051772,Snow,1959-02-13T00:00:00.0000000-07:00,0.000000,,,0,,NOAA,2013-03-29T15:47:48.0770000-06:00,in
37,USC00051772,Snow,1959-02-14T00:00:00.0000000-07:00,0.000000,,,0,,NOAA,2013-03-29T15:47:48.0770000-06:00,in
37,USC00051772,Snow,1959-02-15T00:00:00.0000000-07:00,0.000000,,,0,,NOAA,2013-03-29T15:47:48.0770000-06:00,in
37,USC00051772,Snow,1959-02-16T00:00:00.0000000-07:00,0.000000,,,0,,NOAA,2013-03-29T15:47:48.0770000-06:00,in
37,USC00051772,Snow,1959-02-17T00:00:00.0000000-07:00,0.000000,,,0,,NOAA,2013-03-29T15:47:48.0770000-06:00,in
37,USC00051772,Snow,1959-02-18T00:00:00.0000000-07:00,0.000000,,,0,,NOAA,2013-03-29T15:47:48.0770000-06:00,in
37,USC00051772,Snow,1959-02-19T00:00:00.0000000-07:00,0.000000,,,0,,NOAA,2013-03-29T15:47:48.0770000-06:00,in
37,USC00051772,Snow,1959-02-20T00:00:00.0000000-07:00,0.000000,,,0,,NOAA,2013-03-29T15:47:48.0770000-06:00,in
37,USC00051772,Snow,1959-02-21T00:00:00.0000000-07:00,0.000000,,,0,,NOAA,2013-03-29T15:47:48.0770000-06:00,in
37,USC00051772,Snow,1959-02-22T00:00:00.0000000-07:00,0.000000,,,0,,NOAA,2013-03-29T15:47:48.0770000-06:00,in
37,USC00051772,Snow,1959-02-23T00:00:00.0000000-07:00,0.000000,,,0,,NOAA,2013-03-29T15:47:48.0770000-06:00,in
37,USC00051772,Snow,1959-02-25T00:00:00.0000000-07:00,0.000000,,,0,,NOAA,2013-03-29T15:47:48.0770000-06:00,in
37,USC00051772,Snow,1959-02-26T00:00:00.0000000-07:00,0.000000,,,0,,NOAA,2013-03-29T15:47:48.0770000-06:00,in
37,USC00051772,Snow,1959-02-27T00:00:00.0000000-07:00,0.000000,,,0,,NOAA,2013-03-29T15:47:48.0770000-06:00,in
37,USC00051772,Snow,1959-02-28T00:00:00.0000000-07:00,0.000000,,,0,,NOAA,2013-03-29T15:47:48.0770000-06:00,in
37,USC00051772,Snow,1959-03-01T00:00:00.0000000-07:00,0.000000,,,0,,NOAA,2013-03-29T15:47:48.0770000-06:00,in
37,USC00051772,Snow,1959-03-02T00:00:00.0000000-07:00,0.000000,,,0,,NOAA,2013-03-29T15:47:48.0770000-06:00,in
37,USC00051772,Snow,1959-03-03T00:00:00.0000000-07:00,0.000000,,,0,,NOAA,2013-03-29T15:47:48.0770000-06:00,in
37,USC00051772,Snow,1959-03-04T00:00:00.0000000-07:00,0.000000,,,0,,NOAA,2013-03-29T15:47:48.0770000-06:00,in
37,USC00051772,Snow,1959-03-05T00:00:00.0000000-07:00,0.000000,,,0,,NOAA,2013-03-29T15:47:48.0770000-06:00,in
37,USC00051772,Snow,1959-03-06T00:00:00.0000000-07:00,0.000000,,,0,,NOAA,2013-03-29T15:47:48.0770000-06:00,in
37,USC00051772,Snow,1959-03-07T00:00:00.0000000-07:00,0.000000,,,0,,NOAA,2013-03-29T15:47:48.0770000-06:00,in
37,USC00051772,Snow,1959-03-08T00:00:00.0000000-07:00,0.000000,,,0,,NOAA,2013-03-29T15:47:48.0770000-06:00,in
37,USC00051772,Snow,1959-03-09T00:00:00.0000000-07:00,0.000000,,,0,,NOAA,2013-03-29T15:47:48.0770000-06:00,in
37,USC00051772,Snow,1959-03-10T00:00:00.0000000-07:00,0.000000,T,,0,,NOAA,2013-03-29T15:47:48.0770000-06:00,in
37,USC00051772,Snow,1959-03-11T00:00:00.0000000-07:00,0.000000,,,0,,NOAA,2013-03-29T15:47:48.0770000-06:00,in
37,USC00051772,Snow,1959-03-12T00:00:00.0000000-07:00,0.000000,,,0,,NOAA,2013-03-29T15:47:48.0770000-06:00,in
37,USC00051772,Snow,1959-03-13T00:00:00.0000000-07:00,0.000000,,,0,,NOAA,2013-03-29T15:47:48.0770000-06:00,in
37,USC00051772,Snow,1959-03-14T00:00:00.0000000-07:00,0.000000,T,,0,,NOAA,2013-03-29T15:47:48.0770000-06:00,in
37,USC00051772,Snow,1959-03-15T00:00:00.0000000-07:00,0.000000,,,0,,NOAA,2013-03-29T15:47:48.0770000-06:00,in
37,USC00051772,Snow,1959-03-16T00:00:00.0000000-07:00,0.000000,,,0,,NOAA,2013-03-29T15:47:48.0770000-06:00,in
37,USC00051772,Snow,1959-03-17T00:00:00.0000000-07:00,0.000000,,,0,,NOAA,2013-03-29T15:47:48.0770000-06:00,in
37,USC00051772,Snow,1959-03-18T00:00:00.0000000-07:00,0.000000,,,0,,NOAA,2013-03-29T15:47:48.0770000-06:00,in
37,USC00051772,Snow,1959-03-21T00:00:00.0000000-07:00,0.000000,,,0,,NOAA,2013-03-29T15:47:48.0770000-06:00,in
37,USC00051772,Snow,1959-03-22T00:00:00.0000000-07:00,0.000000,,,0,,NOAA,2013-03-29T15:47:48.0770000-06:00,in
37,USC00051772,Snow,1959-03-23T00:00:00.0000000-07:00,0.000000,,,0,,NOAA,2013-03-29T15:47:48.0770000-06:00,in
37,USC00051772,Snow,1959-03-24T00:00:00.0000000-07:00,0.000000,,,0,,NOAA,2013-03-29T15:47:48.0770000-06:00,in
37,USC00051772,Snow,1959-03-25T00:00:00.0000000-07:00,0.000000,,,0,,NOAA,2013-03-29T15:47:48.0770000-06:00,in
37,USC00051772,Snow,1959-03-26T00:00:00.0000000-07:00,0.000000,,,0,,NOAA,2013-03-29T15:47:48.0770000-06:00,in
37,USC00051772,Snow,1959-03-27T00:00:00.0000000-07:00,0.000000,,,0,,NOAA,2013-03-29T15:47:48.0770000-06:00,in
37,USC00051772,Snow,1959-03-28T00:00:00.0000000-07:00,0.000000,,,0,,NOAA,2013-03-29T15:47:48.0770000-06:00,in
37,USC00051772,Snow,1959-03-29T00:00:00.0000000-07:00,0.000000,T,,0,,NOAA,2013-03-29T15:47:48.0770000-06:00,in
37,USC00051772,Snow,1959-03-30T00:00:00.0000000-07:00,0.000000,,,0,,NOAA,2013-03-29T15:47:48.0770000-06:00,in
37,USC00051772,Snow,1959-04-01T00:00:00.0000000-07:00,0.000000,,,0,,NOAA,2013-03-29T15:47:48.0770000-06:00,in
37,USC00051772,Snow,1959-04-02T00:00:00.0000000-07:00,0.000000,,,0,,NOAA,2013-03-29T15:47:48.0770000-06:00,in
37,USC00051772,Snow,1959-04-03T00:00:00.0000000-07:00,0.000000,,,0,,NOAA,2013-03-29T15:47:48.0770000-06:00,in
37,USC00051772,Snow,1959-04-04T00:00:00.0000000-07:00,0.000000,,,0,,NOAA,2013-03-29T15:47:48.0770000-06:00,in
37,USC00051772,Snow,1959-04-05T00:00:00.0000000-07:00,0.000000,,,0,,NOAA,2013-03-29T15:47:48.0770000-06:00,in
37,USC00051772,Snow,1959-04-06T00:00:00.0000000-06:00,0.000000,,,0,,NOAA,2013-03-29T15:47:48.0770000-06:00,in
37,USC00051772,Snow,1959-04-07T00:00:00.0000000-06:00,0.000000,,,0,,NOAA,2013-03-29T15:47:48.0770000-06:00,in
37,USC00051772,Snow,1959-04-08T00:00:00.0000000-06:00,0.000000,T,,0,,NOAA,2013-03-29T15:47:48.0770000-06:00,in
37,USC00051772,Snow,1959-04-09T00:00:00.0000000-06:00,0.000000,T,,0,,NOAA,2013-03-29T15:47:48.0770000-06:00,in
37,USC00051772,Snow,1959-04-10T00:00:00.0000000-06:00,0.000000,,,0,,NOAA,2013-03-29T15:47:48.0770000-06:00,in
37,USC00051772,Snow,1959-04-11T00:00:00.0000000-06:00,0.000000,,,0,,NOAA,2013-03-29T15:47:48.0770000-06:00,in
37,USC00051772,Snow,1959-04-12T00:00:00.0000000-06:00,0.000000,,,0,,NOAA,2013-03-29T15:47:48.0770000-06:00,in
37,USC00051772,Snow,1959-04-13T00:00:00.0000000-06:00,0.000000,,,0,,NOAA,2013-03-29T15:47:48.0770000-06:00,in
37,USC00051772,Snow,1959-04-14T00:00:00.0000000-06:00,0.000000,,,0,,NOAA,2013-03-29T15:47:48.0770000-06:00,in
37,USC00051772,Snow,1959-04-15T00:00:00.0000000-06:00,0.000000,,,0,,NOAA,2013-03-29T15:47:48.0770000-06:00,in
37,USC00051772,Snow,1959-04-16T00:00:00.0000000-06:00,0.000000,,,0,,NOAA,2013-03-29T15:47:48.0770000-06:00,in
37,USC00051772,Snow,1959-04-17T00:00:00.0000000-06:00,0.000000,,,0,,NOAA,2013-03-29T15:47:48.0770000-06:00,in
37,USC00051772,Snow,1959-04-18T00:00:00.0000000-06:00,0.000000,,,0,,NOAA,2013-03-29T15:47:48.0770000-06:00,in
37,USC00051772,Snow,1959-04-19T00:00:00.0000000-06:00,0.000000,,,0,,NOAA,2013-03-29T15:47:48.0770000-06:00,in
37,USC00051772,Snow,1959-04-20T00:00:00.0000000-06:00,0.000000,T,,0,,NOAA,2013-03-29T15:47:48.0770000-06:00,in
37,USC00051772,Snow,1959-04-21T00:00:00.0000000-06:00,0.000000,,,0,,NOAA,2013-03-29T15:47:48.0770000-06:00,in
37,USC00051772,Snow,1959-04-22T00:00:00.0000000-06:00,0.000000,,,0,,NOAA,2013-03-29T15:47:48.0770000-06:00,in
37,USC00051772,Snow,1959-04-23T00:00:00.0000000-06:00,0.000000,,,0,,NOAA,2013-03-29T15:47:48.0770000-06:00,in
37,USC00051772,Snow,1959-04-24T00:00:00.0000000-06:00,0.000000,,,0,,NOAA,2013-03-29T15:47:48.0770000-06:00,in
37,USC00051772,Snow,1959-04-25T00:00:00.0000000-06:00,0.000000,,,0,,NOAA,2013-03-29T15:47:48.0770000-06:00,in
37,USC00051772,Snow,1959-04-26T00:00:00.0000000-06:00,0.000000,,,0,,NOAA,2013-03-29T15:47:48.0770000-06:00,in
37,USC00051772,Snow,1959-04-27T00:00:00.0000000-06:00,0.000000,,,0,,NOAA,2013-03-29T15:47:48.0770000-06:00,in
37,USC00051772,Snow,1959-04-28T00:00:00.0000000-06:00,0.000000,,,0,,NOAA,2013-03-29T15:47:48.0770000-06:00,in
37,USC00051772,Snow,1959-04-29T00:00:00.0000000-06:00,0.000000,,,0,,NOAA,2013-03-29T15:47:48.0770000-06:00,in
37,USC00051772,Snow,1959-04-30T00:00:00.0000000-06:00,0.000000,,,0,,NOAA,2013-03-29T15:47:48.0770000-06:00,in
37,USC00051772,Snow,1959-05-01T00:00:00.0000000-06:00,0.000000,,,0,,NOAA,2013-03-29T15:47:48.0770000-06:00,in
37,USC00051772,Snow,1959-05-02T00:00:00.0000000-06:00,0.000000,,,0,,NOAA,2013-03-29T15:47:48.0770000-06:00,in
37,USC00051772,Snow,1959-05-03T00:00:00.0000000-06:00,0.000000,,,0,,NOAA,2013-03-29T15:47:48.0770000-06:00,in
37,USC00051772,Snow,1959-05-04T00:00:00.0000000-06:00,0.000000,,,0,,NOAA,2013-03-29T15:47:48.0770000-06:00,in
37,USC00051772,Snow,1959-05-05T00:00:00.0000000-06:00,0.000000,,,0,,NOAA,2013-03-29T15:47:48.0770000-06:00,in
37,USC00051772,Snow,1959-05-06T00:00:00.0000000-06:00,0.000000,,,0,,NOAA,2013-03-29T15:47:48.0770000-06:00,in
37,USC00051772,Snow,1959-05-07T00:00:00.0000000-06:00,0.000000,,,0,,NOAA,2013-03-29T15:47:48.0770000-06:00,in
37,USC00051772,Snow,1959-05-08T00:00:00.0000000-06:00,0.000000,,,0,,NOAA,2013-03-29T15:47:48.0770000-06:00,in
37,USC00051772,Snow,1959-05-09T00:00:00.0000000-06:00,0.000000,,,0,,NOAA,2013-03-29T15:47:48.0770000-06:00,in
37,USC00051772,Snow,1959-05-10T00:00:00.0000000-06:00,0.000000,,,0,,NOAA,2013-03-29T15:47:48.0770000-06:00,in
37,USC00051772,Snow,1959-05-11T00:00:00.0000000-06:00,0.000000,,,0,,NOAA,2013-03-29T15:47:48.0770000-06:00,in
37,USC00051772,Snow,1959-05-12T00:00:00.0000000-06:00,0.000000,,,0,,NOAA,2013-03-29T15:47:48.0770000-06:00,in
37,USC00051772,Snow,1959-05-13T00:00:00.0000000-06:00,0.000000,,,0,,NOAA,2013-03-29T15:47:48.0770000-06:00,in
37,USC00051772,Snow,1959-05-14T00:00:00.0000000-06:00,0.000000,,,0,,NOAA,2013-03-29T15:47:48.0770000-06:00,in
37,USC00051772,Snow,1959-05-15T00:00:00.0000000-06:00,0.000000,,,0,,NOAA,2013-03-29T15:47:48.0770000-06:00,in
37,USC00051772,Snow,1959-05-16T00:00:00.0000000-06:00,0.000000,,,0,,NOAA,2013-03-29T15:47:48.0770000-06:00,in
37,USC00051772,Snow,1959-05-17T00:00:00.0000000-06:00,0.000000,,,0,,NOAA,2013-03-29T15:47:48.0770000-06:00,in
37,USC00051772,Snow,1959-05-18T00:00:00.0000000-06:00,0.000000,,,0,,NOAA,2013-03-29T15:47:48.0770000-06:00,in
37,USC00051772,Snow,1959-05-19T00:00:00.0000000-06:00,0.000000,,,0,,NOAA,2013-03-29T15:47:48.0770000-06:00,in
37,USC00051772,Snow,1959-05-20T00:00:00.0000000-06:00,0.000000,,,0,,NOAA,2013-03-29T15:47:48.0770000-06:00,in
37,USC00051772,Snow,1959-05-21T00:00:00.0000000-06:00,0.000000,,,0,,NOAA,2013-03-29T15:47:48.0770000-06:00,in
37,USC00051772,Snow,1959-05-22T00:00:00.0000000-06:00,0.000000,,,0,,NOAA,2013-03-29T15:47:48.0770000-06:00,in
37,USC00051772,Snow,1959-05-23T00:00:00.0000000-06:00,0.000000,,,0,,NOAA,2013-03-29T15:47:48.0770000-06:00,in
37,USC00051772,Snow,1959-05-24T00:00:00.0000000-06:00,0.000000,,,0,,NOAA,2013-03-29T15:47:48.0770000-06:00,in
37,USC00051772,Snow,1959-05-25T00:00:00.0000000-06:00,0.000000,,,0,,NOAA,2013-03-29T15:47:48.0770000-06:00,in
37,USC00051772,Snow,1959-05-26T00:00:00.0000000-06:00,0.000000,,,0,,NOAA,2013-03-29T15:47:48.0770000-06:00,in
37,USC00051772,Snow,1959-05-27T00:00:00.0000000-06:00,0.000000,,,0,,NOAA,2013-03-29T15:47:48.0770000-06:00,in
37,USC00051772,Snow,1959-05-28T00:00:00.0000000-06:00,0.000000,,,0,,NOAA,2013-03-29T15:47:48.0770000-06:00,in
37,USC00051772,Snow,1959-05-29T00:00:00.0000000-06:00,0.000000,,,0,,NOAA,2013-03-29T15:47:48.0770000-06:00,in
37,USC00051772,Snow,1959-05-30T00:00:00.0000000-06:00,0.000000,,,0,,NOAA,2013-03-29T15:47:48.0770000-06:00,in
37,USC00051772,Snow,1959-05-31T00:00:00.0000000-06:00,0.000000,,,0,,NOAA,2013-03-29T15:47:48.0770000-06:00,in
37,USC00051772,Snow,1959-06-01T00:00:00.0000000-06:00,0.000000,,,0,,NOAA,2013-03-29T15:47:48.0770000-06:00,in
37,USC00051772,Snow,1959-06-02T00:00:00.0000000-06:00,0.000000,,,0,,NOAA,2013-03-29T15:47:48.0770000-06:00,in
37,USC00051772,Snow,1959-06-03T00:00:00.0000000-06:00,0.000000,,,0,,NOAA,2013-03-29T15:47:48.0770000-06:00,in
37,USC00051772,Snow,1959-06-04T00:00:00.0000000-06:00,0.000000,,,0,,NOAA,2013-03-29T15:47:48.0770000-06:00,in
37,USC00051772,Snow,1959-06-05T00:00:00.0000000-06:00,0.000000,,,0,,NOAA,2013-03-29T15:47:48.0770000-06:00,in
37,USC00051772,Snow,1959-06-06T00:00:00.0000000-06:00,0.000000,,,0,,NOAA,2013-03-29T15:47:48.0770000-06:00,in
37,USC00051772,Snow,1959-06-07T00:00:00.0000000-06:00,0.000000,,,0,,NOAA,2013-03-29T15:47:48.0770000-06:00,in
37,USC00051772,Snow,1959-06-08T00:00:00.0000000-06:00,0.000000,,,0,,NOAA,2013-03-29T15:47:48.0770000-06:00,in
37,USC00051772,Snow,1959-06-09T00:00:00.0000000-06:00,0.000000,,,0,,NOAA,2013-03-29T15:47:48.0770000-06:00,in
37,USC00051772,Snow,1959-06-10T00:00:00.0000000-06:00,0.000000,,,0,,NOAA,2013-03-29T15:47:48.0770000-06:00,in
37,USC00051772,Snow,1959-06-11T00:00:00.0000000-06:00,0.000000,,,0,,NOAA,2013-03-29T15:47:48.0770000-06:00,in
37,USC00051772,Snow,1959-06-12T00:00:00.0000000-06:00,0.000000,,,0,,NOAA,2013-03-29T15:47:48.0770000-06:00,in
37,USC00051772,Snow,1959-06-13T00:00:00.0000000-06:00,0.000000,,,0,,NOAA,2013-03-29T15:47:48.0770000-06:00,in
37,USC00051772,Snow,1959-06-14T00:00:00.0000000-06:00,0.000000,,,0,,NOAA,2013-03-29T15:47:48.0770000-06:00,in
37,USC00051772,Snow,1959-06-15T00:00:00.0000000-06:00,0.000000,,,0,,NOAA,2013-03-29T15:47:48.0770000-06:00,in
37,USC00051772,Snow,1959-06-16T00:00:00.0000000-06:00,0.000000,,,0,,NOAA,2013-03-29T15:47:48.0770000-06:00,in
37,USC00051772,Snow,1959-06-17T00:00:00.0000000-06:00,0.000000,,,0,,NOAA,2013-03-29T15:47:48.0770000-06:00,in
37,USC00051772,Snow,1959-06-18T00:00:00.0000000-06:00,0.000000,,,0,,NOAA,2013-03-29T15:47:48.0770000-06:00,in
37,USC00051772,Snow,1959-06-19T00:00:00.0000000-06:00,0.000000,,,0,,NOAA,2013-03-29T15:47:48.0770000-06:00,in
37,USC00051772,Snow,1959-06-20T00:00:00.0000000-06:00,0.000000,,,0,,NOAA,2013-03-29T15:47:48.0770000-06:00,in
37,USC00051772,Snow,1959-06-21T00:00:00.0000000-06:00,0.000000,,,0,,NOAA,2013-03-29T15:47:48.0770000-06:00,in
37,USC00051772,Snow,1959-06-22T00:00:00.0000000-06:00,0.000000,,,0,,NOAA,2013-03-29T15:47:48.0770000-06:00,in
37,USC00051772,Snow,1959-06-23T00:00:00.0000000-06:00,0.000000,,,0,,NOAA,2013-03-29T15:47:48.0770000-06:00,in
37,USC00051772,Snow,1959-06-24T00:00:00.0000000-06:00,0.000000,,,0,,NOAA,2013-03-29T15:47:48.0770000-06:00,in
37,USC00051772,Snow,1959-06-25T00:00:00.0000000-06:00,0.000000,,,0,,NOAA,2013-03-29T15:47:48.0770000-06:00,in
37,USC00051772,Snow,1959-06-26T00:00:00.0000000-06:00,0.000000,,,0,,NOAA,2013-03-29T15:47:48.0770000-06:00,in
37,USC00051772,Snow,1959-06-27T00:00:00.0000000-06:00,0.000000,,,0,,NOAA,2013-03-29T15:47:48.0770000-06:00,in
37,USC00051772,Snow,1959-06-28T00:00:00.0000000-06:00,0.000000,,,0,,NOAA,2013-03-29T15:47:48.0770000-06:00,in
37,USC00051772,Snow,1959-06-29T00:00:00.0000000-06:00,0.000000,,,0,,NOAA,2013-03-29T15:47:48.0770000-06:00,in
37,USC00051772,Snow,1959-06-30T00:00:00.0000000-06:00,0.000000,,,0,,NOAA,2013-03-29T15:47:48.0770000-06:00,in
37,USC00051772,Snow,1959-07-01T00:00:00.0000000-06:00,0.000000,,,0,,NOAA,2013-03-29T15:47:48.0770000-06:00,in
37,USC00051772,Snow,1959-07-02T00:00:00.0000000-06:00,0.000000,,,0,,NOAA,2013-03-29T15:47:48.0770000-06:00,in
37,USC00051772,Snow,1959-07-03T00:00:00.0000000-06:00,0.000000,,,0,,NOAA,2013-03-29T15:47:48.0770000-06:00,in
37,USC00051772,Snow,1959-07-04T00:00:00.0000000-06:00,0.000000,,,0,,NOAA,2013-03-29T15:47:48.0770000-06:00,in
37,USC00051772,Snow,1959-07-05T00:00:00.0000000-06:00,0.000000,,,0,,NOAA,2013-03-29T15:47:48.0770000-06:00,in
37,USC00051772,Snow,1959-07-06T00:00:00.0000000-06:00,0.000000,,,0,,NOAA,2013-03-29T15:47:48.0770000-06:00,in
37,USC00051772,Snow,1959-07-07T00:00:00.0000000-06:00,0.000000,,,0,,NOAA,2013-03-29T15:47:48.0770000-06:00,in
37,USC00051772,Snow,1959-07-08T00:00:00.0000000-06:00,0.000000,,,0,,NOAA,2013-03-29T15:47:48.0770000-06:00,in
37,USC00051772,Snow,1959-07-09T00:00:00.0000000-06:00,0.000000,,,0,,NOAA,2013-03-29T15:47:48.0770000-06:00,in
37,USC00051772,Snow,1959-07-10T00:00:00.0000000-06:00,0.000000,,,0,,NOAA,2013-03-29T15:47:48.0770000-06:00,in
37,USC00051772,Snow,1959-07-11T00:00:00.0000000-06:00,0.000000,,,0,,NOAA,2013-03-29T15:47:48.0770000-06:00,in
37,USC00051772,Snow,1959-07-12T00:00:00.0000000-06:00,0.000000,,,0,,NOAA,2013-03-29T15:47:48.0770000-06:00,in
37,USC00051772,Snow,1959-07-13T00:00:00.0000000-06:00,0.000000,,,0,,NOAA,2013-03-29T15:47:48.0770000-06:00,in
37,USC00051772,Snow,1959-07-14T00:00:00.0000000-06:00,0.000000,,,0,,NOAA,2013-03-29T15:47:48.0770000-06:00,in
37,USC00051772,Snow,1959-07-15T00:00:00.0000000-06:00,0.000000,,,0,,NOAA,2013-03-29T15:47:48.0770000-06:00,in
37,USC00051772,Snow,1959-07-16T00:00:00.0000000-06:00,0.000000,,,0,,NOAA,2013-03-29T15:47:48.0770000-06:00,in
37,USC00051772,Snow,1959-07-17T00:00:00.0000000-06:00,0.000000,,,0,,NOAA,2013-03-29T15:47:48.0770000-06:00,in
37,USC00051772,Snow,1959-07-18T00:00:00.0000000-06:00,0.000000,,,0,,NOAA,2013-03-29T15:47:48.0770000-06:00,in
37,USC00051772,Snow,1959-07-19T00:00:00.0000000-06:00,0.000000,,,0,,NOAA,2013-03-29T15:47:48.0770000-06:00,in
37,USC00051772,Snow,1959-07-20T00:00:00.0000000-06:00,0.000000,,,0,,NOAA,2013-03-29T15:47:48.0770000-06:00,in
37,USC00051772,Snow,1959-07-21T00:00:00.0000000-06:00,0.000000,,,0,,NOAA,2013-03-29T15:47:48.0770000-06:00,in
37,USC00051772,Snow,1959-07-22T00:00:00.0000000-06:00,0.000000,,,0,,NOAA,2013-03-29T15:47:48.0770000-06:00,in
37,USC00051772,Snow,1959-07-23T00:00:00.0000000-06:00,0.000000,,,0,,NOAA,2013-03-29T15:47:48.0770000-06:00,in
37,USC00051772,Snow,1959-07-24T00:00:00.0000000-06:00,0.000000,,,0,,NOAA,2013-03-29T15:47:48.0770000-06:00,in
37,USC00051772,Snow,1959-07-25T00:00:00.0000000-06:00,0.000000,,,0,,NOAA,2013-03-29T15:47:48.0770000-06:00,in
37,USC00051772,Snow,1959-07-26T00:00:00.0000000-06:00,0.000000,,,0,,NOAA,2013-03-29T15:47:48.0770000-06:00,in
37,USC00051772,Snow,1959-07-27T00:00:00.0000000-06:00,0.000000,,,0,,NOAA,2013-03-29T15:47:48.0770000-06:00,in
37,USC00051772,Snow,1959-07-28T00:00:00.0000000-06:00,0.000000,,,0,,NOAA,2013-03-29T15:47:48.0770000-06:00,in
37,USC00051772,Snow,1959-07-29T00:00:00.0000000-06:00,0.000000,,,0,,NOAA,2013-03-29T15:47:48.0770000-06:00,in
37,USC00051772,Snow,1959-07-30T00:00:00.0000000-06:00,0.000000,,,0,,NOAA,2013-03-29T15:47:48.0770000-06:00,in
37,USC00051772,Snow,1959-07-31T00:00:00.0000000-06:00,0.000000,,,0,,NOAA,2013-03-29T15:47:48.0770000-06:00,in
37,USC00051772,Snow,1959-08-01T00:00:00.0000000-06:00,0.000000,,,0,,NOAA,2013-03-29T15:47:48.0770000-06:00,in
37,USC00051772,Snow,1959-08-02T00:00:00.0000000-06:00,0.000000,,,0,,NOAA,2013-03-29T15:47:48.0770000-06:00,in
37,USC00051772,Snow,1959-08-03T00:00:00.0000000-06:00,0.000000,,,0,,NOAA,2013-03-29T15:47:48.0770000-06:00,in
37,USC00051772,Snow,1959-08-04T00:00:00.0000000-06:00,0.000000,,,0,,NOAA,2013-03-29T15:47:48.0770000-06:00,in
37,USC00051772,Snow,1959-08-05T00:00:00.0000000-06:00,0.000000,,,0,,NOAA,2013-03-29T15:47:48.0770000-06:00,in
37,USC00051772,Snow,1959-08-06T00:00:00.0000000-06:00,0.000000,,,0,,NOAA,2013-03-29T15:47:48.0770000-06:00,in
37,USC00051772,Snow,1959-08-07T00:00:00.0000000-06:00,0.000000,,,0,,NOAA,2013-03-29T15:47:48.0770000-06:00,in
37,USC00051772,Snow,1959-08-08T00:00:00.0000000-06:00,0.000000,,,0,,NOAA,2013-03-29T15:47:48.0770000-06:00,in
37,USC00051772,Snow,1959-08-09T00:00:00.0000000-06:00,0.000000,,,0,,NOAA,2013-03-29T15:47:48.0770000-06:00,in
37,USC00051772,Snow,1959-08-10T00:00:00.0000000-06:00,0.000000,,,0,,NOAA,2013-03-29T15:47:48.0770000-06:00,in
37,USC00051772,Snow,1959-08-11T00:00:00.0000000-06:00,0.000000,,,0,,NOAA,2013-03-29T15:47:48.0770000-06:00,in
37,USC00051772,Snow,1959-08-12T00:00:00.0000000-06:00,0.000000,,,0,,NOAA,2013-03-29T15:47:48.0770000-06:00,in
37,USC00051772,Snow,1959-08-13T00:00:00.0000000-06:00,0.000000,,,0,,NOAA,2013-03-29T15:47:48.0770000-06:00,in
37,USC00051772,Snow,1959-08-14T00:00:00.0000000-06:00,0.000000,,,0,,NOAA,2013-03-29T15:47:48.0770000-06:00,in
37,USC00051772,Snow,1959-08-15T00:00:00.0000000-06:00,0.000000,,,0,,NOAA,2013-03-29T15:47:48.0770000-06:00,in
37,USC00051772,Snow,1959-08-16T00:00:00.0000000-06:00,0.000000,,,0,,NOAA,2013-03-29T15:47:48.0770000-06:00,in
37,USC00051772,Snow,1959-08-17T00:00:00.0000000-06:00,0.000000,,,0,,NOAA,2013-03-29T15:47:48.0770000-06:00,in
37,USC00051772,Snow,1959-08-18T00:00:00.0000000-06:00,0.000000,,,0,,NOAA,2013-03-29T15:47:48.0770000-06:00,in
37,USC00051772,Snow,1959-08-19T00:00:00.0000000-06:00,0.000000,,,0,,NOAA,2013-03-29T15:47:48.0770000-06:00,in
37,USC00051772,Snow,1959-08-20T00:00:00.0000000-06:00,0.000000,,,0,,NOAA,2013-03-29T15:47:48.0770000-06:00,in
37,USC00051772,Snow,1959-08-21T00:00:00.0000000-06:00,0.000000,,,0,,NOAA,2013-03-29T15:47:48.0770000-06:00,in
37,USC00051772,Snow,1959-08-22T00:00:00.0000000-06:00,0.000000,,,0,,NOAA,2013-03-29T15:47:48.0770000-06:00,in
37,USC00051772,Snow,1959-08-23T00:00:00.0000000-06:00,0.000000,,,0,,NOAA,2013-03-29T15:47:48.0770000-06:00,in
37,USC00051772,Snow,1959-08-24T00:00:00.0000000-06:00,0.000000,,,0,,NOAA,2013-03-29T15:47:48.0770000-06:00,in
37,USC00051772,Snow,1959-08-25T00:00:00.0000000-06:00,0.000000,,,0,,NOAA,2013-03-29T15:47:48.0770000-06:00,in
37,USC00051772,Snow,1959-08-26T00:00:00.0000000-06:00,0.000000,,,0,,NOAA,2013-03-29T15:47:48.0770000-06:00,in
37,USC00051772,Snow,1959-08-27T00:00:00.0000000-06:00,0.000000,,,0,,NOAA,2013-03-29T15:47:48.0770000-06:00,in
37,USC00051772,Snow,1959-08-28T00:00:00.0000000-06:00,0.000000,,,0,,NOAA,2013-03-29T15:47:48.0770000-06:00,in
37,USC00051772,Snow,1959-08-29T00:00:00.0000000-06:00,0.000000,,,0,,NOAA,2013-03-29T15:47:48.0770000-06:00,in
37,USC00051772,Snow,1959-08-30T00:00:00.0000000-06:00,0.000000,,,0,,NOAA,2013-03-29T15:47:48.0770000-06:00,in
37,USC00051772,Snow,1959-08-31T00:00:00.0000000-06:00,0.000000,,,0,,NOAA,2013-03-29T15:47:48.0770000-06:00,in
37,USC00051772,Snow,1959-09-01T00:00:00.0000000-06:00,0.000000,,,0,,NOAA,2013-03-29T15:47:48.0770000-06:00,in
37,USC00051772,Snow,1959-09-02T00:00:00.0000000-06:00,0.000000,,,0,,NOAA,2013-03-29T15:47:48.0770000-06:00,in
37,USC00051772,Snow,1959-09-03T00:00:00.0000000-06:00,0.000000,,,0,,NOAA,2013-03-29T15:47:48.0770000-06:00,in
37,USC00051772,Snow,1959-09-04T00:00:00.0000000-06:00,0.000000,,,0,,NOAA,2013-03-29T15:47:48.0770000-06:00,in
37,USC00051772,Snow,1959-09-05T00:00:00.0000000-06:00,0.000000,,,0,,NOAA,2013-03-29T15:47:48.0770000-06:00,in
37,USC00051772,Snow,1959-09-06T00:00:00.0000000-06:00,0.000000,,,0,,NOAA,2013-03-29T15:47:48.0770000-06:00,in
37,USC00051772,Snow,1959-09-07T00:00:00.0000000-06:00,0.000000,,,0,,NOAA,2013-03-29T15:47:48.0770000-06:00,in
37,USC00051772,Snow,1959-09-08T00:00:00.0000000-06:00,0.000000,,,0,,NOAA,2013-03-29T15:47:48.0770000-06:00,in
37,USC00051772,Snow,1959-09-09T00:00:00.0000000-06:00,0.000000,,,0,,NOAA,2013-03-29T15:47:48.0770000-06:00,in
37,USC00051772,Snow,1959-09-10T00:00:00.0000000-06:00,0.000000,,,0,,NOAA,2013-03-29T15:47:48.0770000-06:00,in
37,USC00051772,Snow,1959-09-11T00:00:00.0000000-06:00,0.000000,,,0,,NOAA,2013-03-29T15:47:48.0770000-06:00,in
37,USC00051772,Snow,1959-09-12T00:00:00.0000000-06:00,0.000000,,,0,,NOAA,2013-03-29T15:47:48.0770000-06:00,in
37,USC00051772,Snow,1959-09-13T00:00:00.0000000-06:00,0.000000,,,0,,NOAA,2013-03-29T15:47:48.0770000-06:00,in
37,USC00051772,Snow,1959-09-14T00:00:00.0000000-06:00,0.000000,,,0,,NOAA,2013-03-29T15:47:48.0770000-06:00,in
37,USC00051772,Snow,1959-09-15T00:00:00.0000000-06:00,0.000000,,,0,,NOAA,2013-03-29T15:47:48.0770000-06:00,in
37,USC00051772,Snow,1959-09-16T00:00:00.0000000-06:00,0.000000,,,0,,NOAA,2013-03-29T15:47:48.0770000-06:00,in
37,USC00051772,Snow,1959-09-17T00:00:00.0000000-06:00,0.000000,,,0,,NOAA,2013-03-29T15:47:48.0770000-06:00,in
37,USC00051772,Snow,1959-09-18T00:00:00.0000000-06:00,0.000000,,,0,,NOAA,2013-03-29T15:47:48.0770000-06:00,in
37,USC00051772,Snow,1959-09-19T00:00:00.0000000-06:00,0.000000,,,0,,NOAA,2013-03-29T15:47:48.0770000-06:00,in
37,USC00051772,Snow,1959-09-20T00:00:00.0000000-06:00,0.000000,,,0,,NOAA,2013-03-29T15:47:48.0770000-06:00,in
37,USC00051772,Snow,1959-09-21T00:00:00.0000000-06:00,0.000000,,,0,,NOAA,2013-03-29T15:47:48.0770000-06:00,in
37,USC00051772,Snow,1959-09-22T00:00:00.0000000-06:00,0.000000,,,0,,NOAA,2013-03-29T15:47:48.0770000-06:00,in
37,USC00051772,Snow,1959-09-23T00:00:00.0000000-06:00,0.000000,,,0,,NOAA,2013-03-29T15:47:48.0770000-06:00,in
37,USC00051772,Snow,1959-09-24T00:00:00.0000000-06:00,0.000000,,,0,,NOAA,2013-03-29T15:47:48.0770000-06:00,in
37,USC00051772,Snow,1959-09-25T00:00:00.0000000-06:00,0.000000,,,0,,NOAA,2013-03-29T15:47:48.0770000-06:00,in
37,USC00051772,Snow,1959-09-26T00:00:00.0000000-06:00,0.000000,,,0,,NOAA,2013-03-29T15:47:48.0770000-06:00,in
37,USC00051772,Snow,1959-09-27T00:00:00.0000000-06:00,0.000000,,,0,,NOAA,2013-03-29T15:47:48.0770000-06:00,in
37,USC00051772,Snow,1959-09-28T00:00:00.0000000-06:00,0.000000,,,0,,NOAA,2013-03-29T15:47:48.0770000-06:00,in
37,USC00051772,Snow,1959-09-29T00:00:00.0000000-06:00,0.000000,,,0,,NOAA,2013-03-29T15:47:48.0770000-06:00,in
37,USC00051772,Snow,1959-09-30T00:00:00.0000000-06:00,0.000000,,,0,,NOAA,2013-03-29T15:47:48.0770000-06:00,in
37,USC00051772,Snow,1959-10-01T00:00:00.0000000-06:00,0.000000,,,0,,NOAA,2013-03-29T15:47:48.0770000-06:00,in
37,USC00051772,Snow,1959-10-02T00:00:00.0000000-06:00,0.000000,,,0,,NOAA,2013-03-29T15:47:48.0770000-06:00,in
37,USC00051772,Snow,1959-10-03T00:00:00.0000000-06:00,0.000000,,,0,,NOAA,2013-03-29T15:47:48.0770000-06:00,in
37,USC00051772,Snow,1959-10-04T00:00:00.0000000-06:00,0.000000,,,0,,NOAA,2013-03-29T15:47:48.0770000-06:00,in
37,USC00051772,Snow,1959-10-05T00:00:00.0000000-06:00,0.000000,,,0,,NOAA,2013-03-29T15:47:48.0770000-06:00,in
37,USC00051772,Snow,1959-10-06T00:00:00.0000000-06:00,0.000000,,,0,,NOAA,2013-03-29T15:47:48.0770000-06:00,in
37,USC00051772,Snow,1959-10-07T00:00:00.0000000-06:00,0.000000,,,0,,NOAA,2013-03-29T15:47:48.0770000-06:00,in
37,USC00051772,Snow,1959-10-08T00:00:00.0000000-06:00,0.000000,,,0,,NOAA,2013-03-29T15:47:48.0770000-06:00,in
37,USC00051772,Snow,1959-10-09T00:00:00.0000000-06:00,0.000000,,,0,,NOAA,2013-03-29T15:47:48.0770000-06:00,in
37,USC00051772,Snow,1959-10-10T00:00:00.0000000-06:00,0.000000,,,0,,NOAA,2013-03-29T15:47:48.0770000-06:00,in
37,USC00051772,Snow,1959-10-11T00:00:00.0000000-06:00,0.000000,,,0,,NOAA,2013-03-29T15:47:48.0770000-06:00,in
37,USC00051772,Snow,1959-10-12T00:00:00.0000000-06:00,0.000000,,,0,,NOAA,2013-03-29T15:47:48.0770000-06:00,in
37,USC00051772,Snow,1959-10-13T00:00:00.0000000-06:00,0.000000,,,0,,NOAA,2013-03-29T15:47:48.0770000-06:00,in
37,USC00051772,Snow,1959-10-14T00:00:00.0000000-06:00,0.000000,,,0,,NOAA,2013-03-29T15:47:48.0770000-06:00,in
37,USC00051772,Snow,1959-10-15T00:00:00.0000000-06:00,0.000000,,,0,,NOAA,2013-03-29T15:47:48.0770000-06:00,in
37,USC00051772,Snow,1959-10-16T00:00:00.0000000-06:00,0.000000,,,0,,NOAA,2013-03-29T15:47:48.0770000-06:00,in
37,USC00051772,Snow,1959-10-17T00:00:00.0000000-06:00,0.000000,,,0,,NOAA,2013-03-29T15:47:48.0770000-06:00,in
37,USC00051772,Snow,1959-10-18T00:00:00.0000000-06:00,0.000000,,,0,,NOAA,2013-03-29T15:47:48.0770000-06:00,in
37,USC00051772,Snow,1959-10-19T00:00:00.0000000-06:00,0.000000,,,0,,NOAA,2013-03-29T15:47:48.0770000-06:00,in
37,USC00051772,Snow,1959-10-20T00:00:00.0000000-06:00,0.000000,,,0,,NOAA,2013-03-29T15:47:48.0770000-06:00,in
37,USC00051772,Snow,1959-10-21T00:00:00.0000000-06:00,0.000000,,,0,,NOAA,2013-03-29T15:47:48.0770000-06:00,in
37,USC00051772,Snow,1959-10-22T00:00:00.0000000-06:00,0.000000,,,0,,NOAA,2013-03-29T15:47:48.0770000-06:00,in
37,USC00051772,Snow,1959-10-23T00:00:00.0000000-06:00,0.000000,,,0,,NOAA,2013-03-29T15:47:48.0770000-06:00,in
37,USC00051772,Snow,1959-10-24T00:00:00.0000000-06:00,0.000000,,,0,,NOAA,2013-03-29T15:47:48.0770000-06:00,in
37,USC00051772,Snow,1959-10-25T00:00:00.0000000-06:00,0.000000,,,0,,NOAA,2013-03-29T15:47:48.0770000-06:00,in
37,USC00051772,Snow,1959-10-26T00:00:00.0000000-07:00,0.000000,,,0,,NOAA,2013-03-29T15:47:48.0770000-06:00,in
37,USC00051772,Snow,1959-10-27T00:00:00.0000000-07:00,0.000000,,,0,,NOAA,2013-03-29T15:47:48.0770000-06:00,in
37,USC00051772,Snow,1959-10-28T00:00:00.0000000-07:00,0.000000,,,0,,NOAA,2013-03-29T15:47:48.0770000-06:00,in
37,USC00051772,Snow,1959-10-29T00:00:00.0000000-07:00,0.000000,,,0,,NOAA,2013-03-29T15:47:48.0770000-06:00,in
37,USC00051772,Snow,1959-10-30T00:00:00.0000000-07:00,0.000000,,,0,,NOAA,2013-03-29T15:47:48.0770000-06:00,in
37,USC00051772,Snow,1959-10-31T00:00:00.0000000-07:00,0.000000,,,0,,NOAA,2013-03-29T15:47:48.0770000-06:00,in
37,USC00051772,Snow,1959-11-01T00:00:00.0000000-07:00,0.000000,,,0,,NOAA,2013-03-29T15:47:48.0770000-06:00,in
37,USC00051772,Snow,1959-11-02T00:00:00.0000000-07:00,0.000000,,,0,,NOAA,2013-03-29T15:47:48.0770000-06:00,in
37,USC00051772,Snow,1959-11-03T00:00:00.0000000-07:00,0.000000,,,0,,NOAA,2013-03-29T15:47:48.0770000-06:00,in
37,USC00051772,Snow,1959-11-04T00:00:00.0000000-07:00,0.000000,,,0,,NOAA,2013-03-29T15:47:48.0770000-06:00,in
37,USC00051772,Snow,1959-11-05T00:00:00.0000000-07:00,0.000000,,,0,,NOAA,2013-03-29T15:47:48.0770000-06:00,in
37,USC00051772,Snow,1959-11-06T00:00:00.0000000-07:00,0.000000,,,0,,NOAA,2013-03-29T15:47:48.0770000-06:00,in
37,USC00051772,Snow,1959-11-07T00:00:00.0000000-07:00,0.000000,,,0,,NOAA,2013-03-29T15:47:48.0770000-06:00,in
37,USC00051772,Snow,1959-11-08T00:00:00.0000000-07:00,0.000000,,,0,,NOAA,2013-03-29T15:47:48.0770000-06:00,in
37,USC00051772,Snow,1959-11-09T00:00:00.0000000-07:00,0.000000,,,0,,NOAA,2013-03-29T15:47:48.0770000-06:00,in
37,USC00051772,Snow,1959-11-10T00:00:00.0000000-07:00,0.000000,,,0,,NOAA,2013-03-29T15:47:48.0770000-06:00,in
37,USC00051772,Snow,1959-11-11T00:00:00.0000000-07:00,0.000000,,,0,,NOAA,2013-03-29T15:47:48.0770000-06:00,in
37,USC00051772,Snow,1959-11-12T00:00:00.0000000-07:00,0.000000,,,0,,NOAA,2013-03-29T15:47:48.0770000-06:00,in
37,USC00051772,Snow,1959-11-13T00:00:00.0000000-07:00,0.000000,,,0,,NOAA,2013-03-29T15:47:48.0770000-06:00,in
37,USC00051772,Snow,1959-11-14T00:00:00.0000000-07:00,0.000000,,,0,,NOAA,2013-03-29T15:47:48.0770000-06:00,in
37,USC00051772,Snow,1959-11-15T00:00:00.0000000-07:00,0.000000,,,0,,NOAA,2013-03-29T15:47:48.0770000-06:00,in
37,USC00051772,Snow,1959-11-16T00:00:00.0000000-07:00,0.000000,,,0,,NOAA,2013-03-29T15:47:48.0770000-06:00,in
37,USC00051772,Snow,1959-11-17T00:00:00.0000000-07:00,0.000000,,,0,,NOAA,2013-03-29T15:47:48.0770000-06:00,in
37,USC00051772,Snow,1959-11-18T00:00:00.0000000-07:00,0.000000,,,0,,NOAA,2013-03-29T15:47:48.0770000-06:00,in
37,USC00051772,Snow,1959-11-19T00:00:00.0000000-07:00,0.000000,,,0,,NOAA,2013-03-29T15:47:48.0770000-06:00,in
37,USC00051772,Snow,1959-11-20T00:00:00.0000000-07:00,0.000000,,,0,,NOAA,2013-03-29T15:47:48.0770000-06:00,in
37,USC00051772,Snow,1959-11-21T00:00:00.0000000-07:00,0.000000,,,0,,NOAA,2013-03-29T15:47:48.0770000-06:00,in
37,USC00051772,Snow,1959-11-22T00:00:00.0000000-07:00,0.000000,,,0,,NOAA,2013-03-29T15:47:48.0770000-06:00,in
37,USC00051772,Snow,1959-11-23T00:00:00.0000000-07:00,0.000000,,,0,,NOAA,2013-03-29T15:47:48.0770000-06:00,in
37,USC00051772,Snow,1959-11-24T00:00:00.0000000-07:00,0.000000,,,0,,NOAA,2013-03-29T15:47:48.0770000-06:00,in
37,USC00051772,Snow,1959-11-25T00:00:00.0000000-07:00,0.000000,,,0,,NOAA,2013-03-29T15:47:48.0770000-06:00,in
37,USC00051772,Snow,1959-11-26T00:00:00.0000000-07:00,0.000000,,,0,,NOAA,2013-03-29T15:47:48.0770000-06:00,in
37,USC00051772,Snow,1959-11-27T00:00:00.0000000-07:00,0.000000,,,0,,NOAA,2013-03-29T15:47:48.0770000-06:00,in
37,USC00051772,Snow,1959-11-28T00:00:00.0000000-07:00,0.000000,,,0,,NOAA,2013-03-29T15:47:48.0770000-06:00,in
37,USC00051772,Snow,1959-11-29T00:00:00.0000000-07:00,0.000000,,,0,,NOAA,2013-03-29T15:47:48.0770000-06:00,in
37,USC00051772,Snow,1959-11-30T00:00:00.0000000-07:00,0.000000,,,0,,NOAA,2013-03-29T15:47:48.0770000-06:00,in
37,USC00051772,Snow,1959-12-01T00:00:00.0000000-07:00,0.000000,,,0,,NOAA,2013-03-29T15:47:48.0770000-06:00,in
37,USC00051772,Snow,1959-12-02T00:00:00.0000000-07:00,0.000000,,,0,,NOAA,2013-03-29T15:47:48.0770000-06:00,in
37,USC00051772,Snow,1959-12-03T00:00:00.0000000-07:00,0.000000,,,0,,NOAA,2013-03-29T15:47:48.0770000-06:00,in
37,USC00051772,Snow,1959-12-04T00:00:00.0000000-07:00,0.000000,,,0,,NOAA,2013-03-29T15:47:48.0770000-06:00,in
37,USC00051772,Snow,1959-12-05T00:00:00.0000000-07:00,0.000000,,,0,,NOAA,2013-03-29T15:47:48.0770000-06:00,in
37,USC00051772,Snow,1959-12-06T00:00:00.0000000-07:00,0.000000,,,0,,NOAA,2013-03-29T15:47:48.0770000-06:00,in
37,USC00051772,Snow,1959-12-07T00:00:00.0000000-07:00,0.000000,,,0,,NOAA,2013-03-29T15:47:48.0770000-06:00,in
37,USC00051772,Snow,1959-12-08T00:00:00.0000000-07:00,0.000000,,,0,,NOAA,2013-03-29T15:47:48.0770000-06:00,in
37,USC00051772,Snow,1959-12-09T00:00:00.0000000-07:00,0.000000,,,0,,NOAA,2013-03-29T15:47:48.0770000-06:00,in
37,USC00051772,Snow,1959-12-10T00:00:00.0000000-07:00,0.984252,,,0,,NOAA,2013-03-29T15:47:48.0770000-06:00,in
37,USC00051772,Snow,1959-12-11T00:00:00.0000000-07:00,0.000000,,,0,,NOAA,2013-03-29T15:47:48.0770000-06:00,in
37,USC00051772,Snow,1959-12-12T00:00:00.0000000-07:00,0.000000,,,0,,NOAA,2013-03-29T15:47:48.0770000-06:00,in
37,USC00051772,Snow,1959-12-13T00:00:00.0000000-07:00,0.000000,,,0,,NOAA,2013-03-29T15:47:48.0770000-06:00,in
37,USC00051772,Snow,1959-12-14T00:00:00.0000000-07:00,2.007874,,,0,,NOAA,2013-03-29T15:47:48.0770000-06:00,in
37,USC00051772,Snow,1959-12-15T00:00:00.0000000-07:00,0.000000,,,0,,NOAA,2013-03-29T15:47:48.0770000-06:00,in
37,USC00051772,Snow,1959-12-16T00:00:00.0000000-07:00,0.000000,,,0,,NOAA,2013-03-29T15:47:48.0770000-06:00,in
37,USC00051772,Snow,1959-12-17T00:00:00.0000000-07:00,0.000000,,,0,,NOAA,2013-03-29T15:47:48.0770000-06:00,in
37,USC00051772,Snow,1959-12-18T00:00:00.0000000-07:00,0.000000,,,0,,NOAA,2013-03-29T15:47:48.0770000-06:00,in
37,USC00051772,Snow,1959-12-19T00:00:00.0000000-07:00,0.000000,,,0,,NOAA,2013-03-29T15:47:48.0770000-06:00,in
37,USC00051772,Snow,1959-12-20T00:00:00.0000000-07:00,0.984252,,,0,,NOAA,2013-03-29T15:47:48.0770000-06:00,in
37,USC00051772,Snow,1959-12-21T00:00:00.0000000-07:00,0.000000,,,0,,NOAA,2013-03-29T15:47:48.0770000-06:00,in
37,USC00051772,Snow,1959-12-22T00:00:00.0000000-07:00,0.000000,,,0,,NOAA,2013-03-29T15:47:48.0770000-06:00,in
37,USC00051772,Snow,1959-12-23T00:00:00.0000000-07:00,0.000000,,,0,,NOAA,2013-03-29T15:47:48.0770000-06:00,in
37,USC00051772,Snow,1959-12-24T00:00:00.0000000-07:00,0.000000,,,0,,NOAA,2013-03-29T15:47:48.0770000-06:00,in
37,USC00051772,Snow,1959-12-25T00:00:00.0000000-07:00,0.000000,,,0,,NOAA,2013-03-29T15:47:48.0770000-06:00,in
37,USC00051772,Snow,1959-12-26T00:00:00.0000000-07:00,2.007874,,,0,,NOAA,2013-03-29T15:47:48.0770000-06:00,in
37,USC00051772,Snow,1959-12-27T00:00:00.0000000-07:00,0.511811,,,0,,NOAA,2013-03-29T15:47:48.0770000-06:00,in
37,USC00051772,Snow,1959-12-28T00:00:00.0000000-07:00,0.000000,,,0,,NOAA,2013-03-29T15:47:48.0770000-06:00,in
37,USC00051772,Snow,1959-12-29T00:00:00.0000000-07:00,0.000000,,,0,,NOAA,2013-03-29T15:47:48.0770000-06:00,in
37,USC00051772,Snow,1959-12-30T00:00:00.0000000-07:00,0.000000,,,0,,NOAA,2013-03-29T15:47:48.0770000-06:00,in
37,USC00051772,Snow,1959-12-31T00:00:00.0000000-07:00,2.007874,,,0,,NOAA,2013-03-29T15:47:48.0770000-06:00,in
37,USC00051772,Snow,1960-01-01T00:00:00.0000000-07:00,0.000000,T,,0,,NOAA,2013-03-29T15:47:48.0770000-06:00,in
37,USC00051772,Snow,1960-01-02T00:00:00.0000000-07:00,0.000000,T,,0,,NOAA,2013-03-29T15:47:48.0770000-06:00,in
37,USC00051772,Snow,1960-01-03T00:00:00.0000000-07:00,0.000000,,,0,,NOAA,2013-03-29T15:47:48.0770000-06:00,in
37,USC00051772,Snow,1960-01-04T00:00:00.0000000-07:00,0.000000,,,0,,NOAA,2013-03-29T15:47:48.0770000-06:00,in
37,USC00051772,Snow,1960-01-05T00:00:00.0000000-07:00,0.000000,,,0,,NOAA,2013-03-29T15:47:48.0770000-06:00,in
37,USC00051772,Snow,1960-01-06T00:00:00.0000000-07:00,0.000000,,,0,,NOAA,2013-03-29T15:47:48.0770000-06:00,in
37,USC00051772,Snow,1960-01-07T00:00:00.0000000-07:00,0.000000,,,0,,NOAA,2013-03-29T15:47:48.0770000-06:00,in
37,USC00051772,Snow,1960-01-08T00:00:00.0000000-07:00,0.000000,,,0,,NOAA,2013-03-29T15:47:48.0770000-06:00,in
37,USC00051772,Snow,1960-01-09T00:00:00.0000000-07:00,0.000000,,,0,,NOAA,2013-03-29T15:47:48.0770000-06:00,in
37,USC00051772,Snow,1960-01-10T00:00:00.0000000-07:00,0.000000,,,0,,NOAA,2013-03-29T15:47:48.0770000-06:00,in
37,USC00051772,Snow,1960-01-11T00:00:00.0000000-07:00,2.007874,,,0,,NOAA,2013-03-29T15:47:48.0770000-06:00,in
37,USC00051772,Snow,1960-01-12T00:00:00.0000000-07:00,0.984252,,,0,,NOAA,2013-03-29T15:47:48.0770000-06:00,in
37,USC00051772,Snow,1960-01-13T00:00:00.0000000-07:00,0.000000,,,0,,NOAA,2013-03-29T15:47:48.0770000-06:00,in
37,USC00051772,Snow,1960-01-14T00:00:00.0000000-07:00,0.000000,,,0,,NOAA,2013-03-29T15:47:48.0770000-06:00,in
37,USC00051772,Snow,1960-01-17T00:00:00.0000000-07:00,0.000000,,,0,,NOAA,2013-03-29T15:47:48.0770000-06:00,in
37,USC00051772,Snow,1960-01-18T00:00:00.0000000-07:00,0.000000,,,0,,NOAA,2013-03-29T15:47:48.0770000-06:00,in
37,USC00051772,Snow,1960-01-19T00:00:00.0000000-07:00,0.000000,,,0,,NOAA,2013-03-29T15:47:48.0770000-06:00,in
37,USC00051772,Snow,1960-01-20T00:00:00.0000000-07:00,0.000000,,,0,,NOAA,2013-03-29T15:47:48.0770000-06:00,in
37,USC00051772,Snow,1960-01-21T00:00:00.0000000-07:00,0.000000,T,,0,,NOAA,2013-03-29T15:47:48.0770000-06:00,in
37,USC00051772,Snow,1960-01-22T00:00:00.0000000-07:00,0.000000,,,0,,NOAA,2013-03-29T15:47:48.0770000-06:00,in
37,USC00051772,Snow,1960-01-23T00:00:00.0000000-07:00,0.000000,,,0,,NOAA,2013-03-29T15:47:48.0770000-06:00,in
37,USC00051772,Snow,1960-01-24T00:00:00.0000000-07:00,0.000000,,,0,,NOAA,2013-03-29T15:47:48.0770000-06:00,in
37,USC00051772,Snow,1960-01-25T00:00:00.0000000-07:00,0.000000,,,0,,NOAA,2013-03-29T15:47:48.0770000-06:00,in
37,USC00051772,Snow,1960-01-26T00:00:00.0000000-07:00,0.000000,,,0,,NOAA,2013-03-29T15:47:48.0770000-06:00,in
37,USC00051772,Snow,1960-01-27T00:00:00.0000000-07:00,0.000000,,,0,,NOAA,2013-03-29T15:47:48.0770000-06:00,in
37,USC00051772,Snow,1960-01-28T00:00:00.0000000-07:00,0.000000,,,0,,NOAA,2013-03-29T15:47:48.0770000-06:00,in
37,USC00051772,Snow,1960-01-29T00:00:00.0000000-07:00,0.000000,T,,0,,NOAA,2013-03-29T15:47:48.0770000-06:00,in
37,USC00051772,Snow,1960-01-30T00:00:00.0000000-07:00,0.000000,,,0,,NOAA,2013-03-29T15:47:48.0770000-06:00,in
37,USC00051772,Snow,1960-01-31T00:00:00.0000000-07:00,0.000000,,,0,,NOAA,2013-03-29T15:47:48.0770000-06:00,in
37,USC00051772,Snow,1960-02-01T00:00:00.0000000-07:00,0.000000,,,0,,NOAA,2013-03-29T15:47:48.0770000-06:00,in
37,USC00051772,Snow,1960-02-03T00:00:00.0000000-07:00,0.000000,,,0,,NOAA,2013-03-29T15:47:48.0770000-06:00,in
37,USC00051772,Snow,1960-02-04T00:00:00.0000000-07:00,0.000000,,,0,,NOAA,2013-03-29T15:47:48.0770000-06:00,in
37,USC00051772,Snow,1960-02-05T00:00:00.0000000-07:00,0.000000,,,0,,NOAA,2013-03-29T15:47:48.0770000-06:00,in
37,USC00051772,Snow,1960-02-06T00:00:00.0000000-07:00,0.000000,,,0,,NOAA,2013-03-29T15:47:48.0770000-06:00,in
37,USC00051772,Snow,1960-02-07T00:00:00.0000000-07:00,0.000000,,,0,,NOAA,2013-03-29T15:47:48.0770000-06:00,in
37,USC00051772,Snow,1960-02-08T00:00:00.0000000-07:00,0.000000,,,0,,NOAA,2013-03-29T15:47:48.0770000-06:00,in
37,USC00051772,Snow,1960-02-10T00:00:00.0000000-07:00,0.000000,,,0,,NOAA,2013-03-29T15:47:48.0770000-06:00,in
37,USC00051772,Snow,1960-02-11T00:00:00.0000000-07:00,0.000000,,,0,,NOAA,2013-03-29T15:47:48.0770000-06:00,in
37,USC00051772,Snow,1960-02-12T00:00:00.0000000-07:00,0.000000,,,0,,NOAA,2013-03-29T15:47:48.0770000-06:00,in
37,USC00051772,Snow,1960-02-13T00:00:00.0000000-07:00,0.000000,,,0,,NOAA,2013-03-29T15:47:48.0770000-06:00,in
37,USC00051772,Snow,1960-02-14T00:00:00.0000000-07:00,0.000000,,,0,,NOAA,2013-03-29T15:47:48.0770000-06:00,in
37,USC00051772,Snow,1960-02-16T00:00:00.0000000-07:00,0.000000,,,0,,NOAA,2013-03-29T15:47:48.0770000-06:00,in
37,USC00051772,Snow,1960-02-17T00:00:00.0000000-07:00,0.000000,,,0,,NOAA,2013-03-29T15:47:48.0770000-06:00,in
37,USC00051772,Snow,1960-02-18T00:00:00.0000000-07:00,0.000000,,,0,,NOAA,2013-03-29T15:47:48.0770000-06:00,in
37,USC00051772,Snow,1960-02-19T00:00:00.0000000-07:00,0.000000,,,0,,NOAA,2013-03-29T15:47:48.0770000-06:00,in
37,USC00051772,Snow,1960-02-20T00:00:00.0000000-07:00,0.000000,,,0,,NOAA,2013-03-29T15:47:48.0770000-06:00,in
37,USC00051772,Snow,1960-02-21T00:00:00.0000000-07:00,0.000000,,,0,,NOAA,2013-03-29T15:47:48.0770000-06:00,in
37,USC00051772,Snow,1960-02-22T00:00:00.0000000-07:00,0.000000,,,0,,NOAA,2013-03-29T15:47:48.0770000-06:00,in
37,USC00051772,Snow,1960-02-23T00:00:00.0000000-07:00,0.000000,,,0,,NOAA,2013-03-29T15:47:48.0770000-06:00,in
37,USC00051772,Snow,1960-02-24T00:00:00.0000000-07:00,0.000000,,,0,,NOAA,2013-03-29T15:47:48.0770000-06:00,in
37,USC00051772,Snow,1960-02-25T00:00:00.0000000-07:00,0.000000,,,0,,NOAA,2013-03-29T15:47:48.0770000-06:00,in
37,USC00051772,Snow,1960-02-26T00:00:00.0000000-07:00,0.000000,,,0,,NOAA,2013-03-29T15:47:48.0770000-06:00,in
37,USC00051772,Snow,1960-02-28T00:00:00.0000000-07:00,0.000000,,,0,,NOAA,2013-03-29T15:47:48.0770000-06:00,in
37,USC00051772,Snow,1960-03-01T00:00:00.0000000-07:00,2.992126,,,0,,NOAA,2013-03-29T15:47:48.0770000-06:00,in
37,USC00051772,Snow,1960-03-02T00:00:00.0000000-07:00,0.000000,,,0,,NOAA,2013-03-29T15:47:48.0770000-06:00,in
37,USC00051772,Snow,1960-03-03T00:00:00.0000000-07:00,0.000000,,,0,,NOAA,2013-03-29T15:47:48.0770000-06:00,in
37,USC00051772,Snow,1960-03-04T00:00:00.0000000-07:00,0.000000,,,0,,NOAA,2013-03-29T15:47:48.0770000-06:00,in
37,USC00051772,Snow,1960-03-05T00:00:00.0000000-07:00,0.000000,,,0,,NOAA,2013-03-29T15:47:48.0770000-06:00,in
37,USC00051772,Snow,1960-03-06T00:00:00.0000000-07:00,0.000000,,,0,,NOAA,2013-03-29T15:47:48.0770000-06:00,in
37,USC00051772,Snow,1960-03-07T00:00:00.0000000-07:00,0.000000,,,0,,NOAA,2013-03-29T15:47:48.0770000-06:00,in
37,USC00051772,Snow,1960-03-08T00:00:00.0000000-07:00,0.000000,,,0,,NOAA,2013-03-29T15:47:48.0770000-06:00,in
37,USC00051772,Snow,1960-03-09T00:00:00.0000000-07:00,0.000000,,,0,,NOAA,2013-03-29T15:47:48.0770000-06:00,in
37,USC00051772,Snow,1960-03-10T00:00:00.0000000-07:00,0.000000,,,0,,NOAA,2013-03-29T15:47:48.0770000-06:00,in
37,USC00051772,Snow,1960-03-11T00:00:00.0000000-07:00,0.000000,,,0,,NOAA,2013-03-29T15:47:48.0770000-06:00,in
37,USC00051772,Snow,1960-03-12T00:00:00.0000000-07:00,0.000000,,,0,,NOAA,2013-03-29T15:47:48.0770000-06:00,in
37,USC00051772,Snow,1960-03-13T00:00:00.0000000-07:00,0.000000,,,0,,NOAA,2013-03-29T15:47:48.0770000-06:00,in
37,USC00051772,Snow,1960-03-14T00:00:00.0000000-07:00,2.007874,,,0,,NOAA,2013-03-29T15:47:48.0770000-06:00,in
37,USC00051772,Snow,1960-03-15T00:00:00.0000000-07:00,0.000000,,,0,,NOAA,2013-03-29T15:47:48.0770000-06:00,in
37,USC00051772,Snow,1960-03-16T00:00:00.0000000-07:00,0.984252,,,0,,NOAA,2013-03-29T15:47:48.0770000-06:00,in
37,USC00051772,Snow,1960-03-17T00:00:00.0000000-07:00,0.000000,,,0,,NOAA,2013-03-29T15:47:48.0770000-06:00,in
37,USC00051772,Snow,1960-03-18T00:00:00.0000000-07:00,0.000000,,,0,,NOAA,2013-03-29T15:47:48.0770000-06:00,in
37,USC00051772,Snow,1960-03-19T00:00:00.0000000-07:00,0.000000,,,0,,NOAA,2013-03-29T15:47:48.0770000-06:00,in
37,USC00051772,Snow,1960-03-20T00:00:00.0000000-07:00,0.000000,,,0,,NOAA,2013-03-29T15:47:48.0770000-06:00,in
37,USC00051772,Snow,1960-03-21T00:00:00.0000000-07:00,0.000000,,,0,,NOAA,2013-03-29T15:47:48.0770000-06:00,in
37,USC00051772,Snow,1960-03-22T00:00:00.0000000-07:00,0.000000,,,0,,NOAA,2013-03-29T15:47:48.0770000-06:00,in
37,USC00051772,Snow,1960-03-23T00:00:00.0000000-07:00,0.000000,,,0,,NOAA,2013-03-29T15:47:48.0770000-06:00,in
37,USC00051772,Snow,1960-03-24T00:00:00.0000000-07:00,0.000000,,,0,,NOAA,2013-03-29T15:47:48.0770000-06:00,in
37,USC00051772,Snow,1960-03-25T00:00:00.0000000-07:00,0.000000,,,0,,NOAA,2013-03-29T15:47:48.0770000-06:00,in
37,USC00051772,Snow,1960-03-26T00:00:00.0000000-07:00,0.000000,,,0,,NOAA,2013-03-29T15:47:48.0770000-06:00,in
37,USC00051772,Snow,1960-03-27T00:00:00.0000000-07:00,0.000000,,,0,,NOAA,2013-03-29T15:47:48.0770000-06:00,in
37,USC00051772,Snow,1960-03-28T00:00:00.0000000-07:00,0.000000,,,0,,NOAA,2013-03-29T15:47:48.0770000-06:00,in
37,USC00051772,Snow,1960-03-29T00:00:00.0000000-07:00,0.000000,,,0,,NOAA,2013-03-29T15:47:48.0770000-06:00,in
37,USC00051772,Snow,1960-03-30T00:00:00.0000000-07:00,0.000000,,,0,,NOAA,2013-03-29T15:47:48.0770000-06:00,in
37,USC00051772,Snow,1960-03-31T00:00:00.0000000-07:00,0.000000,,,0,,NOAA,2013-03-29T15:47:48.0770000-06:00,in
37,USC00051772,Snow,1960-04-01T00:00:00.0000000-07:00,0.000000,,,0,,NOAA,2013-03-29T15:47:48.0770000-06:00,in
37,USC00051772,Snow,1960-04-02T00:00:00.0000000-07:00,0.000000,,,0,,NOAA,2013-03-29T15:47:48.0770000-06:00,in
37,USC00051772,Snow,1960-04-03T00:00:00.0000000-07:00,0.000000,,,0,,NOAA,2013-03-29T15:47:48.0770000-06:00,in
37,USC00051772,Snow,1960-04-04T00:00:00.0000000-06:00,0.000000,,,0,,NOAA,2013-03-29T15:47:48.0770000-06:00,in
37,USC00051772,Snow,1960-04-05T00:00:00.0000000-06:00,0.000000,,,0,,NOAA,2013-03-29T15:47:48.0770000-06:00,in
37,USC00051772,Snow,1960-04-06T00:00:00.0000000-06:00,0.000000,,,0,,NOAA,2013-03-29T15:47:48.0770000-06:00,in
37,USC00051772,Snow,1960-04-07T00:00:00.0000000-06:00,0.000000,,,0,,NOAA,2013-03-29T15:47:48.0770000-06:00,in
37,USC00051772,Snow,1960-04-08T00:00:00.0000000-06:00,0.000000,,,0,,NOAA,2013-03-29T15:47:48.0770000-06:00,in
37,USC00051772,Snow,1960-04-09T00:00:00.0000000-06:00,0.000000,,,0,,NOAA,2013-03-29T15:47:48.0770000-06:00,in
37,USC00051772,Snow,1960-04-10T00:00:00.0000000-06:00,0.000000,,,0,,NOAA,2013-03-29T15:47:48.0770000-06:00,in
37,USC00051772,Snow,1960-04-11T00:00:00.0000000-06:00,0.000000,,,0,,NOAA,2013-03-29T15:47:48.0770000-06:00,in
37,USC00051772,Snow,1960-04-12T00:00:00.0000000-06:00,0.000000,,,0,,NOAA,2013-03-29T15:47:48.0770000-06:00,in
37,USC00051772,Snow,1960-04-13T00:00:00.0000000-06:00,0.000000,,,0,,NOAA,2013-03-29T15:47:48.0770000-06:00,in
37,USC00051772,Snow,1960-04-14T00:00:00.0000000-06:00,0.000000,,,0,,NOAA,2013-03-29T15:47:48.0770000-06:00,in
37,USC00051772,Snow,1960-04-15T00:00:00.0000000-06:00,0.000000,,,0,,NOAA,2013-03-29T15:47:48.0770000-06:00,in
37,USC00051772,Snow,1960-04-16T00:00:00.0000000-06:00,0.000000,,,0,,NOAA,2013-03-29T15:47:48.0770000-06:00,in
37,USC00051772,Snow,1960-04-17T00:00:00.0000000-06:00,0.000000,,,0,,NOAA,2013-03-29T15:47:48.0770000-06:00,in
37,USC00051772,Snow,1960-04-18T00:00:00.0000000-06:00,0.000000,,,0,,NOAA,2013-03-29T15:47:48.0770000-06:00,in
37,USC00051772,Snow,1960-04-19T00:00:00.0000000-06:00,0.000000,,,0,,NOAA,2013-03-29T15:47:48.0770000-06:00,in
37,USC00051772,Snow,1960-04-20T00:00:00.0000000-06:00,0.000000,,,0,,NOAA,2013-03-29T15:47:48.0770000-06:00,in
37,USC00051772,Snow,1960-04-21T00:00:00.0000000-06:00,0.000000,,,0,,NOAA,2013-03-29T15:47:48.0770000-06:00,in
37,USC00051772,Snow,1960-04-22T00:00:00.0000000-06:00,0.000000,,,0,,NOAA,2013-03-29T15:47:48.0770000-06:00,in
37,USC00051772,Snow,1960-04-23T00:00:00.0000000-06:00,0.000000,,,0,,NOAA,2013-03-29T15:47:48.0770000-06:00,in
37,USC00051772,Snow,1960-04-24T00:00:00.0000000-06:00,0.000000,,,0,,NOAA,2013-03-29T15:47:48.0770000-06:00,in
37,USC00051772,Snow,1960-04-25T00:00:00.0000000-06:00,0.000000,,,0,,NOAA,2013-03-29T15:47:48.0770000-06:00,in
37,USC00051772,Snow,1960-04-26T00:00:00.0000000-06:00,0.000000,,,0,,NOAA,2013-03-29T15:47:48.0770000-06:00,in
37,USC00051772,Snow,1960-04-27T00:00:00.0000000-06:00,0.000000,,,0,,NOAA,2013-03-29T15:47:48.0770000-06:00,in
37,USC00051772,Snow,1960-04-28T00:00:00.0000000-06:00,0.000000,,,0,,NOAA,2013-03-29T15:47:48.0770000-06:00,in
37,USC00051772,Snow,1960-04-29T00:00:00.0000000-06:00,0.000000,T,,0,,NOAA,2013-03-29T15:47:48.0770000-06:00,in
37,USC00051772,Snow,1960-04-30T00:00:00.0000000-06:00,0.000000,,,0,,NOAA,2013-03-29T15:47:48.0770000-06:00,in
37,USC00051772,Snow,1960-05-01T00:00:00.0000000-06:00,0.000000,,,0,,NOAA,2013-03-29T15:47:48.0770000-06:00,in
37,USC00051772,Snow,1960-05-02T00:00:00.0000000-06:00,0.000000,,,0,,NOAA,2013-03-29T15:47:48.0770000-06:00,in
37,USC00051772,Snow,1960-05-03T00:00:00.0000000-06:00,0.000000,,,0,,NOAA,2013-03-29T15:47:48.0770000-06:00,in
37,USC00051772,Snow,1960-05-04T00:00:00.0000000-06:00,0.000000,,,0,,NOAA,2013-03-29T15:47:48.0770000-06:00,in
37,USC00051772,Snow,1960-05-05T00:00:00.0000000-06:00,0.000000,,,0,,NOAA,2013-03-29T15:47:48.0770000-06:00,in
37,USC00051772,Snow,1960-05-06T00:00:00.0000000-06:00,0.000000,,,0,,NOAA,2013-03-29T15:47:48.0770000-06:00,in
37,USC00051772,Snow,1960-05-07T00:00:00.0000000-06:00,0.000000,,,0,,NOAA,2013-03-29T15:47:48.0770000-06:00,in
37,USC00051772,Snow,1960-05-08T00:00:00.0000000-06:00,0.000000,,,0,,NOAA,2013-03-29T15:47:48.0770000-06:00,in
37,USC00051772,Snow,1960-05-09T00:00:00.0000000-06:00,0.000000,,,0,,NOAA,2013-03-29T15:47:48.0770000-06:00,in
37,USC00051772,Snow,1960-05-10T00:00:00.0000000-06:00,0.000000,,,0,,NOAA,2013-03-29T15:47:48.0770000-06:00,in
37,USC00051772,Snow,1960-05-11T00:00:00.0000000-06:00,0.000000,,,0,,NOAA,2013-03-29T15:47:48.0770000-06:00,in
37,USC00051772,Snow,1960-05-12T00:00:00.0000000-06:00,0.000000,,,0,,NOAA,2013-03-29T15:47:48.0770000-06:00,in
37,USC00051772,Snow,1960-05-13T00:00:00.0000000-06:00,0.000000,,,0,,NOAA,2013-03-29T15:47:48.0770000-06:00,in
37,USC00051772,Snow,1960-05-14T00:00:00.0000000-06:00,0.000000,,,0,,NOAA,2013-03-29T15:47:48.0770000-06:00,in
37,USC00051772,Snow,1960-05-15T00:00:00.0000000-06:00,0.000000,,,0,,NOAA,2013-03-29T15:47:48.0770000-06:00,in
37,USC00051772,Snow,1960-05-16T00:00:00.0000000-06:00,0.000000,T,,0,,NOAA,2013-03-29T15:47:48.0770000-06:00,in
37,USC00051772,Snow,1960-05-17T00:00:00.0000000-06:00,0.000000,T,,0,,NOAA,2013-03-29T15:47:48.0770000-06:00,in
37,USC00051772,Snow,1960-05-18T00:00:00.0000000-06:00,0.000000,,,0,,NOAA,2013-03-29T15:47:48.0770000-06:00,in
37,USC00051772,Snow,1960-05-19T00:00:00.0000000-06:00,0.000000,T,,0,,NOAA,2013-03-29T15:47:48.0770000-06:00,in
37,USC00051772,Snow,1960-05-20T00:00:00.0000000-06:00,0.000000,,,0,,NOAA,2013-03-29T15:47:48.0770000-06:00,in
37,USC00051772,Snow,1960-05-21T00:00:00.0000000-06:00,0.000000,,,0,,NOAA,2013-03-29T15:47:48.0770000-06:00,in
37,USC00051772,Snow,1960-05-22T00:00:00.0000000-06:00,0.000000,,,0,,NOAA,2013-03-29T15:47:48.0770000-06:00,in
37,USC00051772,Snow,1960-05-23T00:00:00.0000000-06:00,0.000000,,,0,,NOAA,2013-03-29T15:47:48.0770000-06:00,in
37,USC00051772,Snow,1960-05-24T00:00:00.0000000-06:00,0.000000,,,0,,NOAA,2013-03-29T15:47:48.0770000-06:00,in
37,USC00051772,Snow,1960-05-25T00:00:00.0000000-06:00,0.000000,,,0,,NOAA,2013-03-29T15:47:48.0770000-06:00,in
37,USC00051772,Snow,1960-05-26T00:00:00.0000000-06:00,0.000000,,,0,,NOAA,2013-03-29T15:47:48.0770000-06:00,in
37,USC00051772,Snow,1960-05-27T00:00:00.0000000-06:00,0.000000,,,0,,NOAA,2013-03-29T15:47:48.0770000-06:00,in
37,USC00051772,Snow,1960-05-28T00:00:00.0000000-06:00,0.000000,,,0,,NOAA,2013-03-29T15:47:48.0770000-06:00,in
37,USC00051772,Snow,1960-05-29T00:00:00.0000000-06:00,0.000000,,,0,,NOAA,2013-03-29T15:47:48.0770000-06:00,in
37,USC00051772,Snow,1960-05-30T00:00:00.0000000-06:00,0.000000,,,0,,NOAA,2013-03-29T15:47:48.0770000-06:00,in
37,USC00051772,Snow,1960-05-31T00:00:00.0000000-06:00,0.000000,,,0,,NOAA,2013-03-29T15:47:48.0770000-06:00,in
37,USC00051772,Snow,1960-06-01T00:00:00.0000000-06:00,0.000000,,,0,,NOAA,2013-03-29T15:47:48.0770000-06:00,in
37,USC00051772,Snow,1960-06-02T00:00:00.0000000-06:00,0.000000,,,0,,NOAA,2013-03-29T15:47:48.0770000-06:00,in
37,USC00051772,Snow,1960-06-03T00:00:00.0000000-06:00,0.000000,,,0,,NOAA,2013-03-29T15:47:48.0770000-06:00,in
37,USC00051772,Snow,1960-06-04T00:00:00.0000000-06:00,0.000000,,,0,,NOAA,2013-03-29T15:47:48.0770000-06:00,in
37,USC00051772,Snow,1960-06-05T00:00:00.0000000-06:00,0.000000,,,0,,NOAA,2013-03-29T15:47:48.0770000-06:00,in
37,USC00051772,Snow,1960-06-06T00:00:00.0000000-06:00,0.000000,,,0,,NOAA,2013-03-29T15:47:48.0770000-06:00,in
37,USC00051772,Snow,1960-06-07T00:00:00.0000000-06:00,0.000000,,,0,,NOAA,2013-03-29T15:47:48.0770000-06:00,in
37,USC00051772,Snow,1960-06-08T00:00:00.0000000-06:00,0.000000,,,0,,NOAA,2013-03-29T15:47:48.0770000-06:00,in
37,USC00051772,Snow,1960-06-09T00:00:00.0000000-06:00,0.000000,,,0,,NOAA,2013-03-29T15:47:48.0770000-06:00,in
37,USC00051772,Snow,1960-06-10T00:00:00.0000000-06:00,0.000000,,,0,,NOAA,2013-03-29T15:47:48.0770000-06:00,in
37,USC00051772,Snow,1960-06-11T00:00:00.0000000-06:00,0.000000,,,0,,NOAA,2013-03-29T15:47:48.0770000-06:00,in
37,USC00051772,Snow,1960-06-12T00:00:00.0000000-06:00,0.000000,,,0,,NOAA,2013-03-29T15:47:48.0770000-06:00,in
37,USC00051772,Snow,1960-06-13T00:00:00.0000000-06:00,0.000000,,,0,,NOAA,2013-03-29T15:47:48.0770000-06:00,in
37,USC00051772,Snow,1960-06-14T00:00:00.0000000-06:00,0.000000,,,0,,NOAA,2013-03-29T15:47:48.0770000-06:00,in
37,USC00051772,Snow,1960-06-15T00:00:00.0000000-06:00,0.000000,,,0,,NOAA,2013-03-29T15:47:48.0770000-06:00,in
37,USC00051772,Snow,1960-06-16T00:00:00.0000000-06:00,0.000000,,,0,,NOAA,2013-03-29T15:47:48.0770000-06:00,in
37,USC00051772,Snow,1960-06-17T00:00:00.0000000-06:00,0.000000,,,0,,NOAA,2013-03-29T15:47:48.0770000-06:00,in
37,USC00051772,Snow,1960-06-18T00:00:00.0000000-06:00,0.000000,,,0,,NOAA,2013-03-29T15:47:48.0770000-06:00,in
37,USC00051772,Snow,1960-06-19T00:00:00.0000000-06:00,0.000000,,,0,,NOAA,2013-03-29T15:47:48.0770000-06:00,in
37,USC00051772,Snow,1960-06-20T00:00:00.0000000-06:00,0.000000,,,0,,NOAA,2013-03-29T15:47:48.0770000-06:00,in
37,USC00051772,Snow,1960-06-21T00:00:00.0000000-06:00,0.000000,,,0,,NOAA,2013-03-29T15:47:48.0770000-06:00,in
37,USC00051772,Snow,1960-06-22T00:00:00.0000000-06:00,0.000000,,,0,,NOAA,2013-03-29T15:47:48.0770000-06:00,in
37,USC00051772,Snow,1960-06-23T00:00:00.0000000-06:00,0.000000,,,0,,NOAA,2013-03-29T15:47:48.0770000-06:00,in
37,USC00051772,Snow,1960-06-24T00:00:00.0000000-06:00,0.000000,,,0,,NOAA,2013-03-29T15:47:48.0770000-06:00,in
37,USC00051772,Snow,1960-06-25T00:00:00.0000000-06:00,0.000000,,,0,,NOAA,2013-03-29T15:47:48.0770000-06:00,in
37,USC00051772,Snow,1960-06-26T00:00:00.0000000-06:00,0.000000,,,0,,NOAA,2013-03-29T15:47:48.0770000-06:00,in
37,USC00051772,Snow,1960-06-27T00:00:00.0000000-06:00,0.000000,,,0,,NOAA,2013-03-29T15:47:48.0770000-06:00,in
37,USC00051772,Snow,1960-06-28T00:00:00.0000000-06:00,0.000000,,,0,,NOAA,2013-03-29T15:47:48.0770000-06:00,in
37,USC00051772,Snow,1960-06-29T00:00:00.0000000-06:00,0.000000,,,0,,NOAA,2013-03-29T15:47:48.0770000-06:00,in
37,USC00051772,Snow,1960-06-30T00:00:00.0000000-06:00,0.000000,,,0,,NOAA,2013-03-29T15:47:48.0770000-06:00,in
37,USC00051772,Snow,1960-08-01T00:00:00.0000000-06:00,0.000000,,,0,,NOAA,2013-03-29T15:47:48.0770000-06:00,in
37,USC00051772,Snow,1960-08-02T00:00:00.0000000-06:00,0.000000,,,0,,NOAA,2013-03-29T15:47:48.0770000-06:00,in
37,USC00051772,Snow,1960-08-03T00:00:00.0000000-06:00,0.000000,,,0,,NOAA,2013-03-29T15:47:48.0770000-06:00,in
37,USC00051772,Snow,1960-08-04T00:00:00.0000000-06:00,0.000000,,,0,,NOAA,2013-03-29T15:47:48.0770000-06:00,in
37,USC00051772,Snow,1960-08-05T00:00:00.0000000-06:00,0.000000,,,0,,NOAA,2013-03-29T15:47:48.0770000-06:00,in
37,USC00051772,Snow,1960-08-06T00:00:00.0000000-06:00,0.000000,,,0,,NOAA,2013-03-29T15:47:48.0770000-06:00,in
37,USC00051772,Snow,1960-08-07T00:00:00.0000000-06:00,0.000000,,,0,,NOAA,2013-03-29T15:47:48.0770000-06:00,in
37,USC00051772,Snow,1960-08-08T00:00:00.0000000-06:00,0.000000,,,0,,NOAA,2013-03-29T15:47:48.0770000-06:00,in
37,USC00051772,Snow,1960-08-09T00:00:00.0000000-06:00,0.000000,,,0,,NOAA,2013-03-29T15:47:48.0770000-06:00,in
37,USC00051772,Snow,1960-08-10T00:00:00.0000000-06:00,0.000000,,,0,,NOAA,2013-03-29T15:47:48.0770000-06:00,in
37,USC00051772,Snow,1960-08-11T00:00:00.0000000-06:00,0.000000,,,0,,NOAA,2013-03-29T15:47:48.0770000-06:00,in
37,USC00051772,Snow,1960-08-12T00:00:00.0000000-06:00,0.000000,,,0,,NOAA,2013-03-29T15:47:48.0770000-06:00,in
37,USC00051772,Snow,1960-08-13T00:00:00.0000000-06:00,0.000000,,,0,,NOAA,2013-03-29T15:47:48.0770000-06:00,in
37,USC00051772,Snow,1960-08-14T00:00:00.0000000-06:00,0.000000,,,0,,NOAA,2013-03-29T15:47:48.0770000-06:00,in
37,USC00051772,Snow,1960-08-15T00:00:00.0000000-06:00,0.000000,,,0,,NOAA,2013-03-29T15:47:48.0770000-06:00,in
37,USC00051772,Snow,1960-08-16T00:00:00.0000000-06:00,0.000000,,,0,,NOAA,2013-03-29T15:47:48.0770000-06:00,in
37,USC00051772,Snow,1960-08-17T00:00:00.0000000-06:00,0.000000,,,0,,NOAA,2013-03-29T15:47:48.0770000-06:00,in
37,USC00051772,Snow,1960-08-18T00:00:00.0000000-06:00,0.000000,,,0,,NOAA,2013-03-29T15:47:48.0770000-06:00,in
37,USC00051772,Snow,1960-08-19T00:00:00.0000000-06:00,0.000000,,,0,,NOAA,2013-03-29T15:47:48.0770000-06:00,in
37,USC00051772,Snow,1960-08-20T00:00:00.0000000-06:00,0.000000,,,0,,NOAA,2013-03-29T15:47:48.0770000-06:00,in
37,USC00051772,Snow,1960-08-21T00:00:00.0000000-06:00,0.000000,,,0,,NOAA,2013-03-29T15:47:48.0770000-06:00,in
37,USC00051772,Snow,1960-08-22T00:00:00.0000000-06:00,0.000000,,,0,,NOAA,2013-03-29T15:47:48.0770000-06:00,in
37,USC00051772,Snow,1960-08-23T00:00:00.0000000-06:00,0.000000,,,0,,NOAA,2013-03-29T15:47:48.0770000-06:00,in
37,USC00051772,Snow,1960-08-24T00:00:00.0000000-06:00,0.000000,,,0,,NOAA,2013-03-29T15:47:48.0770000-06:00,in
37,USC00051772,Snow,1960-08-25T00:00:00.0000000-06:00,0.000000,,,0,,NOAA,2013-03-29T15:47:48.0770000-06:00,in
37,USC00051772,Snow,1960-08-26T00:00:00.0000000-06:00,0.000000,,,0,,NOAA,2013-03-29T15:47:48.0770000-06:00,in
37,USC00051772,Snow,1960-08-27T00:00:00.0000000-06:00,0.000000,,,0,,NOAA,2013-03-29T15:47:48.0770000-06:00,in
37,USC00051772,Snow,1960-08-28T00:00:00.0000000-06:00,0.000000,,,0,,NOAA,2013-03-29T15:47:48.0770000-06:00,in
37,USC00051772,Snow,1960-08-29T00:00:00.0000000-06:00,0.000000,,,0,,NOAA,2013-03-29T15:47:48.0770000-06:00,in
37,USC00051772,Snow,1960-08-30T00:00:00.0000000-06:00,0.000000,,,0,,NOAA,2013-03-29T15:47:48.0770000-06:00,in
37,USC00051772,Snow,1960-08-31T00:00:00.0000000-06:00,0.000000,,,0,,NOAA,2013-03-29T15:47:48.0770000-06:00,in
37,USC00051772,Snow,1960-09-01T00:00:00.0000000-06:00,0.000000,,,0,,NOAA,2013-03-29T15:47:48.0770000-06:00,in
37,USC00051772,Snow,1960-09-02T00:00:00.0000000-06:00,0.000000,,,0,,NOAA,2013-03-29T15:47:48.0770000-06:00,in
37,USC00051772,Snow,1960-09-03T00:00:00.0000000-06:00,0.000000,,,0,,NOAA,2013-03-29T15:47:48.0770000-06:00,in
37,USC00051772,Snow,1960-09-04T00:00:00.0000000-06:00,0.000000,,,0,,NOAA,2013-03-29T15:47:48.0770000-06:00,in
37,USC00051772,Snow,1960-09-05T00:00:00.0000000-06:00,0.000000,,,0,,NOAA,2013-03-29T15:47:48.0770000-06:00,in
37,USC00051772,Snow,1960-09-06T00:00:00.0000000-06:00,0.000000,,,0,,NOAA,2013-03-29T15:47:48.0770000-06:00,in
37,USC00051772,Snow,1960-09-07T00:00:00.0000000-06:00,0.000000,,,0,,NOAA,2013-03-29T15:47:48.0770000-06:00,in
37,USC00051772,Snow,1960-09-08T00:00:00.0000000-06:00,0.000000,,,0,,NOAA,2013-03-29T15:47:48.0770000-06:00,in
37,USC00051772,Snow,1960-09-09T00:00:00.0000000-06:00,0.000000,,,0,,NOAA,2013-03-29T15:47:48.0770000-06:00,in
37,USC00051772,Snow,1960-09-10T00:00:00.0000000-06:00,0.000000,,,0,,NOAA,2013-03-29T15:47:48.0770000-06:00,in
37,USC00051772,Snow,1960-09-11T00:00:00.0000000-06:00,0.000000,,,0,,NOAA,2013-03-29T15:47:48.0770000-06:00,in
37,USC00051772,Snow,1960-09-12T00:00:00.0000000-06:00,0.000000,,,0,,NOAA,2013-03-29T15:47:48.0770000-06:00,in
37,USC00051772,Snow,1960-09-13T00:00:00.0000000-06:00,0.000000,,,0,,NOAA,2013-03-29T15:47:48.0770000-06:00,in
37,USC00051772,Snow,1960-09-14T00:00:00.0000000-06:00,0.000000,,,0,,NOAA,2013-03-29T15:47:48.0770000-06:00,in
37,USC00051772,Snow,1960-09-15T00:00:00.0000000-06:00,0.000000,,,0,,NOAA,2013-03-29T15:47:48.0770000-06:00,in
37,USC00051772,Snow,1960-09-16T00:00:00.0000000-06:00,0.000000,,,0,,NOAA,2013-03-29T15:47:48.0770000-06:00,in
37,USC00051772,Snow,1960-09-17T00:00:00.0000000-06:00,0.000000,,,0,,NOAA,2013-03-29T15:47:48.0770000-06:00,in
37,USC00051772,Snow,1960-09-18T00:00:00.0000000-06:00,0.000000,,,0,,NOAA,2013-03-29T15:47:48.0770000-06:00,in
37,USC00051772,Snow,1960-09-19T00:00:00.0000000-06:00,0.000000,,,0,,NOAA,2013-03-29T15:47:48.0770000-06:00,in
37,USC00051772,Snow,1960-09-20T00:00:00.0000000-06:00,0.000000,,,0,,NOAA,2013-03-29T15:47:48.0770000-06:00,in
37,USC00051772,Snow,1960-09-21T00:00:00.0000000-06:00,0.000000,,,0,,NOAA,2013-03-29T15:47:48.0770000-06:00,in
37,USC00051772,Snow,1960-09-22T00:00:00.0000000-06:00,0.000000,,,0,,NOAA,2013-03-29T15:47:48.0770000-06:00,in
37,USC00051772,Snow,1960-09-23T00:00:00.0000000-06:00,0.000000,,,0,,NOAA,2013-03-29T15:47:48.0770000-06:00,in
37,USC00051772,Snow,1960-09-24T00:00:00.0000000-06:00,0.000000,,,0,,NOAA,2013-03-29T15:47:48.0770000-06:00,in
37,USC00051772,Snow,1960-09-25T00:00:00.0000000-06:00,0.000000,,,0,,NOAA,2013-03-29T15:47:48.0770000-06:00,in
37,USC00051772,Snow,1960-09-26T00:00:00.0000000-06:00,0.000000,,,0,,NOAA,2013-03-29T15:47:48.0770000-06:00,in
37,USC00051772,Snow,1960-09-27T00:00:00.0000000-06:00,0.000000,,,0,,NOAA,2013-03-29T15:47:48.0770000-06:00,in
37,USC00051772,Snow,1960-09-28T00:00:00.0000000-06:00,0.000000,,,0,,NOAA,2013-03-29T15:47:48.0770000-06:00,in
37,USC00051772,Snow,1960-09-29T00:00:00.0000000-06:00,0.000000,,,0,,NOAA,2013-03-29T15:47:48.0770000-06:00,in
37,USC00051772,Snow,1960-09-30T00:00:00.0000000-06:00,0.000000,,,0,,NOAA,2013-03-29T15:47:48.0770000-06:00,in
37,USC00051772,Snow,1960-10-01T00:00:00.0000000-06:00,0.000000,,,0,,NOAA,2013-03-29T15:47:48.0770000-06:00,in
37,USC00051772,Snow,1960-10-02T00:00:00.0000000-06:00,0.000000,,,0,,NOAA,2013-03-29T15:47:48.0770000-06:00,in
37,USC00051772,Snow,1960-10-03T00:00:00.0000000-06:00,0.000000,,,0,,NOAA,2013-03-29T15:47:48.0770000-06:00,in
37,USC00051772,Snow,1960-10-04T00:00:00.0000000-06:00,0.000000,,,0,,NOAA,2013-03-29T15:47:48.0770000-06:00,in
37,USC00051772,Snow,1960-10-05T00:00:00.0000000-06:00,0.000000,,,0,,NOAA,2013-03-29T15:47:48.0770000-06:00,in
37,USC00051772,Snow,1960-10-06T00:00:00.0000000-06:00,0.000000,,,0,,NOAA,2013-03-29T15:47:48.0770000-06:00,in
37,USC00051772,Snow,1960-10-07T00:00:00.0000000-06:00,0.000000,,,0,,NOAA,2013-03-29T15:47:48.0770000-06:00,in
37,USC00051772,Snow,1960-10-08T00:00:00.0000000-06:00,0.000000,,,0,,NOAA,2013-03-29T15:47:48.0770000-06:00,in
37,USC00051772,Snow,1960-10-09T00:00:00.0000000-06:00,0.000000,,,0,,NOAA,2013-03-29T15:47:48.0770000-06:00,in
37,USC00051772,Snow,1960-10-10T00:00:00.0000000-06:00,0.000000,,,0,,NOAA,2013-03-29T15:47:48.0770000-06:00,in
37,USC00051772,Snow,1960-10-11T00:00:00.0000000-06:00,0.000000,,,0,,NOAA,2013-03-29T15:47:48.0770000-06:00,in
37,USC00051772,Snow,1960-10-12T00:00:00.0000000-06:00,0.000000,,,0,,NOAA,2013-03-29T15:47:48.0770000-06:00,in
37,USC00051772,Snow,1960-10-13T00:00:00.0000000-06:00,0.000000,,,0,,NOAA,2013-03-29T15:47:48.0770000-06:00,in
37,USC00051772,Snow,1960-10-14T00:00:00.0000000-06:00,0.000000,,,0,,NOAA,2013-03-29T15:47:48.0770000-06:00,in
37,USC00051772,Snow,1960-10-15T00:00:00.0000000-06:00,0.000000,,,0,,NOAA,2013-03-29T15:47:48.0770000-06:00,in
37,USC00051772,Snow,1960-10-16T00:00:00.0000000-06:00,0.000000,,,0,,NOAA,2013-03-29T15:47:48.0770000-06:00,in
37,USC00051772,Snow,1960-10-17T00:00:00.0000000-06:00,0.000000,,,0,,NOAA,2013-03-29T15:47:48.0770000-06:00,in
37,USC00051772,Snow,1960-10-18T00:00:00.0000000-06:00,0.000000,,,0,,NOAA,2013-03-29T15:47:48.0770000-06:00,in
37,USC00051772,Snow,1960-10-19T00:00:00.0000000-06:00,0.000000,,,0,,NOAA,2013-03-29T15:47:48.0770000-06:00,in
37,USC00051772,Snow,1960-10-20T00:00:00.0000000-06:00,0.000000,,,0,,NOAA,2013-03-29T15:47:48.0770000-06:00,in
37,USC00051772,Snow,1960-10-21T00:00:00.0000000-06:00,0.000000,,,0,,NOAA,2013-03-29T15:47:48.0770000-06:00,in
37,USC00051772,Snow,1960-10-22T00:00:00.0000000-06:00,0.000000,,,0,,NOAA,2013-03-29T15:47:48.0770000-06:00,in
37,USC00051772,Snow,1960-10-23T00:00:00.0000000-06:00,0.000000,,,0,,NOAA,2013-03-29T15:47:48.0770000-06:00,in
37,USC00051772,Snow,1960-10-24T00:00:00.0000000-06:00,0.000000,,,0,,NOAA,2013-03-29T15:47:48.0770000-06:00,in
37,USC00051772,Snow,1960-10-25T00:00:00.0000000-06:00,0.000000,,,0,,NOAA,2013-03-29T15:47:48.0770000-06:00,in
37,USC00051772,Snow,1960-10-26T00:00:00.0000000-06:00,0.000000,,,0,,NOAA,2013-03-29T15:47:48.0770000-06:00,in
37,USC00051772,Snow,1960-10-27T00:00:00.0000000-06:00,0.000000,,,0,,NOAA,2013-03-29T15:47:48.0770000-06:00,in
37,USC00051772,Snow,1960-10-28T00:00:00.0000000-06:00,0.000000,,,0,,NOAA,2013-03-29T15:47:48.0770000-06:00,in
37,USC00051772,Snow,1960-10-29T00:00:00.0000000-06:00,0.000000,,,0,,NOAA,2013-03-29T15:47:48.0770000-06:00,in
37,USC00051772,Snow,1960-10-30T00:00:00.0000000-06:00,0.000000,,,0,,NOAA,2013-03-29T15:47:48.0770000-06:00,in
37,USC00051772,Snow,1960-10-31T00:00:00.0000000-07:00,0.000000,,,0,,NOAA,2013-03-29T15:47:48.0770000-06:00,in
37,USC00051772,Snow,1960-11-01T00:00:00.0000000-07:00,0.000000,,,0,,NOAA,2013-03-29T15:47:48.0770000-06:00,in
37,USC00051772,Snow,1960-11-02T00:00:00.0000000-07:00,0.000000,,,0,,NOAA,2013-03-29T15:47:48.0770000-06:00,in
37,USC00051772,Snow,1960-11-03T00:00:00.0000000-07:00,0.000000,,,0,,NOAA,2013-03-29T15:47:48.0770000-06:00,in
37,USC00051772,Snow,1960-11-04T00:00:00.0000000-07:00,0.000000,,,0,,NOAA,2013-03-29T15:47:48.0770000-06:00,in
37,USC00051772,Snow,1960-11-05T00:00:00.0000000-07:00,0.000000,,,0,,NOAA,2013-03-29T15:47:48.0770000-06:00,in
37,USC00051772,Snow,1960-11-06T00:00:00.0000000-07:00,0.000000,,,0,,NOAA,2013-03-29T15:47:48.0770000-06:00,in
37,USC00051772,Snow,1960-11-07T00:00:00.0000000-07:00,0.000000,,,0,,NOAA,2013-03-29T15:47:48.0770000-06:00,in
37,USC00051772,Snow,1960-11-08T00:00:00.0000000-07:00,0.000000,,,0,,NOAA,2013-03-29T15:47:48.0770000-06:00,in
37,USC00051772,Snow,1960-11-09T00:00:00.0000000-07:00,0.000000,,,0,,NOAA,2013-03-29T15:47:48.0770000-06:00,in
37,USC00051772,Snow,1960-11-10T00:00:00.0000000-07:00,0.000000,,,0,,NOAA,2013-03-29T15:47:48.0770000-06:00,in
37,USC00051772,Snow,1960-11-11T00:00:00.0000000-07:00,0.000000,,,0,,NOAA,2013-03-29T15:47:48.0770000-06:00,in
37,USC00051772,Snow,1960-11-12T00:00:00.0000000-07:00,0.000000,,,0,,NOAA,2013-03-29T15:47:48.0770000-06:00,in
37,USC00051772,Snow,1960-11-13T00:00:00.0000000-07:00,0.000000,,,0,,NOAA,2013-03-29T15:47:48.0770000-06:00,in
37,USC00051772,Snow,1960-11-14T00:00:00.0000000-07:00,0.000000,,,0,,NOAA,2013-03-29T15:47:48.0770000-06:00,in
37,USC00051772,Snow,1960-11-15T00:00:00.0000000-07:00,0.000000,,,0,,NOAA,2013-03-29T15:47:48.0770000-06:00,in
37,USC00051772,Snow,1960-11-16T00:00:00.0000000-07:00,0.000000,,,0,,NOAA,2013-03-29T15:47:48.0770000-06:00,in
37,USC00051772,Snow,1960-11-17T00:00:00.0000000-07:00,0.000000,,,0,,NOAA,2013-03-29T15:47:48.0770000-06:00,in
37,USC00051772,Snow,1960-11-18T00:00:00.0000000-07:00,0.000000,,,0,,NOAA,2013-03-29T15:47:48.0770000-06:00,in
37,USC00051772,Snow,1960-11-19T00:00:00.0000000-07:00,0.000000,,,0,,NOAA,2013-03-29T15:47:48.0770000-06:00,in
37,USC00051772,Snow,1960-11-20T00:00:00.0000000-07:00,0.000000,,,0,,NOAA,2013-03-29T15:47:48.0770000-06:00,in
37,USC00051772,Snow,1960-11-21T00:00:00.0000000-07:00,0.000000,,,0,,NOAA,2013-03-29T15:47:48.0770000-06:00,in
37,USC00051772,Snow,1960-11-22T00:00:00.0000000-07:00,0.000000,,,0,,NOAA,2013-03-29T15:47:48.0770000-06:00,in
37,USC00051772,Snow,1960-11-23T00:00:00.0000000-07:00,0.000000,,,0,,NOAA,2013-03-29T15:47:48.0770000-06:00,in
37,USC00051772,Snow,1960-11-24T00:00:00.0000000-07:00,0.000000,,,0,,NOAA,2013-03-29T15:47:48.0770000-06:00,in
37,USC00051772,Snow,1960-11-25T00:00:00.0000000-07:00,0.000000,,,0,,NOAA,2013-03-29T15:47:48.0770000-06:00,in
37,USC00051772,Snow,1960-11-26T00:00:00.0000000-07:00,0.000000,,,0,,NOAA,2013-03-29T15:47:48.0770000-06:00,in
37,USC00051772,Snow,1960-11-27T00:00:00.0000000-07:00,0.000000,,,0,,NOAA,2013-03-29T15:47:48.0770000-06:00,in
37,USC00051772,Snow,1960-11-28T00:00:00.0000000-07:00,0.000000,,,0,,NOAA,2013-03-29T15:47:48.0770000-06:00,in
37,USC00051772,Snow,1960-11-29T00:00:00.0000000-07:00,0.000000,,,0,,NOAA,2013-03-29T15:47:48.0770000-06:00,in
37,USC00051772,Snow,1960-11-30T00:00:00.0000000-07:00,0.000000,,,0,,NOAA,2013-03-29T15:47:48.0770000-06:00,in
37,USC00051772,Snow,1960-12-01T00:00:00.0000000-07:00,0.000000,,,0,,NOAA,2013-03-29T15:47:48.0770000-06:00,in
37,USC00051772,Snow,1960-12-02T00:00:00.0000000-07:00,0.000000,,,0,,NOAA,2013-03-29T15:47:48.0770000-06:00,in
37,USC00051772,Snow,1960-12-03T00:00:00.0000000-07:00,0.000000,T,,0,,NOAA,2013-03-29T15:47:48.0770000-06:00,in
37,USC00051772,Snow,1960-12-04T00:00:00.0000000-07:00,0.000000,,,0,,NOAA,2013-03-29T15:47:48.0770000-06:00,in
37,USC00051772,Snow,1960-12-05T00:00:00.0000000-07:00,2.007874,,,0,,NOAA,2013-03-29T15:47:48.0770000-06:00,in
37,USC00051772,Snow,1960-12-06T00:00:00.0000000-07:00,5.000000,,,0,,NOAA,2013-03-29T15:47:48.0770000-06:00,in
37,USC00051772,Snow,1960-12-07T00:00:00.0000000-07:00,0.000000,,,0,,NOAA,2013-03-29T15:47:48.0770000-06:00,in
37,USC00051772,Snow,1960-12-08T00:00:00.0000000-07:00,0.000000,,,0,,NOAA,2013-03-29T15:47:48.0770000-06:00,in
37,USC00051772,Snow,1960-12-09T00:00:00.0000000-07:00,0.000000,,,0,,NOAA,2013-03-29T15:47:48.0770000-06:00,in
37,USC00051772,Snow,1960-12-10T00:00:00.0000000-07:00,0.000000,,,0,,NOAA,2013-03-29T15:47:48.0770000-06:00,in
37,USC00051772,Snow,1960-12-11T00:00:00.0000000-07:00,0.000000,,,0,,NOAA,2013-03-29T15:47:48.0770000-06:00,in
37,USC00051772,Snow,1960-12-12T00:00:00.0000000-07:00,0.000000,,,0,,NOAA,2013-03-29T15:47:48.0770000-06:00,in
37,USC00051772,Snow,1960-12-13T00:00:00.0000000-07:00,0.000000,,,0,,NOAA,2013-03-29T15:47:48.0770000-06:00,in
37,USC00051772,Snow,1960-12-14T00:00:00.0000000-07:00,0.000000,,,0,,NOAA,2013-03-29T15:47:48.0770000-06:00,in
37,USC00051772,Snow,1960-12-15T00:00:00.0000000-07:00,0.000000,,,0,,NOAA,2013-03-29T15:47:48.0770000-06:00,in
37,USC00051772,Snow,1960-12-16T00:00:00.0000000-07:00,0.000000,,,0,,NOAA,2013-03-29T15:47:48.0770000-06:00,in
37,USC00051772,Snow,1960-12-17T00:00:00.0000000-07:00,0.000000,,,0,,NOAA,2013-03-29T15:47:48.0770000-06:00,in
37,USC00051772,Snow,1960-12-18T00:00:00.0000000-07:00,0.000000,,,0,,NOAA,2013-03-29T15:47:48.0770000-06:00,in
37,USC00051772,Snow,1960-12-19T00:00:00.0000000-07:00,0.000000,,,0,,NOAA,2013-03-29T15:47:48.0770000-06:00,in
37,USC00051772,Snow,1960-12-20T00:00:00.0000000-07:00,0.000000,,,0,,NOAA,2013-03-29T15:47:48.0770000-06:00,in
37,USC00051772,Snow,1960-12-21T00:00:00.0000000-07:00,0.000000,,,0,,NOAA,2013-03-29T15:47:48.0770000-06:00,in
37,USC00051772,Snow,1960-12-22T00:00:00.0000000-07:00,0.000000,,,0,,NOAA,2013-03-29T15:47:48.0770000-06:00,in
37,USC00051772,Snow,1960-12-23T00:00:00.0000000-07:00,0.000000,,,0,,NOAA,2013-03-29T15:47:48.0770000-06:00,in
37,USC00051772,Snow,1960-12-24T00:00:00.0000000-07:00,0.000000,,,0,,NOAA,2013-03-29T15:47:48.0770000-06:00,in
37,USC00051772,Snow,1960-12-25T00:00:00.0000000-07:00,0.000000,,,0,,NOAA,2013-03-29T15:47:48.0770000-06:00,in
37,USC00051772,Snow,1960-12-26T00:00:00.0000000-07:00,0.000000,,,0,,NOAA,2013-03-29T15:47:48.0770000-06:00,in
37,USC00051772,Snow,1960-12-27T00:00:00.0000000-07:00,0.000000,,,0,,NOAA,2013-03-29T15:47:48.0770000-06:00,in
37,USC00051772,Snow,1960-12-28T00:00:00.0000000-07:00,0.000000,,,0,,NOAA,2013-03-29T15:47:48.0770000-06:00,in
37,USC00051772,Snow,1960-12-29T00:00:00.0000000-07:00,0.000000,,,0,,NOAA,2013-03-29T15:47:48.0770000-06:00,in
37,USC00051772,Snow,1960-12-30T00:00:00.0000000-07:00,0.000000,,,0,,NOAA,2013-03-29T15:47:48.0770000-06:00,in
37,USC00051772,Snow,1960-12-31T00:00:00.0000000-07:00,0.000000,,,0,,NOAA,2013-03-29T15:47:48.0770000-06:00,in
37,USC00051772,Snow,1961-01-01T00:00:00.0000000-07:00,0.000000,,,0,,NOAA,2013-03-29T15:47:48.0770000-06:00,in
37,USC00051772,Snow,1961-01-02T00:00:00.0000000-07:00,0.000000,,,0,,NOAA,2013-03-29T15:47:48.0770000-06:00,in
37,USC00051772,Snow,1961-01-03T00:00:00.0000000-07:00,0.000000,,,0,,NOAA,2013-03-29T15:47:48.0770000-06:00,in
37,USC00051772,Snow,1961-01-04T00:00:00.0000000-07:00,0.000000,,,0,,NOAA,2013-03-29T15:47:48.0770000-06:00,in
37,USC00051772,Snow,1961-01-05T00:00:00.0000000-07:00,0.000000,,,0,,NOAA,2013-03-29T15:47:48.0770000-06:00,in
37,USC00051772,Snow,1961-01-06T00:00:00.0000000-07:00,0.000000,,,0,,NOAA,2013-03-29T15:47:48.0770000-06:00,in
37,USC00051772,Snow,1961-01-07T00:00:00.0000000-07:00,0.000000,,,0,,NOAA,2013-03-29T15:47:48.0770000-06:00,in
37,USC00051772,Snow,1961-01-08T00:00:00.0000000-07:00,0.000000,,,0,,NOAA,2013-03-29T15:47:48.0770000-06:00,in
37,USC00051772,Snow,1961-01-09T00:00:00.0000000-07:00,0.000000,,,0,,NOAA,2013-03-29T15:47:48.0770000-06:00,in
37,USC00051772,Snow,1961-01-10T00:00:00.0000000-07:00,0.000000,,,0,,NOAA,2013-03-29T15:47:48.0770000-06:00,in
37,USC00051772,Snow,1961-01-11T00:00:00.0000000-07:00,0.000000,,,0,,NOAA,2013-03-29T15:47:48.0770000-06:00,in
37,USC00051772,Snow,1961-01-12T00:00:00.0000000-07:00,0.000000,,,0,,NOAA,2013-03-29T15:47:48.0770000-06:00,in
37,USC00051772,Snow,1961-01-13T00:00:00.0000000-07:00,0.000000,,,0,,NOAA,2013-03-29T15:47:48.0770000-06:00,in
37,USC00051772,Snow,1961-01-14T00:00:00.0000000-07:00,0.000000,,,0,,NOAA,2013-03-29T15:47:48.0770000-06:00,in
37,USC00051772,Snow,1961-01-15T00:00:00.0000000-07:00,0.000000,,,0,,NOAA,2013-03-29T15:47:48.0770000-06:00,in
37,USC00051772,Snow,1961-01-16T00:00:00.0000000-07:00,0.000000,,,0,,NOAA,2013-03-29T15:47:48.0770000-06:00,in
37,USC00051772,Snow,1961-01-17T00:00:00.0000000-07:00,0.000000,,,0,,NOAA,2013-03-29T15:47:48.0770000-06:00,in
37,USC00051772,Snow,1961-01-18T00:00:00.0000000-07:00,0.000000,,,0,,NOAA,2013-03-29T15:47:48.0770000-06:00,in
37,USC00051772,Snow,1961-01-19T00:00:00.0000000-07:00,0.000000,,,0,,NOAA,2013-03-29T15:47:48.0770000-06:00,in
37,USC00051772,Snow,1961-01-20T00:00:00.0000000-07:00,0.000000,,,0,,NOAA,2013-03-29T15:47:48.0770000-06:00,in
37,USC00051772,Snow,1961-01-21T00:00:00.0000000-07:00,0.000000,,,0,,NOAA,2013-03-29T15:47:48.0770000-06:00,in
37,USC00051772,Snow,1961-01-22T00:00:00.0000000-07:00,0.000000,,,0,,NOAA,2013-03-29T15:47:48.0770000-06:00,in
37,USC00051772,Snow,1961-01-23T00:00:00.0000000-07:00,0.000000,,,0,,NOAA,2013-03-29T15:47:48.0770000-06:00,in
37,USC00051772,Snow,1961-01-24T00:00:00.0000000-07:00,0.000000,,,0,,NOAA,2013-03-29T15:47:48.0770000-06:00,in
37,USC00051772,Snow,1961-01-25T00:00:00.0000000-07:00,0.000000,,,0,,NOAA,2013-03-29T15:47:48.0770000-06:00,in
37,USC00051772,Snow,1961-01-26T00:00:00.0000000-07:00,0.000000,,,0,,NOAA,2013-03-29T15:47:48.0770000-06:00,in
37,USC00051772,Snow,1961-01-27T00:00:00.0000000-07:00,0.314961,,,0,,NOAA,2013-03-29T15:47:48.0770000-06:00,in
37,USC00051772,Snow,1961-01-28T00:00:00.0000000-07:00,0.000000,,,0,,NOAA,2013-03-29T15:47:48.0770000-06:00,in
37,USC00051772,Snow,1961-01-29T00:00:00.0000000-07:00,0.000000,,,0,,NOAA,2013-03-29T15:47:48.0770000-06:00,in
37,USC00051772,Snow,1961-01-30T00:00:00.0000000-07:00,0.000000,,,0,,NOAA,2013-03-29T15:47:48.0770000-06:00,in
37,USC00051772,Snow,1961-01-31T00:00:00.0000000-07:00,0.000000,,,0,,NOAA,2013-03-29T15:47:48.0770000-06:00,in
37,USC00051772,Snow,1961-02-01T00:00:00.0000000-07:00,0.000000,,,0,,NOAA,2013-03-29T15:47:48.0770000-06:00,in
37,USC00051772,Snow,1961-02-02T00:00:00.0000000-07:00,0.000000,,,0,,NOAA,2013-03-29T15:47:48.0770000-06:00,in
37,USC00051772,Snow,1961-02-03T00:00:00.0000000-07:00,0.000000,,,0,,NOAA,2013-03-29T15:47:48.0770000-06:00,in
37,USC00051772,Snow,1961-02-04T00:00:00.0000000-07:00,0.000000,,,0,,NOAA,2013-03-29T15:47:48.0770000-06:00,in
37,USC00051772,Snow,1961-02-05T00:00:00.0000000-07:00,0.000000,,,0,,NOAA,2013-03-29T15:47:48.0770000-06:00,in
37,USC00051772,Snow,1961-02-06T00:00:00.0000000-07:00,0.000000,,,0,,NOAA,2013-03-29T15:47:48.0770000-06:00,in
37,USC00051772,Snow,1961-02-07T00:00:00.0000000-07:00,0.000000,,,0,,NOAA,2013-03-29T15:47:48.0770000-06:00,in
37,USC00051772,Snow,1961-02-08T00:00:00.0000000-07:00,0.000000,,,0,,NOAA,2013-03-29T15:47:48.0770000-06:00,in
37,USC00051772,Snow,1961-02-09T00:00:00.0000000-07:00,0.000000,,,0,,NOAA,2013-03-29T15:47:48.0770000-06:00,in
37,USC00051772,Snow,1961-02-10T00:00:00.0000000-07:00,0.000000,,,0,,NOAA,2013-03-29T15:47:48.0770000-06:00,in
37,USC00051772,Snow,1961-02-11T00:00:00.0000000-07:00,0.000000,,,0,,NOAA,2013-03-29T15:47:48.0770000-06:00,in
37,USC00051772,Snow,1961-02-12T00:00:00.0000000-07:00,0.000000,,,0,,NOAA,2013-03-29T15:47:48.0770000-06:00,in
37,USC00051772,Snow,1961-02-13T00:00:00.0000000-07:00,0.000000,,,0,,NOAA,2013-03-29T15:47:48.0770000-06:00,in
37,USC00051772,Snow,1961-02-14T00:00:00.0000000-07:00,0.000000,,,0,,NOAA,2013-03-29T15:47:48.0770000-06:00,in
37,USC00051772,Snow,1961-02-15T00:00:00.0000000-07:00,0.000000,,,0,,NOAA,2013-03-29T15:47:48.0770000-06:00,in
37,USC00051772,Snow,1961-02-16T00:00:00.0000000-07:00,0.000000,,,0,,NOAA,2013-03-29T15:47:48.0770000-06:00,in
37,USC00051772,Snow,1961-02-17T00:00:00.0000000-07:00,0.000000,,,0,,NOAA,2013-03-29T15:47:48.0770000-06:00,in
37,USC00051772,Snow,1961-02-18T00:00:00.0000000-07:00,6.496063,,,0,,NOAA,2013-03-29T15:47:48.0770000-06:00,in
37,USC00051772,Snow,1961-02-19T00:00:00.0000000-07:00,0.000000,,,0,,NOAA,2013-03-29T15:47:48.0770000-06:00,in
37,USC00051772,Snow,1961-02-20T00:00:00.0000000-07:00,0.000000,,,0,,NOAA,2013-03-29T15:47:48.0770000-06:00,in
37,USC00051772,Snow,1961-02-21T00:00:00.0000000-07:00,0.000000,,,0,,NOAA,2013-03-29T15:47:48.0770000-06:00,in
37,USC00051772,Snow,1961-02-22T00:00:00.0000000-07:00,0.000000,,,0,,NOAA,2013-03-29T15:47:48.0770000-06:00,in
37,USC00051772,Snow,1961-02-23T00:00:00.0000000-07:00,0.000000,,,0,,NOAA,2013-03-29T15:47:48.0770000-06:00,in
37,USC00051772,Snow,1961-02-24T00:00:00.0000000-07:00,0.000000,,,0,,NOAA,2013-03-29T15:47:48.0770000-06:00,in
37,USC00051772,Snow,1961-02-25T00:00:00.0000000-07:00,0.000000,,,0,,NOAA,2013-03-29T15:47:48.0770000-06:00,in
37,USC00051772,Snow,1961-02-26T00:00:00.0000000-07:00,0.000000,T,,0,,NOAA,2013-03-29T15:47:48.0770000-06:00,in
37,USC00051772,Snow,1961-02-27T00:00:00.0000000-07:00,0.000000,,,0,,NOAA,2013-03-29T15:47:48.0770000-06:00,in
37,USC00051772,Snow,1961-02-28T00:00:00.0000000-07:00,0.000000,,,0,,NOAA,2013-03-29T15:47:48.0770000-06:00,in
37,USC00051772,Snow,1961-03-01T00:00:00.0000000-07:00,0.000000,,,0,,NOAA,2013-03-29T15:47:48.0770000-06:00,in
37,USC00051772,Snow,1961-03-02T00:00:00.0000000-07:00,0.000000,,,0,,NOAA,2013-03-29T15:47:48.0770000-06:00,in
37,USC00051772,Snow,1961-03-03T00:00:00.0000000-07:00,2.007874,,,0,,NOAA,2013-03-29T15:47:48.0770000-06:00,in
37,USC00051772,Snow,1961-03-04T00:00:00.0000000-07:00,0.000000,,,0,,NOAA,2013-03-29T15:47:48.0770000-06:00,in
37,USC00051772,Snow,1961-03-05T00:00:00.0000000-07:00,0.000000,,,0,,NOAA,2013-03-29T15:47:48.0770000-06:00,in
37,USC00051772,Snow,1961-03-06T00:00:00.0000000-07:00,0.511811,,,0,,NOAA,2013-03-29T15:47:48.0770000-06:00,in
37,USC00051772,Snow,1961-03-07T00:00:00.0000000-07:00,0.000000,,,0,,NOAA,2013-03-29T15:47:48.0770000-06:00,in
37,USC00051772,Snow,1961-03-08T00:00:00.0000000-07:00,0.000000,,,0,,NOAA,2013-03-29T15:47:48.0770000-06:00,in
37,USC00051772,Snow,1961-03-09T00:00:00.0000000-07:00,0.000000,,,0,,NOAA,2013-03-29T15:47:48.0770000-06:00,in
37,USC00051772,Snow,1961-03-10T00:00:00.0000000-07:00,0.000000,,,0,,NOAA,2013-03-29T15:47:48.0770000-06:00,in
37,USC00051772,Snow,1961-03-11T00:00:00.0000000-07:00,0.000000,,,0,,NOAA,2013-03-29T15:47:48.0770000-06:00,in
37,USC00051772,Snow,1961-03-12T00:00:00.0000000-07:00,0.000000,,,0,,NOAA,2013-03-29T15:47:48.0770000-06:00,in
37,USC00051772,Snow,1961-03-13T00:00:00.0000000-07:00,0.000000,,,0,,NOAA,2013-03-29T15:47:48.0770000-06:00,in
37,USC00051772,Snow,1961-03-14T00:00:00.0000000-07:00,0.000000,,,0,,NOAA,2013-03-29T15:47:48.0770000-06:00,in
37,USC00051772,Snow,1961-03-15T00:00:00.0000000-07:00,0.000000,,,0,,NOAA,2013-03-29T15:47:48.0770000-06:00,in
37,USC00051772,Snow,1961-03-16T00:00:00.0000000-07:00,0.000000,,,0,,NOAA,2013-03-29T15:47:48.0770000-06:00,in
37,USC00051772,Snow,1961-03-17T00:00:00.0000000-07:00,0.000000,,,0,,NOAA,2013-03-29T15:47:48.0770000-06:00,in
37,USC00051772,Snow,1961-03-18T00:00:00.0000000-07:00,0.000000,,,0,,NOAA,2013-03-29T15:47:48.0770000-06:00,in
37,USC00051772,Snow,1961-03-19T00:00:00.0000000-07:00,0.000000,,,0,,NOAA,2013-03-29T15:47:48.0770000-06:00,in
37,USC00051772,Snow,1961-03-20T00:00:00.0000000-07:00,0.000000,,,0,,NOAA,2013-03-29T15:47:48.0770000-06:00,in
37,USC00051772,Snow,1961-03-21T00:00:00.0000000-07:00,0.000000,,,0,,NOAA,2013-03-29T15:47:48.0770000-06:00,in
37,USC00051772,Snow,1961-03-22T00:00:00.0000000-07:00,0.000000,,,0,,NOAA,2013-03-29T15:47:48.0770000-06:00,in
37,USC00051772,Snow,1961-03-23T00:00:00.0000000-07:00,0.000000,,,0,,NOAA,2013-03-29T15:47:48.0770000-06:00,in
37,USC00051772,Snow,1961-03-24T00:00:00.0000000-07:00,0.000000,,,0,,NOAA,2013-03-29T15:47:48.0770000-06:00,in
37,USC00051772,Snow,1961-03-25T00:00:00.0000000-07:00,0.000000,,,0,,NOAA,2013-03-29T15:47:48.0770000-06:00,in
37,USC00051772,Snow,1961-03-26T00:00:00.0000000-07:00,0.000000,,,0,,NOAA,2013-03-29T15:47:48.0770000-06:00,in
37,USC00051772,Snow,1961-03-27T00:00:00.0000000-07:00,0.000000,,,0,,NOAA,2013-03-29T15:47:48.0770000-06:00,in
37,USC00051772,Snow,1961-03-28T00:00:00.0000000-07:00,0.000000,,,0,,NOAA,2013-03-29T15:47:48.0770000-06:00,in
37,USC00051772,Snow,1961-03-29T00:00:00.0000000-07:00,0.000000,,,0,,NOAA,2013-03-29T15:47:48.0770000-06:00,in
37,USC00051772,Snow,1961-03-30T00:00:00.0000000-07:00,0.000000,,,0,,NOAA,2013-03-29T15:47:48.0770000-06:00,in
37,USC00051772,Snow,1961-03-31T00:00:00.0000000-07:00,0.000000,,,0,,NOAA,2013-03-29T15:47:48.0770000-06:00,in
37,USC00051772,Snow,1961-04-01T00:00:00.0000000-07:00,0.000000,,,0,,NOAA,2013-03-29T15:47:48.0770000-06:00,in
37,USC00051772,Snow,1961-04-02T00:00:00.0000000-07:00,0.000000,,,0,,NOAA,2013-03-29T15:47:48.0770000-06:00,in
37,USC00051772,Snow,1961-04-03T00:00:00.0000000-06:00,0.000000,,,0,,NOAA,2013-03-29T15:47:48.0770000-06:00,in
37,USC00051772,Snow,1961-04-04T00:00:00.0000000-06:00,0.000000,,,0,,NOAA,2013-03-29T15:47:48.0770000-06:00,in
37,USC00051772,Snow,1961-04-05T00:00:00.0000000-06:00,0.000000,,,0,,NOAA,2013-03-29T15:47:48.0770000-06:00,in
37,USC00051772,Snow,1961-04-06T00:00:00.0000000-06:00,0.000000,,,0,,NOAA,2013-03-29T15:47:48.0770000-06:00,in
37,USC00051772,Snow,1961-04-07T00:00:00.0000000-06:00,0.000000,,,0,,NOAA,2013-03-29T15:47:48.0770000-06:00,in
37,USC00051772,Snow,1961-04-08T00:00:00.0000000-06:00,0.000000,,,0,,NOAA,2013-03-29T15:47:48.0770000-06:00,in
37,USC00051772,Snow,1961-04-09T00:00:00.0000000-06:00,0.000000,,,0,,NOAA,2013-03-29T15:47:48.0770000-06:00,in
37,USC00051772,Snow,1961-04-10T00:00:00.0000000-06:00,0.000000,,,0,,NOAA,2013-03-29T15:47:48.0770000-06:00,in
37,USC00051772,Snow,1961-04-11T00:00:00.0000000-06:00,0.000000,,,0,,NOAA,2013-03-29T15:47:48.0770000-06:00,in
37,USC00051772,Snow,1961-04-12T00:00:00.0000000-06:00,0.000000,,,0,,NOAA,2013-03-29T15:47:48.0770000-06:00,in
37,USC00051772,Snow,1961-04-13T00:00:00.0000000-06:00,0.000000,,,0,,NOAA,2013-03-29T15:47:48.0770000-06:00,in
37,USC00051772,Snow,1961-04-14T00:00:00.0000000-06:00,0.000000,,,0,,NOAA,2013-03-29T15:47:48.0770000-06:00,in
37,USC00051772,Snow,1961-04-15T00:00:00.0000000-06:00,0.000000,,,0,,NOAA,2013-03-29T15:47:48.0770000-06:00,in
37,USC00051772,Snow,1961-04-16T00:00:00.0000000-06:00,0.000000,,,0,,NOAA,2013-03-29T15:47:48.0770000-06:00,in
37,USC00051772,Snow,1961-04-17T00:00:00.0000000-06:00,0.000000,,,0,,NOAA,2013-03-29T15:47:48.0770000-06:00,in
37,USC00051772,Snow,1961-04-18T00:00:00.0000000-06:00,0.000000,,,0,,NOAA,2013-03-29T15:47:48.0770000-06:00,in
37,USC00051772,Snow,1961-04-19T00:00:00.0000000-06:00,0.000000,,,0,,NOAA,2013-03-29T15:47:48.0770000-06:00,in
37,USC00051772,Snow,1961-04-20T00:00:00.0000000-06:00,0.000000,,,0,,NOAA,2013-03-29T15:47:48.0770000-06:00,in
37,USC00051772,Snow,1961-04-21T00:00:00.0000000-06:00,0.000000,,,0,,NOAA,2013-03-29T15:47:48.0770000-06:00,in
37,USC00051772,Snow,1961-04-22T00:00:00.0000000-06:00,0.000000,,,0,,NOAA,2013-03-29T15:47:48.0770000-06:00,in
37,USC00051772,Snow,1961-04-23T00:00:00.0000000-06:00,0.000000,,,0,,NOAA,2013-03-29T15:47:48.0770000-06:00,in
37,USC00051772,Snow,1961-04-24T00:00:00.0000000-06:00,0.000000,,,0,,NOAA,2013-03-29T15:47:48.0770000-06:00,in
37,USC00051772,Snow,1961-04-25T00:00:00.0000000-06:00,0.000000,,,0,,NOAA,2013-03-29T15:47:48.0770000-06:00,in
37,USC00051772,Snow,1961-04-26T00:00:00.0000000-06:00,0.000000,,,0,,NOAA,2013-03-29T15:47:48.0770000-06:00,in
37,USC00051772,Snow,1961-04-27T00:00:00.0000000-06:00,0.000000,,,0,,NOAA,2013-03-29T15:47:48.0770000-06:00,in
37,USC00051772,Snow,1961-04-28T00:00:00.0000000-06:00,0.000000,,,0,,NOAA,2013-03-29T15:47:48.0770000-06:00,in
37,USC00051772,Snow,1961-04-29T00:00:00.0000000-06:00,0.000000,,,0,,NOAA,2013-03-29T15:47:48.0770000-06:00,in
37,USC00051772,Snow,1961-04-30T00:00:00.0000000-06:00,0.000000,,,0,,NOAA,2013-03-29T15:47:48.0770000-06:00,in
37,USC00051772,Snow,1961-05-01T00:00:00.0000000-06:00,0.000000,,,0,,NOAA,2013-03-29T15:47:48.0770000-06:00,in
37,USC00051772,Snow,1961-05-02T00:00:00.0000000-06:00,0.000000,,,0,,NOAA,2013-03-29T15:47:48.0770000-06:00,in
37,USC00051772,Snow,1961-05-03T00:00:00.0000000-06:00,0.000000,,,0,,NOAA,2013-03-29T15:47:48.0770000-06:00,in
37,USC00051772,Snow,1961-05-04T00:00:00.0000000-06:00,0.000000,,,0,,NOAA,2013-03-29T15:47:48.0770000-06:00,in
37,USC00051772,Snow,1961-05-05T00:00:00.0000000-06:00,0.000000,,,0,,NOAA,2013-03-29T15:47:48.0770000-06:00,in
37,USC00051772,Snow,1961-05-06T00:00:00.0000000-06:00,0.000000,,,0,,NOAA,2013-03-29T15:47:48.0770000-06:00,in
37,USC00051772,Snow,1961-05-07T00:00:00.0000000-06:00,0.000000,,,0,,NOAA,2013-03-29T15:47:48.0770000-06:00,in
37,USC00051772,Snow,1961-05-08T00:00:00.0000000-06:00,0.000000,,,0,,NOAA,2013-03-29T15:47:48.0770000-06:00,in
37,USC00051772,Snow,1961-05-09T00:00:00.0000000-06:00,0.000000,,,0,,NOAA,2013-03-29T15:47:48.0770000-06:00,in
37,USC00051772,Snow,1961-05-10T00:00:00.0000000-06:00,0.000000,,,0,,NOAA,2013-03-29T15:47:48.0770000-06:00,in
37,USC00051772,Snow,1961-05-11T00:00:00.0000000-06:00,0.000000,,,0,,NOAA,2013-03-29T15:47:48.0770000-06:00,in
37,USC00051772,Snow,1961-05-12T00:00:00.0000000-06:00,0.000000,,,0,,NOAA,2013-03-29T15:47:48.0770000-06:00,in
37,USC00051772,Snow,1961-05-13T00:00:00.0000000-06:00,0.000000,,,0,,NOAA,2013-03-29T15:47:48.0770000-06:00,in
37,USC00051772,Snow,1961-05-14T00:00:00.0000000-06:00,0.000000,,,0,,NOAA,2013-03-29T15:47:48.0770000-06:00,in
37,USC00051772,Snow,1961-05-15T00:00:00.0000000-06:00,0.000000,,,0,,NOAA,2013-03-29T15:47:48.0770000-06:00,in
37,USC00051772,Snow,1961-05-16T00:00:00.0000000-06:00,0.000000,,,0,,NOAA,2013-03-29T15:47:48.0770000-06:00,in
37,USC00051772,Snow,1961-05-17T00:00:00.0000000-06:00,0.000000,,,0,,NOAA,2013-03-29T15:47:48.0770000-06:00,in
37,USC00051772,Snow,1961-05-18T00:00:00.0000000-06:00,0.000000,,,0,,NOAA,2013-03-29T15:47:48.0770000-06:00,in
37,USC00051772,Snow,1961-05-19T00:00:00.0000000-06:00,0.000000,,,0,,NOAA,2013-03-29T15:47:48.0770000-06:00,in
37,USC00051772,Snow,1961-05-20T00:00:00.0000000-06:00,0.000000,,,0,,NOAA,2013-03-29T15:47:48.0770000-06:00,in
37,USC00051772,Snow,1961-05-21T00:00:00.0000000-06:00,0.000000,,,0,,NOAA,2013-03-29T15:47:48.0770000-06:00,in
37,USC00051772,Snow,1961-05-22T00:00:00.0000000-06:00,0.000000,,,0,,NOAA,2013-03-29T15:47:48.0770000-06:00,in
37,USC00051772,Snow,1961-05-23T00:00:00.0000000-06:00,0.000000,,,0,,NOAA,2013-03-29T15:47:48.0770000-06:00,in
37,USC00051772,Snow,1961-05-24T00:00:00.0000000-06:00,0.000000,,,0,,NOAA,2013-03-29T15:47:48.0770000-06:00,in
37,USC00051772,Snow,1961-05-25T00:00:00.0000000-06:00,0.000000,,,0,,NOAA,2013-03-29T15:47:48.0770000-06:00,in
37,USC00051772,Snow,1961-05-26T00:00:00.0000000-06:00,0.000000,,,0,,NOAA,2013-03-29T15:47:48.0770000-06:00,in
37,USC00051772,Snow,1961-05-27T00:00:00.0000000-06:00,0.000000,,,0,,NOAA,2013-03-29T15:47:48.0770000-06:00,in
37,USC00051772,Snow,1961-05-28T00:00:00.0000000-06:00,0.000000,,,0,,NOAA,2013-03-29T15:47:48.0770000-06:00,in
37,USC00051772,Snow,1961-05-29T00:00:00.0000000-06:00,0.000000,,,0,,NOAA,2013-03-29T15:47:48.0770000-06:00,in
37,USC00051772,Snow,1961-05-30T00:00:00.0000000-06:00,0.000000,,,0,,NOAA,2013-03-29T15:47:48.0770000-06:00,in
37,USC00051772,Snow,1961-05-31T00:00:00.0000000-06:00,0.000000,,,0,,NOAA,2013-03-29T15:47:48.0770000-06:00,in
37,USC00051772,Snow,1961-06-01T00:00:00.0000000-06:00,0.000000,,,0,,NOAA,2013-03-29T15:47:48.0770000-06:00,in
37,USC00051772,Snow,1961-06-02T00:00:00.0000000-06:00,0.000000,,,0,,NOAA,2013-03-29T15:47:48.0770000-06:00,in
37,USC00051772,Snow,1961-06-03T00:00:00.0000000-06:00,0.000000,,,0,,NOAA,2013-03-29T15:47:48.0770000-06:00,in
37,USC00051772,Snow,1961-06-04T00:00:00.0000000-06:00,0.000000,,,0,,NOAA,2013-03-29T15:47:48.0770000-06:00,in
37,USC00051772,Snow,1961-06-05T00:00:00.0000000-06:00,0.000000,,,0,,NOAA,2013-03-29T15:47:48.0770000-06:00,in
37,USC00051772,Snow,1961-06-06T00:00:00.0000000-06:00,0.000000,,,0,,NOAA,2013-03-29T15:47:48.0770000-06:00,in
37,USC00051772,Snow,1961-06-07T00:00:00.0000000-06:00,0.000000,,,0,,NOAA,2013-03-29T15:47:48.0770000-06:00,in
37,USC00051772,Snow,1961-06-08T00:00:00.0000000-06:00,0.000000,,,0,,NOAA,2013-03-29T15:47:48.0770000-06:00,in
37,USC00051772,Snow,1961-06-09T00:00:00.0000000-06:00,0.000000,,,0,,NOAA,2013-03-29T15:47:48.0770000-06:00,in
37,USC00051772,Snow,1961-06-10T00:00:00.0000000-06:00,0.000000,,,0,,NOAA,2013-03-29T15:47:48.0770000-06:00,in
37,USC00051772,Snow,1961-06-11T00:00:00.0000000-06:00,0.000000,,,0,,NOAA,2013-03-29T15:47:48.0770000-06:00,in
37,USC00051772,Snow,1961-06-12T00:00:00.0000000-06:00,0.000000,,,0,,NOAA,2013-03-29T15:47:48.0770000-06:00,in
37,USC00051772,Snow,1961-06-13T00:00:00.0000000-06:00,0.000000,,,0,,NOAA,2013-03-29T15:47:48.0770000-06:00,in
37,USC00051772,Snow,1961-06-14T00:00:00.0000000-06:00,0.000000,,,0,,NOAA,2013-03-29T15:47:48.0770000-06:00,in
37,USC00051772,Snow,1961-06-15T00:00:00.0000000-06:00,0.000000,,,0,,NOAA,2013-03-29T15:47:48.0770000-06:00,in
37,USC00051772,Snow,1961-06-16T00:00:00.0000000-06:00,0.000000,,,0,,NOAA,2013-03-29T15:47:48.0770000-06:00,in
37,USC00051772,Snow,1961-06-17T00:00:00.0000000-06:00,0.000000,,,0,,NOAA,2013-03-29T15:47:48.0770000-06:00,in
37,USC00051772,Snow,1961-06-18T00:00:00.0000000-06:00,0.000000,,,0,,NOAA,2013-03-29T15:47:48.0770000-06:00,in
37,USC00051772,Snow,1961-06-19T00:00:00.0000000-06:00,0.000000,,,0,,NOAA,2013-03-29T15:47:48.0770000-06:00,in
37,USC00051772,Snow,1961-06-20T00:00:00.0000000-06:00,0.000000,,,0,,NOAA,2013-03-29T15:47:48.0770000-06:00,in
37,USC00051772,Snow,1961-06-21T00:00:00.0000000-06:00,0.000000,,,0,,NOAA,2013-03-29T15:47:48.0770000-06:00,in
37,USC00051772,Snow,1961-06-22T00:00:00.0000000-06:00,0.000000,,,0,,NOAA,2013-03-29T15:47:48.0770000-06:00,in
37,USC00051772,Snow,1961-06-23T00:00:00.0000000-06:00,0.000000,,,0,,NOAA,2013-03-29T15:47:48.0770000-06:00,in
37,USC00051772,Snow,1961-06-24T00:00:00.0000000-06:00,0.000000,,,0,,NOAA,2013-03-29T15:47:48.0770000-06:00,in
37,USC00051772,Snow,1961-06-25T00:00:00.0000000-06:00,0.000000,,,0,,NOAA,2013-03-29T15:47:48.0770000-06:00,in
37,USC00051772,Snow,1961-06-26T00:00:00.0000000-06:00,0.000000,,,0,,NOAA,2013-03-29T15:47:48.0770000-06:00,in
37,USC00051772,Snow,1961-06-27T00:00:00.0000000-06:00,0.000000,,,0,,NOAA,2013-03-29T15:47:48.0770000-06:00,in
37,USC00051772,Snow,1961-06-28T00:00:00.0000000-06:00,0.000000,,,0,,NOAA,2013-03-29T15:47:48.0770000-06:00,in
37,USC00051772,Snow,1961-06-29T00:00:00.0000000-06:00,0.000000,,,0,,NOAA,2013-03-29T15:47:48.0770000-06:00,in
37,USC00051772,Snow,1961-06-30T00:00:00.0000000-06:00,0.000000,,,0,,NOAA,2013-03-29T15:47:48.0770000-06:00,in
37,USC00051772,Snow,1961-07-01T00:00:00.0000000-06:00,0.000000,,,0,,NOAA,2013-03-29T15:47:48.0770000-06:00,in
37,USC00051772,Snow,1961-07-02T00:00:00.0000000-06:00,0.000000,,,0,,NOAA,2013-03-29T15:47:48.0770000-06:00,in
37,USC00051772,Snow,1961-07-03T00:00:00.0000000-06:00,0.000000,,,0,,NOAA,2013-03-29T15:47:48.0770000-06:00,in
37,USC00051772,Snow,1961-07-04T00:00:00.0000000-06:00,0.000000,,,0,,NOAA,2013-03-29T15:47:48.0770000-06:00,in
37,USC00051772,Snow,1961-07-05T00:00:00.0000000-06:00,0.000000,,,0,,NOAA,2013-03-29T15:47:48.0770000-06:00,in
37,USC00051772,Snow,1961-07-06T00:00:00.0000000-06:00,0.000000,,,0,,NOAA,2013-03-29T15:47:48.0770000-06:00,in
37,USC00051772,Snow,1961-07-07T00:00:00.0000000-06:00,0.000000,,,0,,NOAA,2013-03-29T15:47:48.0770000-06:00,in
37,USC00051772,Snow,1961-07-08T00:00:00.0000000-06:00,0.000000,,,0,,NOAA,2013-03-29T15:47:48.0770000-06:00,in
37,USC00051772,Snow,1961-07-09T00:00:00.0000000-06:00,0.000000,,,0,,NOAA,2013-03-29T15:47:48.0770000-06:00,in
37,USC00051772,Snow,1961-07-10T00:00:00.0000000-06:00,0.000000,,,0,,NOAA,2013-03-29T15:47:48.0770000-06:00,in
37,USC00051772,Snow,1961-07-11T00:00:00.0000000-06:00,0.000000,,,0,,NOAA,2013-03-29T15:47:48.0770000-06:00,in
37,USC00051772,Snow,1961-07-12T00:00:00.0000000-06:00,0.000000,,,0,,NOAA,2013-03-29T15:47:48.0770000-06:00,in
37,USC00051772,Snow,1961-07-13T00:00:00.0000000-06:00,0.000000,,,0,,NOAA,2013-03-29T15:47:48.0770000-06:00,in
37,USC00051772,Snow,1961-07-14T00:00:00.0000000-06:00,0.000000,,,0,,NOAA,2013-03-29T15:47:48.0770000-06:00,in
37,USC00051772,Snow,1961-07-15T00:00:00.0000000-06:00,0.000000,,,0,,NOAA,2013-03-29T15:47:48.0770000-06:00,in
37,USC00051772,Snow,1961-07-16T00:00:00.0000000-06:00,0.000000,,,0,,NOAA,2013-03-29T15:47:48.0770000-06:00,in
37,USC00051772,Snow,1961-07-17T00:00:00.0000000-06:00,0.000000,,,0,,NOAA,2013-03-29T15:47:48.0770000-06:00,in
37,USC00051772,Snow,1961-07-18T00:00:00.0000000-06:00,0.000000,,,0,,NOAA,2013-03-29T15:47:48.0770000-06:00,in
37,USC00051772,Snow,1961-07-19T00:00:00.0000000-06:00,0.000000,,,0,,NOAA,2013-03-29T15:47:48.0770000-06:00,in
37,USC00051772,Snow,1961-07-20T00:00:00.0000000-06:00,0.000000,,,0,,NOAA,2013-03-29T15:47:48.0770000-06:00,in
37,USC00051772,Snow,1961-07-21T00:00:00.0000000-06:00,0.000000,,,0,,NOAA,2013-03-29T15:47:48.0770000-06:00,in
37,USC00051772,Snow,1961-07-22T00:00:00.0000000-06:00,0.000000,,,0,,NOAA,2013-03-29T15:47:48.0770000-06:00,in
37,USC00051772,Snow,1961-07-23T00:00:00.0000000-06:00,0.000000,,,0,,NOAA,2013-03-29T15:47:48.0770000-06:00,in
37,USC00051772,Snow,1961-07-24T00:00:00.0000000-06:00,0.000000,,,0,,NOAA,2013-03-29T15:47:48.0770000-06:00,in
37,USC00051772,Snow,1961-07-25T00:00:00.0000000-06:00,0.000000,,,0,,NOAA,2013-03-29T15:47:48.0770000-06:00,in
37,USC00051772,Snow,1961-07-26T00:00:00.0000000-06:00,0.000000,,,0,,NOAA,2013-03-29T15:47:48.0770000-06:00,in
37,USC00051772,Snow,1961-07-27T00:00:00.0000000-06:00,0.000000,,,0,,NOAA,2013-03-29T15:47:48.0770000-06:00,in
37,USC00051772,Snow,1961-07-28T00:00:00.0000000-06:00,0.000000,,,0,,NOAA,2013-03-29T15:47:48.0770000-06:00,in
37,USC00051772,Snow,1961-07-29T00:00:00.0000000-06:00,0.000000,,,0,,NOAA,2013-03-29T15:47:48.0770000-06:00,in
37,USC00051772,Snow,1961-07-30T00:00:00.0000000-06:00,0.000000,,,0,,NOAA,2013-03-29T15:47:48.0770000-06:00,in
37,USC00051772,Snow,1961-07-31T00:00:00.0000000-06:00,0.000000,,,0,,NOAA,2013-03-29T15:47:48.0770000-06:00,in
37,USC00051772,Snow,1961-08-01T00:00:00.0000000-06:00,0.000000,,,0,,NOAA,2013-03-29T15:47:48.0770000-06:00,in
37,USC00051772,Snow,1961-08-02T00:00:00.0000000-06:00,0.000000,,,0,,NOAA,2013-03-29T15:47:48.0770000-06:00,in
37,USC00051772,Snow,1961-08-03T00:00:00.0000000-06:00,0.000000,,,0,,NOAA,2013-03-29T15:47:48.0770000-06:00,in
37,USC00051772,Snow,1961-08-04T00:00:00.0000000-06:00,0.000000,,,0,,NOAA,2013-03-29T15:47:48.0770000-06:00,in
37,USC00051772,Snow,1961-08-05T00:00:00.0000000-06:00,0.000000,,,0,,NOAA,2013-03-29T15:47:48.0770000-06:00,in
37,USC00051772,Snow,1961-08-06T00:00:00.0000000-06:00,0.000000,,,0,,NOAA,2013-03-29T15:47:48.0770000-06:00,in
37,USC00051772,Snow,1961-08-07T00:00:00.0000000-06:00,0.000000,,,0,,NOAA,2013-03-29T15:47:48.0770000-06:00,in
37,USC00051772,Snow,1961-08-08T00:00:00.0000000-06:00,0.000000,,,0,,NOAA,2013-03-29T15:47:48.0770000-06:00,in
37,USC00051772,Snow,1961-08-09T00:00:00.0000000-06:00,0.000000,,,0,,NOAA,2013-03-29T15:47:48.0770000-06:00,in
37,USC00051772,Snow,1961-08-10T00:00:00.0000000-06:00,0.000000,,,0,,NOAA,2013-03-29T15:47:48.0770000-06:00,in
37,USC00051772,Snow,1961-08-11T00:00:00.0000000-06:00,0.000000,,,0,,NOAA,2013-03-29T15:47:48.0770000-06:00,in
37,USC00051772,Snow,1961-08-12T00:00:00.0000000-06:00,0.000000,,,0,,NOAA,2013-03-29T15:47:48.0770000-06:00,in
37,USC00051772,Snow,1961-08-13T00:00:00.0000000-06:00,0.000000,,,0,,NOAA,2013-03-29T15:47:48.0770000-06:00,in
37,USC00051772,Snow,1961-08-14T00:00:00.0000000-06:00,0.000000,,,0,,NOAA,2013-03-29T15:47:48.0770000-06:00,in
37,USC00051772,Snow,1961-08-15T00:00:00.0000000-06:00,0.000000,,,0,,NOAA,2013-03-29T15:47:48.0770000-06:00,in
37,USC00051772,Snow,1961-08-16T00:00:00.0000000-06:00,0.000000,,,0,,NOAA,2013-03-29T15:47:48.0770000-06:00,in
37,USC00051772,Snow,1961-08-17T00:00:00.0000000-06:00,0.000000,,,0,,NOAA,2013-03-29T15:47:48.0770000-06:00,in
37,USC00051772,Snow,1961-08-18T00:00:00.0000000-06:00,0.000000,,,0,,NOAA,2013-03-29T15:47:48.0770000-06:00,in
37,USC00051772,Snow,1961-08-19T00:00:00.0000000-06:00,0.000000,,,0,,NOAA,2013-03-29T15:47:48.0770000-06:00,in
37,USC00051772,Snow,1961-08-20T00:00:00.0000000-06:00,0.000000,,,0,,NOAA,2013-03-29T15:47:48.0770000-06:00,in
37,USC00051772,Snow,1961-08-21T00:00:00.0000000-06:00,0.000000,,,0,,NOAA,2013-03-29T15:47:48.0770000-06:00,in
37,USC00051772,Snow,1961-08-22T00:00:00.0000000-06:00,0.000000,,,0,,NOAA,2013-03-29T15:47:48.0770000-06:00,in
37,USC00051772,Snow,1961-08-23T00:00:00.0000000-06:00,0.000000,,,0,,NOAA,2013-03-29T15:47:48.0770000-06:00,in
37,USC00051772,Snow,1961-08-24T00:00:00.0000000-06:00,0.000000,,,0,,NOAA,2013-03-29T15:47:48.0770000-06:00,in
37,USC00051772,Snow,1961-08-25T00:00:00.0000000-06:00,0.000000,,,0,,NOAA,2013-03-29T15:47:48.0770000-06:00,in
37,USC00051772,Snow,1961-08-26T00:00:00.0000000-06:00,0.000000,,,0,,NOAA,2013-03-29T15:47:48.0770000-06:00,in
37,USC00051772,Snow,1961-08-27T00:00:00.0000000-06:00,0.000000,,,0,,NOAA,2013-03-29T15:47:48.0770000-06:00,in
37,USC00051772,Snow,1961-08-28T00:00:00.0000000-06:00,0.000000,,,0,,NOAA,2013-03-29T15:47:48.0770000-06:00,in
37,USC00051772,Snow,1961-08-29T00:00:00.0000000-06:00,0.000000,,,0,,NOAA,2013-03-29T15:47:48.0770000-06:00,in
37,USC00051772,Snow,1961-08-30T00:00:00.0000000-06:00,0.000000,,,0,,NOAA,2013-03-29T15:47:48.0770000-06:00,in
37,USC00051772,Snow,1961-08-31T00:00:00.0000000-06:00,0.000000,,,0,,NOAA,2013-03-29T15:47:48.0770000-06:00,in
37,USC00051772,Snow,1961-09-01T00:00:00.0000000-06:00,0.000000,,,0,,NOAA,2013-03-29T15:47:48.0770000-06:00,in
37,USC00051772,Snow,1961-09-02T00:00:00.0000000-06:00,0.000000,,,0,,NOAA,2013-03-29T15:47:48.0770000-06:00,in
37,USC00051772,Snow,1961-09-03T00:00:00.0000000-06:00,0.000000,,,0,,NOAA,2013-03-29T15:47:48.0770000-06:00,in
37,USC00051772,Snow,1961-09-04T00:00:00.0000000-06:00,0.000000,,,0,,NOAA,2013-03-29T15:47:48.0770000-06:00,in
37,USC00051772,Snow,1961-09-05T00:00:00.0000000-06:00,0.000000,,,0,,NOAA,2013-03-29T15:47:48.0770000-06:00,in
37,USC00051772,Snow,1961-09-06T00:00:00.0000000-06:00,0.000000,,,0,,NOAA,2013-03-29T15:47:48.0770000-06:00,in
37,USC00051772,Snow,1961-09-07T00:00:00.0000000-06:00,0.000000,,,0,,NOAA,2013-03-29T15:47:48.0770000-06:00,in
37,USC00051772,Snow,1961-09-08T00:00:00.0000000-06:00,0.000000,,,0,,NOAA,2013-03-29T15:47:48.0770000-06:00,in
37,USC00051772,Snow,1961-09-09T00:00:00.0000000-06:00,0.000000,,,0,,NOAA,2013-03-29T15:47:48.0770000-06:00,in
37,USC00051772,Snow,1961-09-10T00:00:00.0000000-06:00,0.000000,,,0,,NOAA,2013-03-29T15:47:48.0770000-06:00,in
37,USC00051772,Snow,1961-09-11T00:00:00.0000000-06:00,0.000000,,,0,,NOAA,2013-03-29T15:47:48.0770000-06:00,in
37,USC00051772,Snow,1961-09-12T00:00:00.0000000-06:00,0.000000,,,0,,NOAA,2013-03-29T15:47:48.0770000-06:00,in
37,USC00051772,Snow,1961-09-13T00:00:00.0000000-06:00,0.000000,,,0,,NOAA,2013-03-29T15:47:48.0770000-06:00,in
37,USC00051772,Snow,1961-09-14T00:00:00.0000000-06:00,0.000000,,,0,,NOAA,2013-03-29T15:47:48.0770000-06:00,in
37,USC00051772,Snow,1961-09-15T00:00:00.0000000-06:00,0.000000,,,0,,NOAA,2013-03-29T15:47:48.0770000-06:00,in
37,USC00051772,Snow,1961-09-16T00:00:00.0000000-06:00,0.000000,,,0,,NOAA,2013-03-29T15:47:48.0770000-06:00,in
37,USC00051772,Snow,1961-09-17T00:00:00.0000000-06:00,0.000000,,,0,,NOAA,2013-03-29T15:47:48.0770000-06:00,in
37,USC00051772,Snow,1961-09-18T00:00:00.0000000-06:00,0.000000,,,0,,NOAA,2013-03-29T15:47:48.0770000-06:00,in
37,USC00051772,Snow,1961-09-19T00:00:00.0000000-06:00,0.000000,,,0,,NOAA,2013-03-29T15:47:48.0770000-06:00,in
37,USC00051772,Snow,1961-09-20T00:00:00.0000000-06:00,0.000000,,,0,,NOAA,2013-03-29T15:47:48.0770000-06:00,in
37,USC00051772,Snow,1961-09-21T00:00:00.0000000-06:00,0.000000,,,0,,NOAA,2013-03-29T15:47:48.0770000-06:00,in
37,USC00051772,Snow,1961-09-22T00:00:00.0000000-06:00,0.000000,,,0,,NOAA,2013-03-29T15:47:48.0770000-06:00,in
37,USC00051772,Snow,1961-09-23T00:00:00.0000000-06:00,0.000000,,,0,,NOAA,2013-03-29T15:47:48.0770000-06:00,in
37,USC00051772,Snow,1961-09-24T00:00:00.0000000-06:00,0.000000,,,0,,NOAA,2013-03-29T15:47:48.0770000-06:00,in
37,USC00051772,Snow,1961-09-25T00:00:00.0000000-06:00,0.000000,,,0,,NOAA,2013-03-29T15:47:48.0770000-06:00,in
37,USC00051772,Snow,1961-09-26T00:00:00.0000000-06:00,0.000000,,,0,,NOAA,2013-03-29T15:47:48.0770000-06:00,in
37,USC00051772,Snow,1961-09-27T00:00:00.0000000-06:00,0.000000,,,0,,NOAA,2013-03-29T15:47:48.0770000-06:00,in
37,USC00051772,Snow,1961-09-28T00:00:00.0000000-06:00,0.000000,,,0,,NOAA,2013-03-29T15:47:48.0770000-06:00,in
37,USC00051772,Snow,1961-09-29T00:00:00.0000000-06:00,0.000000,,,0,,NOAA,2013-03-29T15:47:48.0770000-06:00,in
37,USC00051772,Snow,1961-09-30T00:00:00.0000000-06:00,0.000000,,,0,,NOAA,2013-03-29T15:47:48.0770000-06:00,in
37,USC00051772,Snow,1961-10-01T00:00:00.0000000-06:00,0.000000,,,0,,NOAA,2013-03-29T15:47:48.0770000-06:00,in
37,USC00051772,Snow,1961-10-02T00:00:00.0000000-06:00,0.000000,,,0,,NOAA,2013-03-29T15:47:48.0770000-06:00,in
37,USC00051772,Snow,1961-10-03T00:00:00.0000000-06:00,0.000000,,,0,,NOAA,2013-03-29T15:47:48.0770000-06:00,in
37,USC00051772,Snow,1961-10-04T00:00:00.0000000-06:00,0.000000,,,0,,NOAA,2013-03-29T15:47:48.0770000-06:00,in
37,USC00051772,Snow,1961-10-05T00:00:00.0000000-06:00,0.000000,,,0,,NOAA,2013-03-29T15:47:48.0770000-06:00,in
37,USC00051772,Snow,1961-10-06T00:00:00.0000000-06:00,0.000000,,,0,,NOAA,2013-03-29T15:47:48.0770000-06:00,in
37,USC00051772,Snow,1961-10-07T00:00:00.0000000-06:00,0.000000,,,0,,NOAA,2013-03-29T15:47:48.0770000-06:00,in
37,USC00051772,Snow,1961-10-08T00:00:00.0000000-06:00,0.000000,,,0,,NOAA,2013-03-29T15:47:48.0770000-06:00,in
37,USC00051772,Snow,1961-10-09T00:00:00.0000000-06:00,0.000000,,,0,,NOAA,2013-03-29T15:47:48.0770000-06:00,in
37,USC00051772,Snow,1961-10-10T00:00:00.0000000-06:00,0.000000,,,0,,NOAA,2013-03-29T15:47:48.0770000-06:00,in
37,USC00051772,Snow,1961-10-11T00:00:00.0000000-06:00,0.000000,,,0,,NOAA,2013-03-29T15:47:48.0770000-06:00,in
37,USC00051772,Snow,1961-10-12T00:00:00.0000000-06:00,0.000000,,,0,,NOAA,2013-03-29T15:47:48.0770000-06:00,in
37,USC00051772,Snow,1961-10-13T00:00:00.0000000-06:00,0.000000,,,0,,NOAA,2013-03-29T15:47:48.0770000-06:00,in
37,USC00051772,Snow,1961-10-14T00:00:00.0000000-06:00,0.000000,,,0,,NOAA,2013-03-29T15:47:48.0770000-06:00,in
37,USC00051772,Snow,1961-10-15T00:00:00.0000000-06:00,0.000000,,,0,,NOAA,2013-03-29T15:47:48.0770000-06:00,in
37,USC00051772,Snow,1961-10-16T00:00:00.0000000-06:00,0.000000,,,0,,NOAA,2013-03-29T15:47:48.0770000-06:00,in
37,USC00051772,Snow,1961-10-17T00:00:00.0000000-06:00,0.000000,,,0,,NOAA,2013-03-29T15:47:48.0770000-06:00,in
37,USC00051772,Snow,1961-10-18T00:00:00.0000000-06:00,0.000000,,,0,,NOAA,2013-03-29T15:47:48.0770000-06:00,in
37,USC00051772,Snow,1961-10-19T00:00:00.0000000-06:00,0.000000,,,0,,NOAA,2013-03-29T15:47:48.0770000-06:00,in
37,USC00051772,Snow,1961-10-20T00:00:00.0000000-06:00,0.000000,,,0,,NOAA,2013-03-29T15:47:48.0770000-06:00,in
37,USC00051772,Snow,1961-10-21T00:00:00.0000000-06:00,0.000000,,,0,,NOAA,2013-03-29T15:47:48.0770000-06:00,in
37,USC00051772,Snow,1961-10-22T00:00:00.0000000-06:00,0.000000,,,0,,NOAA,2013-03-29T15:47:48.0770000-06:00,in
37,USC00051772,Snow,1961-10-23T00:00:00.0000000-06:00,0.000000,,,0,,NOAA,2013-03-29T15:47:48.0770000-06:00,in
37,USC00051772,Snow,1961-10-24T00:00:00.0000000-06:00,0.000000,,,0,,NOAA,2013-03-29T15:47:48.0770000-06:00,in
37,USC00051772,Snow,1961-10-25T00:00:00.0000000-06:00,0.000000,,,0,,NOAA,2013-03-29T15:47:48.0770000-06:00,in
37,USC00051772,Snow,1961-10-26T00:00:00.0000000-06:00,0.000000,,,0,,NOAA,2013-03-29T15:47:48.0770000-06:00,in
37,USC00051772,Snow,1961-10-27T00:00:00.0000000-06:00,0.000000,,,0,,NOAA,2013-03-29T15:47:48.0770000-06:00,in
37,USC00051772,Snow,1961-10-28T00:00:00.0000000-06:00,0.511811,,,0,,NOAA,2013-03-29T15:47:48.0770000-06:00,in
37,USC00051772,Snow,1961-10-29T00:00:00.0000000-06:00,0.000000,,,0,,NOAA,2013-03-29T15:47:48.0770000-06:00,in
37,USC00051772,Snow,1961-10-30T00:00:00.0000000-07:00,0.000000,,,0,,NOAA,2013-03-29T15:47:48.0770000-06:00,in
37,USC00051772,Snow,1961-10-31T00:00:00.0000000-07:00,0.000000,,,0,,NOAA,2013-03-29T15:47:48.0770000-06:00,in
37,USC00051772,Snow,1961-11-01T00:00:00.0000000-07:00,0.000000,,,0,,NOAA,2013-03-29T15:47:48.0770000-06:00,in
37,USC00051772,Snow,1961-11-02T00:00:00.0000000-07:00,0.000000,T,,0,,NOAA,2013-03-29T15:47:48.0770000-06:00,in
37,USC00051772,Snow,1961-11-03T00:00:00.0000000-07:00,0.000000,,,0,,NOAA,2013-03-29T15:47:48.0770000-06:00,in
37,USC00051772,Snow,1961-11-04T00:00:00.0000000-07:00,0.000000,T,,0,,NOAA,2013-03-29T15:47:48.0770000-06:00,in
37,USC00051772,Snow,1961-11-05T00:00:00.0000000-07:00,0.000000,,,0,,NOAA,2013-03-29T15:47:48.0770000-06:00,in
37,USC00051772,Snow,1961-11-06T00:00:00.0000000-07:00,0.000000,,,0,,NOAA,2013-03-29T15:47:48.0770000-06:00,in
37,USC00051772,Snow,1961-11-07T00:00:00.0000000-07:00,0.000000,,,0,,NOAA,2013-03-29T15:47:48.0770000-06:00,in
37,USC00051772,Snow,1961-11-08T00:00:00.0000000-07:00,0.000000,,,0,,NOAA,2013-03-29T15:47:48.0770000-06:00,in
37,USC00051772,Snow,1961-11-09T00:00:00.0000000-07:00,0.000000,,,0,,NOAA,2013-03-29T15:47:48.0770000-06:00,in
37,USC00051772,Snow,1961-11-10T00:00:00.0000000-07:00,0.000000,,,0,,NOAA,2013-03-29T15:47:48.0770000-06:00,in
37,USC00051772,Snow,1961-11-11T00:00:00.0000000-07:00,0.000000,,,0,,NOAA,2013-03-29T15:47:48.0770000-06:00,in
37,USC00051772,Snow,1961-11-12T00:00:00.0000000-07:00,0.000000,,,0,,NOAA,2013-03-29T15:47:48.0770000-06:00,in
37,USC00051772,Snow,1961-11-13T00:00:00.0000000-07:00,0.000000,,,0,,NOAA,2013-03-29T15:47:48.0770000-06:00,in
37,USC00051772,Snow,1961-11-14T00:00:00.0000000-07:00,0.000000,,,0,,NOAA,2013-03-29T15:47:48.0770000-06:00,in
37,USC00051772,Snow,1961-11-15T00:00:00.0000000-07:00,0.000000,,,0,,NOAA,2013-03-29T15:47:48.0770000-06:00,in
37,USC00051772,Snow,1961-11-16T00:00:00.0000000-07:00,0.000000,,,0,,NOAA,2013-03-29T15:47:48.0770000-06:00,in
37,USC00051772,Snow,1961-11-17T00:00:00.0000000-07:00,0.984252,,,0,,NOAA,2013-03-29T15:47:48.0770000-06:00,in
37,USC00051772,Snow,1961-11-18T00:00:00.0000000-07:00,0.000000,,,0,,NOAA,2013-03-29T15:47:48.0770000-06:00,in
37,USC00051772,Snow,1961-11-19T00:00:00.0000000-07:00,0.000000,,,0,,NOAA,2013-03-29T15:47:48.0770000-06:00,in
37,USC00051772,Snow,1961-11-20T00:00:00.0000000-07:00,0.000000,,,0,,NOAA,2013-03-29T15:47:48.0770000-06:00,in
37,USC00051772,Snow,1961-11-21T00:00:00.0000000-07:00,0.000000,,,0,,NOAA,2013-03-29T15:47:48.0770000-06:00,in
37,USC00051772,Snow,1961-11-22T00:00:00.0000000-07:00,2.007874,,,0,,NOAA,2013-03-29T15:47:48.0770000-06:00,in
37,USC00051772,Snow,1961-11-23T00:00:00.0000000-07:00,0.000000,,,0,,NOAA,2013-03-29T15:47:48.0770000-06:00,in
37,USC00051772,Snow,1961-11-24T00:00:00.0000000-07:00,0.000000,,,0,,NOAA,2013-03-29T15:47:48.0770000-06:00,in
37,USC00051772,Snow,1961-11-25T00:00:00.0000000-07:00,0.000000,,,0,,NOAA,2013-03-29T15:47:48.0770000-06:00,in
37,USC00051772,Snow,1961-11-26T00:00:00.0000000-07:00,0.000000,,,0,,NOAA,2013-03-29T15:47:48.0770000-06:00,in
37,USC00051772,Snow,1961-11-27T00:00:00.0000000-07:00,0.000000,T,,0,,NOAA,2013-03-29T15:47:48.0770000-06:00,in
37,USC00051772,Snow,1961-11-28T00:00:00.0000000-07:00,0.000000,,,0,,NOAA,2013-03-29T15:47:48.0770000-06:00,in
37,USC00051772,Snow,1961-11-29T00:00:00.0000000-07:00,0.000000,,,0,,NOAA,2013-03-29T15:47:48.0770000-06:00,in
37,USC00051772,Snow,1961-11-30T00:00:00.0000000-07:00,0.000000,,,0,,NOAA,2013-03-29T15:47:48.0770000-06:00,in
37,USC00051772,Snow,1961-12-01T00:00:00.0000000-07:00,0.000000,,,0,,NOAA,2013-03-29T15:47:48.0770000-06:00,in
37,USC00051772,Snow,1961-12-02T00:00:00.0000000-07:00,0.000000,,,0,,NOAA,2013-03-29T15:47:48.0770000-06:00,in
37,USC00051772,Snow,1961-12-03T00:00:00.0000000-07:00,0.000000,,,0,,NOAA,2013-03-29T15:47:48.0770000-06:00,in
37,USC00051772,Snow,1961-12-04T00:00:00.0000000-07:00,0.000000,,,0,,NOAA,2013-03-29T15:47:48.0770000-06:00,in
37,USC00051772,Snow,1961-12-05T00:00:00.0000000-07:00,0.000000,,,0,,NOAA,2013-03-29T15:47:48.0770000-06:00,in
37,USC00051772,Snow,1961-12-06T00:00:00.0000000-07:00,0.000000,,,0,,NOAA,2013-03-29T15:47:48.0770000-06:00,in
37,USC00051772,Snow,1961-12-07T00:00:00.0000000-07:00,0.000000,,,0,,NOAA,2013-03-29T15:47:48.0770000-06:00,in
37,USC00051772,Snow,1961-12-08T00:00:00.0000000-07:00,2.992126,,,0,,NOAA,2013-03-29T15:47:48.0770000-06:00,in
37,USC00051772,Snow,1961-12-09T00:00:00.0000000-07:00,0.000000,,,0,,NOAA,2013-03-29T15:47:48.0770000-06:00,in
37,USC00051772,Snow,1961-12-10T00:00:00.0000000-07:00,0.314961,,,0,,NOAA,2013-03-29T15:47:48.0770000-06:00,in
37,USC00051772,Snow,1961-12-11T00:00:00.0000000-07:00,0.000000,,,0,,NOAA,2013-03-29T15:47:48.0770000-06:00,in
37,USC00051772,Snow,1961-12-12T00:00:00.0000000-07:00,0.000000,,,0,,NOAA,2013-03-29T15:47:48.0770000-06:00,in
37,USC00051772,Snow,1961-12-13T00:00:00.0000000-07:00,0.000000,,,0,,NOAA,2013-03-29T15:47:48.0770000-06:00,in
37,USC00051772,Snow,1961-12-14T00:00:00.0000000-07:00,0.000000,,,0,,NOAA,2013-03-29T15:47:48.0770000-06:00,in
37,USC00051772,Snow,1961-12-15T00:00:00.0000000-07:00,0.000000,,,0,,NOAA,2013-03-29T15:47:48.0770000-06:00,in
37,USC00051772,Snow,1961-12-16T00:00:00.0000000-07:00,2.992126,,,0,,NOAA,2013-03-29T15:47:48.0770000-06:00,in
37,USC00051772,Snow,1961-12-17T00:00:00.0000000-07:00,0.196850,,,0,,NOAA,2013-03-29T15:47:48.0770000-06:00,in
37,USC00051772,Snow,1961-12-18T00:00:00.0000000-07:00,0.984252,,,0,,NOAA,2013-03-29T15:47:48.0770000-06:00,in
37,USC00051772,Snow,1961-12-19T00:00:00.0000000-07:00,0.000000,,,0,,NOAA,2013-03-29T15:47:48.0770000-06:00,in
37,USC00051772,Snow,1961-12-20T00:00:00.0000000-07:00,0.511811,,,0,,NOAA,2013-03-29T15:47:48.0770000-06:00,in
37,USC00051772,Snow,1961-12-21T00:00:00.0000000-07:00,0.000000,T,,0,,NOAA,2013-03-29T15:47:48.0770000-06:00,in
37,USC00051772,Snow,1961-12-22T00:00:00.0000000-07:00,0.000000,,,0,,NOAA,2013-03-29T15:47:48.0770000-06:00,in
37,USC00051772,Snow,1961-12-23T00:00:00.0000000-07:00,0.000000,,,0,,NOAA,2013-03-29T15:47:48.0770000-06:00,in
37,USC00051772,Snow,1961-12-24T00:00:00.0000000-07:00,0.000000,,,0,,NOAA,2013-03-29T15:47:48.0770000-06:00,in
37,USC00051772,Snow,1961-12-25T00:00:00.0000000-07:00,0.000000,,,0,,NOAA,2013-03-29T15:47:48.0770000-06:00,in
37,USC00051772,Snow,1961-12-26T00:00:00.0000000-07:00,0.000000,,,0,,NOAA,2013-03-29T15:47:48.0770000-06:00,in
37,USC00051772,Snow,1961-12-27T00:00:00.0000000-07:00,0.000000,,,0,,NOAA,2013-03-29T15:47:48.0770000-06:00,in
37,USC00051772,Snow,1961-12-28T00:00:00.0000000-07:00,0.000000,,,0,,NOAA,2013-03-29T15:47:48.0770000-06:00,in
37,USC00051772,Snow,1961-12-29T00:00:00.0000000-07:00,0.000000,,,0,,NOAA,2013-03-29T15:47:48.0770000-06:00,in
37,USC00051772,Snow,1961-12-30T00:00:00.0000000-07:00,0.000000,,,0,,NOAA,2013-03-29T15:47:48.0770000-06:00,in
37,USC00051772,Snow,1961-12-31T00:00:00.0000000-07:00,0.000000,,,0,,NOAA,2013-03-29T15:47:48.0770000-06:00,in
37,USC00051772,Snow,1962-01-01T00:00:00.0000000-07:00,0.000000,,,0,,NOAA,2013-03-29T15:47:48.0770000-06:00,in
37,USC00051772,Snow,1962-01-02T00:00:00.0000000-07:00,0.000000,,,0,,NOAA,2013-03-29T15:47:48.0770000-06:00,in
37,USC00051772,Snow,1962-01-03T00:00:00.0000000-07:00,0.000000,,,0,,NOAA,2013-03-29T15:47:48.0770000-06:00,in
37,USC00051772,Snow,1962-01-04T00:00:00.0000000-07:00,0.000000,,,0,,NOAA,2013-03-29T15:47:48.0770000-06:00,in
37,USC00051772,Snow,1962-01-05T00:00:00.0000000-07:00,0.000000,,,0,,NOAA,2013-03-29T15:47:48.0770000-06:00,in
37,USC00051772,Snow,1962-01-06T00:00:00.0000000-07:00,0.000000,,,0,,NOAA,2013-03-29T15:47:48.0770000-06:00,in
37,USC00051772,Snow,1962-01-07T00:00:00.0000000-07:00,0.000000,,,0,,NOAA,2013-03-29T15:47:48.0770000-06:00,in
37,USC00051772,Snow,1962-01-08T00:00:00.0000000-07:00,0.000000,,,0,,NOAA,2013-03-29T15:47:48.0770000-06:00,in
37,USC00051772,Snow,1962-01-09T00:00:00.0000000-07:00,0.000000,,,0,,NOAA,2013-03-29T15:47:48.0770000-06:00,in
37,USC00051772,Snow,1962-01-10T00:00:00.0000000-07:00,0.000000,,,0,,NOAA,2013-03-29T15:47:48.0770000-06:00,in
37,USC00051772,Snow,1962-01-11T00:00:00.0000000-07:00,0.000000,,,0,,NOAA,2013-03-29T15:47:48.0770000-06:00,in
37,USC00051772,Snow,1962-01-12T00:00:00.0000000-07:00,0.000000,,,0,,NOAA,2013-03-29T15:47:48.0770000-06:00,in
37,USC00051772,Snow,1962-01-13T00:00:00.0000000-07:00,1.692913,,,0,,NOAA,2013-03-29T15:47:48.0770000-06:00,in
37,USC00051772,Snow,1962-01-14T00:00:00.0000000-07:00,0.511811,,,0,,NOAA,2013-03-29T15:47:48.0770000-06:00,in
37,USC00051772,Snow,1962-01-15T00:00:00.0000000-07:00,0.000000,,,0,,NOAA,2013-03-29T15:47:48.0770000-06:00,in
37,USC00051772,Snow,1962-01-16T00:00:00.0000000-07:00,0.000000,,,0,,NOAA,2013-03-29T15:47:48.0770000-06:00,in
37,USC00051772,Snow,1962-01-17T00:00:00.0000000-07:00,0.000000,,,0,,NOAA,2013-03-29T15:47:48.0770000-06:00,in
37,USC00051772,Snow,1962-01-18T00:00:00.0000000-07:00,0.314961,,,0,,NOAA,2013-03-29T15:47:48.0770000-06:00,in
37,USC00051772,Snow,1962-01-19T00:00:00.0000000-07:00,0.984252,,,0,,NOAA,2013-03-29T15:47:48.0770000-06:00,in
37,USC00051772,Snow,1962-01-20T00:00:00.0000000-07:00,0.000000,,,0,,NOAA,2013-03-29T15:47:48.0770000-06:00,in
37,USC00051772,Snow,1962-01-21T00:00:00.0000000-07:00,2.519685,,,0,,NOAA,2013-03-29T15:47:48.0770000-06:00,in
37,USC00051772,Snow,1962-01-22T00:00:00.0000000-07:00,0.000000,,,0,,NOAA,2013-03-29T15:47:48.0770000-06:00,in
37,USC00051772,Snow,1962-01-23T00:00:00.0000000-07:00,0.000000,,,0,,NOAA,2013-03-29T15:47:48.0770000-06:00,in
37,USC00051772,Snow,1962-01-24T00:00:00.0000000-07:00,0.000000,,,0,,NOAA,2013-03-29T15:47:48.0770000-06:00,in
37,USC00051772,Snow,1962-01-25T00:00:00.0000000-07:00,0.000000,,,0,,NOAA,2013-03-29T15:47:48.0770000-06:00,in
37,USC00051772,Snow,1962-01-26T00:00:00.0000000-07:00,0.000000,,,0,,NOAA,2013-03-29T15:47:48.0770000-06:00,in
37,USC00051772,Snow,1962-01-27T00:00:00.0000000-07:00,0.000000,,,0,,NOAA,2013-03-29T15:47:48.0770000-06:00,in
37,USC00051772,Snow,1962-01-28T00:00:00.0000000-07:00,0.000000,,,0,,NOAA,2013-03-29T15:47:48.0770000-06:00,in
37,USC00051772,Snow,1962-01-29T00:00:00.0000000-07:00,0.000000,,,0,,NOAA,2013-03-29T15:47:48.0770000-06:00,in
37,USC00051772,Snow,1962-01-30T00:00:00.0000000-07:00,0.000000,,,0,,NOAA,2013-03-29T15:47:48.0770000-06:00,in
37,USC00051772,Snow,1962-01-31T00:00:00.0000000-07:00,0.000000,,,0,,NOAA,2013-03-29T15:47:48.0770000-06:00,in
37,USC00051772,Snow,1962-02-01T00:00:00.0000000-07:00,0.000000,,,0,,NOAA,2013-03-29T15:47:48.0770000-06:00,in
37,USC00051772,Snow,1962-02-02T00:00:00.0000000-07:00,0.000000,,,0,,NOAA,2013-03-29T15:47:48.0770000-06:00,in
37,USC00051772,Snow,1962-02-03T00:00:00.0000000-07:00,0.000000,,,0,,NOAA,2013-03-29T15:47:48.0770000-06:00,in
37,USC00051772,Snow,1962-02-04T00:00:00.0000000-07:00,0.000000,,,0,,NOAA,2013-03-29T15:47:48.0770000-06:00,in
37,USC00051772,Snow,1962-02-05T00:00:00.0000000-07:00,0.000000,,,0,,NOAA,2013-03-29T15:47:48.0770000-06:00,in
37,USC00051772,Snow,1962-02-06T00:00:00.0000000-07:00,0.000000,,,0,,NOAA,2013-03-29T15:47:48.0770000-06:00,in
37,USC00051772,Snow,1962-02-07T00:00:00.0000000-07:00,0.000000,,,0,,NOAA,2013-03-29T15:47:48.0770000-06:00,in
37,USC00051772,Snow,1962-02-08T00:00:00.0000000-07:00,0.000000,,,0,,NOAA,2013-03-29T15:47:48.0770000-06:00,in
37,USC00051772,Snow,1962-02-09T00:00:00.0000000-07:00,0.000000,,,0,,NOAA,2013-03-29T15:47:48.0770000-06:00,in
37,USC00051772,Snow,1962-02-10T00:00:00.0000000-07:00,0.000000,,,0,,NOAA,2013-03-29T15:47:48.0770000-06:00,in
37,USC00051772,Snow,1962-02-11T00:00:00.0000000-07:00,0.000000,,,0,,NOAA,2013-03-29T15:47:48.0770000-06:00,in
37,USC00051772,Snow,1962-02-12T00:00:00.0000000-07:00,0.000000,,,0,,NOAA,2013-03-29T15:47:48.0770000-06:00,in
37,USC00051772,Snow,1962-02-13T00:00:00.0000000-07:00,0.000000,,,0,,NOAA,2013-03-29T15:47:48.0770000-06:00,in
37,USC00051772,Snow,1962-02-14T00:00:00.0000000-07:00,0.000000,,,0,,NOAA,2013-03-29T15:47:48.0770000-06:00,in
37,USC00051772,Snow,1962-02-15T00:00:00.0000000-07:00,0.000000,,,0,,NOAA,2013-03-29T15:47:48.0770000-06:00,in
37,USC00051772,Snow,1962-02-16T00:00:00.0000000-07:00,0.000000,,,0,,NOAA,2013-03-29T15:47:48.0770000-06:00,in
37,USC00051772,Snow,1962-02-17T00:00:00.0000000-07:00,0.000000,,,0,,NOAA,2013-03-29T15:47:48.0770000-06:00,in
37,USC00051772,Snow,1962-02-18T00:00:00.0000000-07:00,0.984252,,,0,,NOAA,2013-03-29T15:47:48.0770000-06:00,in
37,USC00051772,Snow,1962-02-19T00:00:00.0000000-07:00,0.000000,T,,0,,NOAA,2013-03-29T15:47:48.0770000-06:00,in
37,USC00051772,Snow,1962-02-20T00:00:00.0000000-07:00,0.000000,,,0,,NOAA,2013-03-29T15:47:48.0770000-06:00,in
37,USC00051772,Snow,1962-02-21T00:00:00.0000000-07:00,0.000000,,,0,,NOAA,2013-03-29T15:47:48.0770000-06:00,in
37,USC00051772,Snow,1962-02-22T00:00:00.0000000-07:00,0.000000,,,0,,NOAA,2013-03-29T15:47:48.0770000-06:00,in
37,USC00051772,Snow,1962-02-23T00:00:00.0000000-07:00,0.000000,,,0,,NOAA,2013-03-29T15:47:48.0770000-06:00,in
37,USC00051772,Snow,1962-02-24T00:00:00.0000000-07:00,0.984252,,,0,,NOAA,2013-03-29T15:47:48.0770000-06:00,in
37,USC00051772,Snow,1962-02-25T00:00:00.0000000-07:00,2.992126,,,0,,NOAA,2013-03-29T15:47:48.0770000-06:00,in
37,USC00051772,Snow,1962-02-26T00:00:00.0000000-07:00,4.015748,,,0,,NOAA,2013-03-29T15:47:48.0770000-06:00,in
37,USC00051772,Snow,1962-02-27T00:00:00.0000000-07:00,0.000000,T,,0,,NOAA,2013-03-29T15:47:48.0770000-06:00,in
37,USC00051772,Snow,1962-02-28T00:00:00.0000000-07:00,0.000000,,,0,,NOAA,2013-03-29T15:47:48.0770000-06:00,in
37,USC00051772,Snow,1962-03-01T00:00:00.0000000-07:00,0.000000,,,0,,NOAA,2013-03-29T15:47:48.0770000-06:00,in
37,USC00051772,Snow,1962-03-02T00:00:00.0000000-07:00,0.000000,,,0,,NOAA,2013-03-29T15:47:48.0770000-06:00,in
37,USC00051772,Snow,1962-03-03T00:00:00.0000000-07:00,0.984252,,,0,,NOAA,2013-03-29T15:47:48.0770000-06:00,in
37,USC00051772,Snow,1962-03-04T00:00:00.0000000-07:00,0.000000,,,0,,NOAA,2013-03-29T15:47:48.0770000-06:00,in
37,USC00051772,Snow,1962-03-05T00:00:00.0000000-07:00,0.000000,,,0,,NOAA,2013-03-29T15:47:48.0770000-06:00,in
37,USC00051772,Snow,1962-03-06T00:00:00.0000000-07:00,0.000000,,,0,,NOAA,2013-03-29T15:47:48.0770000-06:00,in
37,USC00051772,Snow,1962-03-07T00:00:00.0000000-07:00,0.000000,,,0,,NOAA,2013-03-29T15:47:48.0770000-06:00,in
37,USC00051772,Snow,1962-03-08T00:00:00.0000000-07:00,0.000000,,,0,,NOAA,2013-03-29T15:47:48.0770000-06:00,in
37,USC00051772,Snow,1962-03-09T00:00:00.0000000-07:00,0.000000,,,0,,NOAA,2013-03-29T15:47:48.0770000-06:00,in
37,USC00051772,Snow,1962-03-10T00:00:00.0000000-07:00,0.000000,T,,0,,NOAA,2013-03-29T15:47:48.0770000-06:00,in
37,USC00051772,Snow,1962-03-11T00:00:00.0000000-07:00,0.000000,,,0,,NOAA,2013-03-29T15:47:48.0770000-06:00,in
37,USC00051772,Snow,1962-03-12T00:00:00.0000000-07:00,0.000000,,,0,,NOAA,2013-03-29T15:47:48.0770000-06:00,in
37,USC00051772,Snow,1962-03-13T00:00:00.0000000-07:00,0.000000,,,0,,NOAA,2013-03-29T15:47:48.0770000-06:00,in
37,USC00051772,Snow,1962-03-14T00:00:00.0000000-07:00,0.000000,,,0,,NOAA,2013-03-29T15:47:48.0770000-06:00,in
37,USC00051772,Snow,1962-03-15T00:00:00.0000000-07:00,0.000000,,,0,,NOAA,2013-03-29T15:47:48.0770000-06:00,in
37,USC00051772,Snow,1962-03-16T00:00:00.0000000-07:00,0.000000,,,0,,NOAA,2013-03-29T15:47:48.0770000-06:00,in
37,USC00051772,Snow,1962-03-17T00:00:00.0000000-07:00,0.000000,,,0,,NOAA,2013-03-29T15:47:48.0770000-06:00,in
37,USC00051772,Snow,1962-03-18T00:00:00.0000000-07:00,0.000000,,,0,,NOAA,2013-03-29T15:47:48.0770000-06:00,in
37,USC00051772,Snow,1962-03-19T00:00:00.0000000-07:00,0.000000,,,0,,NOAA,2013-03-29T15:47:48.0770000-06:00,in
37,USC00051772,Snow,1962-03-20T00:00:00.0000000-07:00,0.000000,,,0,,NOAA,2013-03-29T15:47:48.0770000-06:00,in
37,USC00051772,Snow,1962-03-21T00:00:00.0000000-07:00,0.000000,,,0,,NOAA,2013-03-29T15:47:48.0770000-06:00,in
37,USC00051772,Snow,1962-03-22T00:00:00.0000000-07:00,0.000000,,,0,,NOAA,2013-03-29T15:47:48.0770000-06:00,in
37,USC00051772,Snow,1962-03-23T00:00:00.0000000-07:00,0.984252,,,0,,NOAA,2013-03-29T15:47:48.0770000-06:00,in
37,USC00051772,Snow,1962-03-24T00:00:00.0000000-07:00,0.000000,,,0,,NOAA,2013-03-29T15:47:48.0770000-06:00,in
37,USC00051772,Snow,1962-03-25T00:00:00.0000000-07:00,0.000000,,,0,,NOAA,2013-03-29T15:47:48.0770000-06:00,in
37,USC00051772,Snow,1962-03-26T00:00:00.0000000-07:00,0.000000,,,0,,NOAA,2013-03-29T15:47:48.0770000-06:00,in
37,USC00051772,Snow,1962-03-27T00:00:00.0000000-07:00,0.000000,,,0,,NOAA,2013-03-29T15:47:48.0770000-06:00,in
37,USC00051772,Snow,1962-03-28T00:00:00.0000000-07:00,0.000000,,,0,,NOAA,2013-03-29T15:47:48.0770000-06:00,in
37,USC00051772,Snow,1962-03-29T00:00:00.0000000-07:00,0.000000,,,0,,NOAA,2013-03-29T15:47:48.0770000-06:00,in
37,USC00051772,Snow,1962-03-30T00:00:00.0000000-07:00,0.000000,,,0,,NOAA,2013-03-29T15:47:48.0770000-06:00,in
37,USC00051772,Snow,1962-03-31T00:00:00.0000000-07:00,0.000000,,,0,,NOAA,2013-03-29T15:47:48.0770000-06:00,in
37,USC00051772,Snow,1962-04-01T00:00:00.0000000-07:00,0.000000,,,0,,NOAA,2013-03-29T15:47:48.0770000-06:00,in
37,USC00051772,Snow,1962-04-02T00:00:00.0000000-06:00,0.000000,,,0,,NOAA,2013-03-29T15:47:48.0770000-06:00,in
37,USC00051772,Snow,1962-04-03T00:00:00.0000000-06:00,0.000000,,,0,,NOAA,2013-03-29T15:47:48.0770000-06:00,in
37,USC00051772,Snow,1962-04-04T00:00:00.0000000-06:00,0.000000,,,0,,NOAA,2013-03-29T15:47:48.0770000-06:00,in
37,USC00051772,Snow,1962-04-05T00:00:00.0000000-06:00,0.000000,,,0,,NOAA,2013-03-29T15:47:48.0770000-06:00,in
37,USC00051772,Snow,1962-04-06T00:00:00.0000000-06:00,0.000000,,,0,,NOAA,2013-03-29T15:47:48.0770000-06:00,in
37,USC00051772,Snow,1962-04-07T00:00:00.0000000-06:00,0.000000,,,0,,NOAA,2013-03-29T15:47:48.0770000-06:00,in
37,USC00051772,Snow,1962-04-08T00:00:00.0000000-06:00,0.000000,,,0,,NOAA,2013-03-29T15:47:48.0770000-06:00,in
37,USC00051772,Snow,1962-04-09T00:00:00.0000000-06:00,0.000000,,,0,,NOAA,2013-03-29T15:47:48.0770000-06:00,in
37,USC00051772,Snow,1962-04-10T00:00:00.0000000-06:00,0.000000,,,0,,NOAA,2013-03-29T15:47:48.0770000-06:00,in
37,USC00051772,Snow,1962-04-11T00:00:00.0000000-06:00,0.000000,,,0,,NOAA,2013-03-29T15:47:48.0770000-06:00,in
37,USC00051772,Snow,1962-04-12T00:00:00.0000000-06:00,0.000000,,,0,,NOAA,2013-03-29T15:47:48.0770000-06:00,in
37,USC00051772,Snow,1962-04-13T00:00:00.0000000-06:00,0.000000,,,0,,NOAA,2013-03-29T15:47:48.0770000-06:00,in
37,USC00051772,Snow,1962-04-14T00:00:00.0000000-06:00,0.000000,,,0,,NOAA,2013-03-29T15:47:48.0770000-06:00,in
37,USC00051772,Snow,1962-04-15T00:00:00.0000000-06:00,0.000000,,,0,,NOAA,2013-03-29T15:47:48.0770000-06:00,in
37,USC00051772,Snow,1962-04-16T00:00:00.0000000-06:00,0.000000,,,0,,NOAA,2013-03-29T15:47:48.0770000-06:00,in
37,USC00051772,Snow,1962-04-17T00:00:00.0000000-06:00,0.000000,,,0,,NOAA,2013-03-29T15:47:48.0770000-06:00,in
37,USC00051772,Snow,1962-04-18T00:00:00.0000000-06:00,0.000000,,,0,,NOAA,2013-03-29T15:47:48.0770000-06:00,in
37,USC00051772,Snow,1962-04-19T00:00:00.0000000-06:00,0.000000,,,0,,NOAA,2013-03-29T15:47:48.0770000-06:00,in
37,USC00051772,Snow,1962-04-20T00:00:00.0000000-06:00,0.000000,,,0,,NOAA,2013-03-29T15:47:48.0770000-06:00,in
37,USC00051772,Snow,1962-04-21T00:00:00.0000000-06:00,0.000000,,,0,,NOAA,2013-03-29T15:47:48.0770000-06:00,in
37,USC00051772,Snow,1962-04-22T00:00:00.0000000-06:00,0.000000,,,0,,NOAA,2013-03-29T15:47:48.0770000-06:00,in
37,USC00051772,Snow,1962-04-23T00:00:00.0000000-06:00,0.000000,,,0,,NOAA,2013-03-29T15:47:48.0770000-06:00,in
37,USC00051772,Snow,1962-04-24T00:00:00.0000000-06:00,0.000000,,,0,,NOAA,2013-03-29T15:47:48.0770000-06:00,in
37,USC00051772,Snow,1962-04-25T00:00:00.0000000-06:00,0.000000,,,0,,NOAA,2013-03-29T15:47:48.0770000-06:00,in
37,USC00051772,Snow,1962-04-26T00:00:00.0000000-06:00,0.000000,,,0,,NOAA,2013-03-29T15:47:48.0770000-06:00,in
37,USC00051772,Snow,1962-04-27T00:00:00.0000000-06:00,0.000000,,,0,,NOAA,2013-03-29T15:47:48.0770000-06:00,in
37,USC00051772,Snow,1962-04-28T00:00:00.0000000-06:00,0.000000,,,0,,NOAA,2013-03-29T15:47:48.0770000-06:00,in
37,USC00051772,Snow,1962-04-29T00:00:00.0000000-06:00,4.488189,,,0,,NOAA,2013-03-29T15:47:48.0770000-06:00,in
37,USC00051772,Snow,1962-04-30T00:00:00.0000000-06:00,0.511811,,,0,,NOAA,2013-03-29T15:47:48.0770000-06:00,in
37,USC00051772,Snow,1962-05-01T00:00:00.0000000-06:00,0.000000,,,0,,NOAA,2013-03-29T15:47:48.0770000-06:00,in
37,USC00051772,Snow,1962-05-02T00:00:00.0000000-06:00,0.000000,,,0,,NOAA,2013-03-29T15:47:48.0770000-06:00,in
37,USC00051772,Snow,1962-05-03T00:00:00.0000000-06:00,0.000000,,,0,,NOAA,2013-03-29T15:47:48.0770000-06:00,in
37,USC00051772,Snow,1962-05-04T00:00:00.0000000-06:00,0.000000,,,0,,NOAA,2013-03-29T15:47:48.0770000-06:00,in
37,USC00051772,Snow,1962-05-05T00:00:00.0000000-06:00,0.000000,,,0,,NOAA,2013-03-29T15:47:48.0770000-06:00,in
37,USC00051772,Snow,1962-05-06T00:00:00.0000000-06:00,0.000000,,,0,,NOAA,2013-03-29T15:47:48.0770000-06:00,in
37,USC00051772,Snow,1962-05-07T00:00:00.0000000-06:00,0.000000,,,0,,NOAA,2013-03-29T15:47:48.0770000-06:00,in
37,USC00051772,Snow,1962-05-08T00:00:00.0000000-06:00,0.000000,,,0,,NOAA,2013-03-29T15:47:48.0770000-06:00,in
37,USC00051772,Snow,1962-05-09T00:00:00.0000000-06:00,0.000000,,,0,,NOAA,2013-03-29T15:47:48.0770000-06:00,in
37,USC00051772,Snow,1962-05-10T00:00:00.0000000-06:00,0.000000,,,0,,NOAA,2013-03-29T15:47:48.0770000-06:00,in
37,USC00051772,Snow,1962-05-11T00:00:00.0000000-06:00,0.000000,,,0,,NOAA,2013-03-29T15:47:48.0770000-06:00,in
37,USC00051772,Snow,1962-05-12T00:00:00.0000000-06:00,0.000000,,,0,,NOAA,2013-03-29T15:47:48.0770000-06:00,in
37,USC00051772,Snow,1962-05-13T00:00:00.0000000-06:00,0.000000,,,0,,NOAA,2013-03-29T15:47:48.0770000-06:00,in
37,USC00051772,Snow,1962-05-14T00:00:00.0000000-06:00,0.000000,,,0,,NOAA,2013-03-29T15:47:48.0770000-06:00,in
37,USC00051772,Snow,1962-05-15T00:00:00.0000000-06:00,0.000000,,,0,,NOAA,2013-03-29T15:47:48.0770000-06:00,in
37,USC00051772,Snow,1962-05-16T00:00:00.0000000-06:00,0.000000,,,0,,NOAA,2013-03-29T15:47:48.0770000-06:00,in
37,USC00051772,Snow,1962-05-17T00:00:00.0000000-06:00,0.000000,,,0,,NOAA,2013-03-29T15:47:48.0770000-06:00,in
37,USC00051772,Snow,1962-05-18T00:00:00.0000000-06:00,0.000000,,,0,,NOAA,2013-03-29T15:47:48.0770000-06:00,in
37,USC00051772,Snow,1962-05-19T00:00:00.0000000-06:00,0.000000,,,0,,NOAA,2013-03-29T15:47:48.0770000-06:00,in
37,USC00051772,Snow,1962-05-20T00:00:00.0000000-06:00,0.000000,,,0,,NOAA,2013-03-29T15:47:48.0770000-06:00,in
37,USC00051772,Snow,1962-05-21T00:00:00.0000000-06:00,0.000000,,,0,,NOAA,2013-03-29T15:47:48.0770000-06:00,in
37,USC00051772,Snow,1962-05-22T00:00:00.0000000-06:00,0.000000,,,0,,NOAA,2013-03-29T15:47:48.0770000-06:00,in
37,USC00051772,Snow,1962-05-23T00:00:00.0000000-06:00,0.000000,,,0,,NOAA,2013-03-29T15:47:48.0770000-06:00,in
37,USC00051772,Snow,1962-05-24T00:00:00.0000000-06:00,0.000000,,,0,,NOAA,2013-03-29T15:47:48.0770000-06:00,in
37,USC00051772,Snow,1962-05-25T00:00:00.0000000-06:00,0.000000,,,0,,NOAA,2013-03-29T15:47:48.0770000-06:00,in
37,USC00051772,Snow,1962-05-26T00:00:00.0000000-06:00,0.000000,,,0,,NOAA,2013-03-29T15:47:48.0770000-06:00,in
37,USC00051772,Snow,1962-05-27T00:00:00.0000000-06:00,0.000000,,,0,,NOAA,2013-03-29T15:47:48.0770000-06:00,in
37,USC00051772,Snow,1962-05-28T00:00:00.0000000-06:00,0.000000,,,0,,NOAA,2013-03-29T15:47:48.0770000-06:00,in
37,USC00051772,Snow,1962-05-29T00:00:00.0000000-06:00,0.000000,,,0,,NOAA,2013-03-29T15:47:48.0770000-06:00,in
37,USC00051772,Snow,1962-05-30T00:00:00.0000000-06:00,0.000000,,,0,,NOAA,2013-03-29T15:47:48.0770000-06:00,in
37,USC00051772,Snow,1962-05-31T00:00:00.0000000-06:00,0.000000,,,0,,NOAA,2013-03-29T15:47:48.0770000-06:00,in
37,USC00051772,Snow,1962-06-01T00:00:00.0000000-06:00,0.000000,,,0,,NOAA,2013-03-29T15:47:48.0770000-06:00,in
37,USC00051772,Snow,1962-06-02T00:00:00.0000000-06:00,0.000000,,,0,,NOAA,2013-03-29T15:47:48.0770000-06:00,in
37,USC00051772,Snow,1962-06-03T00:00:00.0000000-06:00,0.000000,,,0,,NOAA,2013-03-29T15:47:48.0770000-06:00,in
37,USC00051772,Snow,1962-06-04T00:00:00.0000000-06:00,0.000000,,,0,,NOAA,2013-03-29T15:47:48.0770000-06:00,in
37,USC00051772,Snow,1962-06-05T00:00:00.0000000-06:00,0.000000,,,0,,NOAA,2013-03-29T15:47:48.0770000-06:00,in
37,USC00051772,Snow,1962-06-06T00:00:00.0000000-06:00,0.000000,,,0,,NOAA,2013-03-29T15:47:48.0770000-06:00,in
37,USC00051772,Snow,1962-06-07T00:00:00.0000000-06:00,0.000000,,,0,,NOAA,2013-03-29T15:47:48.0770000-06:00,in
37,USC00051772,Snow,1962-06-08T00:00:00.0000000-06:00,0.000000,,,0,,NOAA,2013-03-29T15:47:48.0770000-06:00,in
37,USC00051772,Snow,1962-06-09T00:00:00.0000000-06:00,0.000000,,,0,,NOAA,2013-03-29T15:47:48.0770000-06:00,in
37,USC00051772,Snow,1962-06-10T00:00:00.0000000-06:00,0.000000,,,0,,NOAA,2013-03-29T15:47:48.0770000-06:00,in
37,USC00051772,Snow,1962-06-11T00:00:00.0000000-06:00,0.000000,,,0,,NOAA,2013-03-29T15:47:48.0770000-06:00,in
37,USC00051772,Snow,1962-06-12T00:00:00.0000000-06:00,0.000000,,,0,,NOAA,2013-03-29T15:47:48.0770000-06:00,in
37,USC00051772,Snow,1962-06-13T00:00:00.0000000-06:00,0.000000,,,0,,NOAA,2013-03-29T15:47:48.0770000-06:00,in
37,USC00051772,Snow,1962-06-14T00:00:00.0000000-06:00,0.000000,,,0,,NOAA,2013-03-29T15:47:48.0770000-06:00,in
37,USC00051772,Snow,1962-06-15T00:00:00.0000000-06:00,0.000000,,,0,,NOAA,2013-03-29T15:47:48.0770000-06:00,in
37,USC00051772,Snow,1962-06-16T00:00:00.0000000-06:00,0.000000,,,0,,NOAA,2013-03-29T15:47:48.0770000-06:00,in
37,USC00051772,Snow,1962-06-17T00:00:00.0000000-06:00,0.000000,,,0,,NOAA,2013-03-29T15:47:48.0770000-06:00,in
37,USC00051772,Snow,1962-06-18T00:00:00.0000000-06:00,0.000000,,,0,,NOAA,2013-03-29T15:47:48.0770000-06:00,in
37,USC00051772,Snow,1962-06-19T00:00:00.0000000-06:00,0.000000,,,0,,NOAA,2013-03-29T15:47:48.0770000-06:00,in
37,USC00051772,Snow,1962-06-20T00:00:00.0000000-06:00,0.000000,,,0,,NOAA,2013-03-29T15:47:48.0770000-06:00,in
37,USC00051772,Snow,1962-06-21T00:00:00.0000000-06:00,0.000000,,,0,,NOAA,2013-03-29T15:47:48.0770000-06:00,in
37,USC00051772,Snow,1962-06-22T00:00:00.0000000-06:00,0.000000,,,0,,NOAA,2013-03-29T15:47:48.0770000-06:00,in
37,USC00051772,Snow,1962-06-23T00:00:00.0000000-06:00,0.000000,,,0,,NOAA,2013-03-29T15:47:48.0770000-06:00,in
37,USC00051772,Snow,1962-06-24T00:00:00.0000000-06:00,0.000000,,,0,,NOAA,2013-03-29T15:47:48.0770000-06:00,in
37,USC00051772,Snow,1962-06-25T00:00:00.0000000-06:00,0.000000,,,0,,NOAA,2013-03-29T15:47:48.0770000-06:00,in
37,USC00051772,Snow,1962-06-26T00:00:00.0000000-06:00,0.000000,,,0,,NOAA,2013-03-29T15:47:48.0770000-06:00,in
37,USC00051772,Snow,1962-06-27T00:00:00.0000000-06:00,0.000000,,,0,,NOAA,2013-03-29T15:47:48.0770000-06:00,in
37,USC00051772,Snow,1962-06-28T00:00:00.0000000-06:00,0.000000,,,0,,NOAA,2013-03-29T15:47:48.0770000-06:00,in
37,USC00051772,Snow,1962-06-29T00:00:00.0000000-06:00,0.000000,,,0,,NOAA,2013-03-29T15:47:48.0770000-06:00,in
37,USC00051772,Snow,1962-06-30T00:00:00.0000000-06:00,0.000000,,,0,,NOAA,2013-03-29T15:47:48.0770000-06:00,in
37,USC00051772,Snow,1962-07-01T00:00:00.0000000-06:00,0.000000,,,0,,NOAA,2013-03-29T15:47:48.0770000-06:00,in
37,USC00051772,Snow,1962-07-02T00:00:00.0000000-06:00,0.000000,,,0,,NOAA,2013-03-29T15:47:48.0770000-06:00,in
37,USC00051772,Snow,1962-07-03T00:00:00.0000000-06:00,0.000000,,,0,,NOAA,2013-03-29T15:47:48.0770000-06:00,in
37,USC00051772,Snow,1962-07-04T00:00:00.0000000-06:00,0.000000,,,0,,NOAA,2013-03-29T15:47:48.0770000-06:00,in
37,USC00051772,Snow,1962-07-05T00:00:00.0000000-06:00,0.000000,,,0,,NOAA,2013-03-29T15:47:48.0770000-06:00,in
37,USC00051772,Snow,1962-07-06T00:00:00.0000000-06:00,0.000000,,,0,,NOAA,2013-03-29T15:47:48.0770000-06:00,in
37,USC00051772,Snow,1962-07-07T00:00:00.0000000-06:00,0.000000,,,0,,NOAA,2013-03-29T15:47:48.0770000-06:00,in
37,USC00051772,Snow,1962-07-08T00:00:00.0000000-06:00,0.000000,,,0,,NOAA,2013-03-29T15:47:48.0770000-06:00,in
37,USC00051772,Snow,1962-07-09T00:00:00.0000000-06:00,0.000000,,,0,,NOAA,2013-03-29T15:47:48.0770000-06:00,in
37,USC00051772,Snow,1962-07-10T00:00:00.0000000-06:00,0.000000,,,0,,NOAA,2013-03-29T15:47:48.0770000-06:00,in
37,USC00051772,Snow,1962-07-11T00:00:00.0000000-06:00,0.000000,,,0,,NOAA,2013-03-29T15:47:48.0770000-06:00,in
37,USC00051772,Snow,1962-07-12T00:00:00.0000000-06:00,0.000000,,,0,,NOAA,2013-03-29T15:47:48.0770000-06:00,in
37,USC00051772,Snow,1962-07-13T00:00:00.0000000-06:00,0.000000,,,0,,NOAA,2013-03-29T15:47:48.0770000-06:00,in
37,USC00051772,Snow,1962-07-14T00:00:00.0000000-06:00,0.000000,,,0,,NOAA,2013-03-29T15:47:48.0770000-06:00,in
37,USC00051772,Snow,1962-07-15T00:00:00.0000000-06:00,0.000000,,,0,,NOAA,2013-03-29T15:47:48.0770000-06:00,in
37,USC00051772,Snow,1962-07-16T00:00:00.0000000-06:00,0.000000,,,0,,NOAA,2013-03-29T15:47:48.0770000-06:00,in
37,USC00051772,Snow,1962-07-17T00:00:00.0000000-06:00,0.000000,,,0,,NOAA,2013-03-29T15:47:48.0770000-06:00,in
37,USC00051772,Snow,1962-07-18T00:00:00.0000000-06:00,0.000000,,,0,,NOAA,2013-03-29T15:47:48.0770000-06:00,in
37,USC00051772,Snow,1962-07-19T00:00:00.0000000-06:00,0.000000,,,0,,NOAA,2013-03-29T15:47:48.0770000-06:00,in
37,USC00051772,Snow,1962-07-20T00:00:00.0000000-06:00,0.000000,,,0,,NOAA,2013-03-29T15:47:48.0770000-06:00,in
37,USC00051772,Snow,1962-07-21T00:00:00.0000000-06:00,0.000000,,,0,,NOAA,2013-03-29T15:47:48.0770000-06:00,in
37,USC00051772,Snow,1962-07-22T00:00:00.0000000-06:00,0.000000,,,0,,NOAA,2013-03-29T15:47:48.0770000-06:00,in
37,USC00051772,Snow,1962-07-23T00:00:00.0000000-06:00,0.000000,,,0,,NOAA,2013-03-29T15:47:48.0770000-06:00,in
37,USC00051772,Snow,1962-07-24T00:00:00.0000000-06:00,0.000000,,,0,,NOAA,2013-03-29T15:47:48.0770000-06:00,in
37,USC00051772,Snow,1962-07-25T00:00:00.0000000-06:00,0.000000,,,0,,NOAA,2013-03-29T15:47:48.0770000-06:00,in
37,USC00051772,Snow,1962-07-26T00:00:00.0000000-06:00,0.000000,,,0,,NOAA,2013-03-29T15:47:48.0770000-06:00,in
37,USC00051772,Snow,1962-07-27T00:00:00.0000000-06:00,0.000000,,,0,,NOAA,2013-03-29T15:47:48.0770000-06:00,in
37,USC00051772,Snow,1962-07-28T00:00:00.0000000-06:00,0.000000,,,0,,NOAA,2013-03-29T15:47:48.0770000-06:00,in
37,USC00051772,Snow,1962-07-29T00:00:00.0000000-06:00,0.000000,,,0,,NOAA,2013-03-29T15:47:48.0770000-06:00,in
37,USC00051772,Snow,1962-07-30T00:00:00.0000000-06:00,0.000000,,,0,,NOAA,2013-03-29T15:47:48.0770000-06:00,in
37,USC00051772,Snow,1962-07-31T00:00:00.0000000-06:00,0.000000,,,0,,NOAA,2013-03-29T15:47:48.0770000-06:00,in
37,USC00051772,Snow,1962-08-01T00:00:00.0000000-06:00,0.000000,,,0,,NOAA,2013-03-29T15:47:48.0770000-06:00,in
37,USC00051772,Snow,1962-08-02T00:00:00.0000000-06:00,0.000000,,,0,,NOAA,2013-03-29T15:47:48.0770000-06:00,in
37,USC00051772,Snow,1962-08-03T00:00:00.0000000-06:00,0.000000,,,0,,NOAA,2013-03-29T15:47:48.0770000-06:00,in
37,USC00051772,Snow,1962-08-04T00:00:00.0000000-06:00,0.000000,,,0,,NOAA,2013-03-29T15:47:48.0770000-06:00,in
37,USC00051772,Snow,1962-08-05T00:00:00.0000000-06:00,0.000000,,,0,,NOAA,2013-03-29T15:47:48.0770000-06:00,in
37,USC00051772,Snow,1962-08-06T00:00:00.0000000-06:00,0.000000,,,0,,NOAA,2013-03-29T15:47:48.0770000-06:00,in
37,USC00051772,Snow,1962-08-07T00:00:00.0000000-06:00,0.000000,,,0,,NOAA,2013-03-29T15:47:48.0770000-06:00,in
37,USC00051772,Snow,1962-08-08T00:00:00.0000000-06:00,0.000000,,,0,,NOAA,2013-03-29T15:47:48.0770000-06:00,in
37,USC00051772,Snow,1962-08-09T00:00:00.0000000-06:00,0.000000,,,0,,NOAA,2013-03-29T15:47:48.0770000-06:00,in
37,USC00051772,Snow,1962-08-10T00:00:00.0000000-06:00,0.000000,,,0,,NOAA,2013-03-29T15:47:48.0770000-06:00,in
37,USC00051772,Snow,1962-08-11T00:00:00.0000000-06:00,0.000000,,,0,,NOAA,2013-03-29T15:47:48.0770000-06:00,in
37,USC00051772,Snow,1962-08-12T00:00:00.0000000-06:00,0.000000,,,0,,NOAA,2013-03-29T15:47:48.0770000-06:00,in
37,USC00051772,Snow,1962-08-13T00:00:00.0000000-06:00,0.000000,,,0,,NOAA,2013-03-29T15:47:48.0770000-06:00,in
37,USC00051772,Snow,1962-08-14T00:00:00.0000000-06:00,0.000000,,,0,,NOAA,2013-03-29T15:47:48.0770000-06:00,in
37,USC00051772,Snow,1962-08-15T00:00:00.0000000-06:00,0.000000,,,0,,NOAA,2013-03-29T15:47:48.0770000-06:00,in
37,USC00051772,Snow,1962-08-16T00:00:00.0000000-06:00,0.000000,,,0,,NOAA,2013-03-29T15:47:48.0770000-06:00,in
37,USC00051772,Snow,1962-08-17T00:00:00.0000000-06:00,0.000000,,,0,,NOAA,2013-03-29T15:47:48.0770000-06:00,in
37,USC00051772,Snow,1962-08-18T00:00:00.0000000-06:00,0.000000,,,0,,NOAA,2013-03-29T15:47:48.0770000-06:00,in
37,USC00051772,Snow,1962-08-19T00:00:00.0000000-06:00,0.000000,,,0,,NOAA,2013-03-29T15:47:48.0770000-06:00,in
37,USC00051772,Snow,1962-08-20T00:00:00.0000000-06:00,0.000000,,,0,,NOAA,2013-03-29T15:47:48.0770000-06:00,in
37,USC00051772,Snow,1962-08-21T00:00:00.0000000-06:00,0.000000,,,0,,NOAA,2013-03-29T15:47:48.0770000-06:00,in
37,USC00051772,Snow,1962-08-22T00:00:00.0000000-06:00,0.000000,,,0,,NOAA,2013-03-29T15:47:48.0770000-06:00,in
37,USC00051772,Snow,1962-08-23T00:00:00.0000000-06:00,0.000000,,,0,,NOAA,2013-03-29T15:47:48.0770000-06:00,in
37,USC00051772,Snow,1962-08-24T00:00:00.0000000-06:00,0.000000,,,0,,NOAA,2013-03-29T15:47:48.0770000-06:00,in
37,USC00051772,Snow,1962-08-25T00:00:00.0000000-06:00,0.000000,,,0,,NOAA,2013-03-29T15:47:48.0770000-06:00,in
37,USC00051772,Snow,1962-08-26T00:00:00.0000000-06:00,0.000000,,,0,,NOAA,2013-03-29T15:47:48.0770000-06:00,in
37,USC00051772,Snow,1962-08-27T00:00:00.0000000-06:00,0.000000,,,0,,NOAA,2013-03-29T15:47:48.0770000-06:00,in
37,USC00051772,Snow,1962-08-28T00:00:00.0000000-06:00,0.000000,,,0,,NOAA,2013-03-29T15:47:48.0770000-06:00,in
37,USC00051772,Snow,1962-08-29T00:00:00.0000000-06:00,0.000000,,,0,,NOAA,2013-03-29T15:47:48.0770000-06:00,in
37,USC00051772,Snow,1962-08-30T00:00:00.0000000-06:00,0.000000,,,0,,NOAA,2013-03-29T15:47:48.0770000-06:00,in
37,USC00051772,Snow,1962-08-31T00:00:00.0000000-06:00,0.000000,,,0,,NOAA,2013-03-29T15:47:48.0770000-06:00,in
37,USC00051772,Snow,1962-09-01T00:00:00.0000000-06:00,0.000000,,,0,,NOAA,2013-03-29T15:47:48.0770000-06:00,in
37,USC00051772,Snow,1962-09-02T00:00:00.0000000-06:00,0.000000,,,0,,NOAA,2013-03-29T15:47:48.0770000-06:00,in
37,USC00051772,Snow,1962-09-03T00:00:00.0000000-06:00,0.000000,,,0,,NOAA,2013-03-29T15:47:48.0770000-06:00,in
37,USC00051772,Snow,1962-09-04T00:00:00.0000000-06:00,0.000000,,,0,,NOAA,2013-03-29T15:47:48.0770000-06:00,in
37,USC00051772,Snow,1962-09-05T00:00:00.0000000-06:00,0.000000,,,0,,NOAA,2013-03-29T15:47:48.0770000-06:00,in
37,USC00051772,Snow,1962-09-06T00:00:00.0000000-06:00,0.000000,,,0,,NOAA,2013-03-29T15:47:48.0770000-06:00,in
37,USC00051772,Snow,1962-09-07T00:00:00.0000000-06:00,0.000000,,,0,,NOAA,2013-03-29T15:47:48.0770000-06:00,in
37,USC00051772,Snow,1962-09-08T00:00:00.0000000-06:00,0.000000,,,0,,NOAA,2013-03-29T15:47:48.0770000-06:00,in
37,USC00051772,Snow,1962-09-09T00:00:00.0000000-06:00,0.000000,,,0,,NOAA,2013-03-29T15:47:48.0770000-06:00,in
37,USC00051772,Snow,1962-09-10T00:00:00.0000000-06:00,0.000000,,,0,,NOAA,2013-03-29T15:47:48.0770000-06:00,in
37,USC00051772,Snow,1962-09-11T00:00:00.0000000-06:00,0.000000,,,0,,NOAA,2013-03-29T15:47:48.0770000-06:00,in
37,USC00051772,Snow,1962-09-12T00:00:00.0000000-06:00,0.000000,,,0,,NOAA,2013-03-29T15:47:48.0770000-06:00,in
37,USC00051772,Snow,1962-09-13T00:00:00.0000000-06:00,0.000000,,,0,,NOAA,2013-03-29T15:47:48.0770000-06:00,in
37,USC00051772,Snow,1962-09-14T00:00:00.0000000-06:00,0.000000,,,0,,NOAA,2013-03-29T15:47:48.0770000-06:00,in
37,USC00051772,Snow,1962-09-15T00:00:00.0000000-06:00,0.000000,,,0,,NOAA,2013-03-29T15:47:48.0770000-06:00,in
37,USC00051772,Snow,1962-09-16T00:00:00.0000000-06:00,0.000000,,,0,,NOAA,2013-03-29T15:47:48.0770000-06:00,in
37,USC00051772,Snow,1962-09-17T00:00:00.0000000-06:00,0.000000,,,0,,NOAA,2013-03-29T15:47:48.0770000-06:00,in
37,USC00051772,Snow,1962-09-18T00:00:00.0000000-06:00,0.000000,,,0,,NOAA,2013-03-29T15:47:48.0770000-06:00,in
37,USC00051772,Snow,1962-09-19T00:00:00.0000000-06:00,0.000000,,,0,,NOAA,2013-03-29T15:47:48.0770000-06:00,in
37,USC00051772,Snow,1962-09-20T00:00:00.0000000-06:00,0.000000,,,0,,NOAA,2013-03-29T15:47:48.0770000-06:00,in
37,USC00051772,Snow,1962-09-21T00:00:00.0000000-06:00,0.000000,,,0,,NOAA,2013-03-29T15:47:48.0770000-06:00,in
37,USC00051772,Snow,1962-09-22T00:00:00.0000000-06:00,0.000000,,,0,,NOAA,2013-03-29T15:47:48.0770000-06:00,in
37,USC00051772,Snow,1962-09-23T00:00:00.0000000-06:00,0.000000,,,0,,NOAA,2013-03-29T15:47:48.0770000-06:00,in
37,USC00051772,Snow,1962-09-24T00:00:00.0000000-06:00,0.000000,,,0,,NOAA,2013-03-29T15:47:48.0770000-06:00,in
37,USC00051772,Snow,1962-09-25T00:00:00.0000000-06:00,0.000000,,,0,,NOAA,2013-03-29T15:47:48.0770000-06:00,in
37,USC00051772,Snow,1962-09-26T00:00:00.0000000-06:00,0.000000,,,0,,NOAA,2013-03-29T15:47:48.0770000-06:00,in
37,USC00051772,Snow,1962-09-27T00:00:00.0000000-06:00,0.000000,,,0,,NOAA,2013-03-29T15:47:48.0770000-06:00,in
37,USC00051772,Snow,1962-09-28T00:00:00.0000000-06:00,0.000000,,,0,,NOAA,2013-03-29T15:47:48.0770000-06:00,in
37,USC00051772,Snow,1962-09-29T00:00:00.0000000-06:00,0.000000,,,0,,NOAA,2013-03-29T15:47:48.0770000-06:00,in
37,USC00051772,Snow,1962-09-30T00:00:00.0000000-06:00,0.000000,,,0,,NOAA,2013-03-29T15:47:48.0770000-06:00,in
37,USC00051772,Snow,1962-10-01T00:00:00.0000000-06:00,0.000000,,,0,,NOAA,2013-03-29T15:47:48.0770000-06:00,in
37,USC00051772,Snow,1962-10-02T00:00:00.0000000-06:00,0.000000,,,0,,NOAA,2013-03-29T15:47:48.0770000-06:00,in
37,USC00051772,Snow,1962-10-03T00:00:00.0000000-06:00,0.000000,,,0,,NOAA,2013-03-29T15:47:48.0770000-06:00,in
37,USC00051772,Snow,1962-10-04T00:00:00.0000000-06:00,0.000000,,,0,,NOAA,2013-03-29T15:47:48.0770000-06:00,in
37,USC00051772,Snow,1962-10-05T00:00:00.0000000-06:00,0.000000,,,0,,NOAA,2013-03-29T15:47:48.0770000-06:00,in
37,USC00051772,Snow,1962-10-06T00:00:00.0000000-06:00,0.000000,,,0,,NOAA,2013-03-29T15:47:48.0770000-06:00,in
37,USC00051772,Snow,1962-10-07T00:00:00.0000000-06:00,0.000000,,,0,,NOAA,2013-03-29T15:47:48.0770000-06:00,in
37,USC00051772,Snow,1962-10-08T00:00:00.0000000-06:00,0.000000,,,0,,NOAA,2013-03-29T15:47:48.0770000-06:00,in
37,USC00051772,Snow,1962-10-09T00:00:00.0000000-06:00,0.000000,,,0,,NOAA,2013-03-29T15:47:48.0770000-06:00,in
37,USC00051772,Snow,1962-10-10T00:00:00.0000000-06:00,0.000000,,,0,,NOAA,2013-03-29T15:47:48.0770000-06:00,in
37,USC00051772,Snow,1962-10-11T00:00:00.0000000-06:00,0.000000,,,0,,NOAA,2013-03-29T15:47:48.0770000-06:00,in
37,USC00051772,Snow,1962-10-12T00:00:00.0000000-06:00,0.000000,,,0,,NOAA,2013-03-29T15:47:48.0770000-06:00,in
37,USC00051772,Snow,1962-10-13T00:00:00.0000000-06:00,0.000000,,,0,,NOAA,2013-03-29T15:47:48.0770000-06:00,in
37,USC00051772,Snow,1962-10-14T00:00:00.0000000-06:00,0.000000,,,0,,NOAA,2013-03-29T15:47:48.0770000-06:00,in
37,USC00051772,Snow,1962-10-15T00:00:00.0000000-06:00,0.000000,,,0,,NOAA,2013-03-29T15:47:48.0770000-06:00,in
37,USC00051772,Snow,1962-10-16T00:00:00.0000000-06:00,0.000000,,,0,,NOAA,2013-03-29T15:47:48.0770000-06:00,in
37,USC00051772,Snow,1962-10-17T00:00:00.0000000-06:00,0.000000,,,0,,NOAA,2013-03-29T15:47:48.0770000-06:00,in
37,USC00051772,Snow,1962-10-18T00:00:00.0000000-06:00,0.000000,,,0,,NOAA,2013-03-29T15:47:48.0770000-06:00,in
37,USC00051772,Snow,1962-10-19T00:00:00.0000000-06:00,0.000000,,,0,,NOAA,2013-03-29T15:47:48.0770000-06:00,in
37,USC00051772,Snow,1962-10-20T00:00:00.0000000-06:00,0.000000,,,0,,NOAA,2013-03-29T15:47:48.0770000-06:00,in
37,USC00051772,Snow,1962-10-21T00:00:00.0000000-06:00,0.000000,,,0,,NOAA,2013-03-29T15:47:48.0770000-06:00,in
37,USC00051772,Snow,1962-10-22T00:00:00.0000000-06:00,0.000000,,,0,,NOAA,2013-03-29T15:47:48.0770000-06:00,in
37,USC00051772,Snow,1962-10-23T00:00:00.0000000-06:00,0.000000,,,0,,NOAA,2013-03-29T15:47:48.0770000-06:00,in
37,USC00051772,Snow,1962-10-24T00:00:00.0000000-06:00,0.000000,,,0,,NOAA,2013-03-29T15:47:48.0770000-06:00,in
37,USC00051772,Snow,1962-10-25T00:00:00.0000000-06:00,0.000000,,,0,,NOAA,2013-03-29T15:47:48.0770000-06:00,in
37,USC00051772,Snow,1962-10-26T00:00:00.0000000-06:00,0.000000,,,0,,NOAA,2013-03-29T15:47:48.0770000-06:00,in
37,USC00051772,Snow,1962-10-27T00:00:00.0000000-06:00,0.000000,,,0,,NOAA,2013-03-29T15:47:48.0770000-06:00,in
37,USC00051772,Snow,1962-10-28T00:00:00.0000000-06:00,0.000000,,,0,,NOAA,2013-03-29T15:47:48.0770000-06:00,in
37,USC00051772,Snow,1962-10-29T00:00:00.0000000-07:00,0.000000,,,0,,NOAA,2013-03-29T15:47:48.0770000-06:00,in
37,USC00051772,Snow,1962-10-30T00:00:00.0000000-07:00,0.000000,,,0,,NOAA,2013-03-29T15:47:48.0770000-06:00,in
37,USC00051772,Snow,1962-10-31T00:00:00.0000000-07:00,0.000000,,,0,,NOAA,2013-03-29T15:47:48.0770000-06:00,in
37,USC00051772,Snow,1962-11-01T00:00:00.0000000-07:00,0.000000,,,0,,NOAA,2013-03-29T15:47:48.0770000-06:00,in
37,USC00051772,Snow,1962-11-02T00:00:00.0000000-07:00,0.000000,,,0,,NOAA,2013-03-29T15:47:48.0770000-06:00,in
37,USC00051772,Snow,1962-11-03T00:00:00.0000000-07:00,0.000000,,,0,,NOAA,2013-03-29T15:47:48.0770000-06:00,in
37,USC00051772,Snow,1962-11-04T00:00:00.0000000-07:00,0.000000,,,0,,NOAA,2013-03-29T15:47:48.0770000-06:00,in
37,USC00051772,Snow,1962-11-05T00:00:00.0000000-07:00,0.000000,,,0,,NOAA,2013-03-29T15:47:48.0770000-06:00,in
37,USC00051772,Snow,1962-11-06T00:00:00.0000000-07:00,0.000000,,,0,,NOAA,2013-03-29T15:47:48.0770000-06:00,in
37,USC00051772,Snow,1962-11-07T00:00:00.0000000-07:00,0.000000,,,0,,NOAA,2013-03-29T15:47:48.0770000-06:00,in
37,USC00051772,Snow,1962-11-08T00:00:00.0000000-07:00,0.000000,,,0,,NOAA,2013-03-29T15:47:48.0770000-06:00,in
37,USC00051772,Snow,1962-11-09T00:00:00.0000000-07:00,0.000000,,,0,,NOAA,2013-03-29T15:47:48.0770000-06:00,in
37,USC00051772,Snow,1962-11-10T00:00:00.0000000-07:00,0.000000,,,0,,NOAA,2013-03-29T15:47:48.0770000-06:00,in
37,USC00051772,Snow,1962-11-11T00:00:00.0000000-07:00,0.000000,,,0,,NOAA,2013-03-29T15:47:48.0770000-06:00,in
37,USC00051772,Snow,1962-11-12T00:00:00.0000000-07:00,0.000000,,,0,,NOAA,2013-03-29T15:47:48.0770000-06:00,in
37,USC00051772,Snow,1962-11-13T00:00:00.0000000-07:00,0.000000,,,0,,NOAA,2013-03-29T15:47:48.0770000-06:00,in
37,USC00051772,Snow,1962-11-14T00:00:00.0000000-07:00,0.000000,,,0,,NOAA,2013-03-29T15:47:48.0770000-06:00,in
37,USC00051772,Snow,1962-11-15T00:00:00.0000000-07:00,0.000000,,,0,,NOAA,2013-03-29T15:47:48.0770000-06:00,in
37,USC00051772,Snow,1962-11-16T00:00:00.0000000-07:00,0.000000,,,0,,NOAA,2013-03-29T15:47:48.0770000-06:00,in
37,USC00051772,Snow,1962-11-17T00:00:00.0000000-07:00,0.000000,,,0,,NOAA,2013-03-29T15:47:48.0770000-06:00,in
37,USC00051772,Snow,1962-11-18T00:00:00.0000000-07:00,4.015748,,,0,,NOAA,2013-03-29T15:47:48.0770000-06:00,in
37,USC00051772,Snow,1962-11-19T00:00:00.0000000-07:00,0.000000,,,0,,NOAA,2013-03-29T15:47:48.0770000-06:00,in
37,USC00051772,Snow,1962-11-20T00:00:00.0000000-07:00,0.000000,,,0,,NOAA,2013-03-29T15:47:48.0770000-06:00,in
37,USC00051772,Snow,1962-11-21T00:00:00.0000000-07:00,0.000000,,,0,,NOAA,2013-03-29T15:47:48.0770000-06:00,in
37,USC00051772,Snow,1962-11-22T00:00:00.0000000-07:00,0.000000,,,0,,NOAA,2013-03-29T15:47:48.0770000-06:00,in
37,USC00051772,Snow,1962-11-23T00:00:00.0000000-07:00,0.000000,,,0,,NOAA,2013-03-29T15:47:48.0770000-06:00,in
37,USC00051772,Snow,1962-11-24T00:00:00.0000000-07:00,0.000000,,,0,,NOAA,2013-03-29T15:47:48.0770000-06:00,in
37,USC00051772,Snow,1962-11-25T00:00:00.0000000-07:00,0.000000,,,0,,NOAA,2013-03-29T15:47:48.0770000-06:00,in
37,USC00051772,Snow,1962-11-26T00:00:00.0000000-07:00,0.000000,,,0,,NOAA,2013-03-29T15:47:48.0770000-06:00,in
37,USC00051772,Snow,1962-11-27T00:00:00.0000000-07:00,0.000000,,,0,,NOAA,2013-03-29T15:47:48.0770000-06:00,in
37,USC00051772,Snow,1962-11-28T00:00:00.0000000-07:00,0.000000,,,0,,NOAA,2013-03-29T15:47:48.0770000-06:00,in
37,USC00051772,Snow,1962-11-29T00:00:00.0000000-07:00,0.000000,,,0,,NOAA,2013-03-29T15:47:48.0770000-06:00,in
37,USC00051772,Snow,1962-11-30T00:00:00.0000000-07:00,0.000000,,,0,,NOAA,2013-03-29T15:47:48.0770000-06:00,in
37,USC00051772,Snow,1962-12-01T00:00:00.0000000-07:00,0.000000,,,0,,NOAA,2013-03-29T15:47:48.0770000-06:00,in
37,USC00051772,Snow,1962-12-02T00:00:00.0000000-07:00,0.000000,,,0,,NOAA,2013-03-29T15:47:48.0770000-06:00,in
37,USC00051772,Snow,1962-12-03T00:00:00.0000000-07:00,0.000000,,,0,,NOAA,2013-03-29T15:47:48.0770000-06:00,in
37,USC00051772,Snow,1962-12-04T00:00:00.0000000-07:00,0.000000,,,0,,NOAA,2013-03-29T15:47:48.0770000-06:00,in
37,USC00051772,Snow,1962-12-05T00:00:00.0000000-07:00,0.000000,,,0,,NOAA,2013-03-29T15:47:48.0770000-06:00,in
37,USC00051772,Snow,1962-12-06T00:00:00.0000000-07:00,0.000000,,,0,,NOAA,2013-03-29T15:47:48.0770000-06:00,in
37,USC00051772,Snow,1962-12-07T00:00:00.0000000-07:00,0.000000,,,0,,NOAA,2013-03-29T15:47:48.0770000-06:00,in
37,USC00051772,Snow,1962-12-08T00:00:00.0000000-07:00,0.000000,,,0,,NOAA,2013-03-29T15:47:48.0770000-06:00,in
37,USC00051772,Snow,1962-12-09T00:00:00.0000000-07:00,0.000000,,,0,,NOAA,2013-03-29T15:47:48.0770000-06:00,in
37,USC00051772,Snow,1962-12-10T00:00:00.0000000-07:00,0.000000,,,0,,NOAA,2013-03-29T15:47:48.0770000-06:00,in
37,USC00051772,Snow,1962-12-11T00:00:00.0000000-07:00,0.000000,,,0,,NOAA,2013-03-29T15:47:48.0770000-06:00,in
37,USC00051772,Snow,1962-12-12T00:00:00.0000000-07:00,0.000000,,,0,,NOAA,2013-03-29T15:47:48.0770000-06:00,in
37,USC00051772,Snow,1962-12-13T00:00:00.0000000-07:00,0.000000,,,0,,NOAA,2013-03-29T15:47:48.0770000-06:00,in
37,USC00051772,Snow,1962-12-14T00:00:00.0000000-07:00,0.000000,,,0,,NOAA,2013-03-29T15:47:48.0770000-06:00,in
37,USC00051772,Snow,1962-12-15T00:00:00.0000000-07:00,0.000000,,,0,,NOAA,2013-03-29T15:47:48.0770000-06:00,in
37,USC00051772,Snow,1962-12-16T00:00:00.0000000-07:00,0.000000,,,0,,NOAA,2013-03-29T15:47:48.0770000-06:00,in
37,USC00051772,Snow,1962-12-17T00:00:00.0000000-07:00,0.000000,,,0,,NOAA,2013-03-29T15:47:48.0770000-06:00,in
37,USC00051772,Snow,1962-12-18T00:00:00.0000000-07:00,0.000000,,,0,,NOAA,2013-03-29T15:47:48.0770000-06:00,in
37,USC00051772,Snow,1962-12-19T00:00:00.0000000-07:00,1.496063,,,0,,NOAA,2013-03-29T15:47:48.0770000-06:00,in
37,USC00051772,Snow,1962-12-20T00:00:00.0000000-07:00,0.000000,,,0,,NOAA,2013-03-29T15:47:48.0770000-06:00,in
37,USC00051772,Snow,1962-12-21T00:00:00.0000000-07:00,0.000000,,,0,,NOAA,2013-03-29T15:47:48.0770000-06:00,in
37,USC00051772,Snow,1962-12-22T00:00:00.0000000-07:00,0.000000,,,0,,NOAA,2013-03-29T15:47:48.0770000-06:00,in
37,USC00051772,Snow,1962-12-23T00:00:00.0000000-07:00,0.000000,,,0,,NOAA,2013-03-29T15:47:48.0770000-06:00,in
37,USC00051772,Snow,1962-12-24T00:00:00.0000000-07:00,4.015748,,,0,,NOAA,2013-03-29T15:47:48.0770000-06:00,in
37,USC00051772,Snow,1962-12-25T00:00:00.0000000-07:00,4.015748,,,0,,NOAA,2013-03-29T15:47:48.0770000-06:00,in
37,USC00051772,Snow,1962-12-26T00:00:00.0000000-07:00,0.000000,,,0,,NOAA,2013-03-29T15:47:48.0770000-06:00,in
37,USC00051772,Snow,1962-12-27T00:00:00.0000000-07:00,0.000000,,,0,,NOAA,2013-03-29T15:47:48.0770000-06:00,in
37,USC00051772,Snow,1962-12-28T00:00:00.0000000-07:00,0.000000,,,0,,NOAA,2013-03-29T15:47:48.0770000-06:00,in
37,USC00051772,Snow,1962-12-29T00:00:00.0000000-07:00,0.000000,,,0,,NOAA,2013-03-29T15:47:48.0770000-06:00,in
37,USC00051772,Snow,1962-12-30T00:00:00.0000000-07:00,0.000000,,,0,,NOAA,2013-03-29T15:47:48.0770000-06:00,in
37,USC00051772,Snow,1962-12-31T00:00:00.0000000-07:00,0.000000,,,0,,NOAA,2013-03-29T15:47:48.0770000-06:00,in
37,USC00051772,Snow,1963-01-01T00:00:00.0000000-07:00,0.000000,,,0,,NOAA,2013-03-29T15:47:48.0770000-06:00,in
37,USC00051772,Snow,1963-01-02T00:00:00.0000000-07:00,0.000000,,,0,,NOAA,2013-03-29T15:47:48.0770000-06:00,in
37,USC00051772,Snow,1963-01-03T00:00:00.0000000-07:00,0.000000,,,0,,NOAA,2013-03-29T15:47:48.0770000-06:00,in
37,USC00051772,Snow,1963-01-04T00:00:00.0000000-07:00,2.007874,,,0,,NOAA,2013-03-29T15:47:48.0770000-06:00,in
37,USC00051772,Snow,1963-01-05T00:00:00.0000000-07:00,0.000000,,,0,,NOAA,2013-03-29T15:47:48.0770000-06:00,in
37,USC00051772,Snow,1963-01-06T00:00:00.0000000-07:00,0.000000,,,0,,NOAA,2013-03-29T15:47:48.0770000-06:00,in
37,USC00051772,Snow,1963-01-07T00:00:00.0000000-07:00,0.000000,,,0,,NOAA,2013-03-29T15:47:48.0770000-06:00,in
37,USC00051772,Snow,1963-01-08T00:00:00.0000000-07:00,0.000000,,,0,,NOAA,2013-03-29T15:47:48.0770000-06:00,in
37,USC00051772,Snow,1963-01-09T00:00:00.0000000-07:00,0.984252,,,0,,NOAA,2013-03-29T15:47:48.0770000-06:00,in
37,USC00051772,Snow,1963-01-10T00:00:00.0000000-07:00,2.992126,,,0,,NOAA,2013-03-29T15:47:48.0770000-06:00,in
37,USC00051772,Snow,1963-01-11T00:00:00.0000000-07:00,0.511811,,,0,,NOAA,2013-03-29T15:47:48.0770000-06:00,in
37,USC00051772,Snow,1963-01-12T00:00:00.0000000-07:00,0.000000,,,0,,NOAA,2013-03-29T15:47:48.0770000-06:00,in
37,USC00051772,Snow,1963-01-13T00:00:00.0000000-07:00,0.000000,,,0,,NOAA,2013-03-29T15:47:48.0770000-06:00,in
37,USC00051772,Snow,1963-01-14T00:00:00.0000000-07:00,0.000000,,,0,,NOAA,2013-03-29T15:47:48.0770000-06:00,in
37,USC00051772,Snow,1963-01-15T00:00:00.0000000-07:00,0.000000,,,0,,NOAA,2013-03-29T15:47:48.0770000-06:00,in
37,USC00051772,Snow,1963-01-16T00:00:00.0000000-07:00,0.000000,,,0,,NOAA,2013-03-29T15:47:48.0770000-06:00,in
37,USC00051772,Snow,1963-01-17T00:00:00.0000000-07:00,0.000000,,,0,,NOAA,2013-03-29T15:47:48.0770000-06:00,in
37,USC00051772,Snow,1963-01-18T00:00:00.0000000-07:00,2.007874,,,0,,NOAA,2013-03-29T15:47:48.0770000-06:00,in
37,USC00051772,Snow,1963-01-19T00:00:00.0000000-07:00,0.000000,T,,0,,NOAA,2013-03-29T15:47:48.0770000-06:00,in
37,USC00051772,Snow,1963-01-20T00:00:00.0000000-07:00,0.000000,,,0,,NOAA,2013-03-29T15:47:48.0770000-06:00,in
37,USC00051772,Snow,1963-01-21T00:00:00.0000000-07:00,0.000000,,,0,,NOAA,2013-03-29T15:47:48.0770000-06:00,in
37,USC00051772,Snow,1963-01-22T00:00:00.0000000-07:00,0.000000,,,0,,NOAA,2013-03-29T15:47:48.0770000-06:00,in
37,USC00051772,Snow,1963-01-23T00:00:00.0000000-07:00,0.000000,,,0,,NOAA,2013-03-29T15:47:48.0770000-06:00,in
37,USC00051772,Snow,1963-01-24T00:00:00.0000000-07:00,0.000000,,,0,,NOAA,2013-03-29T15:47:48.0770000-06:00,in
37,USC00051772,Snow,1963-01-25T00:00:00.0000000-07:00,0.000000,,,0,,NOAA,2013-03-29T15:47:48.0770000-06:00,in
37,USC00051772,Snow,1963-01-26T00:00:00.0000000-07:00,0.000000,,,0,,NOAA,2013-03-29T15:47:48.0770000-06:00,in
37,USC00051772,Snow,1963-01-27T00:00:00.0000000-07:00,0.000000,,,0,,NOAA,2013-03-29T15:47:48.0770000-06:00,in
37,USC00051772,Snow,1963-01-28T00:00:00.0000000-07:00,0.000000,,,0,,NOAA,2013-03-29T15:47:48.0770000-06:00,in
37,USC00051772,Snow,1963-01-29T00:00:00.0000000-07:00,0.984252,,,0,,NOAA,2013-03-29T15:47:48.0770000-06:00,in
37,USC00051772,Snow,1963-01-30T00:00:00.0000000-07:00,0.000000,,,0,,NOAA,2013-03-29T15:47:48.0770000-06:00,in
37,USC00051772,Snow,1963-01-31T00:00:00.0000000-07:00,0.000000,,,0,,NOAA,2013-03-29T15:47:48.0770000-06:00,in
37,USC00051772,Snow,1963-02-01T00:00:00.0000000-07:00,0.000000,,,0,,NOAA,2013-03-29T15:47:48.0770000-06:00,in
37,USC00051772,Snow,1963-02-02T00:00:00.0000000-07:00,0.000000,,,0,,NOAA,2013-03-29T15:47:48.0770000-06:00,in
37,USC00051772,Snow,1963-02-03T00:00:00.0000000-07:00,0.000000,,,0,,NOAA,2013-03-29T15:47:48.0770000-06:00,in
37,USC00051772,Snow,1963-02-04T00:00:00.0000000-07:00,0.000000,,,0,,NOAA,2013-03-29T15:47:48.0770000-06:00,in
37,USC00051772,Snow,1963-02-05T00:00:00.0000000-07:00,0.000000,,,0,,NOAA,2013-03-29T15:47:48.0770000-06:00,in
37,USC00051772,Snow,1963-02-06T00:00:00.0000000-07:00,0.000000,,,0,,NOAA,2013-03-29T15:47:48.0770000-06:00,in
37,USC00051772,Snow,1963-02-07T00:00:00.0000000-07:00,0.000000,,,0,,NOAA,2013-03-29T15:47:48.0770000-06:00,in
37,USC00051772,Snow,1963-02-08T00:00:00.0000000-07:00,0.000000,,,0,,NOAA,2013-03-29T15:47:48.0770000-06:00,in
37,USC00051772,Snow,1963-02-09T00:00:00.0000000-07:00,0.000000,,,0,,NOAA,2013-03-29T15:47:48.0770000-06:00,in
37,USC00051772,Snow,1963-02-10T00:00:00.0000000-07:00,0.000000,,,0,,NOAA,2013-03-29T15:47:48.0770000-06:00,in
37,USC00051772,Snow,1963-02-11T00:00:00.0000000-07:00,0.984252,,,0,,NOAA,2013-03-29T15:47:48.0770000-06:00,in
37,USC00051772,Snow,1963-02-12T00:00:00.0000000-07:00,0.000000,,,0,,NOAA,2013-03-29T15:47:48.0770000-06:00,in
37,USC00051772,Snow,1963-02-13T00:00:00.0000000-07:00,0.000000,,,0,,NOAA,2013-03-29T15:47:48.0770000-06:00,in
37,USC00051772,Snow,1963-02-14T00:00:00.0000000-07:00,0.000000,,,0,,NOAA,2013-03-29T15:47:48.0770000-06:00,in
37,USC00051772,Snow,1963-02-15T00:00:00.0000000-07:00,0.000000,,,0,,NOAA,2013-03-29T15:47:48.0770000-06:00,in
37,USC00051772,Snow,1963-02-17T00:00:00.0000000-07:00,0.000000,,,0,,NOAA,2013-03-29T15:47:48.0770000-06:00,in
37,USC00051772,Snow,1963-02-18T00:00:00.0000000-07:00,0.000000,,,0,,NOAA,2013-03-29T15:47:48.0770000-06:00,in
37,USC00051772,Snow,1963-02-19T00:00:00.0000000-07:00,0.000000,,,0,,NOAA,2013-03-29T15:47:48.0770000-06:00,in
37,USC00051772,Snow,1963-02-21T00:00:00.0000000-07:00,0.000000,,,0,,NOAA,2013-03-29T15:47:48.0770000-06:00,in
37,USC00051772,Snow,1963-02-22T00:00:00.0000000-07:00,0.000000,,,0,,NOAA,2013-03-29T15:47:48.0770000-06:00,in
37,USC00051772,Snow,1963-02-23T00:00:00.0000000-07:00,0.000000,,,0,,NOAA,2013-03-29T15:47:48.0770000-06:00,in
37,USC00051772,Snow,1963-02-24T00:00:00.0000000-07:00,0.000000,,,0,,NOAA,2013-03-29T15:47:48.0770000-06:00,in
37,USC00051772,Snow,1963-02-25T00:00:00.0000000-07:00,0.000000,,,0,,NOAA,2013-03-29T15:47:48.0770000-06:00,in
37,USC00051772,Snow,1963-02-26T00:00:00.0000000-07:00,0.000000,,,0,,NOAA,2013-03-29T15:47:48.0770000-06:00,in
37,USC00051772,Snow,1963-02-27T00:00:00.0000000-07:00,0.000000,,,0,,NOAA,2013-03-29T15:47:48.0770000-06:00,in
37,USC00051772,Snow,1963-02-28T00:00:00.0000000-07:00,0.000000,,,0,,NOAA,2013-03-29T15:47:48.0770000-06:00,in
37,USC00051772,Snow,1963-03-01T00:00:00.0000000-07:00,0.984252,,,0,,NOAA,2013-03-29T15:47:48.0770000-06:00,in
37,USC00051772,Snow,1963-03-02T00:00:00.0000000-07:00,0.000000,,,0,,NOAA,2013-03-29T15:47:48.0770000-06:00,in
37,USC00051772,Snow,1963-03-03T00:00:00.0000000-07:00,7.007874,,,0,,NOAA,2013-03-29T15:47:48.0770000-06:00,in
37,USC00051772,Snow,1963-03-04T00:00:00.0000000-07:00,5.000000,,,0,,NOAA,2013-03-29T15:47:48.0770000-06:00,in
37,USC00051772,Snow,1963-03-05T00:00:00.0000000-07:00,0.000000,,,0,,NOAA,2013-03-29T15:47:48.0770000-06:00,in
37,USC00051772,Snow,1963-03-06T00:00:00.0000000-07:00,0.000000,,,0,,NOAA,2013-03-29T15:47:48.0770000-06:00,in
37,USC00051772,Snow,1963-03-07T00:00:00.0000000-07:00,0.000000,,,0,,NOAA,2013-03-29T15:47:48.0770000-06:00,in
37,USC00051772,Snow,1963-03-08T00:00:00.0000000-07:00,0.000000,,,0,,NOAA,2013-03-29T15:47:48.0770000-06:00,in
37,USC00051772,Snow,1963-03-09T00:00:00.0000000-07:00,0.000000,,,0,,NOAA,2013-03-29T15:47:48.0770000-06:00,in
37,USC00051772,Snow,1963-03-10T00:00:00.0000000-07:00,0.000000,,,0,,NOAA,2013-03-29T15:47:48.0770000-06:00,in
37,USC00051772,Snow,1963-03-11T00:00:00.0000000-07:00,0.000000,,,0,,NOAA,2013-03-29T15:47:48.0770000-06:00,in
37,USC00051772,Snow,1963-03-12T00:00:00.0000000-07:00,0.000000,,,0,,NOAA,2013-03-29T15:47:48.0770000-06:00,in
37,USC00051772,Snow,1963-03-13T00:00:00.0000000-07:00,4.015748,,,0,,NOAA,2013-03-29T15:47:48.0770000-06:00,in
37,USC00051772,Snow,1963-03-14T00:00:00.0000000-07:00,0.000000,,,0,,NOAA,2013-03-29T15:47:48.0770000-06:00,in
37,USC00051772,Snow,1963-03-15T00:00:00.0000000-07:00,0.000000,,,0,,NOAA,2013-03-29T15:47:48.0770000-06:00,in
37,USC00051772,Snow,1963-03-16T00:00:00.0000000-07:00,0.000000,,,0,,NOAA,2013-03-29T15:47:48.0770000-06:00,in
37,USC00051772,Snow,1963-03-17T00:00:00.0000000-07:00,0.000000,T,,0,,NOAA,2013-03-29T15:47:48.0770000-06:00,in
37,USC00051772,Snow,1963-03-18T00:00:00.0000000-07:00,0.000000,T,,0,,NOAA,2013-03-29T15:47:48.0770000-06:00,in
37,USC00051772,Snow,1963-03-19T00:00:00.0000000-07:00,0.000000,,,0,,NOAA,2013-03-29T15:47:48.0770000-06:00,in
37,USC00051772,Snow,1963-03-20T00:00:00.0000000-07:00,0.000000,,,0,,NOAA,2013-03-29T15:47:48.0770000-06:00,in
37,USC00051772,Snow,1963-03-21T00:00:00.0000000-07:00,0.000000,,,0,,NOAA,2013-03-29T15:47:48.0770000-06:00,in
37,USC00051772,Snow,1963-03-22T00:00:00.0000000-07:00,0.000000,,,0,,NOAA,2013-03-29T15:47:48.0770000-06:00,in
37,USC00051772,Snow,1963-03-23T00:00:00.0000000-07:00,0.000000,,,0,,NOAA,2013-03-29T15:47:48.0770000-06:00,in
37,USC00051772,Snow,1963-03-24T00:00:00.0000000-07:00,0.000000,,,0,,NOAA,2013-03-29T15:47:48.0770000-06:00,in
37,USC00051772,Snow,1963-03-25T00:00:00.0000000-07:00,0.000000,,,0,,NOAA,2013-03-29T15:47:48.0770000-06:00,in
37,USC00051772,Snow,1963-03-26T00:00:00.0000000-07:00,0.000000,,,0,,NOAA,2013-03-29T15:47:48.0770000-06:00,in
37,USC00051772,Snow,1963-03-27T00:00:00.0000000-07:00,0.000000,,,0,,NOAA,2013-03-29T15:47:48.0770000-06:00,in
37,USC00051772,Snow,1963-03-28T00:00:00.0000000-07:00,0.000000,,,0,,NOAA,2013-03-29T15:47:48.0770000-06:00,in
37,USC00051772,Snow,1963-03-29T00:00:00.0000000-07:00,0.000000,,,0,,NOAA,2013-03-29T15:47:48.0770000-06:00,in
37,USC00051772,Snow,1963-03-30T00:00:00.0000000-07:00,0.000000,,,0,,NOAA,2013-03-29T15:47:48.0770000-06:00,in
37,USC00051772,Snow,1963-03-31T00:00:00.0000000-07:00,0.000000,,,0,,NOAA,2013-03-29T15:47:48.0770000-06:00,in
37,USC00051772,Snow,1963-04-01T00:00:00.0000000-07:00,0.000000,,,0,,NOAA,2013-03-29T15:47:48.0770000-06:00,in
37,USC00051772,Snow,1963-04-02T00:00:00.0000000-07:00,0.000000,,,0,,NOAA,2013-03-29T15:47:48.0770000-06:00,in
37,USC00051772,Snow,1963-04-03T00:00:00.0000000-07:00,0.000000,,,0,,NOAA,2013-03-29T15:47:48.0770000-06:00,in
37,USC00051772,Snow,1963-04-04T00:00:00.0000000-07:00,0.000000,,,0,,NOAA,2013-03-29T15:47:48.0770000-06:00,in
37,USC00051772,Snow,1963-04-05T00:00:00.0000000-07:00,0.000000,,,0,,NOAA,2013-03-29T15:47:48.0770000-06:00,in
37,USC00051772,Snow,1963-04-06T00:00:00.0000000-07:00,0.000000,,,0,,NOAA,2013-03-29T15:47:48.0770000-06:00,in
37,USC00051772,Snow,1963-04-07T00:00:00.0000000-07:00,0.000000,,,0,,NOAA,2013-03-29T15:47:48.0770000-06:00,in
37,USC00051772,Snow,1963-04-08T00:00:00.0000000-06:00,0.000000,,,0,,NOAA,2013-03-29T15:47:48.0770000-06:00,in
37,USC00051772,Snow,1963-04-09T00:00:00.0000000-06:00,0.000000,,,0,,NOAA,2013-03-29T15:47:48.0770000-06:00,in
37,USC00051772,Snow,1963-04-10T00:00:00.0000000-06:00,0.000000,,,0,,NOAA,2013-03-29T15:47:48.0770000-06:00,in
37,USC00051772,Snow,1963-04-11T00:00:00.0000000-06:00,0.000000,,,0,,NOAA,2013-03-29T15:47:48.0770000-06:00,in
37,USC00051772,Snow,1963-04-12T00:00:00.0000000-06:00,0.000000,,,0,,NOAA,2013-03-29T15:47:48.0770000-06:00,in
37,USC00051772,Snow,1963-04-13T00:00:00.0000000-06:00,0.000000,,,0,,NOAA,2013-03-29T15:47:48.0770000-06:00,in
37,USC00051772,Snow,1963-04-14T00:00:00.0000000-06:00,0.000000,,,0,,NOAA,2013-03-29T15:47:48.0770000-06:00,in
37,USC00051772,Snow,1963-04-15T00:00:00.0000000-06:00,0.000000,,,0,,NOAA,2013-03-29T15:47:48.0770000-06:00,in
37,USC00051772,Snow,1963-04-16T00:00:00.0000000-06:00,0.000000,,,0,,NOAA,2013-03-29T15:47:48.0770000-06:00,in
37,USC00051772,Snow,1963-04-17T00:00:00.0000000-06:00,0.000000,,,0,,NOAA,2013-03-29T15:47:48.0770000-06:00,in
37,USC00051772,Snow,1963-04-18T00:00:00.0000000-06:00,0.984252,,,0,,NOAA,2013-03-29T15:47:48.0770000-06:00,in
37,USC00051772,Snow,1963-04-19T00:00:00.0000000-06:00,0.000000,,,0,,NOAA,2013-03-29T15:47:48.0770000-06:00,in
37,USC00051772,Snow,1963-04-20T00:00:00.0000000-06:00,0.000000,,,0,,NOAA,2013-03-29T15:47:48.0770000-06:00,in
37,USC00051772,Snow,1963-04-21T00:00:00.0000000-06:00,0.000000,,,0,,NOAA,2013-03-29T15:47:48.0770000-06:00,in
37,USC00051772,Snow,1963-04-22T00:00:00.0000000-06:00,0.000000,,,0,,NOAA,2013-03-29T15:47:48.0770000-06:00,in
37,USC00051772,Snow,1963-04-23T00:00:00.0000000-06:00,0.000000,,,0,,NOAA,2013-03-29T15:47:48.0770000-06:00,in
37,USC00051772,Snow,1963-04-24T00:00:00.0000000-06:00,0.000000,,,0,,NOAA,2013-03-29T15:47:48.0770000-06:00,in
37,USC00051772,Snow,1963-04-25T00:00:00.0000000-06:00,0.000000,,,0,,NOAA,2013-03-29T15:47:48.0770000-06:00,in
37,USC00051772,Snow,1963-04-26T00:00:00.0000000-06:00,0.000000,,,0,,NOAA,2013-03-29T15:47:48.0770000-06:00,in
37,USC00051772,Snow,1963-04-27T00:00:00.0000000-06:00,0.000000,,,0,,NOAA,2013-03-29T15:47:48.0770000-06:00,in
37,USC00051772,Snow,1963-04-28T00:00:00.0000000-06:00,0.000000,,,0,,NOAA,2013-03-29T15:47:48.0770000-06:00,in
37,USC00051772,Snow,1963-04-29T00:00:00.0000000-06:00,0.000000,,,0,,NOAA,2013-03-29T15:47:48.0770000-06:00,in
37,USC00051772,Snow,1963-04-30T00:00:00.0000000-06:00,0.000000,,,0,,NOAA,2013-03-29T15:47:48.0770000-06:00,in
37,USC00051772,Snow,1963-05-01T00:00:00.0000000-06:00,0.000000,,,0,,NOAA,2013-03-29T15:47:48.0770000-06:00,in
37,USC00051772,Snow,1963-05-02T00:00:00.0000000-06:00,0.000000,,,0,,NOAA,2013-03-29T15:47:48.0770000-06:00,in
37,USC00051772,Snow,1963-05-03T00:00:00.0000000-06:00,0.000000,,,0,,NOAA,2013-03-29T15:47:48.0770000-06:00,in
37,USC00051772,Snow,1963-05-04T00:00:00.0000000-06:00,0.000000,,,0,,NOAA,2013-03-29T15:47:48.0770000-06:00,in
37,USC00051772,Snow,1963-05-05T00:00:00.0000000-06:00,0.000000,,,0,,NOAA,2013-03-29T15:47:48.0770000-06:00,in
37,USC00051772,Snow,1963-05-06T00:00:00.0000000-06:00,0.000000,,,0,,NOAA,2013-03-29T15:47:48.0770000-06:00,in
37,USC00051772,Snow,1963-05-07T00:00:00.0000000-06:00,0.000000,,,0,,NOAA,2013-03-29T15:47:48.0770000-06:00,in
37,USC00051772,Snow,1963-05-08T00:00:00.0000000-06:00,0.000000,,,0,,NOAA,2013-03-29T15:47:48.0770000-06:00,in
37,USC00051772,Snow,1963-05-09T00:00:00.0000000-06:00,0.000000,,,0,,NOAA,2013-03-29T15:47:48.0770000-06:00,in
37,USC00051772,Snow,1963-05-10T00:00:00.0000000-06:00,0.000000,,,0,,NOAA,2013-03-29T15:47:48.0770000-06:00,in
37,USC00051772,Snow,1963-05-11T00:00:00.0000000-06:00,0.000000,,,0,,NOAA,2013-03-29T15:47:48.0770000-06:00,in
37,USC00051772,Snow,1963-05-12T00:00:00.0000000-06:00,0.000000,,,0,,NOAA,2013-03-29T15:47:48.0770000-06:00,in
37,USC00051772,Snow,1963-05-13T00:00:00.0000000-06:00,0.000000,,,0,,NOAA,2013-03-29T15:47:48.0770000-06:00,in
37,USC00051772,Snow,1963-05-14T00:00:00.0000000-06:00,0.000000,,,0,,NOAA,2013-03-29T15:47:48.0770000-06:00,in
37,USC00051772,Snow,1963-05-15T00:00:00.0000000-06:00,0.000000,,,0,,NOAA,2013-03-29T15:47:48.0770000-06:00,in
37,USC00051772,Snow,1963-05-16T00:00:00.0000000-06:00,0.000000,,,0,,NOAA,2013-03-29T15:47:48.0770000-06:00,in
37,USC00051772,Snow,1963-05-17T00:00:00.0000000-06:00,0.000000,,,0,,NOAA,2013-03-29T15:47:48.0770000-06:00,in
37,USC00051772,Snow,1963-05-18T00:00:00.0000000-06:00,0.000000,,,0,,NOAA,2013-03-29T15:47:48.0770000-06:00,in
37,USC00051772,Snow,1963-05-19T00:00:00.0000000-06:00,0.000000,,,0,,NOAA,2013-03-29T15:47:48.0770000-06:00,in
37,USC00051772,Snow,1963-05-20T00:00:00.0000000-06:00,0.000000,,,0,,NOAA,2013-03-29T15:47:48.0770000-06:00,in
37,USC00051772,Snow,1963-05-21T00:00:00.0000000-06:00,0.000000,,,0,,NOAA,2013-03-29T15:47:48.0770000-06:00,in
37,USC00051772,Snow,1963-05-22T00:00:00.0000000-06:00,0.000000,,,0,,NOAA,2013-03-29T15:47:48.0770000-06:00,in
37,USC00051772,Snow,1963-05-23T00:00:00.0000000-06:00,0.000000,,,0,,NOAA,2013-03-29T15:47:48.0770000-06:00,in
37,USC00051772,Snow,1963-05-24T00:00:00.0000000-06:00,0.000000,,,0,,NOAA,2013-03-29T15:47:48.0770000-06:00,in
37,USC00051772,Snow,1963-05-25T00:00:00.0000000-06:00,0.000000,,,0,,NOAA,2013-03-29T15:47:48.0770000-06:00,in
37,USC00051772,Snow,1963-05-26T00:00:00.0000000-06:00,0.000000,,,0,,NOAA,2013-03-29T15:47:48.0770000-06:00,in
37,USC00051772,Snow,1963-05-27T00:00:00.0000000-06:00,0.000000,,,0,,NOAA,2013-03-29T15:47:48.0770000-06:00,in
37,USC00051772,Snow,1963-05-28T00:00:00.0000000-06:00,0.000000,,,0,,NOAA,2013-03-29T15:47:48.0770000-06:00,in
37,USC00051772,Snow,1963-05-29T00:00:00.0000000-06:00,0.000000,,,0,,NOAA,2013-03-29T15:47:48.0770000-06:00,in
37,USC00051772,Snow,1963-05-30T00:00:00.0000000-06:00,0.000000,,,0,,NOAA,2013-03-29T15:47:48.0770000-06:00,in
37,USC00051772,Snow,1963-05-31T00:00:00.0000000-06:00,0.000000,,,0,,NOAA,2013-03-29T15:47:48.0770000-06:00,in
37,USC00051772,Snow,1963-06-01T00:00:00.0000000-06:00,0.000000,,,0,,NOAA,2013-03-29T15:47:48.0770000-06:00,in
37,USC00051772,Snow,1963-06-02T00:00:00.0000000-06:00,0.000000,,,0,,NOAA,2013-03-29T15:47:48.0770000-06:00,in
37,USC00051772,Snow,1963-06-03T00:00:00.0000000-06:00,0.000000,,,0,,NOAA,2013-03-29T15:47:48.0770000-06:00,in
37,USC00051772,Snow,1963-06-04T00:00:00.0000000-06:00,0.000000,,,0,,NOAA,2013-03-29T15:47:48.0770000-06:00,in
37,USC00051772,Snow,1963-06-05T00:00:00.0000000-06:00,0.000000,,,0,,NOAA,2013-03-29T15:47:48.0770000-06:00,in
37,USC00051772,Snow,1963-06-06T00:00:00.0000000-06:00,0.000000,,,0,,NOAA,2013-03-29T15:47:48.0770000-06:00,in
37,USC00051772,Snow,1963-06-07T00:00:00.0000000-06:00,0.000000,,,0,,NOAA,2013-03-29T15:47:48.0770000-06:00,in
37,USC00051772,Snow,1963-06-08T00:00:00.0000000-06:00,0.000000,,,0,,NOAA,2013-03-29T15:47:48.0770000-06:00,in
37,USC00051772,Snow,1963-06-09T00:00:00.0000000-06:00,0.000000,,,0,,NOAA,2013-03-29T15:47:48.0770000-06:00,in
37,USC00051772,Snow,1963-06-10T00:00:00.0000000-06:00,0.000000,,,0,,NOAA,2013-03-29T15:47:48.0770000-06:00,in
37,USC00051772,Snow,1963-06-11T00:00:00.0000000-06:00,0.000000,,,0,,NOAA,2013-03-29T15:47:48.0770000-06:00,in
37,USC00051772,Snow,1963-06-12T00:00:00.0000000-06:00,0.000000,,,0,,NOAA,2013-03-29T15:47:48.0770000-06:00,in
37,USC00051772,Snow,1963-06-13T00:00:00.0000000-06:00,0.000000,,,0,,NOAA,2013-03-29T15:47:48.0770000-06:00,in
37,USC00051772,Snow,1963-06-14T00:00:00.0000000-06:00,0.000000,,,0,,NOAA,2013-03-29T15:47:48.0770000-06:00,in
37,USC00051772,Snow,1963-06-15T00:00:00.0000000-06:00,0.000000,,,0,,NOAA,2013-03-29T15:47:48.0770000-06:00,in
37,USC00051772,Snow,1963-06-16T00:00:00.0000000-06:00,0.000000,,,0,,NOAA,2013-03-29T15:47:48.0770000-06:00,in
37,USC00051772,Snow,1963-06-17T00:00:00.0000000-06:00,0.000000,,,0,,NOAA,2013-03-29T15:47:48.0770000-06:00,in
37,USC00051772,Snow,1963-06-18T00:00:00.0000000-06:00,0.000000,,,0,,NOAA,2013-03-29T15:47:48.0770000-06:00,in
37,USC00051772,Snow,1963-06-19T00:00:00.0000000-06:00,0.000000,,,0,,NOAA,2013-03-29T15:47:48.0770000-06:00,in
37,USC00051772,Snow,1963-06-20T00:00:00.0000000-06:00,0.000000,,,0,,NOAA,2013-03-29T15:47:48.0770000-06:00,in
37,USC00051772,Snow,1963-06-21T00:00:00.0000000-06:00,0.000000,,,0,,NOAA,2013-03-29T15:47:48.0770000-06:00,in
37,USC00051772,Snow,1963-06-22T00:00:00.0000000-06:00,0.000000,,,0,,NOAA,2013-03-29T15:47:48.0770000-06:00,in
37,USC00051772,Snow,1963-06-23T00:00:00.0000000-06:00,0.000000,,,0,,NOAA,2013-03-29T15:47:48.0770000-06:00,in
37,USC00051772,Snow,1963-06-24T00:00:00.0000000-06:00,0.000000,,,0,,NOAA,2013-03-29T15:47:48.0770000-06:00,in
37,USC00051772,Snow,1963-06-25T00:00:00.0000000-06:00,0.000000,,,0,,NOAA,2013-03-29T15:47:48.0770000-06:00,in
37,USC00051772,Snow,1963-06-26T00:00:00.0000000-06:00,0.000000,,,0,,NOAA,2013-03-29T15:47:48.0770000-06:00,in
37,USC00051772,Snow,1963-06-27T00:00:00.0000000-06:00,0.000000,,,0,,NOAA,2013-03-29T15:47:48.0770000-06:00,in
37,USC00051772,Snow,1963-06-28T00:00:00.0000000-06:00,0.000000,,,0,,NOAA,2013-03-29T15:47:48.0770000-06:00,in
37,USC00051772,Snow,1963-06-29T00:00:00.0000000-06:00,0.000000,,,0,,NOAA,2013-03-29T15:47:48.0770000-06:00,in
37,USC00051772,Snow,1963-06-30T00:00:00.0000000-06:00,0.000000,,,0,,NOAA,2013-03-29T15:47:48.0770000-06:00,in
37,USC00051772,Snow,1963-07-01T00:00:00.0000000-06:00,0.000000,,,0,,NOAA,2013-03-29T15:47:48.0770000-06:00,in
37,USC00051772,Snow,1963-07-02T00:00:00.0000000-06:00,0.000000,,,0,,NOAA,2013-03-29T15:47:48.0770000-06:00,in
37,USC00051772,Snow,1963-07-03T00:00:00.0000000-06:00,0.000000,,,0,,NOAA,2013-03-29T15:47:48.0770000-06:00,in
37,USC00051772,Snow,1963-07-04T00:00:00.0000000-06:00,0.000000,,,0,,NOAA,2013-03-29T15:47:48.0770000-06:00,in
37,USC00051772,Snow,1963-07-05T00:00:00.0000000-06:00,0.000000,,,0,,NOAA,2013-03-29T15:47:48.0770000-06:00,in
37,USC00051772,Snow,1963-07-06T00:00:00.0000000-06:00,0.000000,,,0,,NOAA,2013-03-29T15:47:48.0770000-06:00,in
37,USC00051772,Snow,1963-07-07T00:00:00.0000000-06:00,0.000000,,,0,,NOAA,2013-03-29T15:47:48.0770000-06:00,in
37,USC00051772,Snow,1963-07-08T00:00:00.0000000-06:00,0.000000,,,0,,NOAA,2013-03-29T15:47:48.0770000-06:00,in
37,USC00051772,Snow,1963-07-09T00:00:00.0000000-06:00,0.000000,,,0,,NOAA,2013-03-29T15:47:48.0770000-06:00,in
37,USC00051772,Snow,1963-07-10T00:00:00.0000000-06:00,0.000000,,,0,,NOAA,2013-03-29T15:47:48.0770000-06:00,in
37,USC00051772,Snow,1963-07-11T00:00:00.0000000-06:00,0.000000,,,0,,NOAA,2013-03-29T15:47:48.0770000-06:00,in
37,USC00051772,Snow,1963-07-12T00:00:00.0000000-06:00,0.000000,,,0,,NOAA,2013-03-29T15:47:48.0770000-06:00,in
37,USC00051772,Snow,1963-07-13T00:00:00.0000000-06:00,0.000000,,,0,,NOAA,2013-03-29T15:47:48.0770000-06:00,in
37,USC00051772,Snow,1963-07-14T00:00:00.0000000-06:00,0.000000,,,0,,NOAA,2013-03-29T15:47:48.0770000-06:00,in
37,USC00051772,Snow,1963-07-15T00:00:00.0000000-06:00,0.000000,,,0,,NOAA,2013-03-29T15:47:48.0770000-06:00,in
37,USC00051772,Snow,1963-07-16T00:00:00.0000000-06:00,0.000000,,,0,,NOAA,2013-03-29T15:47:48.0770000-06:00,in
37,USC00051772,Snow,1963-07-17T00:00:00.0000000-06:00,0.000000,,,0,,NOAA,2013-03-29T15:47:48.0770000-06:00,in
37,USC00051772,Snow,1963-07-18T00:00:00.0000000-06:00,0.000000,,,0,,NOAA,2013-03-29T15:47:48.0770000-06:00,in
37,USC00051772,Snow,1963-07-19T00:00:00.0000000-06:00,0.000000,,,0,,NOAA,2013-03-29T15:47:48.0770000-06:00,in
37,USC00051772,Snow,1963-07-20T00:00:00.0000000-06:00,0.000000,,,0,,NOAA,2013-03-29T15:47:48.0770000-06:00,in
37,USC00051772,Snow,1963-07-21T00:00:00.0000000-06:00,0.000000,,,0,,NOAA,2013-03-29T15:47:48.0770000-06:00,in
37,USC00051772,Snow,1963-07-22T00:00:00.0000000-06:00,0.000000,,,0,,NOAA,2013-03-29T15:47:48.0770000-06:00,in
37,USC00051772,Snow,1963-07-23T00:00:00.0000000-06:00,0.000000,,,0,,NOAA,2013-03-29T15:47:48.0770000-06:00,in
37,USC00051772,Snow,1963-07-24T00:00:00.0000000-06:00,0.000000,,,0,,NOAA,2013-03-29T15:47:48.0770000-06:00,in
37,USC00051772,Snow,1963-07-25T00:00:00.0000000-06:00,0.000000,,,0,,NOAA,2013-03-29T15:47:48.0770000-06:00,in
37,USC00051772,Snow,1963-07-26T00:00:00.0000000-06:00,0.000000,,,0,,NOAA,2013-03-29T15:47:48.0770000-06:00,in
37,USC00051772,Snow,1963-07-27T00:00:00.0000000-06:00,0.000000,,,0,,NOAA,2013-03-29T15:47:48.0770000-06:00,in
37,USC00051772,Snow,1963-07-28T00:00:00.0000000-06:00,0.000000,,,0,,NOAA,2013-03-29T15:47:48.0770000-06:00,in
37,USC00051772,Snow,1963-07-29T00:00:00.0000000-06:00,0.000000,,,0,,NOAA,2013-03-29T15:47:48.0770000-06:00,in
37,USC00051772,Snow,1963-07-30T00:00:00.0000000-06:00,0.000000,,,0,,NOAA,2013-03-29T15:47:48.0770000-06:00,in
37,USC00051772,Snow,1963-07-31T00:00:00.0000000-06:00,0.000000,,,0,,NOAA,2013-03-29T15:47:48.0770000-06:00,in
37,USC00051772,Snow,1963-08-01T00:00:00.0000000-06:00,0.000000,,,0,,NOAA,2013-03-29T15:47:48.0770000-06:00,in
37,USC00051772,Snow,1963-08-02T00:00:00.0000000-06:00,0.000000,,,0,,NOAA,2013-03-29T15:47:48.0770000-06:00,in
37,USC00051772,Snow,1963-08-03T00:00:00.0000000-06:00,0.000000,,,0,,NOAA,2013-03-29T15:47:48.0770000-06:00,in
37,USC00051772,Snow,1963-08-04T00:00:00.0000000-06:00,0.000000,,,0,,NOAA,2013-03-29T15:47:48.0770000-06:00,in
37,USC00051772,Snow,1963-08-05T00:00:00.0000000-06:00,0.000000,,,0,,NOAA,2013-03-29T15:47:48.0770000-06:00,in
37,USC00051772,Snow,1963-08-06T00:00:00.0000000-06:00,0.000000,,,0,,NOAA,2013-03-29T15:47:48.0770000-06:00,in
37,USC00051772,Snow,1963-08-07T00:00:00.0000000-06:00,0.000000,,,0,,NOAA,2013-03-29T15:47:48.0770000-06:00,in
37,USC00051772,Snow,1963-08-08T00:00:00.0000000-06:00,0.000000,,,0,,NOAA,2013-03-29T15:47:48.0770000-06:00,in
37,USC00051772,Snow,1963-08-09T00:00:00.0000000-06:00,0.000000,,,0,,NOAA,2013-03-29T15:47:48.0770000-06:00,in
37,USC00051772,Snow,1963-08-10T00:00:00.0000000-06:00,0.000000,,,0,,NOAA,2013-03-29T15:47:48.0770000-06:00,in
37,USC00051772,Snow,1963-08-11T00:00:00.0000000-06:00,0.000000,,,0,,NOAA,2013-03-29T15:47:48.0770000-06:00,in
37,USC00051772,Snow,1963-08-12T00:00:00.0000000-06:00,0.000000,,,0,,NOAA,2013-03-29T15:47:48.0770000-06:00,in
37,USC00051772,Snow,1963-08-13T00:00:00.0000000-06:00,0.000000,,,0,,NOAA,2013-03-29T15:47:48.0770000-06:00,in
37,USC00051772,Snow,1963-08-14T00:00:00.0000000-06:00,0.000000,,,0,,NOAA,2013-03-29T15:47:48.0770000-06:00,in
37,USC00051772,Snow,1963-08-15T00:00:00.0000000-06:00,0.000000,,,0,,NOAA,2013-03-29T15:47:48.0770000-06:00,in
37,USC00051772,Snow,1963-08-16T00:00:00.0000000-06:00,0.000000,,,0,,NOAA,2013-03-29T15:47:48.0770000-06:00,in
37,USC00051772,Snow,1963-08-17T00:00:00.0000000-06:00,0.000000,,,0,,NOAA,2013-03-29T15:47:48.0770000-06:00,in
37,USC00051772,Snow,1963-08-18T00:00:00.0000000-06:00,0.000000,,,0,,NOAA,2013-03-29T15:47:48.0770000-06:00,in
37,USC00051772,Snow,1963-08-19T00:00:00.0000000-06:00,0.000000,,,0,,NOAA,2013-03-29T15:47:48.0770000-06:00,in
37,USC00051772,Snow,1963-08-20T00:00:00.0000000-06:00,0.000000,,,0,,NOAA,2013-03-29T15:47:48.0770000-06:00,in
37,USC00051772,Snow,1963-08-21T00:00:00.0000000-06:00,0.000000,,,0,,NOAA,2013-03-29T15:47:48.0770000-06:00,in
37,USC00051772,Snow,1963-08-22T00:00:00.0000000-06:00,0.000000,,,0,,NOAA,2013-03-29T15:47:48.0770000-06:00,in
37,USC00051772,Snow,1963-08-23T00:00:00.0000000-06:00,0.000000,,,0,,NOAA,2013-03-29T15:47:48.0770000-06:00,in
37,USC00051772,Snow,1963-08-24T00:00:00.0000000-06:00,0.000000,,,0,,NOAA,2013-03-29T15:47:48.0770000-06:00,in
37,USC00051772,Snow,1963-08-25T00:00:00.0000000-06:00,0.000000,,,0,,NOAA,2013-03-29T15:47:48.0770000-06:00,in
37,USC00051772,Snow,1963-08-26T00:00:00.0000000-06:00,0.000000,,,0,,NOAA,2013-03-29T15:47:48.0770000-06:00,in
37,USC00051772,Snow,1963-08-27T00:00:00.0000000-06:00,0.000000,,,0,,NOAA,2013-03-29T15:47:48.0770000-06:00,in
37,USC00051772,Snow,1963-08-28T00:00:00.0000000-06:00,0.000000,,,0,,NOAA,2013-03-29T15:47:48.0770000-06:00,in
37,USC00051772,Snow,1963-08-29T00:00:00.0000000-06:00,0.000000,,,0,,NOAA,2013-03-29T15:47:48.0770000-06:00,in
37,USC00051772,Snow,1963-08-30T00:00:00.0000000-06:00,0.000000,,,0,,NOAA,2013-03-29T15:47:48.0770000-06:00,in
37,USC00051772,Snow,1963-08-31T00:00:00.0000000-06:00,0.000000,,,0,,NOAA,2013-03-29T15:47:48.0770000-06:00,in
37,USC00051772,Snow,1963-09-01T00:00:00.0000000-06:00,0.000000,,,0,,NOAA,2013-03-29T15:47:48.0770000-06:00,in
37,USC00051772,Snow,1963-09-02T00:00:00.0000000-06:00,0.000000,,,0,,NOAA,2013-03-29T15:47:48.0770000-06:00,in
37,USC00051772,Snow,1963-09-03T00:00:00.0000000-06:00,0.000000,,,0,,NOAA,2013-03-29T15:47:48.0770000-06:00,in
37,USC00051772,Snow,1963-09-04T00:00:00.0000000-06:00,0.000000,,,0,,NOAA,2013-03-29T15:47:48.0770000-06:00,in
37,USC00051772,Snow,1963-09-05T00:00:00.0000000-06:00,0.000000,,,0,,NOAA,2013-03-29T15:47:48.0770000-06:00,in
37,USC00051772,Snow,1963-09-06T00:00:00.0000000-06:00,0.000000,,,0,,NOAA,2013-03-29T15:47:48.0770000-06:00,in
37,USC00051772,Snow,1963-09-07T00:00:00.0000000-06:00,0.000000,,,0,,NOAA,2013-03-29T15:47:48.0770000-06:00,in
37,USC00051772,Snow,1963-09-08T00:00:00.0000000-06:00,0.000000,,,0,,NOAA,2013-03-29T15:47:48.0770000-06:00,in
37,USC00051772,Snow,1963-09-09T00:00:00.0000000-06:00,0.000000,,,0,,NOAA,2013-03-29T15:47:48.0770000-06:00,in
37,USC00051772,Snow,1963-09-10T00:00:00.0000000-06:00,0.000000,,,0,,NOAA,2013-03-29T15:47:48.0770000-06:00,in
37,USC00051772,Snow,1963-09-11T00:00:00.0000000-06:00,0.000000,,,0,,NOAA,2013-03-29T15:47:48.0770000-06:00,in
37,USC00051772,Snow,1963-09-12T00:00:00.0000000-06:00,0.000000,,,0,,NOAA,2013-03-29T15:47:48.0770000-06:00,in
37,USC00051772,Snow,1963-09-13T00:00:00.0000000-06:00,0.000000,,,0,,NOAA,2013-03-29T15:47:48.0770000-06:00,in
37,USC00051772,Snow,1963-09-14T00:00:00.0000000-06:00,0.000000,,,0,,NOAA,2013-03-29T15:47:48.0770000-06:00,in
37,USC00051772,Snow,1963-09-15T00:00:00.0000000-06:00,0.000000,,,0,,NOAA,2013-03-29T15:47:48.0770000-06:00,in
37,USC00051772,Snow,1963-09-16T00:00:00.0000000-06:00,0.000000,,,0,,NOAA,2013-03-29T15:47:48.0770000-06:00,in
37,USC00051772,Snow,1963-09-17T00:00:00.0000000-06:00,0.000000,,,0,,NOAA,2013-03-29T15:47:48.0770000-06:00,in
37,USC00051772,Snow,1963-09-18T00:00:00.0000000-06:00,0.000000,,,0,,NOAA,2013-03-29T15:47:48.0770000-06:00,in
37,USC00051772,Snow,1963-09-19T00:00:00.0000000-06:00,0.000000,,,0,,NOAA,2013-03-29T15:47:48.0770000-06:00,in
37,USC00051772,Snow,1963-09-20T00:00:00.0000000-06:00,0.000000,,,0,,NOAA,2013-03-29T15:47:48.0770000-06:00,in
37,USC00051772,Snow,1963-09-21T00:00:00.0000000-06:00,0.000000,,,0,,NOAA,2013-03-29T15:47:48.0770000-06:00,in
37,USC00051772,Snow,1963-09-22T00:00:00.0000000-06:00,0.000000,,,0,,NOAA,2013-03-29T15:47:48.0770000-06:00,in
37,USC00051772,Snow,1963-09-23T00:00:00.0000000-06:00,0.000000,,,0,,NOAA,2013-03-29T15:47:48.0770000-06:00,in
37,USC00051772,Snow,1963-09-24T00:00:00.0000000-06:00,0.000000,,,0,,NOAA,2013-03-29T15:47:48.0770000-06:00,in
37,USC00051772,Snow,1963-09-25T00:00:00.0000000-06:00,0.000000,,,0,,NOAA,2013-03-29T15:47:48.0770000-06:00,in
37,USC00051772,Snow,1963-09-26T00:00:00.0000000-06:00,0.000000,,,0,,NOAA,2013-03-29T15:47:48.0770000-06:00,in
37,USC00051772,Snow,1963-09-27T00:00:00.0000000-06:00,0.000000,,,0,,NOAA,2013-03-29T15:47:48.0770000-06:00,in
37,USC00051772,Snow,1963-09-28T00:00:00.0000000-06:00,0.000000,,,0,,NOAA,2013-03-29T15:47:48.0770000-06:00,in
37,USC00051772,Snow,1963-09-29T00:00:00.0000000-06:00,0.000000,,,0,,NOAA,2013-03-29T15:47:48.0770000-06:00,in
37,USC00051772,Snow,1963-09-30T00:00:00.0000000-06:00,0.000000,,,0,,NOAA,2013-03-29T15:47:48.0770000-06:00,in
37,USC00051772,Snow,1963-10-01T00:00:00.0000000-06:00,0.000000,,,0,,NOAA,2013-03-29T15:47:48.0770000-06:00,in
37,USC00051772,Snow,1963-10-02T00:00:00.0000000-06:00,0.000000,,,0,,NOAA,2013-03-29T15:47:48.0770000-06:00,in
37,USC00051772,Snow,1963-10-03T00:00:00.0000000-06:00,0.000000,,,0,,NOAA,2013-03-29T15:47:48.0770000-06:00,in
37,USC00051772,Snow,1963-10-04T00:00:00.0000000-06:00,0.000000,,,0,,NOAA,2013-03-29T15:47:48.0770000-06:00,in
37,USC00051772,Snow,1963-10-05T00:00:00.0000000-06:00,0.000000,,,0,,NOAA,2013-03-29T15:47:48.0770000-06:00,in
37,USC00051772,Snow,1963-10-06T00:00:00.0000000-06:00,0.000000,,,0,,NOAA,2013-03-29T15:47:48.0770000-06:00,in
37,USC00051772,Snow,1963-10-07T00:00:00.0000000-06:00,0.000000,,,0,,NOAA,2013-03-29T15:47:48.0770000-06:00,in
37,USC00051772,Snow,1963-10-08T00:00:00.0000000-06:00,0.000000,,,0,,NOAA,2013-03-29T15:47:48.0770000-06:00,in
37,USC00051772,Snow,1963-10-09T00:00:00.0000000-06:00,0.000000,,,0,,NOAA,2013-03-29T15:47:48.0770000-06:00,in
37,USC00051772,Snow,1963-10-10T00:00:00.0000000-06:00,0.000000,,,0,,NOAA,2013-03-29T15:47:48.0770000-06:00,in
37,USC00051772,Snow,1963-10-11T00:00:00.0000000-06:00,0.000000,,,0,,NOAA,2013-03-29T15:47:48.0770000-06:00,in
37,USC00051772,Snow,1963-10-12T00:00:00.0000000-06:00,0.000000,,,0,,NOAA,2013-03-29T15:47:48.0770000-06:00,in
37,USC00051772,Snow,1963-10-13T00:00:00.0000000-06:00,0.000000,,,0,,NOAA,2013-03-29T15:47:48.0770000-06:00,in
37,USC00051772,Snow,1963-10-14T00:00:00.0000000-06:00,0.000000,,,0,,NOAA,2013-03-29T15:47:48.0770000-06:00,in
37,USC00051772,Snow,1963-10-15T00:00:00.0000000-06:00,0.000000,,,0,,NOAA,2013-03-29T15:47:48.0770000-06:00,in
37,USC00051772,Snow,1963-10-16T00:00:00.0000000-06:00,0.000000,,,0,,NOAA,2013-03-29T15:47:48.0770000-06:00,in
37,USC00051772,Snow,1963-10-17T00:00:00.0000000-06:00,0.000000,,,0,,NOAA,2013-03-29T15:47:48.0770000-06:00,in
37,USC00051772,Snow,1963-10-18T00:00:00.0000000-06:00,0.000000,,,0,,NOAA,2013-03-29T15:47:48.0770000-06:00,in
37,USC00051772,Snow,1963-10-19T00:00:00.0000000-06:00,0.000000,,,0,,NOAA,2013-03-29T15:47:48.0770000-06:00,in
37,USC00051772,Snow,1963-10-20T00:00:00.0000000-06:00,0.000000,,,0,,NOAA,2013-03-29T15:47:48.0770000-06:00,in
37,USC00051772,Snow,1963-10-21T00:00:00.0000000-06:00,0.000000,,,0,,NOAA,2013-03-29T15:47:48.0770000-06:00,in
37,USC00051772,Snow,1963-10-22T00:00:00.0000000-06:00,0.000000,,,0,,NOAA,2013-03-29T15:47:48.0770000-06:00,in
37,USC00051772,Snow,1963-10-23T00:00:00.0000000-06:00,0.000000,,,0,,NOAA,2013-03-29T15:47:48.0770000-06:00,in
37,USC00051772,Snow,1963-10-24T00:00:00.0000000-06:00,0.000000,,,0,,NOAA,2013-03-29T15:47:48.0770000-06:00,in
37,USC00051772,Snow,1963-10-25T00:00:00.0000000-06:00,0.000000,,,0,,NOAA,2013-03-29T15:47:48.0770000-06:00,in
37,USC00051772,Snow,1963-10-26T00:00:00.0000000-06:00,0.000000,,,0,,NOAA,2013-03-29T15:47:48.0770000-06:00,in
37,USC00051772,Snow,1963-10-27T00:00:00.0000000-06:00,0.000000,,,0,,NOAA,2013-03-29T15:47:48.0770000-06:00,in
37,USC00051772,Snow,1963-10-28T00:00:00.0000000-07:00,0.000000,,,0,,NOAA,2013-03-29T15:47:48.0770000-06:00,in
37,USC00051772,Snow,1963-10-29T00:00:00.0000000-07:00,0.000000,,,0,,NOAA,2013-03-29T15:47:48.0770000-06:00,in
37,USC00051772,Snow,1963-10-30T00:00:00.0000000-07:00,0.000000,,,0,,NOAA,2013-03-29T15:47:48.0770000-06:00,in
37,USC00051772,Snow,1963-10-31T00:00:00.0000000-07:00,0.000000,T,,0,,NOAA,2013-03-29T15:47:48.0770000-06:00,in
37,USC00051772,Snow,1963-11-01T00:00:00.0000000-07:00,0.000000,,,0,,NOAA,2013-03-29T15:47:48.0770000-06:00,in
37,USC00051772,Snow,1963-11-02T00:00:00.0000000-07:00,0.000000,,,0,,NOAA,2013-03-29T15:47:48.0770000-06:00,in
37,USC00051772,Snow,1963-11-03T00:00:00.0000000-07:00,0.000000,,,0,,NOAA,2013-03-29T15:47:48.0770000-06:00,in
37,USC00051772,Snow,1963-11-04T00:00:00.0000000-07:00,0.000000,,,0,,NOAA,2013-03-29T15:47:48.0770000-06:00,in
37,USC00051772,Snow,1963-11-05T00:00:00.0000000-07:00,0.000000,,,0,,NOAA,2013-03-29T15:47:48.0770000-06:00,in
37,USC00051772,Snow,1963-11-06T00:00:00.0000000-07:00,0.000000,,,0,,NOAA,2013-03-29T15:47:48.0770000-06:00,in
37,USC00051772,Snow,1963-11-07T00:00:00.0000000-07:00,0.000000,,,0,,NOAA,2013-03-29T15:47:48.0770000-06:00,in
37,USC00051772,Snow,1963-11-08T00:00:00.0000000-07:00,0.000000,,,0,,NOAA,2013-03-29T15:47:48.0770000-06:00,in
37,USC00051772,Snow,1963-11-09T00:00:00.0000000-07:00,0.000000,,,0,,NOAA,2013-03-29T15:47:48.0770000-06:00,in
37,USC00051772,Snow,1963-11-10T00:00:00.0000000-07:00,0.000000,,,0,,NOAA,2013-03-29T15:47:48.0770000-06:00,in
37,USC00051772,Snow,1963-11-11T00:00:00.0000000-07:00,0.000000,,,0,,NOAA,2013-03-29T15:47:48.0770000-06:00,in
37,USC00051772,Snow,1963-11-12T00:00:00.0000000-07:00,0.000000,,,0,,NOAA,2013-03-29T15:47:48.0770000-06:00,in
37,USC00051772,Snow,1963-11-13T00:00:00.0000000-07:00,0.000000,,,0,,NOAA,2013-03-29T15:47:48.0770000-06:00,in
37,USC00051772,Snow,1963-11-14T00:00:00.0000000-07:00,0.000000,,,0,,NOAA,2013-03-29T15:47:48.0770000-06:00,in
37,USC00051772,Snow,1963-11-15T00:00:00.0000000-07:00,0.000000,,,0,,NOAA,2013-03-29T15:47:48.0770000-06:00,in
37,USC00051772,Snow,1963-11-16T00:00:00.0000000-07:00,0.984252,,,0,,NOAA,2013-03-29T15:47:48.0770000-06:00,in
37,USC00051772,Snow,1963-11-17T00:00:00.0000000-07:00,0.000000,,,0,,NOAA,2013-03-29T15:47:48.0770000-06:00,in
37,USC00051772,Snow,1963-11-18T00:00:00.0000000-07:00,0.000000,,,0,,NOAA,2013-03-29T15:47:48.0770000-06:00,in
37,USC00051772,Snow,1963-11-19T00:00:00.0000000-07:00,0.000000,,,0,,NOAA,2013-03-29T15:47:48.0770000-06:00,in
37,USC00051772,Snow,1963-11-20T00:00:00.0000000-07:00,0.000000,,,0,,NOAA,2013-03-29T15:47:48.0770000-06:00,in
37,USC00051772,Snow,1963-11-21T00:00:00.0000000-07:00,0.000000,,,0,,NOAA,2013-03-29T15:47:48.0770000-06:00,in
37,USC00051772,Snow,1963-11-22T00:00:00.0000000-07:00,0.000000,,,0,,NOAA,2013-03-29T15:47:48.0770000-06:00,in
37,USC00051772,Snow,1963-11-23T00:00:00.0000000-07:00,0.000000,,,0,,NOAA,2013-03-29T15:47:48.0770000-06:00,in
37,USC00051772,Snow,1963-11-24T00:00:00.0000000-07:00,0.000000,T,,0,,NOAA,2013-03-29T15:47:48.0770000-06:00,in
37,USC00051772,Snow,1963-11-25T00:00:00.0000000-07:00,0.000000,,,0,,NOAA,2013-03-29T15:47:48.0770000-06:00,in
37,USC00051772,Snow,1963-11-26T00:00:00.0000000-07:00,0.000000,,,0,,NOAA,2013-03-29T15:47:48.0770000-06:00,in
37,USC00051772,Snow,1963-11-27T00:00:00.0000000-07:00,0.000000,,,0,,NOAA,2013-03-29T15:47:48.0770000-06:00,in
37,USC00051772,Snow,1963-11-28T00:00:00.0000000-07:00,0.000000,,,0,,NOAA,2013-03-29T15:47:48.0770000-06:00,in
37,USC00051772,Snow,1963-11-29T00:00:00.0000000-07:00,0.000000,,,0,,NOAA,2013-03-29T15:47:48.0770000-06:00,in
37,USC00051772,Snow,1963-11-30T00:00:00.0000000-07:00,0.000000,,,0,,NOAA,2013-03-29T15:47:48.0770000-06:00,in
37,USC00051772,Snow,1963-12-01T00:00:00.0000000-07:00,0.000000,,,0,,NOAA,2013-03-29T15:47:48.0770000-06:00,in
37,USC00051772,Snow,1963-12-02T00:00:00.0000000-07:00,0.000000,,,0,,NOAA,2013-03-29T15:47:48.0770000-06:00,in
37,USC00051772,Snow,1963-12-03T00:00:00.0000000-07:00,0.000000,,,0,,NOAA,2013-03-29T15:47:48.0770000-06:00,in
37,USC00051772,Snow,1963-12-04T00:00:00.0000000-07:00,0.000000,,,0,,NOAA,2013-03-29T15:47:48.0770000-06:00,in
37,USC00051772,Snow,1963-12-05T00:00:00.0000000-07:00,0.000000,,,0,,NOAA,2013-03-29T15:47:48.0770000-06:00,in
37,USC00051772,Snow,1963-12-06T00:00:00.0000000-07:00,0.000000,,,0,,NOAA,2013-03-29T15:47:48.0770000-06:00,in
37,USC00051772,Snow,1963-12-07T00:00:00.0000000-07:00,0.000000,,,0,,NOAA,2013-03-29T15:47:48.0770000-06:00,in
37,USC00051772,Snow,1963-12-08T00:00:00.0000000-07:00,0.000000,,,0,,NOAA,2013-03-29T15:47:48.0770000-06:00,in
37,USC00051772,Snow,1963-12-09T00:00:00.0000000-07:00,0.000000,,,0,,NOAA,2013-03-29T15:47:48.0770000-06:00,in
37,USC00051772,Snow,1963-12-10T00:00:00.0000000-07:00,2.007874,,,0,,NOAA,2013-03-29T15:47:48.0770000-06:00,in
37,USC00051772,Snow,1963-12-11T00:00:00.0000000-07:00,0.000000,,,0,,NOAA,2013-03-29T15:47:48.0770000-06:00,in
37,USC00051772,Snow,1963-12-12T00:00:00.0000000-07:00,0.000000,,,0,,NOAA,2013-03-29T15:47:48.0770000-06:00,in
37,USC00051772,Snow,1963-12-13T00:00:00.0000000-07:00,0.000000,,,0,,NOAA,2013-03-29T15:47:48.0770000-06:00,in
37,USC00051772,Snow,1963-12-14T00:00:00.0000000-07:00,0.984252,,,0,,NOAA,2013-03-29T15:47:48.0770000-06:00,in
37,USC00051772,Snow,1963-12-15T00:00:00.0000000-07:00,0.000000,,,0,,NOAA,2013-03-29T15:47:48.0770000-06:00,in
37,USC00051772,Snow,1963-12-16T00:00:00.0000000-07:00,0.000000,,,0,,NOAA,2013-03-29T15:47:48.0770000-06:00,in
37,USC00051772,Snow,1963-12-17T00:00:00.0000000-07:00,0.000000,,,0,,NOAA,2013-03-29T15:47:48.0770000-06:00,in
37,USC00051772,Snow,1963-12-18T00:00:00.0000000-07:00,0.000000,,,0,,NOAA,2013-03-29T15:47:48.0770000-06:00,in
37,USC00051772,Snow,1963-12-19T00:00:00.0000000-07:00,0.000000,,,0,,NOAA,2013-03-29T15:47:48.0770000-06:00,in
37,USC00051772,Snow,1963-12-20T00:00:00.0000000-07:00,0.000000,,,0,,NOAA,2013-03-29T15:47:48.0770000-06:00,in
37,USC00051772,Snow,1963-12-21T00:00:00.0000000-07:00,1.496063,,,0,,NOAA,2013-03-29T15:47:48.0770000-06:00,in
37,USC00051772,Snow,1963-12-22T00:00:00.0000000-07:00,0.000000,,,0,,NOAA,2013-03-29T15:47:48.0770000-06:00,in
37,USC00051772,Snow,1963-12-23T00:00:00.0000000-07:00,0.000000,,,0,,NOAA,2013-03-29T15:47:48.0770000-06:00,in
37,USC00051772,Snow,1963-12-24T00:00:00.0000000-07:00,0.000000,,,0,,NOAA,2013-03-29T15:47:48.0770000-06:00,in
37,USC00051772,Snow,1963-12-25T00:00:00.0000000-07:00,0.000000,,,0,,NOAA,2013-03-29T15:47:48.0770000-06:00,in
37,USC00051772,Snow,1963-12-26T00:00:00.0000000-07:00,0.000000,,,0,,NOAA,2013-03-29T15:47:48.0770000-06:00,in
37,USC00051772,Snow,1963-12-27T00:00:00.0000000-07:00,0.000000,,,0,,NOAA,2013-03-29T15:47:48.0770000-06:00,in
37,USC00051772,Snow,1963-12-28T00:00:00.0000000-07:00,0.000000,,,0,,NOAA,2013-03-29T15:47:48.0770000-06:00,in
37,USC00051772,Snow,1963-12-29T00:00:00.0000000-07:00,0.000000,,,0,,NOAA,2013-03-29T15:47:48.0770000-06:00,in
37,USC00051772,Snow,1963-12-30T00:00:00.0000000-07:00,0.000000,,,0,,NOAA,2013-03-29T15:47:48.0770000-06:00,in
37,USC00051772,Snow,1963-12-31T00:00:00.0000000-07:00,0.000000,,,0,,NOAA,2013-03-29T15:47:48.0770000-06:00,in
37,USC00051772,Snow,1964-01-01T00:00:00.0000000-07:00,0.000000,,,0,,NOAA,2013-03-29T15:47:48.0770000-06:00,in
37,USC00051772,Snow,1964-01-02T00:00:00.0000000-07:00,0.000000,,,0,,NOAA,2013-03-29T15:47:48.0770000-06:00,in
37,USC00051772,Snow,1964-01-03T00:00:00.0000000-07:00,0.000000,,,0,,NOAA,2013-03-29T15:47:48.0770000-06:00,in
37,USC00051772,Snow,1964-01-04T00:00:00.0000000-07:00,0.000000,,,0,,NOAA,2013-03-29T15:47:48.0770000-06:00,in
37,USC00051772,Snow,1964-01-05T00:00:00.0000000-07:00,0.000000,,,0,,NOAA,2013-03-29T15:47:48.0770000-06:00,in
37,USC00051772,Snow,1964-01-06T00:00:00.0000000-07:00,0.000000,,,0,,NOAA,2013-03-29T15:47:48.0770000-06:00,in
37,USC00051772,Snow,1964-01-07T00:00:00.0000000-07:00,2.007874,,,0,,NOAA,2013-03-29T15:47:48.0770000-06:00,in
37,USC00051772,Snow,1964-01-08T00:00:00.0000000-07:00,0.000000,,,0,,NOAA,2013-03-29T15:47:48.0770000-06:00,in
37,USC00051772,Snow,1964-01-09T00:00:00.0000000-07:00,0.000000,,,0,,NOAA,2013-03-29T15:47:48.0770000-06:00,in
37,USC00051772,Snow,1964-01-10T00:00:00.0000000-07:00,0.000000,,,0,,NOAA,2013-03-29T15:47:48.0770000-06:00,in
37,USC00051772,Snow,1964-01-11T00:00:00.0000000-07:00,0.000000,,,0,,NOAA,2013-03-29T15:47:48.0770000-06:00,in
37,USC00051772,Snow,1964-01-12T00:00:00.0000000-07:00,0.000000,,,0,,NOAA,2013-03-29T15:47:48.0770000-06:00,in
37,USC00051772,Snow,1964-01-13T00:00:00.0000000-07:00,0.000000,,,0,,NOAA,2013-03-29T15:47:48.0770000-06:00,in
37,USC00051772,Snow,1964-01-14T00:00:00.0000000-07:00,0.000000,,,0,,NOAA,2013-03-29T15:47:48.0770000-06:00,in
37,USC00051772,Snow,1964-01-15T00:00:00.0000000-07:00,0.000000,,,0,,NOAA,2013-03-29T15:47:48.0770000-06:00,in
37,USC00051772,Snow,1964-01-16T00:00:00.0000000-07:00,0.000000,,,0,,NOAA,2013-03-29T15:47:48.0770000-06:00,in
37,USC00051772,Snow,1964-01-17T00:00:00.0000000-07:00,0.000000,,,0,,NOAA,2013-03-29T15:47:48.0770000-06:00,in
37,USC00051772,Snow,1964-01-18T00:00:00.0000000-07:00,4.015748,,,0,,NOAA,2013-03-29T15:47:48.0770000-06:00,in
37,USC00051772,Snow,1964-01-19T00:00:00.0000000-07:00,0.000000,,,0,,NOAA,2013-03-29T15:47:48.0770000-06:00,in
37,USC00051772,Snow,1964-01-20T00:00:00.0000000-07:00,0.000000,,,0,,NOAA,2013-03-29T15:47:48.0770000-06:00,in
37,USC00051772,Snow,1964-01-21T00:00:00.0000000-07:00,4.015748,,,0,,NOAA,2013-03-29T15:47:48.0770000-06:00,in
37,USC00051772,Snow,1964-01-22T00:00:00.0000000-07:00,2.007874,,,0,,NOAA,2013-03-29T15:47:48.0770000-06:00,in
37,USC00051772,Snow,1964-01-23T00:00:00.0000000-07:00,0.000000,,,0,,NOAA,2013-03-29T15:47:48.0770000-06:00,in
37,USC00051772,Snow,1964-01-24T00:00:00.0000000-07:00,0.000000,,,0,,NOAA,2013-03-29T15:47:48.0770000-06:00,in
37,USC00051772,Snow,1964-01-25T00:00:00.0000000-07:00,0.000000,,,0,,NOAA,2013-03-29T15:47:48.0770000-06:00,in
37,USC00051772,Snow,1964-01-26T00:00:00.0000000-07:00,0.000000,,,0,,NOAA,2013-03-29T15:47:48.0770000-06:00,in
37,USC00051772,Snow,1964-01-27T00:00:00.0000000-07:00,0.000000,,,0,,NOAA,2013-03-29T15:47:48.0770000-06:00,in
37,USC00051772,Snow,1964-01-28T00:00:00.0000000-07:00,0.000000,,,0,,NOAA,2013-03-29T15:47:48.0770000-06:00,in
37,USC00051772,Snow,1964-01-29T00:00:00.0000000-07:00,0.000000,,,0,,NOAA,2013-03-29T15:47:48.0770000-06:00,in
37,USC00051772,Snow,1964-01-30T00:00:00.0000000-07:00,0.000000,,,0,,NOAA,2013-03-29T15:47:48.0770000-06:00,in
37,USC00051772,Snow,1964-01-31T00:00:00.0000000-07:00,0.000000,,,0,,NOAA,2013-03-29T15:47:48.0770000-06:00,in
37,USC00051772,Snow,1964-02-01T00:00:00.0000000-07:00,0.000000,,,0,,NOAA,2013-03-29T15:47:48.0770000-06:00,in
37,USC00051772,Snow,1964-02-02T00:00:00.0000000-07:00,0.000000,,,0,,NOAA,2013-03-29T15:47:48.0770000-06:00,in
37,USC00051772,Snow,1964-02-03T00:00:00.0000000-07:00,0.000000,,,0,,NOAA,2013-03-29T15:47:48.0770000-06:00,in
37,USC00051772,Snow,1964-02-04T00:00:00.0000000-07:00,0.000000,,,0,,NOAA,2013-03-29T15:47:48.0770000-06:00,in
37,USC00051772,Snow,1964-02-05T00:00:00.0000000-07:00,0.000000,,,0,,NOAA,2013-03-29T15:47:48.0770000-06:00,in
37,USC00051772,Snow,1964-02-06T00:00:00.0000000-07:00,0.000000,,,0,,NOAA,2013-03-29T15:47:48.0770000-06:00,in
37,USC00051772,Snow,1964-02-07T00:00:00.0000000-07:00,0.000000,,,0,,NOAA,2013-03-29T15:47:48.0770000-06:00,in
37,USC00051772,Snow,1964-02-08T00:00:00.0000000-07:00,0.000000,,,0,,NOAA,2013-03-29T15:47:48.0770000-06:00,in
37,USC00051772,Snow,1964-02-09T00:00:00.0000000-07:00,0.000000,,,0,,NOAA,2013-03-29T15:47:48.0770000-06:00,in
37,USC00051772,Snow,1964-02-10T00:00:00.0000000-07:00,0.000000,,,0,,NOAA,2013-03-29T15:47:48.0770000-06:00,in
37,USC00051772,Snow,1964-02-11T00:00:00.0000000-07:00,0.000000,,,0,,NOAA,2013-03-29T15:47:48.0770000-06:00,in
37,USC00051772,Snow,1964-02-12T00:00:00.0000000-07:00,0.000000,,,0,,NOAA,2013-03-29T15:47:48.0770000-06:00,in
37,USC00051772,Snow,1964-02-13T00:00:00.0000000-07:00,0.000000,T,,0,,NOAA,2013-03-29T15:47:48.0770000-06:00,in
37,USC00051772,Snow,1964-02-14T00:00:00.0000000-07:00,0.000000,,,0,,NOAA,2013-03-29T15:47:48.0770000-06:00,in
37,USC00051772,Snow,1964-02-15T00:00:00.0000000-07:00,0.000000,,,0,,NOAA,2013-03-29T15:47:48.0770000-06:00,in
37,USC00051772,Snow,1964-02-16T00:00:00.0000000-07:00,0.000000,,,0,,NOAA,2013-03-29T15:47:48.0770000-06:00,in
37,USC00051772,Snow,1964-02-17T00:00:00.0000000-07:00,0.000000,,,0,,NOAA,2013-03-29T15:47:48.0770000-06:00,in
37,USC00051772,Snow,1964-02-18T00:00:00.0000000-07:00,0.000000,,,0,,NOAA,2013-03-29T15:47:48.0770000-06:00,in
37,USC00051772,Snow,1964-02-19T00:00:00.0000000-07:00,0.000000,,,0,,NOAA,2013-03-29T15:47:48.0770000-06:00,in
37,USC00051772,Snow,1964-02-20T00:00:00.0000000-07:00,0.000000,,,0,,NOAA,2013-03-29T15:47:48.0770000-06:00,in
37,USC00051772,Snow,1964-02-21T00:00:00.0000000-07:00,0.000000,,,0,,NOAA,2013-03-29T15:47:48.0770000-06:00,in
37,USC00051772,Snow,1964-02-22T00:00:00.0000000-07:00,0.000000,,,0,,NOAA,2013-03-29T15:47:48.0770000-06:00,in
37,USC00051772,Snow,1964-02-23T00:00:00.0000000-07:00,0.000000,,,0,,NOAA,2013-03-29T15:47:48.0770000-06:00,in
37,USC00051772,Snow,1964-02-24T00:00:00.0000000-07:00,0.000000,,,0,,NOAA,2013-03-29T15:47:48.0770000-06:00,in
37,USC00051772,Snow,1964-02-25T00:00:00.0000000-07:00,1.496063,,,0,,NOAA,2013-03-29T15:47:48.0770000-06:00,in
37,USC00051772,Snow,1964-02-26T00:00:00.0000000-07:00,0.000000,,,0,,NOAA,2013-03-29T15:47:48.0770000-06:00,in
37,USC00051772,Snow,1964-02-27T00:00:00.0000000-07:00,0.000000,,,0,,NOAA,2013-03-29T15:47:48.0770000-06:00,in
37,USC00051772,Snow,1964-02-28T00:00:00.0000000-07:00,0.000000,,,0,,NOAA,2013-03-29T15:47:48.0770000-06:00,in
37,USC00051772,Snow,1964-02-29T00:00:00.0000000-07:00,0.000000,,,0,,NOAA,2013-03-29T15:47:48.0770000-06:00,in
37,USC00051772,Snow,1964-03-01T00:00:00.0000000-07:00,0.000000,,,0,,NOAA,2013-03-29T15:47:48.0770000-06:00,in
37,USC00051772,Snow,1964-03-02T00:00:00.0000000-07:00,0.000000,,,0,,NOAA,2013-03-29T15:47:48.0770000-06:00,in
37,USC00051772,Snow,1964-03-03T00:00:00.0000000-07:00,0.984252,,,0,,NOAA,2013-03-29T15:47:48.0770000-06:00,in
37,USC00051772,Snow,1964-03-04T00:00:00.0000000-07:00,0.000000,T,,0,,NOAA,2013-03-29T15:47:48.0770000-06:00,in
37,USC00051772,Snow,1964-03-05T00:00:00.0000000-07:00,0.000000,T,,0,,NOAA,2013-03-29T15:47:48.0770000-06:00,in
37,USC00051772,Snow,1964-03-06T00:00:00.0000000-07:00,0.000000,T,,0,,NOAA,2013-03-29T15:47:48.0770000-06:00,in
37,USC00051772,Snow,1964-03-07T00:00:00.0000000-07:00,0.511811,,,0,,NOAA,2013-03-29T15:47:48.0770000-06:00,in
37,USC00051772,Snow,1964-03-08T00:00:00.0000000-07:00,0.000000,,,0,,NOAA,2013-03-29T15:47:48.0770000-06:00,in
37,USC00051772,Snow,1964-03-09T00:00:00.0000000-07:00,0.984252,,,0,,NOAA,2013-03-29T15:47:48.0770000-06:00,in
37,USC00051772,Snow,1964-03-10T00:00:00.0000000-07:00,0.000000,,,0,,NOAA,2013-03-29T15:47:48.0770000-06:00,in
37,USC00051772,Snow,1964-03-11T00:00:00.0000000-07:00,0.000000,,,0,,NOAA,2013-03-29T15:47:48.0770000-06:00,in
37,USC00051772,Snow,1964-03-12T00:00:00.0000000-07:00,0.000000,T,,0,,NOAA,2013-03-29T15:47:48.0770000-06:00,in
37,USC00051772,Snow,1964-03-13T00:00:00.0000000-07:00,5.984252,,,0,,NOAA,2013-03-29T15:47:48.0770000-06:00,in
37,USC00051772,Snow,1964-03-14T00:00:00.0000000-07:00,0.000000,,,0,,NOAA,2013-03-29T15:47:48.0770000-06:00,in
37,USC00051772,Snow,1964-03-15T00:00:00.0000000-07:00,0.000000,,,0,,NOAA,2013-03-29T15:47:48.0770000-06:00,in
37,USC00051772,Snow,1964-03-16T00:00:00.0000000-07:00,0.000000,,,0,,NOAA,2013-03-29T15:47:48.0770000-06:00,in
37,USC00051772,Snow,1964-03-17T00:00:00.0000000-07:00,0.000000,,,0,,NOAA,2013-03-29T15:47:48.0770000-06:00,in
37,USC00051772,Snow,1964-03-18T00:00:00.0000000-07:00,0.000000,,,0,,NOAA,2013-03-29T15:47:48.0770000-06:00,in
37,USC00051772,Snow,1964-03-19T00:00:00.0000000-07:00,0.000000,T,,0,,NOAA,2013-03-29T15:47:48.0770000-06:00,in
37,USC00051772,Snow,1964-03-20T00:00:00.0000000-07:00,0.000000,,,0,,NOAA,2013-03-29T15:47:48.0770000-06:00,in
37,USC00051772,Snow,1964-03-21T00:00:00.0000000-07:00,0.000000,,,0,,NOAA,2013-03-29T15:47:48.0770000-06:00,in
37,USC00051772,Snow,1964-03-22T00:00:00.0000000-07:00,0.984252,,,0,,NOAA,2013-03-29T15:47:48.0770000-06:00,in
37,USC00051772,Snow,1964-03-23T00:00:00.0000000-07:00,2.007874,,,0,,NOAA,2013-03-29T15:47:48.0770000-06:00,in
37,USC00051772,Snow,1964-03-24T00:00:00.0000000-07:00,4.015748,,,0,,NOAA,2013-03-29T15:47:48.0770000-06:00,in
37,USC00051772,Snow,1964-03-25T00:00:00.0000000-07:00,0.984252,,,0,,NOAA,2013-03-29T15:47:48.0770000-06:00,in
37,USC00051772,Snow,1964-03-26T00:00:00.0000000-07:00,0.000000,,,0,,NOAA,2013-03-29T15:47:48.0770000-06:00,in
37,USC00051772,Snow,1964-03-27T00:00:00.0000000-07:00,0.000000,T,,0,,NOAA,2013-03-29T15:47:48.0770000-06:00,in
37,USC00051772,Snow,1964-03-28T00:00:00.0000000-07:00,0.000000,,,0,,NOAA,2013-03-29T15:47:48.0770000-06:00,in
37,USC00051772,Snow,1964-03-29T00:00:00.0000000-07:00,0.000000,,,0,,NOAA,2013-03-29T15:47:48.0770000-06:00,in
37,USC00051772,Snow,1964-03-30T00:00:00.0000000-07:00,0.000000,,,0,,NOAA,2013-03-29T15:47:48.0770000-06:00,in
37,USC00051772,Snow,1964-03-31T00:00:00.0000000-07:00,0.000000,,,0,,NOAA,2013-03-29T15:47:48.0770000-06:00,in
37,USC00051772,Snow,1964-04-01T00:00:00.0000000-07:00,0.000000,,,0,,NOAA,2013-03-29T15:47:48.0770000-06:00,in
37,USC00051772,Snow,1964-04-02T00:00:00.0000000-07:00,0.000000,,,0,,NOAA,2013-03-29T15:47:48.0770000-06:00,in
37,USC00051772,Snow,1964-04-03T00:00:00.0000000-07:00,0.000000,,,0,,NOAA,2013-03-29T15:47:48.0770000-06:00,in
37,USC00051772,Snow,1964-04-04T00:00:00.0000000-07:00,0.000000,,,0,,NOAA,2013-03-29T15:47:48.0770000-06:00,in
37,USC00051772,Snow,1964-04-05T00:00:00.0000000-07:00,0.000000,,,0,,NOAA,2013-03-29T15:47:48.0770000-06:00,in
37,USC00051772,Snow,1964-04-06T00:00:00.0000000-06:00,0.984252,,,0,,NOAA,2013-03-29T15:47:48.0770000-06:00,in
37,USC00051772,Snow,1964-04-07T00:00:00.0000000-06:00,0.000000,,,0,,NOAA,2013-03-29T15:47:48.0770000-06:00,in
37,USC00051772,Snow,1964-04-08T00:00:00.0000000-06:00,0.000000,,,0,,NOAA,2013-03-29T15:47:48.0770000-06:00,in
37,USC00051772,Snow,1964-04-09T00:00:00.0000000-06:00,0.000000,,,0,,NOAA,2013-03-29T15:47:48.0770000-06:00,in
37,USC00051772,Snow,1964-04-10T00:00:00.0000000-06:00,0.000000,,,0,,NOAA,2013-03-29T15:47:48.0770000-06:00,in
37,USC00051772,Snow,1964-04-11T00:00:00.0000000-06:00,0.000000,,,0,,NOAA,2013-03-29T15:47:48.0770000-06:00,in
37,USC00051772,Snow,1964-04-12T00:00:00.0000000-06:00,0.000000,,,0,,NOAA,2013-03-29T15:47:48.0770000-06:00,in
37,USC00051772,Snow,1964-04-13T00:00:00.0000000-06:00,0.000000,,,0,,NOAA,2013-03-29T15:47:48.0770000-06:00,in
37,USC00051772,Snow,1964-04-14T00:00:00.0000000-06:00,0.000000,,,0,,NOAA,2013-03-29T15:47:48.0770000-06:00,in
37,USC00051772,Snow,1964-04-15T00:00:00.0000000-06:00,0.000000,,,0,,NOAA,2013-03-29T15:47:48.0770000-06:00,in
37,USC00051772,Snow,1964-04-16T00:00:00.0000000-06:00,0.000000,,,0,,NOAA,2013-03-29T15:47:48.0770000-06:00,in
37,USC00051772,Snow,1964-04-17T00:00:00.0000000-06:00,0.000000,,,0,,NOAA,2013-03-29T15:47:48.0770000-06:00,in
37,USC00051772,Snow,1964-04-18T00:00:00.0000000-06:00,0.000000,,,0,,NOAA,2013-03-29T15:47:48.0770000-06:00,in
37,USC00051772,Snow,1964-04-19T00:00:00.0000000-06:00,0.000000,,,0,,NOAA,2013-03-29T15:47:48.0770000-06:00,in
37,USC00051772,Snow,1964-04-20T00:00:00.0000000-06:00,0.000000,,,0,,NOAA,2013-03-29T15:47:48.0770000-06:00,in
37,USC00051772,Snow,1964-04-21T00:00:00.0000000-06:00,0.000000,,,0,,NOAA,2013-03-29T15:47:48.0770000-06:00,in
37,USC00051772,Snow,1964-04-22T00:00:00.0000000-06:00,0.000000,,,0,,NOAA,2013-03-29T15:47:48.0770000-06:00,in
37,USC00051772,Snow,1964-04-23T00:00:00.0000000-06:00,0.000000,,,0,,NOAA,2013-03-29T15:47:48.0770000-06:00,in
37,USC00051772,Snow,1964-04-24T00:00:00.0000000-06:00,0.000000,T,,0,,NOAA,2013-03-29T15:47:48.0770000-06:00,in
37,USC00051772,Snow,1964-04-25T00:00:00.0000000-06:00,0.000000,T,,0,,NOAA,2013-03-29T15:47:48.0770000-06:00,in
37,USC00051772,Snow,1964-04-26T00:00:00.0000000-06:00,0.000000,,,0,,NOAA,2013-03-29T15:47:48.0770000-06:00,in
37,USC00051772,Snow,1964-04-27T00:00:00.0000000-06:00,0.000000,,,0,,NOAA,2013-03-29T15:47:48.0770000-06:00,in
37,USC00051772,Snow,1964-04-28T00:00:00.0000000-06:00,0.000000,,,0,,NOAA,2013-03-29T15:47:48.0770000-06:00,in
37,USC00051772,Snow,1964-04-29T00:00:00.0000000-06:00,0.000000,,,0,,NOAA,2013-03-29T15:47:48.0770000-06:00,in
37,USC00051772,Snow,1964-04-30T00:00:00.0000000-06:00,0.000000,,,0,,NOAA,2013-03-29T15:47:48.0770000-06:00,in
37,USC00051772,Snow,1964-05-01T00:00:00.0000000-06:00,0.000000,,,0,,NOAA,2013-03-29T15:47:48.0770000-06:00,in
37,USC00051772,Snow,1964-05-02T00:00:00.0000000-06:00,0.000000,,,0,,NOAA,2013-03-29T15:47:48.0770000-06:00,in
37,USC00051772,Snow,1964-05-03T00:00:00.0000000-06:00,0.000000,,,0,,NOAA,2013-03-29T15:47:48.0770000-06:00,in
37,USC00051772,Snow,1964-05-04T00:00:00.0000000-06:00,0.000000,,,0,,NOAA,2013-03-29T15:47:48.0770000-06:00,in
37,USC00051772,Snow,1964-05-05T00:00:00.0000000-06:00,0.000000,,,0,,NOAA,2013-03-29T15:47:48.0770000-06:00,in
37,USC00051772,Snow,1964-05-06T00:00:00.0000000-06:00,0.000000,,,0,,NOAA,2013-03-29T15:47:48.0770000-06:00,in
37,USC00051772,Snow,1964-05-07T00:00:00.0000000-06:00,0.000000,,,0,,NOAA,2013-03-29T15:47:48.0770000-06:00,in
37,USC00051772,Snow,1964-05-08T00:00:00.0000000-06:00,0.000000,,,0,,NOAA,2013-03-29T15:47:48.0770000-06:00,in
37,USC00051772,Snow,1964-05-09T00:00:00.0000000-06:00,0.000000,,,0,,NOAA,2013-03-29T15:47:48.0770000-06:00,in
37,USC00051772,Snow,1964-05-10T00:00:00.0000000-06:00,0.000000,,,0,,NOAA,2013-03-29T15:47:48.0770000-06:00,in
37,USC00051772,Snow,1964-05-11T00:00:00.0000000-06:00,0.000000,,,0,,NOAA,2013-03-29T15:47:48.0770000-06:00,in
37,USC00051772,Snow,1964-05-12T00:00:00.0000000-06:00,0.000000,,,0,,NOAA,2013-03-29T15:47:48.0770000-06:00,in
37,USC00051772,Snow,1964-05-13T00:00:00.0000000-06:00,0.000000,,,0,,NOAA,2013-03-29T15:47:48.0770000-06:00,in
37,USC00051772,Snow,1964-05-14T00:00:00.0000000-06:00,0.000000,,,0,,NOAA,2013-03-29T15:47:48.0770000-06:00,in
37,USC00051772,Snow,1964-05-15T00:00:00.0000000-06:00,0.000000,,,0,,NOAA,2013-03-29T15:47:48.0770000-06:00,in
37,USC00051772,Snow,1964-05-16T00:00:00.0000000-06:00,0.000000,,,0,,NOAA,2013-03-29T15:47:48.0770000-06:00,in
37,USC00051772,Snow,1964-05-17T00:00:00.0000000-06:00,0.000000,,,0,,NOAA,2013-03-29T15:47:48.0770000-06:00,in
37,USC00051772,Snow,1964-05-18T00:00:00.0000000-06:00,0.000000,,,0,,NOAA,2013-03-29T15:47:48.0770000-06:00,in
37,USC00051772,Snow,1964-05-19T00:00:00.0000000-06:00,0.000000,,,0,,NOAA,2013-03-29T15:47:48.0770000-06:00,in
37,USC00051772,Snow,1964-05-20T00:00:00.0000000-06:00,0.000000,,,0,,NOAA,2013-03-29T15:47:48.0770000-06:00,in
37,USC00051772,Snow,1964-05-21T00:00:00.0000000-06:00,0.000000,,,0,,NOAA,2013-03-29T15:47:48.0770000-06:00,in
37,USC00051772,Snow,1964-05-22T00:00:00.0000000-06:00,0.000000,,,0,,NOAA,2013-03-29T15:47:48.0770000-06:00,in
37,USC00051772,Snow,1964-05-23T00:00:00.0000000-06:00,0.000000,,,0,,NOAA,2013-03-29T15:47:48.0770000-06:00,in
37,USC00051772,Snow,1964-05-24T00:00:00.0000000-06:00,0.000000,,,0,,NOAA,2013-03-29T15:47:48.0770000-06:00,in
37,USC00051772,Snow,1964-05-25T00:00:00.0000000-06:00,0.000000,,,0,,NOAA,2013-03-29T15:47:48.0770000-06:00,in
37,USC00051772,Snow,1964-05-26T00:00:00.0000000-06:00,0.000000,,,0,,NOAA,2013-03-29T15:47:48.0770000-06:00,in
37,USC00051772,Snow,1964-05-27T00:00:00.0000000-06:00,0.000000,,,0,,NOAA,2013-03-29T15:47:48.0770000-06:00,in
37,USC00051772,Snow,1964-05-28T00:00:00.0000000-06:00,0.000000,,,0,,NOAA,2013-03-29T15:47:48.0770000-06:00,in
37,USC00051772,Snow,1964-05-29T00:00:00.0000000-06:00,0.000000,,,0,,NOAA,2013-03-29T15:47:48.0770000-06:00,in
37,USC00051772,Snow,1964-05-30T00:00:00.0000000-06:00,0.000000,,,0,,NOAA,2013-03-29T15:47:48.0770000-06:00,in
37,USC00051772,Snow,1964-05-31T00:00:00.0000000-06:00,0.000000,,,0,,NOAA,2013-03-29T15:47:48.0770000-06:00,in
37,USC00051772,Snow,1964-06-01T00:00:00.0000000-06:00,0.000000,,,0,,NOAA,2013-03-29T15:47:48.0770000-06:00,in
37,USC00051772,Snow,1964-06-02T00:00:00.0000000-06:00,0.000000,,,0,,NOAA,2013-03-29T15:47:48.0770000-06:00,in
37,USC00051772,Snow,1964-06-03T00:00:00.0000000-06:00,0.000000,,,0,,NOAA,2013-03-29T15:47:48.0770000-06:00,in
37,USC00051772,Snow,1964-06-04T00:00:00.0000000-06:00,0.000000,,,0,,NOAA,2013-03-29T15:47:48.0770000-06:00,in
37,USC00051772,Snow,1964-06-05T00:00:00.0000000-06:00,0.000000,,,0,,NOAA,2013-03-29T15:47:48.0770000-06:00,in
37,USC00051772,Snow,1964-06-06T00:00:00.0000000-06:00,0.000000,,,0,,NOAA,2013-03-29T15:47:48.0770000-06:00,in
37,USC00051772,Snow,1964-06-07T00:00:00.0000000-06:00,0.000000,,,0,,NOAA,2013-03-29T15:47:48.0770000-06:00,in
37,USC00051772,Snow,1964-06-08T00:00:00.0000000-06:00,0.000000,,,0,,NOAA,2013-03-29T15:47:48.0770000-06:00,in
37,USC00051772,Snow,1964-06-09T00:00:00.0000000-06:00,0.000000,,,0,,NOAA,2013-03-29T15:47:48.0770000-06:00,in
37,USC00051772,Snow,1964-06-10T00:00:00.0000000-06:00,0.000000,,,0,,NOAA,2013-03-29T15:47:48.0770000-06:00,in
37,USC00051772,Snow,1964-06-11T00:00:00.0000000-06:00,0.000000,,,0,,NOAA,2013-03-29T15:47:48.0770000-06:00,in
37,USC00051772,Snow,1964-06-12T00:00:00.0000000-06:00,0.000000,,,0,,NOAA,2013-03-29T15:47:48.0770000-06:00,in
37,USC00051772,Snow,1964-06-13T00:00:00.0000000-06:00,0.000000,,,0,,NOAA,2013-03-29T15:47:48.0770000-06:00,in
37,USC00051772,Snow,1964-06-14T00:00:00.0000000-06:00,0.000000,,,0,,NOAA,2013-03-29T15:47:48.0770000-06:00,in
37,USC00051772,Snow,1964-06-15T00:00:00.0000000-06:00,0.000000,,,0,,NOAA,2013-03-29T15:47:48.0770000-06:00,in
37,USC00051772,Snow,1964-06-16T00:00:00.0000000-06:00,0.000000,,,0,,NOAA,2013-03-29T15:47:48.0770000-06:00,in
37,USC00051772,Snow,1964-06-17T00:00:00.0000000-06:00,0.000000,,,0,,NOAA,2013-03-29T15:47:48.0770000-06:00,in
37,USC00051772,Snow,1964-06-18T00:00:00.0000000-06:00,0.000000,,,0,,NOAA,2013-03-29T15:47:48.0770000-06:00,in
37,USC00051772,Snow,1964-06-19T00:00:00.0000000-06:00,0.000000,,,0,,NOAA,2013-03-29T15:47:48.0770000-06:00,in
37,USC00051772,Snow,1964-06-20T00:00:00.0000000-06:00,0.000000,,,0,,NOAA,2013-03-29T15:47:48.0770000-06:00,in
37,USC00051772,Snow,1964-06-21T00:00:00.0000000-06:00,0.000000,,,0,,NOAA,2013-03-29T15:47:48.0770000-06:00,in
37,USC00051772,Snow,1964-06-22T00:00:00.0000000-06:00,0.000000,,,0,,NOAA,2013-03-29T15:47:48.0770000-06:00,in
37,USC00051772,Snow,1964-06-23T00:00:00.0000000-06:00,0.000000,,,0,,NOAA,2013-03-29T15:47:48.0770000-06:00,in
37,USC00051772,Snow,1964-06-24T00:00:00.0000000-06:00,0.000000,,,0,,NOAA,2013-03-29T15:47:48.0770000-06:00,in
37,USC00051772,Snow,1964-06-25T00:00:00.0000000-06:00,0.000000,,,0,,NOAA,2013-03-29T15:47:48.0770000-06:00,in
37,USC00051772,Snow,1964-06-26T00:00:00.0000000-06:00,0.000000,,,0,,NOAA,2013-03-29T15:47:48.0770000-06:00,in
37,USC00051772,Snow,1964-06-27T00:00:00.0000000-06:00,0.000000,,,0,,NOAA,2013-03-29T15:47:48.0770000-06:00,in
37,USC00051772,Snow,1964-06-28T00:00:00.0000000-06:00,0.000000,,,0,,NOAA,2013-03-29T15:47:48.0770000-06:00,in
37,USC00051772,Snow,1964-06-29T00:00:00.0000000-06:00,0.000000,,,0,,NOAA,2013-03-29T15:47:48.0770000-06:00,in
37,USC00051772,Snow,1964-06-30T00:00:00.0000000-06:00,0.000000,,,0,,NOAA,2013-03-29T15:47:48.0770000-06:00,in
37,USC00051772,Snow,1964-07-01T00:00:00.0000000-06:00,0.000000,,,0,,NOAA,2013-03-29T15:47:48.0770000-06:00,in
37,USC00051772,Snow,1964-07-02T00:00:00.0000000-06:00,0.000000,,,0,,NOAA,2013-03-29T15:47:48.0770000-06:00,in
37,USC00051772,Snow,1964-07-03T00:00:00.0000000-06:00,0.000000,,,0,,NOAA,2013-03-29T15:47:48.0770000-06:00,in
37,USC00051772,Snow,1964-07-04T00:00:00.0000000-06:00,0.000000,,,0,,NOAA,2013-03-29T15:47:48.0770000-06:00,in
37,USC00051772,Snow,1964-07-05T00:00:00.0000000-06:00,0.000000,,,0,,NOAA,2013-03-29T15:47:48.0770000-06:00,in
37,USC00051772,Snow,1964-07-06T00:00:00.0000000-06:00,0.000000,,,0,,NOAA,2013-03-29T15:47:48.0770000-06:00,in
37,USC00051772,Snow,1964-07-07T00:00:00.0000000-06:00,0.000000,,,0,,NOAA,2013-03-29T15:47:48.0770000-06:00,in
37,USC00051772,Snow,1964-07-08T00:00:00.0000000-06:00,0.000000,,,0,,NOAA,2013-03-29T15:47:48.0770000-06:00,in
37,USC00051772,Snow,1964-07-09T00:00:00.0000000-06:00,0.000000,,,0,,NOAA,2013-03-29T15:47:48.0770000-06:00,in
37,USC00051772,Snow,1964-07-10T00:00:00.0000000-06:00,0.000000,,,0,,NOAA,2013-03-29T15:47:48.0770000-06:00,in
37,USC00051772,Snow,1964-07-11T00:00:00.0000000-06:00,0.000000,,,0,,NOAA,2013-03-29T15:47:48.0770000-06:00,in
37,USC00051772,Snow,1964-07-12T00:00:00.0000000-06:00,0.000000,,,0,,NOAA,2013-03-29T15:47:48.0770000-06:00,in
37,USC00051772,Snow,1964-07-13T00:00:00.0000000-06:00,0.000000,,,0,,NOAA,2013-03-29T15:47:48.0770000-06:00,in
37,USC00051772,Snow,1964-07-14T00:00:00.0000000-06:00,0.000000,,,0,,NOAA,2013-03-29T15:47:48.0770000-06:00,in
37,USC00051772,Snow,1964-07-15T00:00:00.0000000-06:00,0.000000,,,0,,NOAA,2013-03-29T15:47:48.0770000-06:00,in
37,USC00051772,Snow,1964-07-16T00:00:00.0000000-06:00,0.000000,,,0,,NOAA,2013-03-29T15:47:48.0770000-06:00,in
37,USC00051772,Snow,1964-07-17T00:00:00.0000000-06:00,0.000000,,,0,,NOAA,2013-03-29T15:47:48.0770000-06:00,in
37,USC00051772,Snow,1964-07-18T00:00:00.0000000-06:00,0.000000,,,0,,NOAA,2013-03-29T15:47:48.0770000-06:00,in
37,USC00051772,Snow,1964-07-19T00:00:00.0000000-06:00,0.000000,,,0,,NOAA,2013-03-29T15:47:48.0770000-06:00,in
37,USC00051772,Snow,1964-07-20T00:00:00.0000000-06:00,0.000000,,,0,,NOAA,2013-03-29T15:47:48.0770000-06:00,in
37,USC00051772,Snow,1964-07-21T00:00:00.0000000-06:00,0.000000,,,0,,NOAA,2013-03-29T15:47:48.0770000-06:00,in
37,USC00051772,Snow,1964-07-22T00:00:00.0000000-06:00,0.000000,,,0,,NOAA,2013-03-29T15:47:48.0770000-06:00,in
37,USC00051772,Snow,1964-07-23T00:00:00.0000000-06:00,0.000000,,,0,,NOAA,2013-03-29T15:47:48.0770000-06:00,in
37,USC00051772,Snow,1964-07-24T00:00:00.0000000-06:00,0.000000,,,0,,NOAA,2013-03-29T15:47:48.0770000-06:00,in
37,USC00051772,Snow,1964-07-25T00:00:00.0000000-06:00,0.000000,,,0,,NOAA,2013-03-29T15:47:48.0770000-06:00,in
37,USC00051772,Snow,1964-07-26T00:00:00.0000000-06:00,0.000000,,,0,,NOAA,2013-03-29T15:47:48.0770000-06:00,in
37,USC00051772,Snow,1964-07-27T00:00:00.0000000-06:00,0.000000,,,0,,NOAA,2013-03-29T15:47:48.0770000-06:00,in
37,USC00051772,Snow,1964-07-28T00:00:00.0000000-06:00,0.000000,,,0,,NOAA,2013-03-29T15:47:48.0770000-06:00,in
37,USC00051772,Snow,1964-07-29T00:00:00.0000000-06:00,0.000000,,,0,,NOAA,2013-03-29T15:47:48.0770000-06:00,in
37,USC00051772,Snow,1964-07-30T00:00:00.0000000-06:00,0.000000,,,0,,NOAA,2013-03-29T15:47:48.0770000-06:00,in
37,USC00051772,Snow,1964-07-31T00:00:00.0000000-06:00,0.000000,,,0,,NOAA,2013-03-29T15:47:48.0770000-06:00,in
37,USC00051772,Snow,1964-08-01T00:00:00.0000000-06:00,0.000000,,,0,,NOAA,2013-03-29T15:47:48.0770000-06:00,in
37,USC00051772,Snow,1964-08-02T00:00:00.0000000-06:00,0.000000,,,0,,NOAA,2013-03-29T15:47:48.0770000-06:00,in
37,USC00051772,Snow,1964-08-03T00:00:00.0000000-06:00,0.000000,,,0,,NOAA,2013-03-29T15:47:48.0770000-06:00,in
37,USC00051772,Snow,1964-08-04T00:00:00.0000000-06:00,0.000000,,,0,,NOAA,2013-03-29T15:47:48.0770000-06:00,in
37,USC00051772,Snow,1964-08-05T00:00:00.0000000-06:00,0.000000,,,0,,NOAA,2013-03-29T15:47:48.0770000-06:00,in
37,USC00051772,Snow,1964-08-06T00:00:00.0000000-06:00,0.000000,,,0,,NOAA,2013-03-29T15:47:48.0770000-06:00,in
37,USC00051772,Snow,1964-08-07T00:00:00.0000000-06:00,0.000000,,,0,,NOAA,2013-03-29T15:47:48.0770000-06:00,in
37,USC00051772,Snow,1964-08-08T00:00:00.0000000-06:00,0.000000,,,0,,NOAA,2013-03-29T15:47:48.0770000-06:00,in
37,USC00051772,Snow,1964-08-09T00:00:00.0000000-06:00,0.000000,,,0,,NOAA,2013-03-29T15:47:48.0770000-06:00,in
37,USC00051772,Snow,1964-08-10T00:00:00.0000000-06:00,0.000000,,,0,,NOAA,2013-03-29T15:47:48.0770000-06:00,in
37,USC00051772,Snow,1964-08-11T00:00:00.0000000-06:00,0.000000,,,0,,NOAA,2013-03-29T15:47:48.0770000-06:00,in
37,USC00051772,Snow,1964-08-12T00:00:00.0000000-06:00,0.000000,,,0,,NOAA,2013-03-29T15:47:48.0770000-06:00,in
37,USC00051772,Snow,1964-08-13T00:00:00.0000000-06:00,0.000000,,,0,,NOAA,2013-03-29T15:47:48.0770000-06:00,in
37,USC00051772,Snow,1964-08-14T00:00:00.0000000-06:00,0.000000,,,0,,NOAA,2013-03-29T15:47:48.0770000-06:00,in
37,USC00051772,Snow,1964-08-15T00:00:00.0000000-06:00,0.000000,,,0,,NOAA,2013-03-29T15:47:48.0770000-06:00,in
37,USC00051772,Snow,1964-08-16T00:00:00.0000000-06:00,0.000000,,,0,,NOAA,2013-03-29T15:47:48.0770000-06:00,in
37,USC00051772,Snow,1964-08-17T00:00:00.0000000-06:00,0.000000,,,0,,NOAA,2013-03-29T15:47:48.0770000-06:00,in
37,USC00051772,Snow,1964-08-18T00:00:00.0000000-06:00,0.000000,,,0,,NOAA,2013-03-29T15:47:48.0770000-06:00,in
37,USC00051772,Snow,1964-08-19T00:00:00.0000000-06:00,0.000000,,,0,,NOAA,2013-03-29T15:47:48.0770000-06:00,in
37,USC00051772,Snow,1964-08-20T00:00:00.0000000-06:00,0.000000,,,0,,NOAA,2013-03-29T15:47:48.0770000-06:00,in
37,USC00051772,Snow,1964-08-21T00:00:00.0000000-06:00,0.000000,,,0,,NOAA,2013-03-29T15:47:48.0770000-06:00,in
37,USC00051772,Snow,1964-08-22T00:00:00.0000000-06:00,0.000000,,,0,,NOAA,2013-03-29T15:47:48.0770000-06:00,in
37,USC00051772,Snow,1964-08-23T00:00:00.0000000-06:00,0.000000,,,0,,NOAA,2013-03-29T15:47:48.0770000-06:00,in
37,USC00051772,Snow,1964-08-24T00:00:00.0000000-06:00,0.000000,,,0,,NOAA,2013-03-29T15:47:48.0770000-06:00,in
37,USC00051772,Snow,1964-08-25T00:00:00.0000000-06:00,0.000000,,,0,,NOAA,2013-03-29T15:47:48.0770000-06:00,in
37,USC00051772,Snow,1964-08-26T00:00:00.0000000-06:00,0.000000,,,0,,NOAA,2013-03-29T15:47:48.0770000-06:00,in
37,USC00051772,Snow,1964-08-27T00:00:00.0000000-06:00,0.000000,,,0,,NOAA,2013-03-29T15:47:48.0770000-06:00,in
37,USC00051772,Snow,1964-08-28T00:00:00.0000000-06:00,0.000000,,,0,,NOAA,2013-03-29T15:47:48.0770000-06:00,in
37,USC00051772,Snow,1964-08-29T00:00:00.0000000-06:00,0.000000,,,0,,NOAA,2013-03-29T15:47:48.0770000-06:00,in
37,USC00051772,Snow,1964-08-30T00:00:00.0000000-06:00,0.000000,,,0,,NOAA,2013-03-29T15:47:48.0770000-06:00,in
37,USC00051772,Snow,1964-08-31T00:00:00.0000000-06:00,0.000000,,,0,,NOAA,2013-03-29T15:47:48.0770000-06:00,in
37,USC00051772,Snow,1964-09-01T00:00:00.0000000-06:00,0.000000,,,0,,NOAA,2013-03-29T15:47:48.0770000-06:00,in
37,USC00051772,Snow,1964-09-02T00:00:00.0000000-06:00,0.000000,,,0,,NOAA,2013-03-29T15:47:48.0770000-06:00,in
37,USC00051772,Snow,1964-09-03T00:00:00.0000000-06:00,0.000000,,,0,,NOAA,2013-03-29T15:47:48.0770000-06:00,in
37,USC00051772,Snow,1964-09-04T00:00:00.0000000-06:00,0.000000,,,0,,NOAA,2013-03-29T15:47:48.0770000-06:00,in
37,USC00051772,Snow,1964-09-05T00:00:00.0000000-06:00,0.000000,,,0,,NOAA,2013-03-29T15:47:48.0770000-06:00,in
37,USC00051772,Snow,1964-09-06T00:00:00.0000000-06:00,0.000000,,,0,,NOAA,2013-03-29T15:47:48.0770000-06:00,in
37,USC00051772,Snow,1964-09-07T00:00:00.0000000-06:00,0.000000,,,0,,NOAA,2013-03-29T15:47:48.0770000-06:00,in
37,USC00051772,Snow,1964-09-08T00:00:00.0000000-06:00,0.000000,,,0,,NOAA,2013-03-29T15:47:48.0770000-06:00,in
37,USC00051772,Snow,1964-09-09T00:00:00.0000000-06:00,0.000000,,,0,,NOAA,2013-03-29T15:47:48.0770000-06:00,in
37,USC00051772,Snow,1964-09-10T00:00:00.0000000-06:00,0.000000,,,0,,NOAA,2013-03-29T15:47:48.0770000-06:00,in
37,USC00051772,Snow,1964-09-11T00:00:00.0000000-06:00,0.000000,,,0,,NOAA,2013-03-29T15:47:48.0770000-06:00,in
37,USC00051772,Snow,1964-09-12T00:00:00.0000000-06:00,0.000000,,,0,,NOAA,2013-03-29T15:47:48.0770000-06:00,in
37,USC00051772,Snow,1964-09-13T00:00:00.0000000-06:00,0.000000,,,0,,NOAA,2013-03-29T15:47:48.0770000-06:00,in
37,USC00051772,Snow,1964-09-14T00:00:00.0000000-06:00,0.000000,,,0,,NOAA,2013-03-29T15:47:48.0770000-06:00,in
37,USC00051772,Snow,1964-09-15T00:00:00.0000000-06:00,0.000000,,,0,,NOAA,2013-03-29T15:47:48.0770000-06:00,in
37,USC00051772,Snow,1964-09-16T00:00:00.0000000-06:00,0.000000,,,0,,NOAA,2013-03-29T15:47:48.0770000-06:00,in
37,USC00051772,Snow,1964-09-17T00:00:00.0000000-06:00,0.000000,,,0,,NOAA,2013-03-29T15:47:48.0770000-06:00,in
37,USC00051772,Snow,1964-09-18T00:00:00.0000000-06:00,0.000000,,,0,,NOAA,2013-03-29T15:47:48.0770000-06:00,in
37,USC00051772,Snow,1964-09-19T00:00:00.0000000-06:00,0.000000,,,0,,NOAA,2013-03-29T15:47:48.0770000-06:00,in
37,USC00051772,Snow,1964-09-20T00:00:00.0000000-06:00,0.000000,,,0,,NOAA,2013-03-29T15:47:48.0770000-06:00,in
37,USC00051772,Snow,1964-09-21T00:00:00.0000000-06:00,0.000000,,,0,,NOAA,2013-03-29T15:47:48.0770000-06:00,in
37,USC00051772,Snow,1964-09-22T00:00:00.0000000-06:00,0.000000,,,0,,NOAA,2013-03-29T15:47:48.0770000-06:00,in
37,USC00051772,Snow,1964-09-23T00:00:00.0000000-06:00,0.000000,,,0,,NOAA,2013-03-29T15:47:48.0770000-06:00,in
37,USC00051772,Snow,1964-09-24T00:00:00.0000000-06:00,0.000000,,,0,,NOAA,2013-03-29T15:47:48.0770000-06:00,in
37,USC00051772,Snow,1964-09-25T00:00:00.0000000-06:00,0.000000,,,0,,NOAA,2013-03-29T15:47:48.0770000-06:00,in
37,USC00051772,Snow,1964-09-26T00:00:00.0000000-06:00,0.000000,,,0,,NOAA,2013-03-29T15:47:48.0770000-06:00,in
37,USC00051772,Snow,1964-09-27T00:00:00.0000000-06:00,0.000000,,,0,,NOAA,2013-03-29T15:47:48.0770000-06:00,in
37,USC00051772,Snow,1964-09-28T00:00:00.0000000-06:00,0.000000,,,0,,NOAA,2013-03-29T15:47:48.0770000-06:00,in
37,USC00051772,Snow,1964-09-29T00:00:00.0000000-06:00,0.000000,,,0,,NOAA,2013-03-29T15:47:48.0770000-06:00,in
37,USC00051772,Snow,1964-09-30T00:00:00.0000000-06:00,0.000000,,,0,,NOAA,2013-03-29T15:47:48.0770000-06:00,in
37,USC00051772,Snow,1964-10-01T00:00:00.0000000-06:00,0.000000,,,0,,NOAA,2013-03-29T15:47:48.0770000-06:00,in
37,USC00051772,Snow,1964-10-02T00:00:00.0000000-06:00,0.000000,,,0,,NOAA,2013-03-29T15:47:48.0770000-06:00,in
37,USC00051772,Snow,1964-10-03T00:00:00.0000000-06:00,0.000000,,,0,,NOAA,2013-03-29T15:47:48.0770000-06:00,in
37,USC00051772,Snow,1964-10-04T00:00:00.0000000-06:00,0.000000,,,0,,NOAA,2013-03-29T15:47:48.0770000-06:00,in
37,USC00051772,Snow,1964-10-05T00:00:00.0000000-06:00,0.000000,,,0,,NOAA,2013-03-29T15:47:48.0770000-06:00,in
37,USC00051772,Snow,1964-10-06T00:00:00.0000000-06:00,0.000000,,,0,,NOAA,2013-03-29T15:47:48.0770000-06:00,in
37,USC00051772,Snow,1964-10-07T00:00:00.0000000-06:00,0.000000,,,0,,NOAA,2013-03-29T15:47:48.0770000-06:00,in
37,USC00051772,Snow,1964-10-08T00:00:00.0000000-06:00,0.000000,,,0,,NOAA,2013-03-29T15:47:48.0770000-06:00,in
37,USC00051772,Snow,1964-10-09T00:00:00.0000000-06:00,0.000000,,,0,,NOAA,2013-03-29T15:47:48.0770000-06:00,in
37,USC00051772,Snow,1964-10-10T00:00:00.0000000-06:00,0.000000,,,0,,NOAA,2013-03-29T15:47:48.0770000-06:00,in
37,USC00051772,Snow,1964-10-11T00:00:00.0000000-06:00,0.000000,,,0,,NOAA,2013-03-29T15:47:48.0770000-06:00,in
37,USC00051772,Snow,1964-10-12T00:00:00.0000000-06:00,0.000000,,,0,,NOAA,2013-03-29T15:47:48.0770000-06:00,in
37,USC00051772,Snow,1964-10-13T00:00:00.0000000-06:00,0.000000,,,0,,NOAA,2013-03-29T15:47:48.0770000-06:00,in
37,USC00051772,Snow,1964-10-14T00:00:00.0000000-06:00,0.000000,,,0,,NOAA,2013-03-29T15:47:48.0770000-06:00,in
37,USC00051772,Snow,1964-10-15T00:00:00.0000000-06:00,0.000000,,,0,,NOAA,2013-03-29T15:47:48.0770000-06:00,in
37,USC00051772,Snow,1964-10-16T00:00:00.0000000-06:00,0.000000,,,0,,NOAA,2013-03-29T15:47:48.0770000-06:00,in
37,USC00051772,Snow,1964-10-17T00:00:00.0000000-06:00,0.000000,,,0,,NOAA,2013-03-29T15:47:48.0770000-06:00,in
37,USC00051772,Snow,1964-10-18T00:00:00.0000000-06:00,0.000000,,,0,,NOAA,2013-03-29T15:47:48.0770000-06:00,in
37,USC00051772,Snow,1964-10-19T00:00:00.0000000-06:00,0.000000,,,0,,NOAA,2013-03-29T15:47:48.0770000-06:00,in
37,USC00051772,Snow,1964-10-20T00:00:00.0000000-06:00,0.000000,,,0,,NOAA,2013-03-29T15:47:48.0770000-06:00,in
37,USC00051772,Snow,1964-10-21T00:00:00.0000000-06:00,0.000000,,,0,,NOAA,2013-03-29T15:47:48.0770000-06:00,in
37,USC00051772,Snow,1964-10-22T00:00:00.0000000-06:00,0.000000,,,0,,NOAA,2013-03-29T15:47:48.0770000-06:00,in
37,USC00051772,Snow,1964-10-23T00:00:00.0000000-06:00,0.000000,,,0,,NOAA,2013-03-29T15:47:48.0770000-06:00,in
37,USC00051772,Snow,1964-10-24T00:00:00.0000000-06:00,0.000000,,,0,,NOAA,2013-03-29T15:47:48.0770000-06:00,in
37,USC00051772,Snow,1964-10-25T00:00:00.0000000-06:00,0.000000,,,0,,NOAA,2013-03-29T15:47:48.0770000-06:00,in
37,USC00051772,Snow,1964-10-26T00:00:00.0000000-07:00,0.000000,,,0,,NOAA,2013-03-29T15:47:48.0770000-06:00,in
37,USC00051772,Snow,1964-10-27T00:00:00.0000000-07:00,0.000000,,,0,,NOAA,2013-03-29T15:47:48.0770000-06:00,in
37,USC00051772,Snow,1964-10-28T00:00:00.0000000-07:00,0.000000,,,0,,NOAA,2013-03-29T15:47:48.0770000-06:00,in
37,USC00051772,Snow,1964-10-29T00:00:00.0000000-07:00,0.000000,,,0,,NOAA,2013-03-29T15:47:48.0770000-06:00,in
37,USC00051772,Snow,1964-10-30T00:00:00.0000000-07:00,0.000000,,,0,,NOAA,2013-03-29T15:47:48.0770000-06:00,in
37,USC00051772,Snow,1964-10-31T00:00:00.0000000-07:00,0.000000,,,0,,NOAA,2013-03-29T15:47:48.0770000-06:00,in
37,USC00051772,Snow,1964-11-01T00:00:00.0000000-07:00,0.000000,,,0,,NOAA,2013-03-29T15:47:48.0770000-06:00,in
37,USC00051772,Snow,1964-11-02T00:00:00.0000000-07:00,0.000000,,,0,,NOAA,2013-03-29T15:47:48.0770000-06:00,in
37,USC00051772,Snow,1964-11-03T00:00:00.0000000-07:00,0.000000,,,0,,NOAA,2013-03-29T15:47:48.0770000-06:00,in
37,USC00051772,Snow,1964-11-04T00:00:00.0000000-07:00,0.000000,,,0,,NOAA,2013-03-29T15:47:48.0770000-06:00,in
37,USC00051772,Snow,1964-11-05T00:00:00.0000000-07:00,0.000000,,,0,,NOAA,2013-03-29T15:47:48.0770000-06:00,in
37,USC00051772,Snow,1964-11-06T00:00:00.0000000-07:00,0.000000,,,0,,NOAA,2013-03-29T15:47:48.0770000-06:00,in
37,USC00051772,Snow,1964-11-07T00:00:00.0000000-07:00,0.000000,,,0,,NOAA,2013-03-29T15:47:48.0770000-06:00,in
37,USC00051772,Snow,1964-11-08T00:00:00.0000000-07:00,0.000000,,,0,,NOAA,2013-03-29T15:47:48.0770000-06:00,in
37,USC00051772,Snow,1964-11-09T00:00:00.0000000-07:00,0.000000,,,0,,NOAA,2013-03-29T15:47:48.0770000-06:00,in
37,USC00051772,Snow,1964-11-10T00:00:00.0000000-07:00,0.000000,T,,0,,NOAA,2013-03-29T15:47:48.0770000-06:00,in
37,USC00051772,Snow,1964-11-11T00:00:00.0000000-07:00,0.984252,,,0,,NOAA,2013-03-29T15:47:48.0770000-06:00,in
37,USC00051772,Snow,1964-11-12T00:00:00.0000000-07:00,0.000000,,,0,,NOAA,2013-03-29T15:47:48.0770000-06:00,in
37,USC00051772,Snow,1964-11-13T00:00:00.0000000-07:00,0.000000,,,0,,NOAA,2013-03-29T15:47:48.0770000-06:00,in
37,USC00051772,Snow,1964-11-14T00:00:00.0000000-07:00,0.000000,,,0,,NOAA,2013-03-29T15:47:48.0770000-06:00,in
37,USC00051772,Snow,1964-11-15T00:00:00.0000000-07:00,2.007874,,,0,,NOAA,2013-03-29T15:47:48.0770000-06:00,in
37,USC00051772,Snow,1964-11-16T00:00:00.0000000-07:00,7.007874,,,0,,NOAA,2013-03-29T15:47:48.0770000-06:00,in
37,USC00051772,Snow,1964-11-17T00:00:00.0000000-07:00,2.007874,,,0,,NOAA,2013-03-29T15:47:48.0770000-06:00,in
37,USC00051772,Snow,1964-11-18T00:00:00.0000000-07:00,0.984252,,,0,,NOAA,2013-03-29T15:47:48.0770000-06:00,in
37,USC00051772,Snow,1964-11-19T00:00:00.0000000-07:00,0.000000,,,0,,NOAA,2013-03-29T15:47:48.0770000-06:00,in
37,USC00051772,Snow,1964-11-20T00:00:00.0000000-07:00,0.000000,,,0,,NOAA,2013-03-29T15:47:48.0770000-06:00,in
37,USC00051772,Snow,1964-11-21T00:00:00.0000000-07:00,0.000000,,,0,,NOAA,2013-03-29T15:47:48.0770000-06:00,in
37,USC00051772,Snow,1964-11-22T00:00:00.0000000-07:00,0.000000,,,0,,NOAA,2013-03-29T15:47:48.0770000-06:00,in
37,USC00051772,Snow,1964-11-23T00:00:00.0000000-07:00,0.000000,,,0,,NOAA,2013-03-29T15:47:48.0770000-06:00,in
37,USC00051772,Snow,1964-11-24T00:00:00.0000000-07:00,0.000000,,,0,,NOAA,2013-03-29T15:47:48.0770000-06:00,in
37,USC00051772,Snow,1964-11-25T00:00:00.0000000-07:00,4.488189,,,0,,NOAA,2013-03-29T15:47:48.0770000-06:00,in
37,USC00051772,Snow,1964-11-26T00:00:00.0000000-07:00,0.000000,,,0,,NOAA,2013-03-29T15:47:48.0770000-06:00,in
37,USC00051772,Snow,1964-11-27T00:00:00.0000000-07:00,0.000000,,,0,,NOAA,2013-03-29T15:47:48.0770000-06:00,in
37,USC00051772,Snow,1964-11-28T00:00:00.0000000-07:00,0.000000,,,0,,NOAA,2013-03-29T15:47:48.0770000-06:00,in
37,USC00051772,Snow,1964-11-29T00:00:00.0000000-07:00,0.000000,,,0,,NOAA,2013-03-29T15:47:48.0770000-06:00,in
37,USC00051772,Snow,1964-11-30T00:00:00.0000000-07:00,0.000000,,,0,,NOAA,2013-03-29T15:47:48.0770000-06:00,in
37,USC00051772,Snow,1964-12-01T00:00:00.0000000-07:00,0.000000,T,,0,,NOAA,2013-03-29T15:47:48.0770000-06:00,in
37,USC00051772,Snow,1964-12-02T00:00:00.0000000-07:00,0.000000,,,0,,NOAA,2013-03-29T15:47:48.0770000-06:00,in
37,USC00051772,Snow,1964-12-03T00:00:00.0000000-07:00,0.000000,,,0,,NOAA,2013-03-29T15:47:48.0770000-06:00,in
37,USC00051772,Snow,1964-12-04T00:00:00.0000000-07:00,0.000000,,,0,,NOAA,2013-03-29T15:47:48.0770000-06:00,in
37,USC00051772,Snow,1964-12-05T00:00:00.0000000-07:00,0.000000,,,0,,NOAA,2013-03-29T15:47:48.0770000-06:00,in
37,USC00051772,Snow,1964-12-06T00:00:00.0000000-07:00,0.000000,,,0,,NOAA,2013-03-29T15:47:48.0770000-06:00,in
37,USC00051772,Snow,1964-12-07T00:00:00.0000000-07:00,0.000000,,,0,,NOAA,2013-03-29T15:47:48.0770000-06:00,in
37,USC00051772,Snow,1964-12-08T00:00:00.0000000-07:00,0.000000,,,0,,NOAA,2013-03-29T15:47:48.0770000-06:00,in
37,USC00051772,Snow,1964-12-09T00:00:00.0000000-07:00,2.007874,,,0,,NOAA,2013-03-29T15:47:48.0770000-06:00,in
37,USC00051772,Snow,1964-12-10T00:00:00.0000000-07:00,1.496063,,,0,,NOAA,2013-03-29T15:47:48.0770000-06:00,in
37,USC00051772,Snow,1964-12-11T00:00:00.0000000-07:00,0.000000,,,0,,NOAA,2013-03-29T15:47:48.0770000-06:00,in
37,USC00051772,Snow,1964-12-12T00:00:00.0000000-07:00,0.000000,,,0,,NOAA,2013-03-29T15:47:48.0770000-06:00,in
37,USC00051772,Snow,1964-12-13T00:00:00.0000000-07:00,0.000000,,,0,,NOAA,2013-03-29T15:47:48.0770000-06:00,in
37,USC00051772,Snow,1964-12-14T00:00:00.0000000-07:00,0.000000,,,0,,NOAA,2013-03-29T15:47:48.0770000-06:00,in
37,USC00051772,Snow,1964-12-15T00:00:00.0000000-07:00,0.000000,,,0,,NOAA,2013-03-29T15:47:48.0770000-06:00,in
37,USC00051772,Snow,1964-12-16T00:00:00.0000000-07:00,0.000000,,,0,,NOAA,2013-03-29T15:47:48.0770000-06:00,in
37,USC00051772,Snow,1964-12-17T00:00:00.0000000-07:00,0.000000,,,0,,NOAA,2013-03-29T15:47:48.0770000-06:00,in
37,USC00051772,Snow,1964-12-18T00:00:00.0000000-07:00,2.007874,,,0,,NOAA,2013-03-29T15:47:48.0770000-06:00,in
37,USC00051772,Snow,1964-12-19T00:00:00.0000000-07:00,2.007874,,,0,,NOAA,2013-03-29T15:47:48.0770000-06:00,in
37,USC00051772,Snow,1964-12-20T00:00:00.0000000-07:00,0.000000,,,0,,NOAA,2013-03-29T15:47:48.0770000-06:00,in
37,USC00051772,Snow,1964-12-21T00:00:00.0000000-07:00,0.000000,,,0,,NOAA,2013-03-29T15:47:48.0770000-06:00,in
37,USC00051772,Snow,1964-12-22T00:00:00.0000000-07:00,0.000000,,,0,,NOAA,2013-03-29T15:47:48.0770000-06:00,in
37,USC00051772,Snow,1964-12-23T00:00:00.0000000-07:00,0.000000,,,0,,NOAA,2013-03-29T15:47:48.0770000-06:00,in
37,USC00051772,Snow,1964-12-24T00:00:00.0000000-07:00,0.000000,,,0,,NOAA,2013-03-29T15:47:48.0770000-06:00,in
37,USC00051772,Snow,1964-12-25T00:00:00.0000000-07:00,0.000000,,,0,,NOAA,2013-03-29T15:47:48.0770000-06:00,in
37,USC00051772,Snow,1964-12-26T00:00:00.0000000-07:00,0.000000,,,0,,NOAA,2013-03-29T15:47:48.0770000-06:00,in
37,USC00051772,Snow,1964-12-27T00:00:00.0000000-07:00,0.000000,,,0,,NOAA,2013-03-29T15:47:48.0770000-06:00,in
37,USC00051772,Snow,1964-12-28T00:00:00.0000000-07:00,0.000000,,,0,,NOAA,2013-03-29T15:47:48.0770000-06:00,in
37,USC00051772,Snow,1964-12-29T00:00:00.0000000-07:00,0.000000,,,0,,NOAA,2013-03-29T15:47:48.0770000-06:00,in
37,USC00051772,Snow,1964-12-30T00:00:00.0000000-07:00,0.000000,,,0,,NOAA,2013-03-29T15:47:48.0770000-06:00,in
37,USC00051772,Snow,1964-12-31T00:00:00.0000000-07:00,0.000000,T,,0,,NOAA,2013-03-29T15:47:48.0770000-06:00,in
37,USC00051772,Snow,1965-01-01T00:00:00.0000000-07:00,4.015748,,,0,,NOAA,2013-03-29T15:47:48.0770000-06:00,in
37,USC00051772,Snow,1965-01-02T00:00:00.0000000-07:00,0.000000,,,0,,NOAA,2013-03-29T15:47:48.0770000-06:00,in
37,USC00051772,Snow,1965-01-03T00:00:00.0000000-07:00,0.000000,,,0,,NOAA,2013-03-29T15:47:48.0770000-06:00,in
37,USC00051772,Snow,1965-01-04T00:00:00.0000000-07:00,0.000000,,,0,,NOAA,2013-03-29T15:47:48.0770000-06:00,in
37,USC00051772,Snow,1965-01-05T00:00:00.0000000-07:00,0.000000,,,0,,NOAA,2013-03-29T15:47:48.0770000-06:00,in
37,USC00051772,Snow,1965-01-06T00:00:00.0000000-07:00,0.000000,,,0,,NOAA,2013-03-29T15:47:48.0770000-06:00,in
37,USC00051772,Snow,1965-01-07T00:00:00.0000000-07:00,0.984252,,,0,,NOAA,2013-03-29T15:47:48.0770000-06:00,in
37,USC00051772,Snow,1965-01-08T00:00:00.0000000-07:00,0.000000,,,0,,NOAA,2013-03-29T15:47:48.0770000-06:00,in
37,USC00051772,Snow,1965-01-09T00:00:00.0000000-07:00,0.000000,,,0,,NOAA,2013-03-29T15:47:48.0770000-06:00,in
37,USC00051772,Snow,1965-01-10T00:00:00.0000000-07:00,0.000000,,,0,,NOAA,2013-03-29T15:47:48.0770000-06:00,in
37,USC00051772,Snow,1965-01-11T00:00:00.0000000-07:00,0.000000,,,0,,NOAA,2013-03-29T15:47:48.0770000-06:00,in
37,USC00051772,Snow,1965-01-12T00:00:00.0000000-07:00,0.000000,,,0,,NOAA,2013-03-29T15:47:48.0770000-06:00,in
37,USC00051772,Snow,1965-01-13T00:00:00.0000000-07:00,0.000000,,,0,,NOAA,2013-03-29T15:47:48.0770000-06:00,in
37,USC00051772,Snow,1965-01-14T00:00:00.0000000-07:00,0.000000,,,0,,NOAA,2013-03-29T15:47:48.0770000-06:00,in
37,USC00051772,Snow,1965-01-15T00:00:00.0000000-07:00,0.000000,,,0,,NOAA,2013-03-29T15:47:48.0770000-06:00,in
37,USC00051772,Snow,1965-01-16T00:00:00.0000000-07:00,0.000000,,,0,,NOAA,2013-03-29T15:47:48.0770000-06:00,in
37,USC00051772,Snow,1965-01-17T00:00:00.0000000-07:00,0.000000,,,0,,NOAA,2013-03-29T15:47:48.0770000-06:00,in
37,USC00051772,Snow,1965-01-18T00:00:00.0000000-07:00,0.000000,,,0,,NOAA,2013-03-29T15:47:48.0770000-06:00,in
37,USC00051772,Snow,1965-01-19T00:00:00.0000000-07:00,0.000000,,,0,,NOAA,2013-03-29T15:47:48.0770000-06:00,in
37,USC00051772,Snow,1965-01-20T00:00:00.0000000-07:00,0.000000,,,0,,NOAA,2013-03-29T15:47:48.0770000-06:00,in
37,USC00051772,Snow,1965-01-21T00:00:00.0000000-07:00,0.000000,T,,0,,NOAA,2013-03-29T15:47:48.0770000-06:00,in
37,USC00051772,Snow,1965-01-22T00:00:00.0000000-07:00,0.000000,,,0,,NOAA,2013-03-29T15:47:48.0770000-06:00,in
37,USC00051772,Snow,1965-01-23T00:00:00.0000000-07:00,0.000000,,,0,,NOAA,2013-03-29T15:47:48.0770000-06:00,in
37,USC00051772,Snow,1965-01-24T00:00:00.0000000-07:00,0.000000,,,0,,NOAA,2013-03-29T15:47:48.0770000-06:00,in
37,USC00051772,Snow,1965-01-25T00:00:00.0000000-07:00,5.511811,,,0,,NOAA,2013-03-29T15:47:48.0770000-06:00,in
37,USC00051772,Snow,1965-01-26T00:00:00.0000000-07:00,0.000000,,,0,,NOAA,2013-03-29T15:47:48.0770000-06:00,in
37,USC00051772,Snow,1965-01-27T00:00:00.0000000-07:00,0.000000,,,0,,NOAA,2013-03-29T15:47:48.0770000-06:00,in
37,USC00051772,Snow,1965-01-28T00:00:00.0000000-07:00,0.000000,,,0,,NOAA,2013-03-29T15:47:48.0770000-06:00,in
37,USC00051772,Snow,1965-01-29T00:00:00.0000000-07:00,0.000000,,,0,,NOAA,2013-03-29T15:47:48.0770000-06:00,in
37,USC00051772,Snow,1965-01-30T00:00:00.0000000-07:00,0.000000,,,0,,NOAA,2013-03-29T15:47:48.0770000-06:00,in
37,USC00051772,Snow,1965-01-31T00:00:00.0000000-07:00,0.000000,,,0,,NOAA,2013-03-29T15:47:48.0770000-06:00,in
37,USC00051772,Snow,1965-02-01T00:00:00.0000000-07:00,0.000000,,,0,,NOAA,2013-03-29T15:47:48.0770000-06:00,in
37,USC00051772,Snow,1965-02-02T00:00:00.0000000-07:00,0.000000,,,0,,NOAA,2013-03-29T15:47:48.0770000-06:00,in
37,USC00051772,Snow,1965-02-03T00:00:00.0000000-07:00,0.000000,,,0,,NOAA,2013-03-29T15:47:48.0770000-06:00,in
37,USC00051772,Snow,1965-02-04T00:00:00.0000000-07:00,0.000000,,,0,,NOAA,2013-03-29T15:47:48.0770000-06:00,in
37,USC00051772,Snow,1965-02-05T00:00:00.0000000-07:00,0.000000,,,0,,NOAA,2013-03-29T15:47:48.0770000-06:00,in
37,USC00051772,Snow,1965-02-06T00:00:00.0000000-07:00,0.000000,,,0,,NOAA,2013-03-29T15:47:48.0770000-06:00,in
37,USC00051772,Snow,1965-02-07T00:00:00.0000000-07:00,0.511811,,,0,,NOAA,2013-03-29T15:47:48.0770000-06:00,in
37,USC00051772,Snow,1965-02-08T00:00:00.0000000-07:00,0.000000,,,0,,NOAA,2013-03-29T15:47:48.0770000-06:00,in
37,USC00051772,Snow,1965-02-09T00:00:00.0000000-07:00,1.496063,,,0,,NOAA,2013-03-29T15:47:48.0770000-06:00,in
37,USC00051772,Snow,1965-02-10T00:00:00.0000000-07:00,6.496063,,,0,,NOAA,2013-03-29T15:47:48.0770000-06:00,in
37,USC00051772,Snow,1965-02-11T00:00:00.0000000-07:00,0.000000,,,0,,NOAA,2013-03-29T15:47:48.0770000-06:00,in
37,USC00051772,Snow,1965-02-12T00:00:00.0000000-07:00,0.000000,,,0,,NOAA,2013-03-29T15:47:48.0770000-06:00,in
37,USC00051772,Snow,1965-02-13T00:00:00.0000000-07:00,0.000000,,,0,,NOAA,2013-03-29T15:47:48.0770000-06:00,in
37,USC00051772,Snow,1965-02-14T00:00:00.0000000-07:00,0.984252,,,0,,NOAA,2013-03-29T15:47:48.0770000-06:00,in
37,USC00051772,Snow,1965-02-15T00:00:00.0000000-07:00,2.007874,,,0,,NOAA,2013-03-29T15:47:48.0770000-06:00,in
37,USC00051772,Snow,1965-02-16T00:00:00.0000000-07:00,0.000000,,,0,,NOAA,2013-03-29T15:47:48.0770000-06:00,in
37,USC00051772,Snow,1965-02-17T00:00:00.0000000-07:00,0.000000,,,0,,NOAA,2013-03-29T15:47:48.0770000-06:00,in
37,USC00051772,Snow,1965-02-18T00:00:00.0000000-07:00,0.000000,,,0,,NOAA,2013-03-29T15:47:48.0770000-06:00,in
37,USC00051772,Snow,1965-02-19T00:00:00.0000000-07:00,0.000000,,,0,,NOAA,2013-03-29T15:47:48.0770000-06:00,in
37,USC00051772,Snow,1965-02-20T00:00:00.0000000-07:00,0.000000,,,0,,NOAA,2013-03-29T15:47:48.0770000-06:00,in
37,USC00051772,Snow,1965-02-21T00:00:00.0000000-07:00,0.000000,,,0,,NOAA,2013-03-29T15:47:48.0770000-06:00,in
37,USC00051772,Snow,1965-02-22T00:00:00.0000000-07:00,0.000000,T,,0,,NOAA,2013-03-29T15:47:48.0770000-06:00,in
37,USC00051772,Snow,1965-02-23T00:00:00.0000000-07:00,0.000000,T,,0,,NOAA,2013-03-29T15:47:48.0770000-06:00,in
37,USC00051772,Snow,1965-02-24T00:00:00.0000000-07:00,0.000000,,,0,,NOAA,2013-03-29T15:47:48.0770000-06:00,in
37,USC00051772,Snow,1965-02-25T00:00:00.0000000-07:00,0.000000,,,0,,NOAA,2013-03-29T15:47:48.0770000-06:00,in
37,USC00051772,Snow,1965-02-26T00:00:00.0000000-07:00,0.000000,,,0,,NOAA,2013-03-29T15:47:48.0770000-06:00,in
37,USC00051772,Snow,1965-02-27T00:00:00.0000000-07:00,0.000000,T,,0,,NOAA,2013-03-29T15:47:48.0770000-06:00,in
37,USC00051772,Snow,1965-02-28T00:00:00.0000000-07:00,0.000000,T,,0,,NOAA,2013-03-29T15:47:48.0770000-06:00,in
37,USC00051772,Snow,1965-03-01T00:00:00.0000000-07:00,0.000000,,,0,,NOAA,2013-03-29T15:47:48.0770000-06:00,in
37,USC00051772,Snow,1965-03-02T00:00:00.0000000-07:00,0.000000,,,0,,NOAA,2013-03-29T15:47:48.0770000-06:00,in
37,USC00051772,Snow,1965-03-03T00:00:00.0000000-07:00,0.000000,,,0,,NOAA,2013-03-29T15:47:48.0770000-06:00,in
37,USC00051772,Snow,1965-03-04T00:00:00.0000000-07:00,0.000000,,,0,,NOAA,2013-03-29T15:47:48.0770000-06:00,in
37,USC00051772,Snow,1965-03-05T00:00:00.0000000-07:00,0.000000,,,0,,NOAA,2013-03-29T15:47:48.0770000-06:00,in
37,USC00051772,Snow,1965-03-06T00:00:00.0000000-07:00,0.000000,,,0,,NOAA,2013-03-29T15:47:48.0770000-06:00,in
37,USC00051772,Snow,1965-03-07T00:00:00.0000000-07:00,0.000000,,,0,,NOAA,2013-03-29T15:47:48.0770000-06:00,in
37,USC00051772,Snow,1965-03-08T00:00:00.0000000-07:00,0.000000,,,0,,NOAA,2013-03-29T15:47:48.0770000-06:00,in
37,USC00051772,Snow,1965-03-09T00:00:00.0000000-07:00,0.000000,,,0,,NOAA,2013-03-29T15:47:48.0770000-06:00,in
37,USC00051772,Snow,1965-03-10T00:00:00.0000000-07:00,0.314961,,,0,,NOAA,2013-03-29T15:47:48.0770000-06:00,in
37,USC00051772,Snow,1965-03-11T00:00:00.0000000-07:00,0.000000,,,0,,NOAA,2013-03-29T15:47:48.0770000-06:00,in
37,USC00051772,Snow,1965-03-12T00:00:00.0000000-07:00,2.992126,,,0,,NOAA,2013-03-29T15:47:48.0770000-06:00,in
37,USC00051772,Snow,1965-03-13T00:00:00.0000000-07:00,0.000000,T,,0,,NOAA,2013-03-29T15:47:48.0770000-06:00,in
37,USC00051772,Snow,1965-03-14T00:00:00.0000000-07:00,0.000000,T,,0,,NOAA,2013-03-29T15:47:48.0770000-06:00,in
37,USC00051772,Snow,1965-03-15T00:00:00.0000000-07:00,0.000000,,,0,,NOAA,2013-03-29T15:47:48.0770000-06:00,in
37,USC00051772,Snow,1965-03-16T00:00:00.0000000-07:00,0.000000,,,0,,NOAA,2013-03-29T15:47:48.0770000-06:00,in
37,USC00051772,Snow,1965-03-17T00:00:00.0000000-07:00,0.000000,,,0,,NOAA,2013-03-29T15:47:48.0770000-06:00,in
37,USC00051772,Snow,1965-03-18T00:00:00.0000000-07:00,0.000000,,,0,,NOAA,2013-03-29T15:47:48.0770000-06:00,in
37,USC00051772,Snow,1965-03-19T00:00:00.0000000-07:00,0.000000,,,0,,NOAA,2013-03-29T15:47:48.0770000-06:00,in
37,USC00051772,Snow,1965-03-20T00:00:00.0000000-07:00,0.000000,,,0,,NOAA,2013-03-29T15:47:48.0770000-06:00,in
37,USC00051772,Snow,1965-03-21T00:00:00.0000000-07:00,0.000000,,,0,,NOAA,2013-03-29T15:47:48.0770000-06:00,in
37,USC00051772,Snow,1965-03-22T00:00:00.0000000-07:00,0.000000,,,0,,NOAA,2013-03-29T15:47:48.0770000-06:00,in
37,USC00051772,Snow,1965-03-23T00:00:00.0000000-07:00,0.000000,,,0,,NOAA,2013-03-29T15:47:48.0770000-06:00,in
37,USC00051772,Snow,1965-03-24T00:00:00.0000000-07:00,4.015748,,,0,,NOAA,2013-03-29T15:47:48.0770000-06:00,in
37,USC00051772,Snow,1965-03-25T00:00:00.0000000-07:00,0.000000,,,0,,NOAA,2013-03-29T15:47:48.0770000-06:00,in
37,USC00051772,Snow,1965-03-26T00:00:00.0000000-07:00,0.000000,,,0,,NOAA,2013-03-29T15:47:48.0770000-06:00,in
37,USC00051772,Snow,1965-03-27T00:00:00.0000000-07:00,0.000000,,,0,,NOAA,2013-03-29T15:47:48.0770000-06:00,in
37,USC00051772,Snow,1965-03-28T00:00:00.0000000-07:00,0.000000,,,0,,NOAA,2013-03-29T15:47:48.0770000-06:00,in
37,USC00051772,Snow,1965-03-29T00:00:00.0000000-07:00,0.000000,,,0,,NOAA,2013-03-29T15:47:48.0770000-06:00,in
37,USC00051772,Snow,1965-03-30T00:00:00.0000000-07:00,0.000000,,,0,,NOAA,2013-03-29T15:47:48.0770000-06:00,in
37,USC00051772,Snow,1965-03-31T00:00:00.0000000-07:00,0.000000,,,0,,NOAA,2013-03-29T15:47:48.0770000-06:00,in
37,USC00051772,Snow,1965-04-01T00:00:00.0000000-07:00,0.000000,,,0,,NOAA,2013-03-29T15:47:48.0770000-06:00,in
37,USC00051772,Snow,1965-04-02T00:00:00.0000000-07:00,0.000000,,,0,,NOAA,2013-03-29T15:47:48.0770000-06:00,in
37,USC00051772,Snow,1965-04-03T00:00:00.0000000-07:00,0.000000,T,,0,,NOAA,2013-03-29T15:47:48.0770000-06:00,in
37,USC00051772,Snow,1965-04-04T00:00:00.0000000-07:00,0.000000,,,0,,NOAA,2013-03-29T15:47:48.0770000-06:00,in
37,USC00051772,Snow,1965-04-05T00:00:00.0000000-06:00,0.000000,T,,0,,NOAA,2013-03-29T15:47:48.0770000-06:00,in
37,USC00051772,Snow,1965-04-06T00:00:00.0000000-06:00,0.000000,,,0,,NOAA,2013-03-29T15:47:48.0770000-06:00,in
37,USC00051772,Snow,1965-04-07T00:00:00.0000000-06:00,0.000000,,,0,,NOAA,2013-03-29T15:47:48.0770000-06:00,in
37,USC00051772,Snow,1965-04-08T00:00:00.0000000-06:00,0.000000,,,0,,NOAA,2013-03-29T15:47:48.0770000-06:00,in
37,USC00051772,Snow,1965-04-09T00:00:00.0000000-06:00,0.000000,,,0,,NOAA,2013-03-29T15:47:48.0770000-06:00,in
37,USC00051772,Snow,1965-04-10T00:00:00.0000000-06:00,0.000000,T,,0,,NOAA,2013-03-29T15:47:48.0770000-06:00,in
37,USC00051772,Snow,1965-04-11T00:00:00.0000000-06:00,0.000000,T,,0,,NOAA,2013-03-29T15:47:48.0770000-06:00,in
37,USC00051772,Snow,1965-04-12T00:00:00.0000000-06:00,0.000000,,,0,,NOAA,2013-03-29T15:47:48.0770000-06:00,in
37,USC00051772,Snow,1965-04-13T00:00:00.0000000-06:00,0.000000,,,0,,NOAA,2013-03-29T15:47:48.0770000-06:00,in
37,USC00051772,Snow,1965-04-14T00:00:00.0000000-06:00,0.000000,,,0,,NOAA,2013-03-29T15:47:48.0770000-06:00,in
37,USC00051772,Snow,1965-04-15T00:00:00.0000000-06:00,0.000000,,,0,,NOAA,2013-03-29T15:47:48.0770000-06:00,in
37,USC00051772,Snow,1965-04-16T00:00:00.0000000-06:00,0.000000,,,0,,NOAA,2013-03-29T15:47:48.0770000-06:00,in
37,USC00051772,Snow,1965-04-17T00:00:00.0000000-06:00,0.000000,,,0,,NOAA,2013-03-29T15:47:48.0770000-06:00,in
37,USC00051772,Snow,1965-04-18T00:00:00.0000000-06:00,0.000000,,,0,,NOAA,2013-03-29T15:47:48.0770000-06:00,in
37,USC00051772,Snow,1965-04-19T00:00:00.0000000-06:00,0.000000,,,0,,NOAA,2013-03-29T15:47:48.0770000-06:00,in
37,USC00051772,Snow,1965-04-20T00:00:00.0000000-06:00,0.000000,,,0,,NOAA,2013-03-29T15:47:48.0770000-06:00,in
37,USC00051772,Snow,1965-04-21T00:00:00.0000000-06:00,0.000000,,,0,,NOAA,2013-03-29T15:47:48.0770000-06:00,in
37,USC00051772,Snow,1965-04-22T00:00:00.0000000-06:00,0.000000,,,0,,NOAA,2013-03-29T15:47:48.0770000-06:00,in
37,USC00051772,Snow,1965-04-23T00:00:00.0000000-06:00,0.000000,,,0,,NOAA,2013-03-29T15:47:48.0770000-06:00,in
37,USC00051772,Snow,1965-04-24T00:00:00.0000000-06:00,0.000000,,,0,,NOAA,2013-03-29T15:47:48.0770000-06:00,in
37,USC00051772,Snow,1965-04-25T00:00:00.0000000-06:00,0.000000,,,0,,NOAA,2013-03-29T15:47:48.0770000-06:00,in
37,USC00051772,Snow,1965-04-26T00:00:00.0000000-06:00,0.000000,,,0,,NOAA,2013-03-29T15:47:48.0770000-06:00,in
37,USC00051772,Snow,1965-04-27T00:00:00.0000000-06:00,0.000000,,,0,,NOAA,2013-03-29T15:47:48.0770000-06:00,in
37,USC00051772,Snow,1965-04-28T00:00:00.0000000-06:00,0.000000,,,0,,NOAA,2013-03-29T15:47:48.0770000-06:00,in
37,USC00051772,Snow,1965-04-29T00:00:00.0000000-06:00,0.000000,,,0,,NOAA,2013-03-29T15:47:48.0770000-06:00,in
37,USC00051772,Snow,1965-04-30T00:00:00.0000000-06:00,0.000000,,,0,,NOAA,2013-03-29T15:47:48.0770000-06:00,in
37,USC00051772,Snow,1965-05-01T00:00:00.0000000-06:00,0.000000,,,0,,NOAA,2013-03-29T15:47:48.0770000-06:00,in
37,USC00051772,Snow,1965-05-02T00:00:00.0000000-06:00,0.000000,,,0,,NOAA,2013-03-29T15:47:48.0770000-06:00,in
37,USC00051772,Snow,1965-05-03T00:00:00.0000000-06:00,0.000000,,,0,,NOAA,2013-03-29T15:47:48.0770000-06:00,in
37,USC00051772,Snow,1965-05-04T00:00:00.0000000-06:00,0.000000,,,0,,NOAA,2013-03-29T15:47:48.0770000-06:00,in
37,USC00051772,Snow,1965-05-05T00:00:00.0000000-06:00,0.000000,,,0,,NOAA,2013-03-29T15:47:48.0770000-06:00,in
37,USC00051772,Snow,1965-05-06T00:00:00.0000000-06:00,0.000000,,,0,,NOAA,2013-03-29T15:47:48.0770000-06:00,in
37,USC00051772,Snow,1965-05-07T00:00:00.0000000-06:00,0.000000,,,0,,NOAA,2013-03-29T15:47:48.0770000-06:00,in
37,USC00051772,Snow,1965-05-08T00:00:00.0000000-06:00,0.000000,,,0,,NOAA,2013-03-29T15:47:48.0770000-06:00,in
37,USC00051772,Snow,1965-05-09T00:00:00.0000000-06:00,0.000000,,,0,,NOAA,2013-03-29T15:47:48.0770000-06:00,in
37,USC00051772,Snow,1965-05-10T00:00:00.0000000-06:00,0.000000,,,0,,NOAA,2013-03-29T15:47:48.0770000-06:00,in
37,USC00051772,Snow,1965-05-11T00:00:00.0000000-06:00,0.000000,,,0,,NOAA,2013-03-29T15:47:48.0770000-06:00,in
37,USC00051772,Snow,1965-05-12T00:00:00.0000000-06:00,0.000000,,,0,,NOAA,2013-03-29T15:47:48.0770000-06:00,in
37,USC00051772,Snow,1965-05-13T00:00:00.0000000-06:00,0.000000,,,0,,NOAA,2013-03-29T15:47:48.0770000-06:00,in
37,USC00051772,Snow,1965-05-14T00:00:00.0000000-06:00,0.000000,,,0,,NOAA,2013-03-29T15:47:48.0770000-06:00,in
37,USC00051772,Snow,1965-05-15T00:00:00.0000000-06:00,0.000000,,,0,,NOAA,2013-03-29T15:47:48.0770000-06:00,in
37,USC00051772,Snow,1965-05-16T00:00:00.0000000-06:00,0.000000,,,0,,NOAA,2013-03-29T15:47:48.0770000-06:00,in
37,USC00051772,Snow,1965-05-17T00:00:00.0000000-06:00,0.000000,,,0,,NOAA,2013-03-29T15:47:48.0770000-06:00,in
37,USC00051772,Snow,1965-05-18T00:00:00.0000000-06:00,0.000000,,,0,,NOAA,2013-03-29T15:47:48.0770000-06:00,in
37,USC00051772,Snow,1965-05-19T00:00:00.0000000-06:00,0.000000,,,0,,NOAA,2013-03-29T15:47:48.0770000-06:00,in
37,USC00051772,Snow,1965-05-20T00:00:00.0000000-06:00,0.000000,,,0,,NOAA,2013-03-29T15:47:48.0770000-06:00,in
37,USC00051772,Snow,1965-05-21T00:00:00.0000000-06:00,0.000000,,,0,,NOAA,2013-03-29T15:47:48.0770000-06:00,in
37,USC00051772,Snow,1965-05-22T00:00:00.0000000-06:00,0.000000,,,0,,NOAA,2013-03-29T15:47:48.0770000-06:00,in
37,USC00051772,Snow,1965-05-23T00:00:00.0000000-06:00,0.000000,,,0,,NOAA,2013-03-29T15:47:48.0770000-06:00,in
37,USC00051772,Snow,1965-05-24T00:00:00.0000000-06:00,0.000000,,,0,,NOAA,2013-03-29T15:47:48.0770000-06:00,in
37,USC00051772,Snow,1965-05-25T00:00:00.0000000-06:00,0.000000,,,0,,NOAA,2013-03-29T15:47:48.0770000-06:00,in
37,USC00051772,Snow,1965-05-26T00:00:00.0000000-06:00,0.000000,,,0,,NOAA,2013-03-29T15:47:48.0770000-06:00,in
37,USC00051772,Snow,1965-05-27T00:00:00.0000000-06:00,0.000000,,,0,,NOAA,2013-03-29T15:47:48.0770000-06:00,in
37,USC00051772,Snow,1965-05-28T00:00:00.0000000-06:00,0.000000,,,0,,NOAA,2013-03-29T15:47:48.0770000-06:00,in
37,USC00051772,Snow,1965-05-29T00:00:00.0000000-06:00,0.000000,,,0,,NOAA,2013-03-29T15:47:48.0770000-06:00,in
37,USC00051772,Snow,1965-05-30T00:00:00.0000000-06:00,0.000000,,,0,,NOAA,2013-03-29T15:47:48.0770000-06:00,in
37,USC00051772,Snow,1965-05-31T00:00:00.0000000-06:00,0.000000,,,0,,NOAA,2013-03-29T15:47:48.0770000-06:00,in
37,USC00051772,Snow,1965-06-01T00:00:00.0000000-06:00,0.000000,,,0,,NOAA,2013-03-29T15:47:48.0770000-06:00,in
37,USC00051772,Snow,1965-06-02T00:00:00.0000000-06:00,0.000000,,,0,,NOAA,2013-03-29T15:47:48.0770000-06:00,in
37,USC00051772,Snow,1965-06-03T00:00:00.0000000-06:00,0.000000,,,0,,NOAA,2013-03-29T15:47:48.0770000-06:00,in
37,USC00051772,Snow,1965-06-04T00:00:00.0000000-06:00,0.000000,,,0,,NOAA,2013-03-29T15:47:48.0770000-06:00,in
37,USC00051772,Snow,1965-06-05T00:00:00.0000000-06:00,0.000000,,,0,,NOAA,2013-03-29T15:47:48.0770000-06:00,in
37,USC00051772,Snow,1965-06-06T00:00:00.0000000-06:00,0.000000,,,0,,NOAA,2013-03-29T15:47:48.0770000-06:00,in
37,USC00051772,Snow,1965-06-07T00:00:00.0000000-06:00,0.000000,,,0,,NOAA,2013-03-29T15:47:48.0770000-06:00,in
37,USC00051772,Snow,1965-06-08T00:00:00.0000000-06:00,0.000000,,,0,,NOAA,2013-03-29T15:47:48.0770000-06:00,in
37,USC00051772,Snow,1965-06-09T00:00:00.0000000-06:00,0.000000,,,0,,NOAA,2013-03-29T15:47:48.0770000-06:00,in
37,USC00051772,Snow,1965-06-10T00:00:00.0000000-06:00,0.000000,,,0,,NOAA,2013-03-29T15:47:48.0770000-06:00,in
37,USC00051772,Snow,1965-06-11T00:00:00.0000000-06:00,0.000000,,,0,,NOAA,2013-03-29T15:47:48.0770000-06:00,in
37,USC00051772,Snow,1965-06-12T00:00:00.0000000-06:00,0.000000,,,0,,NOAA,2013-03-29T15:47:48.0770000-06:00,in
37,USC00051772,Snow,1965-06-13T00:00:00.0000000-06:00,0.000000,,,0,,NOAA,2013-03-29T15:47:48.0770000-06:00,in
37,USC00051772,Snow,1965-06-14T00:00:00.0000000-06:00,0.000000,,,0,,NOAA,2013-03-29T15:47:48.0770000-06:00,in
37,USC00051772,Snow,1965-06-15T00:00:00.0000000-06:00,0.000000,,,0,,NOAA,2013-03-29T15:47:48.0770000-06:00,in
37,USC00051772,Snow,1965-06-16T00:00:00.0000000-06:00,0.000000,,,0,,NOAA,2013-03-29T15:47:48.0770000-06:00,in
37,USC00051772,Snow,1965-06-17T00:00:00.0000000-06:00,0.000000,,,0,,NOAA,2013-03-29T15:47:48.0770000-06:00,in
37,USC00051772,Snow,1965-06-18T00:00:00.0000000-06:00,0.000000,,,0,,NOAA,2013-03-29T15:47:48.0770000-06:00,in
37,USC00051772,Snow,1965-06-19T00:00:00.0000000-06:00,0.000000,,,0,,NOAA,2013-03-29T15:47:48.0770000-06:00,in
37,USC00051772,Snow,1965-06-20T00:00:00.0000000-06:00,0.000000,,,0,,NOAA,2013-03-29T15:47:48.0770000-06:00,in
37,USC00051772,Snow,1965-06-21T00:00:00.0000000-06:00,0.000000,,,0,,NOAA,2013-03-29T15:47:48.0770000-06:00,in
37,USC00051772,Snow,1965-06-22T00:00:00.0000000-06:00,0.000000,,,0,,NOAA,2013-03-29T15:47:48.0770000-06:00,in
37,USC00051772,Snow,1965-06-23T00:00:00.0000000-06:00,0.000000,,,0,,NOAA,2013-03-29T15:47:48.0770000-06:00,in
37,USC00051772,Snow,1965-06-24T00:00:00.0000000-06:00,0.000000,,,0,,NOAA,2013-03-29T15:47:48.0770000-06:00,in
37,USC00051772,Snow,1965-06-25T00:00:00.0000000-06:00,0.000000,,,0,,NOAA,2013-03-29T15:47:48.0770000-06:00,in
37,USC00051772,Snow,1965-06-26T00:00:00.0000000-06:00,0.000000,,,0,,NOAA,2013-03-29T15:47:48.0770000-06:00,in
37,USC00051772,Snow,1965-06-27T00:00:00.0000000-06:00,0.000000,,,0,,NOAA,2013-03-29T15:47:48.0770000-06:00,in
37,USC00051772,Snow,1965-06-28T00:00:00.0000000-06:00,0.000000,,,0,,NOAA,2013-03-29T15:47:48.0770000-06:00,in
37,USC00051772,Snow,1965-06-29T00:00:00.0000000-06:00,0.000000,,,0,,NOAA,2013-03-29T15:47:48.0770000-06:00,in
37,USC00051772,Snow,1965-06-30T00:00:00.0000000-06:00,0.000000,,,0,,NOAA,2013-03-29T15:47:48.0770000-06:00,in
37,USC00051772,Snow,1965-07-01T00:00:00.0000000-06:00,0.000000,,,0,,NOAA,2013-03-29T15:47:48.0770000-06:00,in
37,USC00051772,Snow,1965-07-02T00:00:00.0000000-06:00,0.000000,,,0,,NOAA,2013-03-29T15:47:48.0770000-06:00,in
37,USC00051772,Snow,1965-07-03T00:00:00.0000000-06:00,0.000000,,,0,,NOAA,2013-03-29T15:47:48.0770000-06:00,in
37,USC00051772,Snow,1965-07-04T00:00:00.0000000-06:00,0.000000,,,0,,NOAA,2013-03-29T15:47:48.0770000-06:00,in
37,USC00051772,Snow,1965-07-05T00:00:00.0000000-06:00,0.000000,,,0,,NOAA,2013-03-29T15:47:48.0770000-06:00,in
37,USC00051772,Snow,1965-07-06T00:00:00.0000000-06:00,0.000000,,,0,,NOAA,2013-03-29T15:47:48.0770000-06:00,in
37,USC00051772,Snow,1965-07-07T00:00:00.0000000-06:00,0.000000,,,0,,NOAA,2013-03-29T15:47:48.0770000-06:00,in
37,USC00051772,Snow,1965-07-08T00:00:00.0000000-06:00,0.000000,,,0,,NOAA,2013-03-29T15:47:48.0770000-06:00,in
37,USC00051772,Snow,1965-07-09T00:00:00.0000000-06:00,0.000000,,,0,,NOAA,2013-03-29T15:47:48.0770000-06:00,in
37,USC00051772,Snow,1965-07-10T00:00:00.0000000-06:00,0.000000,,,0,,NOAA,2013-03-29T15:47:48.0770000-06:00,in
37,USC00051772,Snow,1965-07-11T00:00:00.0000000-06:00,0.000000,,,0,,NOAA,2013-03-29T15:47:48.0770000-06:00,in
37,USC00051772,Snow,1965-07-12T00:00:00.0000000-06:00,0.000000,,,0,,NOAA,2013-03-29T15:47:48.0770000-06:00,in
37,USC00051772,Snow,1965-07-13T00:00:00.0000000-06:00,0.000000,,,0,,NOAA,2013-03-29T15:47:48.0770000-06:00,in
37,USC00051772,Snow,1965-07-14T00:00:00.0000000-06:00,0.000000,,,0,,NOAA,2013-03-29T15:47:48.0770000-06:00,in
37,USC00051772,Snow,1965-07-15T00:00:00.0000000-06:00,0.000000,,,0,,NOAA,2013-03-29T15:47:48.0770000-06:00,in
37,USC00051772,Snow,1965-07-16T00:00:00.0000000-06:00,0.000000,,,0,,NOAA,2013-03-29T15:47:48.0770000-06:00,in
37,USC00051772,Snow,1965-07-17T00:00:00.0000000-06:00,0.000000,,,0,,NOAA,2013-03-29T15:47:48.0770000-06:00,in
37,USC00051772,Snow,1965-07-18T00:00:00.0000000-06:00,0.000000,,,0,,NOAA,2013-03-29T15:47:48.0770000-06:00,in
37,USC00051772,Snow,1965-07-19T00:00:00.0000000-06:00,0.000000,,,0,,NOAA,2013-03-29T15:47:48.0770000-06:00,in
37,USC00051772,Snow,1965-07-20T00:00:00.0000000-06:00,0.000000,,,0,,NOAA,2013-03-29T15:47:48.0770000-06:00,in
37,USC00051772,Snow,1965-07-21T00:00:00.0000000-06:00,0.000000,,,0,,NOAA,2013-03-29T15:47:48.0770000-06:00,in
37,USC00051772,Snow,1965-07-22T00:00:00.0000000-06:00,0.000000,,,0,,NOAA,2013-03-29T15:47:48.0770000-06:00,in
37,USC00051772,Snow,1965-07-23T00:00:00.0000000-06:00,0.000000,,,0,,NOAA,2013-03-29T15:47:48.0770000-06:00,in
37,USC00051772,Snow,1965-07-24T00:00:00.0000000-06:00,0.000000,,,0,,NOAA,2013-03-29T15:47:48.0770000-06:00,in
37,USC00051772,Snow,1965-07-25T00:00:00.0000000-06:00,0.000000,,,0,,NOAA,2013-03-29T15:47:48.0770000-06:00,in
37,USC00051772,Snow,1965-07-26T00:00:00.0000000-06:00,0.000000,,,0,,NOAA,2013-03-29T15:47:48.0770000-06:00,in
37,USC00051772,Snow,1965-07-27T00:00:00.0000000-06:00,0.000000,,,0,,NOAA,2013-03-29T15:47:48.0770000-06:00,in
37,USC00051772,Snow,1965-07-28T00:00:00.0000000-06:00,0.000000,,,0,,NOAA,2013-03-29T15:47:48.0770000-06:00,in
37,USC00051772,Snow,1965-07-29T00:00:00.0000000-06:00,0.000000,,,0,,NOAA,2013-03-29T15:47:48.0770000-06:00,in
37,USC00051772,Snow,1965-07-30T00:00:00.0000000-06:00,0.000000,,,0,,NOAA,2013-03-29T15:47:48.0770000-06:00,in
37,USC00051772,Snow,1965-07-31T00:00:00.0000000-06:00,0.000000,,,0,,NOAA,2013-03-29T15:47:48.0770000-06:00,in
37,USC00051772,Snow,1965-08-01T00:00:00.0000000-06:00,0.000000,,,0,,NOAA,2013-03-29T15:47:48.0770000-06:00,in
37,USC00051772,Snow,1965-08-02T00:00:00.0000000-06:00,0.000000,,,0,,NOAA,2013-03-29T15:47:48.0770000-06:00,in
37,USC00051772,Snow,1965-08-03T00:00:00.0000000-06:00,0.000000,,,0,,NOAA,2013-03-29T15:47:48.0770000-06:00,in
37,USC00051772,Snow,1965-08-04T00:00:00.0000000-06:00,0.000000,,,0,,NOAA,2013-03-29T15:47:48.0770000-06:00,in
37,USC00051772,Snow,1965-08-05T00:00:00.0000000-06:00,0.000000,,,0,,NOAA,2013-03-29T15:47:48.0770000-06:00,in
37,USC00051772,Snow,1965-08-06T00:00:00.0000000-06:00,0.000000,,,0,,NOAA,2013-03-29T15:47:48.0770000-06:00,in
37,USC00051772,Snow,1965-08-07T00:00:00.0000000-06:00,0.000000,,,0,,NOAA,2013-03-29T15:47:48.0770000-06:00,in
37,USC00051772,Snow,1965-08-08T00:00:00.0000000-06:00,0.000000,,,0,,NOAA,2013-03-29T15:47:48.0770000-06:00,in
37,USC00051772,Snow,1965-08-09T00:00:00.0000000-06:00,0.000000,,,0,,NOAA,2013-03-29T15:47:48.0770000-06:00,in
37,USC00051772,Snow,1965-08-10T00:00:00.0000000-06:00,0.000000,,,0,,NOAA,2013-03-29T15:47:48.0770000-06:00,in
37,USC00051772,Snow,1965-08-11T00:00:00.0000000-06:00,0.000000,,,0,,NOAA,2013-03-29T15:47:48.0770000-06:00,in
37,USC00051772,Snow,1965-08-12T00:00:00.0000000-06:00,0.000000,,,0,,NOAA,2013-03-29T15:47:48.0770000-06:00,in
37,USC00051772,Snow,1965-08-13T00:00:00.0000000-06:00,0.000000,,,0,,NOAA,2013-03-29T15:47:48.0770000-06:00,in
37,USC00051772,Snow,1965-08-14T00:00:00.0000000-06:00,0.000000,,,0,,NOAA,2013-03-29T15:47:48.0770000-06:00,in
37,USC00051772,Snow,1965-08-15T00:00:00.0000000-06:00,0.000000,,,0,,NOAA,2013-03-29T15:47:48.0770000-06:00,in
37,USC00051772,Snow,1965-08-16T00:00:00.0000000-06:00,0.000000,,,0,,NOAA,2013-03-29T15:47:48.0770000-06:00,in
37,USC00051772,Snow,1965-08-17T00:00:00.0000000-06:00,0.000000,,,0,,NOAA,2013-03-29T15:47:48.0770000-06:00,in
37,USC00051772,Snow,1965-08-18T00:00:00.0000000-06:00,0.000000,,,0,,NOAA,2013-03-29T15:47:48.0770000-06:00,in
37,USC00051772,Snow,1965-08-19T00:00:00.0000000-06:00,0.000000,,,0,,NOAA,2013-03-29T15:47:48.0770000-06:00,in
37,USC00051772,Snow,1965-08-20T00:00:00.0000000-06:00,0.000000,,,0,,NOAA,2013-03-29T15:47:48.0770000-06:00,in
37,USC00051772,Snow,1965-08-21T00:00:00.0000000-06:00,0.000000,,,0,,NOAA,2013-03-29T15:47:48.0770000-06:00,in
37,USC00051772,Snow,1965-08-22T00:00:00.0000000-06:00,0.000000,,,0,,NOAA,2013-03-29T15:47:48.0770000-06:00,in
37,USC00051772,Snow,1965-08-23T00:00:00.0000000-06:00,0.000000,,,0,,NOAA,2013-03-29T15:47:48.0770000-06:00,in
37,USC00051772,Snow,1965-08-24T00:00:00.0000000-06:00,0.000000,,,0,,NOAA,2013-03-29T15:47:48.0770000-06:00,in
37,USC00051772,Snow,1965-08-25T00:00:00.0000000-06:00,0.000000,,,0,,NOAA,2013-03-29T15:47:48.0770000-06:00,in
37,USC00051772,Snow,1965-08-26T00:00:00.0000000-06:00,0.000000,,,0,,NOAA,2013-03-29T15:47:48.0770000-06:00,in
37,USC00051772,Snow,1965-08-27T00:00:00.0000000-06:00,0.000000,,,0,,NOAA,2013-03-29T15:47:48.0770000-06:00,in
37,USC00051772,Snow,1965-08-28T00:00:00.0000000-06:00,0.000000,,,0,,NOAA,2013-03-29T15:47:48.0770000-06:00,in
37,USC00051772,Snow,1965-08-29T00:00:00.0000000-06:00,0.000000,,,0,,NOAA,2013-03-29T15:47:48.0770000-06:00,in
37,USC00051772,Snow,1965-08-30T00:00:00.0000000-06:00,0.000000,,,0,,NOAA,2013-03-29T15:47:48.0770000-06:00,in
37,USC00051772,Snow,1965-08-31T00:00:00.0000000-06:00,0.000000,,,0,,NOAA,2013-03-29T15:47:48.0770000-06:00,in
37,USC00051772,Snow,1965-09-01T00:00:00.0000000-06:00,0.000000,,,0,,NOAA,2013-03-29T15:47:48.0770000-06:00,in
37,USC00051772,Snow,1965-09-02T00:00:00.0000000-06:00,0.000000,,,0,,NOAA,2013-03-29T15:47:48.0770000-06:00,in
37,USC00051772,Snow,1965-09-03T00:00:00.0000000-06:00,0.000000,,,0,,NOAA,2013-03-29T15:47:48.0770000-06:00,in
37,USC00051772,Snow,1965-09-04T00:00:00.0000000-06:00,0.000000,,,0,,NOAA,2013-03-29T15:47:48.0770000-06:00,in
37,USC00051772,Snow,1965-09-05T00:00:00.0000000-06:00,0.000000,,,0,,NOAA,2013-03-29T15:47:48.0770000-06:00,in
37,USC00051772,Snow,1965-09-06T00:00:00.0000000-06:00,0.000000,,,0,,NOAA,2013-03-29T15:47:48.0770000-06:00,in
37,USC00051772,Snow,1965-09-07T00:00:00.0000000-06:00,0.000000,,,0,,NOAA,2013-03-29T15:47:48.0770000-06:00,in
37,USC00051772,Snow,1965-09-08T00:00:00.0000000-06:00,0.000000,,,0,,NOAA,2013-03-29T15:47:48.0770000-06:00,in
37,USC00051772,Snow,1965-09-09T00:00:00.0000000-06:00,0.000000,,,0,,NOAA,2013-03-29T15:47:48.0770000-06:00,in
37,USC00051772,Snow,1965-09-10T00:00:00.0000000-06:00,0.000000,,,0,,NOAA,2013-03-29T15:47:48.0770000-06:00,in
37,USC00051772,Snow,1965-09-11T00:00:00.0000000-06:00,0.000000,,,0,,NOAA,2013-03-29T15:47:48.0770000-06:00,in
37,USC00051772,Snow,1965-09-12T00:00:00.0000000-06:00,0.000000,,,0,,NOAA,2013-03-29T15:47:48.0770000-06:00,in
37,USC00051772,Snow,1965-09-13T00:00:00.0000000-06:00,0.000000,,,0,,NOAA,2013-03-29T15:47:48.0770000-06:00,in
37,USC00051772,Snow,1965-09-14T00:00:00.0000000-06:00,0.000000,,,0,,NOAA,2013-03-29T15:47:48.0770000-06:00,in
37,USC00051772,Snow,1965-09-15T00:00:00.0000000-06:00,0.000000,,,0,,NOAA,2013-03-29T15:47:48.0770000-06:00,in
37,USC00051772,Snow,1965-09-16T00:00:00.0000000-06:00,0.000000,,,0,,NOAA,2013-03-29T15:47:48.0770000-06:00,in
37,USC00051772,Snow,1965-09-17T00:00:00.0000000-06:00,0.000000,,,0,,NOAA,2013-03-29T15:47:48.0770000-06:00,in
37,USC00051772,Snow,1965-09-19T00:00:00.0000000-06:00,0.000000,,,0,,NOAA,2013-03-29T15:47:48.0770000-06:00,in
37,USC00051772,Snow,1965-09-20T00:00:00.0000000-06:00,0.000000,,,0,,NOAA,2013-03-29T15:47:48.0770000-06:00,in
37,USC00051772,Snow,1965-09-21T00:00:00.0000000-06:00,0.000000,,,0,,NOAA,2013-03-29T15:47:48.0770000-06:00,in
37,USC00051772,Snow,1965-09-22T00:00:00.0000000-06:00,0.000000,,,0,,NOAA,2013-03-29T15:47:48.0770000-06:00,in
37,USC00051772,Snow,1965-09-23T00:00:00.0000000-06:00,0.000000,,,0,,NOAA,2013-03-29T15:47:48.0770000-06:00,in
37,USC00051772,Snow,1965-09-24T00:00:00.0000000-06:00,0.000000,,,0,,NOAA,2013-03-29T15:47:48.0770000-06:00,in
37,USC00051772,Snow,1965-09-25T00:00:00.0000000-06:00,0.000000,,,0,,NOAA,2013-03-29T15:47:48.0770000-06:00,in
37,USC00051772,Snow,1965-09-26T00:00:00.0000000-06:00,0.000000,,,0,,NOAA,2013-03-29T15:47:48.0770000-06:00,in
37,USC00051772,Snow,1965-09-27T00:00:00.0000000-06:00,0.000000,,,0,,NOAA,2013-03-29T15:47:48.0770000-06:00,in
37,USC00051772,Snow,1965-09-28T00:00:00.0000000-06:00,0.000000,,,0,,NOAA,2013-03-29T15:47:48.0770000-06:00,in
37,USC00051772,Snow,1965-09-29T00:00:00.0000000-06:00,0.000000,T,,0,,NOAA,2013-03-29T15:47:48.0770000-06:00,in
37,USC00051772,Snow,1965-09-30T00:00:00.0000000-06:00,0.000000,,,0,,NOAA,2013-03-29T15:47:48.0770000-06:00,in
37,USC00051772,Snow,1965-10-01T00:00:00.0000000-06:00,0.000000,,,0,,NOAA,2013-03-29T15:47:48.0770000-06:00,in
37,USC00051772,Snow,1965-10-02T00:00:00.0000000-06:00,0.000000,,,0,,NOAA,2013-03-29T15:47:48.0770000-06:00,in
37,USC00051772,Snow,1965-10-03T00:00:00.0000000-06:00,0.000000,,,0,,NOAA,2013-03-29T15:47:48.0770000-06:00,in
37,USC00051772,Snow,1965-10-04T00:00:00.0000000-06:00,0.000000,,,0,,NOAA,2013-03-29T15:47:48.0770000-06:00,in
37,USC00051772,Snow,1965-10-05T00:00:00.0000000-06:00,0.000000,,,0,,NOAA,2013-03-29T15:47:48.0770000-06:00,in
37,USC00051772,Snow,1965-10-06T00:00:00.0000000-06:00,0.000000,,,0,,NOAA,2013-03-29T15:47:48.0770000-06:00,in
37,USC00051772,Snow,1965-10-07T00:00:00.0000000-06:00,0.000000,,,0,,NOAA,2013-03-29T15:47:48.0770000-06:00,in
37,USC00051772,Snow,1965-10-08T00:00:00.0000000-06:00,0.000000,,,0,,NOAA,2013-03-29T15:47:48.0770000-06:00,in
37,USC00051772,Snow,1965-10-09T00:00:00.0000000-06:00,0.000000,,,0,,NOAA,2013-03-29T15:47:48.0770000-06:00,in
37,USC00051772,Snow,1965-10-10T00:00:00.0000000-06:00,0.000000,,,0,,NOAA,2013-03-29T15:47:48.0770000-06:00,in
37,USC00051772,Snow,1965-10-11T00:00:00.0000000-06:00,0.000000,,,0,,NOAA,2013-03-29T15:47:48.0770000-06:00,in
37,USC00051772,Snow,1965-10-12T00:00:00.0000000-06:00,0.000000,,,0,,NOAA,2013-03-29T15:47:48.0770000-06:00,in
37,USC00051772,Snow,1965-10-13T00:00:00.0000000-06:00,0.000000,,,0,,NOAA,2013-03-29T15:47:48.0770000-06:00,in
37,USC00051772,Snow,1965-10-14T00:00:00.0000000-06:00,0.000000,,,0,,NOAA,2013-03-29T15:47:48.0770000-06:00,in
37,USC00051772,Snow,1965-10-15T00:00:00.0000000-06:00,0.000000,,,0,,NOAA,2013-03-29T15:47:48.0770000-06:00,in
37,USC00051772,Snow,1965-10-16T00:00:00.0000000-06:00,0.000000,,,0,,NOAA,2013-03-29T15:47:48.0770000-06:00,in
37,USC00051772,Snow,1965-10-17T00:00:00.0000000-06:00,0.000000,,,0,,NOAA,2013-03-29T15:47:48.0770000-06:00,in
37,USC00051772,Snow,1965-10-18T00:00:00.0000000-06:00,0.000000,,,0,,NOAA,2013-03-29T15:47:48.0770000-06:00,in
37,USC00051772,Snow,1965-10-19T00:00:00.0000000-06:00,0.000000,,,0,,NOAA,2013-03-29T15:47:48.0770000-06:00,in
37,USC00051772,Snow,1965-10-20T00:00:00.0000000-06:00,0.000000,,,0,,NOAA,2013-03-29T15:47:48.0770000-06:00,in
37,USC00051772,Snow,1965-10-21T00:00:00.0000000-06:00,0.000000,,,0,,NOAA,2013-03-29T15:47:48.0770000-06:00,in
37,USC00051772,Snow,1965-10-22T00:00:00.0000000-06:00,0.000000,,,0,,NOAA,2013-03-29T15:47:48.0770000-06:00,in
37,USC00051772,Snow,1965-10-23T00:00:00.0000000-06:00,0.000000,,,0,,NOAA,2013-03-29T15:47:48.0770000-06:00,in
37,USC00051772,Snow,1965-10-24T00:00:00.0000000-06:00,0.000000,,,0,,NOAA,2013-03-29T15:47:48.0770000-06:00,in
37,USC00051772,Snow,1965-10-25T00:00:00.0000000-06:00,0.000000,,,0,,NOAA,2013-03-29T15:47:48.0770000-06:00,in
37,USC00051772,Snow,1965-10-26T00:00:00.0000000-06:00,0.000000,,,0,,NOAA,2013-03-29T15:47:48.0770000-06:00,in
37,USC00051772,Snow,1965-10-27T00:00:00.0000000-06:00,0.000000,,,0,,NOAA,2013-03-29T15:47:48.0770000-06:00,in
37,USC00051772,Snow,1965-10-28T00:00:00.0000000-06:00,0.000000,,,0,,NOAA,2013-03-29T15:47:48.0770000-06:00,in
37,USC00051772,Snow,1965-10-29T00:00:00.0000000-06:00,0.000000,,,0,,NOAA,2013-03-29T15:47:48.0770000-06:00,in
37,USC00051772,Snow,1965-10-30T00:00:00.0000000-06:00,0.000000,,,0,,NOAA,2013-03-29T15:47:48.0770000-06:00,in
37,USC00051772,Snow,1965-10-31T00:00:00.0000000-06:00,0.000000,,,0,,NOAA,2013-03-29T15:47:48.0770000-06:00,in
37,USC00051772,Snow,1965-11-01T00:00:00.0000000-07:00,0.000000,,,0,,NOAA,2013-03-29T15:47:48.0770000-06:00,in
37,USC00051772,Snow,1965-11-02T00:00:00.0000000-07:00,0.000000,,,0,,NOAA,2013-03-29T15:47:48.0770000-06:00,in
37,USC00051772,Snow,1965-11-03T00:00:00.0000000-07:00,0.000000,,,0,,NOAA,2013-03-29T15:47:48.0770000-06:00,in
37,USC00051772,Snow,1965-11-04T00:00:00.0000000-07:00,0.000000,,,0,,NOAA,2013-03-29T15:47:48.0770000-06:00,in
37,USC00051772,Snow,1965-11-05T00:00:00.0000000-07:00,0.000000,,,0,,NOAA,2013-03-29T15:47:48.0770000-06:00,in
37,USC00051772,Snow,1965-11-06T00:00:00.0000000-07:00,0.000000,,,0,,NOAA,2013-03-29T15:47:48.0770000-06:00,in
37,USC00051772,Snow,1965-11-07T00:00:00.0000000-07:00,0.000000,,,0,,NOAA,2013-03-29T15:47:48.0770000-06:00,in
37,USC00051772,Snow,1965-11-08T00:00:00.0000000-07:00,0.000000,,,0,,NOAA,2013-03-29T15:47:48.0770000-06:00,in
37,USC00051772,Snow,1965-11-09T00:00:00.0000000-07:00,0.000000,,,0,,NOAA,2013-03-29T15:47:48.0770000-06:00,in
37,USC00051772,Snow,1965-11-10T00:00:00.0000000-07:00,0.000000,,,0,,NOAA,2013-03-29T15:47:48.0770000-06:00,in
37,USC00051772,Snow,1965-11-11T00:00:00.0000000-07:00,0.000000,,,0,,NOAA,2013-03-29T15:47:48.0770000-06:00,in
37,USC00051772,Snow,1965-11-12T00:00:00.0000000-07:00,0.000000,,,0,,NOAA,2013-03-29T15:47:48.0770000-06:00,in
37,USC00051772,Snow,1965-11-13T00:00:00.0000000-07:00,0.000000,,,0,,NOAA,2013-03-29T15:47:48.0770000-06:00,in
37,USC00051772,Snow,1965-11-14T00:00:00.0000000-07:00,0.000000,,,0,,NOAA,2013-03-29T15:47:48.0770000-06:00,in
37,USC00051772,Snow,1965-11-15T00:00:00.0000000-07:00,0.000000,,,0,,NOAA,2013-03-29T15:47:48.0770000-06:00,in
37,USC00051772,Snow,1965-11-16T00:00:00.0000000-07:00,0.000000,,,0,,NOAA,2013-03-29T15:47:48.0770000-06:00,in
37,USC00051772,Snow,1965-11-17T00:00:00.0000000-07:00,0.000000,,,0,,NOAA,2013-03-29T15:47:48.0770000-06:00,in
37,USC00051772,Snow,1965-11-18T00:00:00.0000000-07:00,0.000000,,,0,,NOAA,2013-03-29T15:47:48.0770000-06:00,in
37,USC00051772,Snow,1965-11-19T00:00:00.0000000-07:00,0.000000,,,0,,NOAA,2013-03-29T15:47:48.0770000-06:00,in
37,USC00051772,Snow,1965-11-20T00:00:00.0000000-07:00,0.000000,,,0,,NOAA,2013-03-29T15:47:48.0770000-06:00,in
37,USC00051772,Snow,1965-11-21T00:00:00.0000000-07:00,0.000000,,,0,,NOAA,2013-03-29T15:47:48.0770000-06:00,in
37,USC00051772,Snow,1965-11-22T00:00:00.0000000-07:00,0.000000,,,0,,NOAA,2013-03-29T15:47:48.0770000-06:00,in
37,USC00051772,Snow,1965-11-23T00:00:00.0000000-07:00,0.000000,,,0,,NOAA,2013-03-29T15:47:48.0770000-06:00,in
37,USC00051772,Snow,1965-11-24T00:00:00.0000000-07:00,0.000000,,,0,,NOAA,2013-03-29T15:47:48.0770000-06:00,in
37,USC00051772,Snow,1965-11-25T00:00:00.0000000-07:00,0.000000,,,0,,NOAA,2013-03-29T15:47:48.0770000-06:00,in
37,USC00051772,Snow,1965-11-26T00:00:00.0000000-07:00,4.488189,,,0,,NOAA,2013-03-29T15:47:48.0770000-06:00,in
37,USC00051772,Snow,1965-11-27T00:00:00.0000000-07:00,0.000000,,,0,,NOAA,2013-03-29T15:47:48.0770000-06:00,in
37,USC00051772,Snow,1965-11-28T00:00:00.0000000-07:00,0.984252,,,0,,NOAA,2013-03-29T15:47:48.0770000-06:00,in
37,USC00051772,Snow,1965-11-29T00:00:00.0000000-07:00,0.000000,,,0,,NOAA,2013-03-29T15:47:48.0770000-06:00,in
37,USC00051772,Snow,1965-11-30T00:00:00.0000000-07:00,0.000000,,,0,,NOAA,2013-03-29T15:47:48.0770000-06:00,in
37,USC00051772,Snow,1965-12-01T00:00:00.0000000-07:00,0.000000,,,0,,NOAA,2013-03-29T15:47:48.0770000-06:00,in
37,USC00051772,Snow,1965-12-02T00:00:00.0000000-07:00,0.000000,,,0,,NOAA,2013-03-29T15:47:48.0770000-06:00,in
37,USC00051772,Snow,1965-12-03T00:00:00.0000000-07:00,0.000000,,,0,,NOAA,2013-03-29T15:47:48.0770000-06:00,in
37,USC00051772,Snow,1965-12-04T00:00:00.0000000-07:00,0.000000,,,0,,NOAA,2013-03-29T15:47:48.0770000-06:00,in
37,USC00051772,Snow,1965-12-05T00:00:00.0000000-07:00,0.000000,,,0,,NOAA,2013-03-29T15:47:48.0770000-06:00,in
37,USC00051772,Snow,1965-12-06T00:00:00.0000000-07:00,0.000000,,,0,,NOAA,2013-03-29T15:47:48.0770000-06:00,in
37,USC00051772,Snow,1965-12-07T00:00:00.0000000-07:00,0.000000,,,0,,NOAA,2013-03-29T15:47:48.0770000-06:00,in
37,USC00051772,Snow,1965-12-08T00:00:00.0000000-07:00,0.000000,,,0,,NOAA,2013-03-29T15:47:48.0770000-06:00,in
37,USC00051772,Snow,1965-12-09T00:00:00.0000000-07:00,0.000000,,,0,,NOAA,2013-03-29T15:47:48.0770000-06:00,in
37,USC00051772,Snow,1965-12-10T00:00:00.0000000-07:00,0.000000,T,,0,,NOAA,2013-03-29T15:47:48.0770000-06:00,in
37,USC00051772,Snow,1965-12-11T00:00:00.0000000-07:00,2.007874,,,0,,NOAA,2013-03-29T15:47:48.0770000-06:00,in
37,USC00051772,Snow,1965-12-12T00:00:00.0000000-07:00,0.000000,,,0,,NOAA,2013-03-29T15:47:48.0770000-06:00,in
37,USC00051772,Snow,1965-12-13T00:00:00.0000000-07:00,0.000000,,,0,,NOAA,2013-03-29T15:47:48.0770000-06:00,in
37,USC00051772,Snow,1965-12-14T00:00:00.0000000-07:00,2.007874,,,0,,NOAA,2013-03-29T15:47:48.0770000-06:00,in
37,USC00051772,Snow,1965-12-15T00:00:00.0000000-07:00,2.992126,,,0,,NOAA,2013-03-29T15:47:48.0770000-06:00,in
37,USC00051772,Snow,1965-12-16T00:00:00.0000000-07:00,0.000000,,,0,,NOAA,2013-03-29T15:47:48.0770000-06:00,in
37,USC00051772,Snow,1965-12-17T00:00:00.0000000-07:00,0.000000,,,0,,NOAA,2013-03-29T15:47:48.0770000-06:00,in
37,USC00051772,Snow,1965-12-18T00:00:00.0000000-07:00,0.000000,,,0,,NOAA,2013-03-29T15:47:48.0770000-06:00,in
37,USC00051772,Snow,1965-12-19T00:00:00.0000000-07:00,0.000000,,,0,,NOAA,2013-03-29T15:47:48.0770000-06:00,in
37,USC00051772,Snow,1965-12-20T00:00:00.0000000-07:00,0.000000,,,0,,NOAA,2013-03-29T15:47:48.0770000-06:00,in
37,USC00051772,Snow,1965-12-21T00:00:00.0000000-07:00,0.000000,,,0,,NOAA,2013-03-29T15:47:48.0770000-06:00,in
37,USC00051772,Snow,1965-12-22T00:00:00.0000000-07:00,0.511811,,,0,,NOAA,2013-03-29T15:47:48.0770000-06:00,in
37,USC00051772,Snow,1965-12-23T00:00:00.0000000-07:00,0.984252,,,0,,NOAA,2013-03-29T15:47:48.0770000-06:00,in
37,USC00051772,Snow,1965-12-24T00:00:00.0000000-07:00,0.000000,,,0,,NOAA,2013-03-29T15:47:48.0770000-06:00,in
37,USC00051772,Snow,1965-12-25T00:00:00.0000000-07:00,0.000000,,,0,,NOAA,2013-03-29T15:47:48.0770000-06:00,in
37,USC00051772,Snow,1965-12-26T00:00:00.0000000-07:00,0.000000,,,0,,NOAA,2013-03-29T15:47:48.0770000-06:00,in
37,USC00051772,Snow,1965-12-27T00:00:00.0000000-07:00,0.000000,,,0,,NOAA,2013-03-29T15:47:48.0770000-06:00,in
37,USC00051772,Snow,1965-12-28T00:00:00.0000000-07:00,0.000000,,,0,,NOAA,2013-03-29T15:47:48.0770000-06:00,in
37,USC00051772,Snow,1965-12-29T00:00:00.0000000-07:00,0.000000,,,0,,NOAA,2013-03-29T15:47:48.0770000-06:00,in
37,USC00051772,Snow,1965-12-30T00:00:00.0000000-07:00,0.000000,T,,0,,NOAA,2013-03-29T15:47:48.0770000-06:00,in
37,USC00051772,Snow,1965-12-31T00:00:00.0000000-07:00,0.000000,T,,0,,NOAA,2013-03-29T15:47:48.0770000-06:00,in
37,USC00051772,Snow,1966-01-01T00:00:00.0000000-07:00,4.015748,,,0,,NOAA,2013-03-29T15:47:48.0770000-06:00,in
37,USC00051772,Snow,1966-01-02T00:00:00.0000000-07:00,0.000000,T,,0,,NOAA,2013-03-29T15:47:48.0770000-06:00,in
37,USC00051772,Snow,1966-01-03T00:00:00.0000000-07:00,0.000000,,,0,,NOAA,2013-03-29T15:47:48.0770000-06:00,in
37,USC00051772,Snow,1966-01-04T00:00:00.0000000-07:00,0.000000,,,0,,NOAA,2013-03-29T15:47:48.0770000-06:00,in
37,USC00051772,Snow,1966-01-05T00:00:00.0000000-07:00,0.000000,,,0,,NOAA,2013-03-29T15:47:48.0770000-06:00,in
37,USC00051772,Snow,1966-01-06T00:00:00.0000000-07:00,0.000000,,,0,,NOAA,2013-03-29T15:47:48.0770000-06:00,in
37,USC00051772,Snow,1966-01-07T00:00:00.0000000-07:00,0.000000,,,0,,NOAA,2013-03-29T15:47:48.0770000-06:00,in
37,USC00051772,Snow,1966-01-08T00:00:00.0000000-07:00,0.000000,,,0,,NOAA,2013-03-29T15:47:48.0770000-06:00,in
37,USC00051772,Snow,1966-01-09T00:00:00.0000000-07:00,0.000000,,,0,,NOAA,2013-03-29T15:47:48.0770000-06:00,in
37,USC00051772,Snow,1966-01-10T00:00:00.0000000-07:00,0.000000,,,0,,NOAA,2013-03-29T15:47:48.0770000-06:00,in
37,USC00051772,Snow,1966-01-11T00:00:00.0000000-07:00,0.000000,T,,0,,NOAA,2013-03-29T15:47:48.0770000-06:00,in
37,USC00051772,Snow,1966-01-12T00:00:00.0000000-07:00,0.000000,,,0,,NOAA,2013-03-29T15:47:48.0770000-06:00,in
37,USC00051772,Snow,1966-01-13T00:00:00.0000000-07:00,0.000000,,,0,,NOAA,2013-03-29T15:47:48.0770000-06:00,in
37,USC00051772,Snow,1966-01-14T00:00:00.0000000-07:00,0.000000,,,0,,NOAA,2013-03-29T15:47:48.0770000-06:00,in
37,USC00051772,Snow,1966-01-15T00:00:00.0000000-07:00,0.000000,,,0,,NOAA,2013-03-29T15:47:48.0770000-06:00,in
37,USC00051772,Snow,1966-01-16T00:00:00.0000000-07:00,0.000000,,,0,,NOAA,2013-03-29T15:47:48.0770000-06:00,in
37,USC00051772,Snow,1966-01-17T00:00:00.0000000-07:00,0.000000,,,0,,NOAA,2013-03-29T15:47:48.0770000-06:00,in
37,USC00051772,Snow,1966-01-18T00:00:00.0000000-07:00,0.000000,,,0,,NOAA,2013-03-29T15:47:48.0770000-06:00,in
37,USC00051772,Snow,1966-01-19T00:00:00.0000000-07:00,0.000000,,,0,,NOAA,2013-03-29T15:47:48.0770000-06:00,in
37,USC00051772,Snow,1966-01-20T00:00:00.0000000-07:00,2.007874,,,0,,NOAA,2013-03-29T15:47:48.0770000-06:00,in
37,USC00051772,Snow,1966-01-21T00:00:00.0000000-07:00,0.000000,,,0,,NOAA,2013-03-29T15:47:48.0770000-06:00,in
37,USC00051772,Snow,1966-01-22T00:00:00.0000000-07:00,0.000000,,,0,,NOAA,2013-03-29T15:47:48.0770000-06:00,in
37,USC00051772,Snow,1966-01-23T00:00:00.0000000-07:00,0.000000,,,0,,NOAA,2013-03-29T15:47:48.0770000-06:00,in
37,USC00051772,Snow,1966-01-24T00:00:00.0000000-07:00,0.000000,,,0,,NOAA,2013-03-29T15:47:48.0770000-06:00,in
37,USC00051772,Snow,1966-01-25T00:00:00.0000000-07:00,0.000000,,,0,,NOAA,2013-03-29T15:47:48.0770000-06:00,in
37,USC00051772,Snow,1966-01-26T00:00:00.0000000-07:00,0.000000,,,0,,NOAA,2013-03-29T15:47:48.0770000-06:00,in
37,USC00051772,Snow,1966-01-27T00:00:00.0000000-07:00,0.000000,,,0,,NOAA,2013-03-29T15:47:48.0770000-06:00,in
37,USC00051772,Snow,1966-01-28T00:00:00.0000000-07:00,0.000000,,,0,,NOAA,2013-03-29T15:47:48.0770000-06:00,in
37,USC00051772,Snow,1966-01-29T00:00:00.0000000-07:00,0.000000,,,0,,NOAA,2013-03-29T15:47:48.0770000-06:00,in
37,USC00051772,Snow,1966-01-30T00:00:00.0000000-07:00,2.992126,,,0,,NOAA,2013-03-29T15:47:48.0770000-06:00,in
37,USC00051772,Snow,1966-01-31T00:00:00.0000000-07:00,0.000000,,,0,,NOAA,2013-03-29T15:47:48.0770000-06:00,in
37,USC00051772,Snow,1966-02-02T00:00:00.0000000-07:00,0.000000,,,0,,NOAA,2013-03-29T15:47:48.0770000-06:00,in
37,USC00051772,Snow,1966-02-03T00:00:00.0000000-07:00,0.000000,,,0,,NOAA,2013-03-29T15:47:48.0770000-06:00,in
37,USC00051772,Snow,1966-02-04T00:00:00.0000000-07:00,0.000000,,,0,,NOAA,2013-03-29T15:47:48.0770000-06:00,in
37,USC00051772,Snow,1966-02-05T00:00:00.0000000-07:00,0.000000,,,0,,NOAA,2013-03-29T15:47:48.0770000-06:00,in
37,USC00051772,Snow,1966-02-06T00:00:00.0000000-07:00,0.000000,T,,0,,NOAA,2013-03-29T15:47:48.0770000-06:00,in
37,USC00051772,Snow,1966-02-07T00:00:00.0000000-07:00,0.000000,,,0,,NOAA,2013-03-29T15:47:48.0770000-06:00,in
37,USC00051772,Snow,1966-02-08T00:00:00.0000000-07:00,0.000000,,,0,,NOAA,2013-03-29T15:47:48.0770000-06:00,in
37,USC00051772,Snow,1966-02-09T00:00:00.0000000-07:00,0.984252,,,0,,NOAA,2013-03-29T15:47:48.0770000-06:00,in
37,USC00051772,Snow,1966-02-10T00:00:00.0000000-07:00,0.000000,,,0,,NOAA,2013-03-29T15:47:48.0770000-06:00,in
37,USC00051772,Snow,1966-02-11T00:00:00.0000000-07:00,0.000000,T,,0,,NOAA,2013-03-29T15:47:48.0770000-06:00,in
37,USC00051772,Snow,1966-02-12T00:00:00.0000000-07:00,0.000000,,,0,,NOAA,2013-03-29T15:47:48.0770000-06:00,in
37,USC00051772,Snow,1966-02-13T00:00:00.0000000-07:00,0.118110,,,0,,NOAA,2013-03-29T15:47:48.0770000-06:00,in
37,USC00051772,Snow,1966-02-14T00:00:00.0000000-07:00,0.000000,T,,0,,NOAA,2013-03-29T15:47:48.0770000-06:00,in
37,USC00051772,Snow,1966-02-15T00:00:00.0000000-07:00,0.000000,T,,0,,NOAA,2013-03-29T15:47:48.0770000-06:00,in
37,USC00051772,Snow,1966-02-16T00:00:00.0000000-07:00,0.000000,,,0,,NOAA,2013-03-29T15:47:48.0770000-06:00,in
37,USC00051772,Snow,1966-02-17T00:00:00.0000000-07:00,0.000000,,,0,,NOAA,2013-03-29T15:47:48.0770000-06:00,in
37,USC00051772,Snow,1966-02-18T00:00:00.0000000-07:00,0.000000,,,0,,NOAA,2013-03-29T15:47:48.0770000-06:00,in
37,USC00051772,Snow,1966-02-19T00:00:00.0000000-07:00,0.000000,,,0,,NOAA,2013-03-29T15:47:48.0770000-06:00,in
37,USC00051772,Snow,1966-02-20T00:00:00.0000000-07:00,0.000000,,,0,,NOAA,2013-03-29T15:47:48.0770000-06:00,in
37,USC00051772,Snow,1966-02-21T00:00:00.0000000-07:00,0.000000,,,0,,NOAA,2013-03-29T15:47:48.0770000-06:00,in
37,USC00051772,Snow,1966-02-22T00:00:00.0000000-07:00,0.000000,,,0,,NOAA,2013-03-29T15:47:48.0770000-06:00,in
37,USC00051772,Snow,1966-02-23T00:00:00.0000000-07:00,0.000000,,,0,,NOAA,2013-03-29T15:47:48.0770000-06:00,in
37,USC00051772,Snow,1966-02-24T00:00:00.0000000-07:00,0.000000,,,0,,NOAA,2013-03-29T15:47:48.0770000-06:00,in
37,USC00051772,Snow,1966-02-25T00:00:00.0000000-07:00,0.000000,T,,0,,NOAA,2013-03-29T15:47:48.0770000-06:00,in
37,USC00051772,Snow,1966-02-26T00:00:00.0000000-07:00,2.007874,,,0,,NOAA,2013-03-29T15:47:48.0770000-06:00,in
37,USC00051772,Snow,1966-02-27T00:00:00.0000000-07:00,0.000000,,,0,,NOAA,2013-03-29T15:47:48.0770000-06:00,in
37,USC00051772,Snow,1966-02-28T00:00:00.0000000-07:00,0.000000,,,0,,NOAA,2013-03-29T15:47:48.0770000-06:00,in
37,USC00051772,Snow,1966-03-01T00:00:00.0000000-07:00,0.000000,,,0,,NOAA,2013-03-29T15:47:48.0770000-06:00,in
37,USC00051772,Snow,1966-03-02T00:00:00.0000000-07:00,1.496063,,,0,,NOAA,2013-03-29T15:47:48.0770000-06:00,in
37,USC00051772,Snow,1966-03-03T00:00:00.0000000-07:00,0.787402,,,0,,NOAA,2013-03-29T15:47:48.0770000-06:00,in
37,USC00051772,Snow,1966-03-04T00:00:00.0000000-07:00,0.000000,,,0,,NOAA,2013-03-29T15:47:48.0770000-06:00,in
37,USC00051772,Snow,1966-03-05T00:00:00.0000000-07:00,0.000000,,,0,,NOAA,2013-03-29T15:47:48.0770000-06:00,in
37,USC00051772,Snow,1966-03-06T00:00:00.0000000-07:00,0.000000,,,0,,NOAA,2013-03-29T15:47:48.0770000-06:00,in
37,USC00051772,Snow,1966-03-07T00:00:00.0000000-07:00,0.000000,T,,0,,NOAA,2013-03-29T15:47:48.0770000-06:00,in
37,USC00051772,Snow,1966-03-08T00:00:00.0000000-07:00,0.000000,,,0,,NOAA,2013-03-29T15:47:48.0770000-06:00,in
37,USC00051772,Snow,1966-03-09T00:00:00.0000000-07:00,0.000000,,,0,,NOAA,2013-03-29T15:47:48.0770000-06:00,in
37,USC00051772,Snow,1966-03-10T00:00:00.0000000-07:00,0.000000,,,0,,NOAA,2013-03-29T15:47:48.0770000-06:00,in
37,USC00051772,Snow,1966-03-11T00:00:00.0000000-07:00,0.000000,,,0,,NOAA,2013-03-29T15:47:48.0770000-06:00,in
37,USC00051772,Snow,1966-03-12T00:00:00.0000000-07:00,0.000000,,,0,,NOAA,2013-03-29T15:47:48.0770000-06:00,in
37,USC00051772,Snow,1966-03-13T00:00:00.0000000-07:00,0.000000,,,0,,NOAA,2013-03-29T15:47:48.0770000-06:00,in
37,USC00051772,Snow,1966-03-14T00:00:00.0000000-07:00,0.000000,,,0,,NOAA,2013-03-29T15:47:48.0770000-06:00,in
37,USC00051772,Snow,1966-03-15T00:00:00.0000000-07:00,0.000000,,,0,,NOAA,2013-03-29T15:47:48.0770000-06:00,in
37,USC00051772,Snow,1966-03-16T00:00:00.0000000-07:00,0.000000,,,0,,NOAA,2013-03-29T15:47:48.0770000-06:00,in
37,USC00051772,Snow,1966-03-17T00:00:00.0000000-07:00,0.000000,,,0,,NOAA,2013-03-29T15:47:48.0770000-06:00,in
37,USC00051772,Snow,1966-03-18T00:00:00.0000000-07:00,0.000000,,,0,,NOAA,2013-03-29T15:47:48.0770000-06:00,in
37,USC00051772,Snow,1966-03-19T00:00:00.0000000-07:00,0.000000,,,0,,NOAA,2013-03-29T15:47:48.0770000-06:00,in
37,USC00051772,Snow,1966-03-20T00:00:00.0000000-07:00,0.000000,,,0,,NOAA,2013-03-29T15:47:48.0770000-06:00,in
37,USC00051772,Snow,1966-03-21T00:00:00.0000000-07:00,0.000000,,,0,,NOAA,2013-03-29T15:47:48.0770000-06:00,in
37,USC00051772,Snow,1966-03-22T00:00:00.0000000-07:00,0.000000,,,0,,NOAA,2013-03-29T15:47:48.0770000-06:00,in
37,USC00051772,Snow,1966-03-23T00:00:00.0000000-07:00,0.000000,,,0,,NOAA,2013-03-29T15:47:48.0770000-06:00,in
37,USC00051772,Snow,1966-03-24T00:00:00.0000000-07:00,0.000000,,,0,,NOAA,2013-03-29T15:47:48.0770000-06:00,in
37,USC00051772,Snow,1966-03-25T00:00:00.0000000-07:00,0.000000,,,0,,NOAA,2013-03-29T15:47:48.0770000-06:00,in
37,USC00051772,Snow,1966-03-26T00:00:00.0000000-07:00,0.000000,,,0,,NOAA,2013-03-29T15:47:48.0770000-06:00,in
37,USC00051772,Snow,1966-03-27T00:00:00.0000000-07:00,0.000000,,,0,,NOAA,2013-03-29T15:47:48.0770000-06:00,in
37,USC00051772,Snow,1966-03-28T00:00:00.0000000-07:00,0.000000,,,0,,NOAA,2013-03-29T15:47:48.0770000-06:00,in
37,USC00051772,Snow,1966-03-29T00:00:00.0000000-07:00,0.000000,,,0,,NOAA,2013-03-29T15:47:48.0770000-06:00,in
37,USC00051772,Snow,1966-03-30T00:00:00.0000000-07:00,0.000000,,,0,,NOAA,2013-03-29T15:47:48.0770000-06:00,in
37,USC00051772,Snow,1966-03-31T00:00:00.0000000-07:00,0.000000,,,0,,NOAA,2013-03-29T15:47:48.0770000-06:00,in
37,USC00051772,Snow,1966-04-01T00:00:00.0000000-07:00,0.000000,,,0,,NOAA,2013-03-29T15:47:48.0770000-06:00,in
37,USC00051772,Snow,1966-04-02T00:00:00.0000000-07:00,0.000000,,,0,,NOAA,2013-03-29T15:47:48.0770000-06:00,in
37,USC00051772,Snow,1966-04-03T00:00:00.0000000-07:00,0.000000,T,,0,,NOAA,2013-03-29T15:47:48.0770000-06:00,in
37,USC00051772,Snow,1966-04-04T00:00:00.0000000-06:00,0.000000,,,0,,NOAA,2013-03-29T15:47:48.0770000-06:00,in
37,USC00051772,Snow,1966-04-05T00:00:00.0000000-06:00,0.000000,,,0,,NOAA,2013-03-29T15:47:48.0770000-06:00,in
37,USC00051772,Snow,1966-04-06T00:00:00.0000000-06:00,0.000000,,,0,,NOAA,2013-03-29T15:47:48.0770000-06:00,in
37,USC00051772,Snow,1966-04-07T00:00:00.0000000-06:00,0.000000,,,0,,NOAA,2013-03-29T15:47:48.0770000-06:00,in
37,USC00051772,Snow,1966-04-08T00:00:00.0000000-06:00,0.000000,,,0,,NOAA,2013-03-29T15:47:48.0770000-06:00,in
37,USC00051772,Snow,1966-04-09T00:00:00.0000000-06:00,0.000000,,,0,,NOAA,2013-03-29T15:47:48.0770000-06:00,in
37,USC00051772,Snow,1966-04-10T00:00:00.0000000-06:00,0.000000,,,0,,NOAA,2013-03-29T15:47:48.0770000-06:00,in
37,USC00051772,Snow,1966-04-11T00:00:00.0000000-06:00,1.496063,,,0,,NOAA,2013-03-29T15:47:48.0770000-06:00,in
37,USC00051772,Snow,1966-04-12T00:00:00.0000000-06:00,0.000000,,,0,,NOAA,2013-03-29T15:47:48.0770000-06:00,in
37,USC00051772,Snow,1966-04-13T00:00:00.0000000-06:00,0.000000,,,0,,NOAA,2013-03-29T15:47:48.0770000-06:00,in
37,USC00051772,Snow,1966-04-14T00:00:00.0000000-06:00,0.000000,,,0,,NOAA,2013-03-29T15:47:48.0770000-06:00,in
37,USC00051772,Snow,1966-04-15T00:00:00.0000000-06:00,0.000000,,,0,,NOAA,2013-03-29T15:47:48.0770000-06:00,in
37,USC00051772,Snow,1966-04-16T00:00:00.0000000-06:00,0.000000,,,0,,NOAA,2013-03-29T15:47:48.0770000-06:00,in
37,USC00051772,Snow,1966-04-17T00:00:00.0000000-06:00,0.000000,,,0,,NOAA,2013-03-29T15:47:48.0770000-06:00,in
37,USC00051772,Snow,1966-04-18T00:00:00.0000000-06:00,0.000000,T,,0,,NOAA,2013-03-29T15:47:48.0770000-06:00,in
37,USC00051772,Snow,1966-04-19T00:00:00.0000000-06:00,1.496063,,,0,,NOAA,2013-03-29T15:47:48.0770000-06:00,in
37,USC00051772,Snow,1966-04-20T00:00:00.0000000-06:00,0.000000,,,0,,NOAA,2013-03-29T15:47:48.0770000-06:00,in
37,USC00051772,Snow,1966-04-21T00:00:00.0000000-06:00,0.000000,,,0,,NOAA,2013-03-29T15:47:48.0770000-06:00,in
37,USC00051772,Snow,1966-04-22T00:00:00.0000000-06:00,0.000000,,,0,,NOAA,2013-03-29T15:47:48.0770000-06:00,in
37,USC00051772,Snow,1966-04-23T00:00:00.0000000-06:00,0.000000,,,0,,NOAA,2013-03-29T15:47:48.0770000-06:00,in
37,USC00051772,Snow,1966-04-24T00:00:00.0000000-06:00,0.000000,,,0,,NOAA,2013-03-29T15:47:48.0770000-06:00,in
37,USC00051772,Snow,1966-04-25T00:00:00.0000000-06:00,0.000000,,,0,,NOAA,2013-03-29T15:47:48.0770000-06:00,in
37,USC00051772,Snow,1966-04-26T00:00:00.0000000-06:00,0.000000,,,0,,NOAA,2013-03-29T15:47:48.0770000-06:00,in
37,USC00051772,Snow,1966-04-27T00:00:00.0000000-06:00,0.000000,,,0,,NOAA,2013-03-29T15:47:48.0770000-06:00,in
37,USC00051772,Snow,1966-04-28T00:00:00.0000000-06:00,0.000000,,,0,,NOAA,2013-03-29T15:47:48.0770000-06:00,in
37,USC00051772,Snow,1966-04-29T00:00:00.0000000-06:00,0.000000,,,0,,NOAA,2013-03-29T15:47:48.0770000-06:00,in
37,USC00051772,Snow,1966-04-30T00:00:00.0000000-06:00,0.000000,,,0,,NOAA,2013-03-29T15:47:48.0770000-06:00,in
37,USC00051772,Snow,1966-05-01T00:00:00.0000000-06:00,0.000000,,,0,,NOAA,2013-03-29T15:47:48.0770000-06:00,in
37,USC00051772,Snow,1966-05-02T00:00:00.0000000-06:00,0.000000,,,0,,NOAA,2013-03-29T15:47:48.0770000-06:00,in
37,USC00051772,Snow,1966-05-03T00:00:00.0000000-06:00,0.000000,,,0,,NOAA,2013-03-29T15:47:48.0770000-06:00,in
37,USC00051772,Snow,1966-05-04T00:00:00.0000000-06:00,0.000000,,,0,,NOAA,2013-03-29T15:47:48.0770000-06:00,in
37,USC00051772,Snow,1966-05-05T00:00:00.0000000-06:00,0.000000,,,0,,NOAA,2013-03-29T15:47:48.0770000-06:00,in
37,USC00051772,Snow,1966-05-06T00:00:00.0000000-06:00,0.000000,,,0,,NOAA,2013-03-29T15:47:48.0770000-06:00,in
37,USC00051772,Snow,1966-05-07T00:00:00.0000000-06:00,0.000000,,,0,,NOAA,2013-03-29T15:47:48.0770000-06:00,in
37,USC00051772,Snow,1966-05-08T00:00:00.0000000-06:00,0.000000,,,0,,NOAA,2013-03-29T15:47:48.0770000-06:00,in
37,USC00051772,Snow,1966-05-09T00:00:00.0000000-06:00,0.000000,,,0,,NOAA,2013-03-29T15:47:48.0770000-06:00,in
37,USC00051772,Snow,1966-05-10T00:00:00.0000000-06:00,0.000000,T,,0,,NOAA,2013-03-29T15:47:48.0770000-06:00,in
37,USC00051772,Snow,1966-05-11T00:00:00.0000000-06:00,0.000000,,,0,,NOAA,2013-03-29T15:47:48.0770000-06:00,in
37,USC00051772,Snow,1966-05-12T00:00:00.0000000-06:00,0.000000,,,0,,NOAA,2013-03-29T15:47:48.0770000-06:00,in
37,USC00051772,Snow,1966-05-13T00:00:00.0000000-06:00,0.000000,,,0,,NOAA,2013-03-29T15:47:48.0770000-06:00,in
37,USC00051772,Snow,1966-05-14T00:00:00.0000000-06:00,0.000000,,,0,,NOAA,2013-03-29T15:47:48.0770000-06:00,in
37,USC00051772,Snow,1966-05-15T00:00:00.0000000-06:00,0.000000,,,0,,NOAA,2013-03-29T15:47:48.0770000-06:00,in
37,USC00051772,Snow,1966-05-16T00:00:00.0000000-06:00,0.000000,,,0,,NOAA,2013-03-29T15:47:48.0770000-06:00,in
37,USC00051772,Snow,1966-05-17T00:00:00.0000000-06:00,0.000000,,,0,,NOAA,2013-03-29T15:47:48.0770000-06:00,in
37,USC00051772,Snow,1966-05-18T00:00:00.0000000-06:00,0.000000,,,0,,NOAA,2013-03-29T15:47:48.0770000-06:00,in
37,USC00051772,Snow,1966-05-19T00:00:00.0000000-06:00,0.000000,,,0,,NOAA,2013-03-29T15:47:48.0770000-06:00,in
37,USC00051772,Snow,1966-05-20T00:00:00.0000000-06:00,0.000000,,,0,,NOAA,2013-03-29T15:47:48.0770000-06:00,in
37,USC00051772,Snow,1966-05-21T00:00:00.0000000-06:00,0.000000,,,0,,NOAA,2013-03-29T15:47:48.0770000-06:00,in
37,USC00051772,Snow,1966-05-22T00:00:00.0000000-06:00,0.000000,,,0,,NOAA,2013-03-29T15:47:48.0770000-06:00,in
37,USC00051772,Snow,1966-05-23T00:00:00.0000000-06:00,0.000000,,,0,,NOAA,2013-03-29T15:47:48.0770000-06:00,in
37,USC00051772,Snow,1966-05-24T00:00:00.0000000-06:00,0.000000,,,0,,NOAA,2013-03-29T15:47:48.0770000-06:00,in
37,USC00051772,Snow,1966-05-25T00:00:00.0000000-06:00,0.000000,,,0,,NOAA,2013-03-29T15:47:48.0770000-06:00,in
37,USC00051772,Snow,1966-05-26T00:00:00.0000000-06:00,0.000000,,,0,,NOAA,2013-03-29T15:47:48.0770000-06:00,in
37,USC00051772,Snow,1966-05-27T00:00:00.0000000-06:00,0.000000,,,0,,NOAA,2013-03-29T15:47:48.0770000-06:00,in
37,USC00051772,Snow,1966-05-28T00:00:00.0000000-06:00,0.000000,,,0,,NOAA,2013-03-29T15:47:48.0770000-06:00,in
37,USC00051772,Snow,1966-05-29T00:00:00.0000000-06:00,0.000000,,,0,,NOAA,2013-03-29T15:47:48.0770000-06:00,in
37,USC00051772,Snow,1966-05-30T00:00:00.0000000-06:00,0.000000,,,0,,NOAA,2013-03-29T15:47:48.0770000-06:00,in
37,USC00051772,Snow,1966-05-31T00:00:00.0000000-06:00,0.000000,,,0,,NOAA,2013-03-29T15:47:48.0770000-06:00,in
37,USC00051772,Snow,1966-06-01T00:00:00.0000000-06:00,0.000000,,,0,,NOAA,2013-03-29T15:47:48.0770000-06:00,in
37,USC00051772,Snow,1966-06-02T00:00:00.0000000-06:00,0.000000,,,0,,NOAA,2013-03-29T15:47:48.0770000-06:00,in
37,USC00051772,Snow,1966-06-03T00:00:00.0000000-06:00,0.000000,,,0,,NOAA,2013-03-29T15:47:48.0770000-06:00,in
37,USC00051772,Snow,1966-06-04T00:00:00.0000000-06:00,0.000000,,,0,,NOAA,2013-03-29T15:47:48.0770000-06:00,in
37,USC00051772,Snow,1966-06-05T00:00:00.0000000-06:00,0.000000,,,0,,NOAA,2013-03-29T15:47:48.0770000-06:00,in
37,USC00051772,Snow,1966-06-06T00:00:00.0000000-06:00,0.000000,,,0,,NOAA,2013-03-29T15:47:48.0770000-06:00,in
37,USC00051772,Snow,1966-06-07T00:00:00.0000000-06:00,0.000000,,,0,,NOAA,2013-03-29T15:47:48.0770000-06:00,in
37,USC00051772,Snow,1966-06-08T00:00:00.0000000-06:00,0.000000,,,0,,NOAA,2013-03-29T15:47:48.0770000-06:00,in
37,USC00051772,Snow,1966-06-09T00:00:00.0000000-06:00,0.000000,,,0,,NOAA,2013-03-29T15:47:48.0770000-06:00,in
37,USC00051772,Snow,1966-06-10T00:00:00.0000000-06:00,0.000000,,,0,,NOAA,2013-03-29T15:47:48.0770000-06:00,in
37,USC00051772,Snow,1966-06-11T00:00:00.0000000-06:00,0.000000,,,0,,NOAA,2013-03-29T15:47:48.0770000-06:00,in
37,USC00051772,Snow,1966-06-12T00:00:00.0000000-06:00,0.000000,,,0,,NOAA,2013-03-29T15:47:48.0770000-06:00,in
37,USC00051772,Snow,1966-06-13T00:00:00.0000000-06:00,0.000000,,,0,,NOAA,2013-03-29T15:47:48.0770000-06:00,in
37,USC00051772,Snow,1966-06-14T00:00:00.0000000-06:00,0.000000,,,0,,NOAA,2013-03-29T15:47:48.0770000-06:00,in
37,USC00051772,Snow,1966-06-15T00:00:00.0000000-06:00,0.000000,,,0,,NOAA,2013-03-29T15:47:48.0770000-06:00,in
37,USC00051772,Snow,1966-06-16T00:00:00.0000000-06:00,0.000000,,,0,,NOAA,2013-03-29T15:47:48.0770000-06:00,in
37,USC00051772,Snow,1966-06-17T00:00:00.0000000-06:00,0.000000,,,0,,NOAA,2013-03-29T15:47:48.0770000-06:00,in
37,USC00051772,Snow,1966-06-18T00:00:00.0000000-06:00,0.000000,,,0,,NOAA,2013-03-29T15:47:48.0770000-06:00,in
37,USC00051772,Snow,1966-06-19T00:00:00.0000000-06:00,0.000000,,,0,,NOAA,2013-03-29T15:47:48.0770000-06:00,in
37,USC00051772,Snow,1966-06-20T00:00:00.0000000-06:00,0.000000,,,0,,NOAA,2013-03-29T15:47:48.0770000-06:00,in
37,USC00051772,Snow,1966-06-21T00:00:00.0000000-06:00,0.000000,,,0,,NOAA,2013-03-29T15:47:48.0770000-06:00,in
37,USC00051772,Snow,1966-06-22T00:00:00.0000000-06:00,0.000000,,,0,,NOAA,2013-03-29T15:47:48.0770000-06:00,in
37,USC00051772,Snow,1966-06-23T00:00:00.0000000-06:00,0.000000,,,0,,NOAA,2013-03-29T15:47:48.0770000-06:00,in
37,USC00051772,Snow,1966-06-24T00:00:00.0000000-06:00,0.000000,,,0,,NOAA,2013-03-29T15:47:48.0770000-06:00,in
37,USC00051772,Snow,1966-06-25T00:00:00.0000000-06:00,0.000000,,,0,,NOAA,2013-03-29T15:47:48.0770000-06:00,in
37,USC00051772,Snow,1966-06-26T00:00:00.0000000-06:00,0.000000,,,0,,NOAA,2013-03-29T15:47:48.0770000-06:00,in
37,USC00051772,Snow,1966-06-27T00:00:00.0000000-06:00,0.000000,,,0,,NOAA,2013-03-29T15:47:48.0770000-06:00,in
37,USC00051772,Snow,1966-06-28T00:00:00.0000000-06:00,0.000000,,,0,,NOAA,2013-03-29T15:47:48.0770000-06:00,in
37,USC00051772,Snow,1966-06-29T00:00:00.0000000-06:00,0.000000,,,0,,NOAA,2013-03-29T15:47:48.0770000-06:00,in
37,USC00051772,Snow,1966-06-30T00:00:00.0000000-06:00,0.000000,,,0,,NOAA,2013-03-29T15:47:48.0770000-06:00,in
37,USC00051772,Snow,1966-07-01T00:00:00.0000000-06:00,0.000000,,,0,,NOAA,2013-03-29T15:47:48.0770000-06:00,in
37,USC00051772,Snow,1966-07-02T00:00:00.0000000-06:00,0.000000,,,0,,NOAA,2013-03-29T15:47:48.0770000-06:00,in
37,USC00051772,Snow,1966-07-03T00:00:00.0000000-06:00,0.000000,,,0,,NOAA,2013-03-29T15:47:48.0770000-06:00,in
37,USC00051772,Snow,1966-07-04T00:00:00.0000000-06:00,0.000000,,,0,,NOAA,2013-03-29T15:47:48.0770000-06:00,in
37,USC00051772,Snow,1966-07-05T00:00:00.0000000-06:00,0.000000,,,0,,NOAA,2013-03-29T15:47:48.0770000-06:00,in
37,USC00051772,Snow,1966-07-06T00:00:00.0000000-06:00,0.000000,,,0,,NOAA,2013-03-29T15:47:48.0770000-06:00,in
37,USC00051772,Snow,1966-07-07T00:00:00.0000000-06:00,0.000000,,,0,,NOAA,2013-03-29T15:47:48.0770000-06:00,in
37,USC00051772,Snow,1966-07-08T00:00:00.0000000-06:00,0.000000,,,0,,NOAA,2013-03-29T15:47:48.0770000-06:00,in
37,USC00051772,Snow,1966-07-09T00:00:00.0000000-06:00,0.000000,,,0,,NOAA,2013-03-29T15:47:48.0770000-06:00,in
37,USC00051772,Snow,1966-07-10T00:00:00.0000000-06:00,0.000000,,,0,,NOAA,2013-03-29T15:47:48.0770000-06:00,in
37,USC00051772,Snow,1966-07-11T00:00:00.0000000-06:00,0.000000,,,0,,NOAA,2013-03-29T15:47:48.0770000-06:00,in
37,USC00051772,Snow,1966-07-12T00:00:00.0000000-06:00,0.000000,,,0,,NOAA,2013-03-29T15:47:48.0770000-06:00,in
37,USC00051772,Snow,1966-07-13T00:00:00.0000000-06:00,0.000000,,,0,,NOAA,2013-03-29T15:47:48.0770000-06:00,in
37,USC00051772,Snow,1966-07-14T00:00:00.0000000-06:00,0.000000,,,0,,NOAA,2013-03-29T15:47:48.0770000-06:00,in
37,USC00051772,Snow,1966-07-15T00:00:00.0000000-06:00,0.000000,,,0,,NOAA,2013-03-29T15:47:48.0770000-06:00,in
37,USC00051772,Snow,1966-07-16T00:00:00.0000000-06:00,0.000000,,,0,,NOAA,2013-03-29T15:47:48.0770000-06:00,in
37,USC00051772,Snow,1966-07-17T00:00:00.0000000-06:00,0.000000,,,0,,NOAA,2013-03-29T15:47:48.0770000-06:00,in
37,USC00051772,Snow,1966-07-18T00:00:00.0000000-06:00,0.000000,,,0,,NOAA,2013-03-29T15:47:48.0770000-06:00,in
37,USC00051772,Snow,1966-07-19T00:00:00.0000000-06:00,0.000000,,,0,,NOAA,2013-03-29T15:47:48.0770000-06:00,in
37,USC00051772,Snow,1966-07-20T00:00:00.0000000-06:00,0.000000,,,0,,NOAA,2013-03-29T15:47:48.0770000-06:00,in
37,USC00051772,Snow,1966-07-21T00:00:00.0000000-06:00,0.000000,,,0,,NOAA,2013-03-29T15:47:48.0770000-06:00,in
37,USC00051772,Snow,1966-07-22T00:00:00.0000000-06:00,0.000000,,,0,,NOAA,2013-03-29T15:47:48.0770000-06:00,in
37,USC00051772,Snow,1966-07-23T00:00:00.0000000-06:00,0.000000,,,0,,NOAA,2013-03-29T15:47:48.0770000-06:00,in
37,USC00051772,Snow,1966-07-24T00:00:00.0000000-06:00,0.000000,,,0,,NOAA,2013-03-29T15:47:48.0770000-06:00,in
37,USC00051772,Snow,1966-07-25T00:00:00.0000000-06:00,0.000000,,,0,,NOAA,2013-03-29T15:47:48.0770000-06:00,in
37,USC00051772,Snow,1966-07-26T00:00:00.0000000-06:00,0.000000,,,0,,NOAA,2013-03-29T15:47:48.0770000-06:00,in
37,USC00051772,Snow,1966-07-27T00:00:00.0000000-06:00,0.000000,,,0,,NOAA,2013-03-29T15:47:48.0770000-06:00,in
37,USC00051772,Snow,1966-07-28T00:00:00.0000000-06:00,0.000000,,,0,,NOAA,2013-03-29T15:47:48.0770000-06:00,in
37,USC00051772,Snow,1966-07-29T00:00:00.0000000-06:00,0.000000,,,0,,NOAA,2013-03-29T15:47:48.0770000-06:00,in
37,USC00051772,Snow,1966-07-30T00:00:00.0000000-06:00,0.000000,,,0,,NOAA,2013-03-29T15:47:48.0770000-06:00,in
37,USC00051772,Snow,1966-07-31T00:00:00.0000000-06:00,0.000000,,,0,,NOAA,2013-03-29T15:47:48.0770000-06:00,in
37,USC00051772,Snow,1966-08-01T00:00:00.0000000-06:00,0.000000,,,0,,NOAA,2013-03-29T15:47:48.0770000-06:00,in
37,USC00051772,Snow,1966-08-02T00:00:00.0000000-06:00,0.000000,,,0,,NOAA,2013-03-29T15:47:48.0770000-06:00,in
37,USC00051772,Snow,1966-08-03T00:00:00.0000000-06:00,0.000000,,,0,,NOAA,2013-03-29T15:47:48.0770000-06:00,in
37,USC00051772,Snow,1966-08-04T00:00:00.0000000-06:00,0.000000,,,0,,NOAA,2013-03-29T15:47:48.0770000-06:00,in
37,USC00051772,Snow,1966-08-05T00:00:00.0000000-06:00,0.000000,,,0,,NOAA,2013-03-29T15:47:48.0770000-06:00,in
37,USC00051772,Snow,1966-08-06T00:00:00.0000000-06:00,0.000000,,,0,,NOAA,2013-03-29T15:47:48.0770000-06:00,in
37,USC00051772,Snow,1966-08-07T00:00:00.0000000-06:00,0.000000,,,0,,NOAA,2013-03-29T15:47:48.0770000-06:00,in
37,USC00051772,Snow,1966-08-08T00:00:00.0000000-06:00,0.000000,,,0,,NOAA,2013-03-29T15:47:48.0770000-06:00,in
37,USC00051772,Snow,1966-08-09T00:00:00.0000000-06:00,0.000000,,,0,,NOAA,2013-03-29T15:47:48.0770000-06:00,in
37,USC00051772,Snow,1966-08-10T00:00:00.0000000-06:00,0.000000,,,0,,NOAA,2013-03-29T15:47:48.0770000-06:00,in
37,USC00051772,Snow,1966-08-11T00:00:00.0000000-06:00,0.000000,,,0,,NOAA,2013-03-29T15:47:48.0770000-06:00,in
37,USC00051772,Snow,1966-08-12T00:00:00.0000000-06:00,0.000000,,,0,,NOAA,2013-03-29T15:47:48.0770000-06:00,in
37,USC00051772,Snow,1966-08-13T00:00:00.0000000-06:00,0.000000,,,0,,NOAA,2013-03-29T15:47:48.0770000-06:00,in
37,USC00051772,Snow,1966-08-14T00:00:00.0000000-06:00,0.000000,,,0,,NOAA,2013-03-29T15:47:48.0770000-06:00,in
37,USC00051772,Snow,1966-08-15T00:00:00.0000000-06:00,0.000000,,,0,,NOAA,2013-03-29T15:47:48.0770000-06:00,in
37,USC00051772,Snow,1966-08-16T00:00:00.0000000-06:00,0.000000,,,0,,NOAA,2013-03-29T15:47:48.0770000-06:00,in
37,USC00051772,Snow,1966-08-17T00:00:00.0000000-06:00,0.000000,,,0,,NOAA,2013-03-29T15:47:48.0770000-06:00,in
37,USC00051772,Snow,1966-08-18T00:00:00.0000000-06:00,0.000000,,,0,,NOAA,2013-03-29T15:47:48.0770000-06:00,in
37,USC00051772,Snow,1966-08-19T00:00:00.0000000-06:00,0.000000,,,0,,NOAA,2013-03-29T15:47:48.0770000-06:00,in
37,USC00051772,Snow,1966-08-20T00:00:00.0000000-06:00,0.000000,,,0,,NOAA,2013-03-29T15:47:48.0770000-06:00,in
37,USC00051772,Snow,1966-08-21T00:00:00.0000000-06:00,0.000000,,,0,,NOAA,2013-03-29T15:47:48.0770000-06:00,in
37,USC00051772,Snow,1966-08-22T00:00:00.0000000-06:00,0.000000,,,0,,NOAA,2013-03-29T15:47:48.0770000-06:00,in
37,USC00051772,Snow,1966-08-23T00:00:00.0000000-06:00,0.000000,,,0,,NOAA,2013-03-29T15:47:48.0770000-06:00,in
37,USC00051772,Snow,1966-08-24T00:00:00.0000000-06:00,0.000000,,,0,,NOAA,2013-03-29T15:47:48.0770000-06:00,in
37,USC00051772,Snow,1966-08-25T00:00:00.0000000-06:00,0.000000,,,0,,NOAA,2013-03-29T15:47:48.0770000-06:00,in
37,USC00051772,Snow,1966-08-26T00:00:00.0000000-06:00,0.000000,,,0,,NOAA,2013-03-29T15:47:48.0770000-06:00,in
37,USC00051772,Snow,1966-08-27T00:00:00.0000000-06:00,0.000000,,,0,,NOAA,2013-03-29T15:47:48.0770000-06:00,in
37,USC00051772,Snow,1966-08-28T00:00:00.0000000-06:00,0.000000,,,0,,NOAA,2013-03-29T15:47:48.0770000-06:00,in
37,USC00051772,Snow,1966-08-29T00:00:00.0000000-06:00,0.000000,,,0,,NOAA,2013-03-29T15:47:48.0770000-06:00,in
37,USC00051772,Snow,1966-08-30T00:00:00.0000000-06:00,0.000000,,,0,,NOAA,2013-03-29T15:47:48.0770000-06:00,in
37,USC00051772,Snow,1966-08-31T00:00:00.0000000-06:00,0.000000,,,0,,NOAA,2013-03-29T15:47:48.0770000-06:00,in
37,USC00051772,Snow,1966-09-01T00:00:00.0000000-06:00,0.000000,,,0,,NOAA,2013-03-29T15:47:48.0770000-06:00,in
37,USC00051772,Snow,1966-09-02T00:00:00.0000000-06:00,0.000000,,,0,,NOAA,2013-03-29T15:47:48.0770000-06:00,in
37,USC00051772,Snow,1966-09-03T00:00:00.0000000-06:00,0.000000,,,0,,NOAA,2013-03-29T15:47:48.0770000-06:00,in
37,USC00051772,Snow,1966-09-04T00:00:00.0000000-06:00,0.000000,,,0,,NOAA,2013-03-29T15:47:48.0770000-06:00,in
37,USC00051772,Snow,1966-09-05T00:00:00.0000000-06:00,0.000000,,,0,,NOAA,2013-03-29T15:47:48.0770000-06:00,in
37,USC00051772,Snow,1966-09-06T00:00:00.0000000-06:00,0.000000,,,0,,NOAA,2013-03-29T15:47:48.0770000-06:00,in
37,USC00051772,Snow,1966-09-07T00:00:00.0000000-06:00,0.000000,,,0,,NOAA,2013-03-29T15:47:48.0770000-06:00,in
37,USC00051772,Snow,1966-09-08T00:00:00.0000000-06:00,0.000000,,,0,,NOAA,2013-03-29T15:47:48.0770000-06:00,in
37,USC00051772,Snow,1966-09-09T00:00:00.0000000-06:00,0.000000,,,0,,NOAA,2013-03-29T15:47:48.0770000-06:00,in
37,USC00051772,Snow,1966-09-10T00:00:00.0000000-06:00,0.000000,,,0,,NOAA,2013-03-29T15:47:48.0770000-06:00,in
37,USC00051772,Snow,1966-09-11T00:00:00.0000000-06:00,0.000000,,,0,,NOAA,2013-03-29T15:47:48.0770000-06:00,in
37,USC00051772,Snow,1966-09-12T00:00:00.0000000-06:00,0.000000,,,0,,NOAA,2013-03-29T15:47:48.0770000-06:00,in
37,USC00051772,Snow,1966-09-13T00:00:00.0000000-06:00,0.000000,,,0,,NOAA,2013-03-29T15:47:48.0770000-06:00,in
37,USC00051772,Snow,1966-09-14T00:00:00.0000000-06:00,0.000000,,,0,,NOAA,2013-03-29T15:47:48.0770000-06:00,in
37,USC00051772,Snow,1966-09-15T00:00:00.0000000-06:00,0.000000,,,0,,NOAA,2013-03-29T15:47:48.0770000-06:00,in
37,USC00051772,Snow,1966-09-16T00:00:00.0000000-06:00,0.000000,,,0,,NOAA,2013-03-29T15:47:48.0770000-06:00,in
37,USC00051772,Snow,1966-09-17T00:00:00.0000000-06:00,0.000000,,,0,,NOAA,2013-03-29T15:47:48.0770000-06:00,in
37,USC00051772,Snow,1966-09-18T00:00:00.0000000-06:00,0.000000,,,0,,NOAA,2013-03-29T15:47:48.0770000-06:00,in
37,USC00051772,Snow,1966-09-19T00:00:00.0000000-06:00,0.000000,,,0,,NOAA,2013-03-29T15:47:48.0770000-06:00,in
37,USC00051772,Snow,1966-09-20T00:00:00.0000000-06:00,0.000000,,,0,,NOAA,2013-03-29T15:47:48.0770000-06:00,in
37,USC00051772,Snow,1966-09-21T00:00:00.0000000-06:00,0.000000,,,0,,NOAA,2013-03-29T15:47:48.0770000-06:00,in
37,USC00051772,Snow,1966-09-22T00:00:00.0000000-06:00,0.000000,,,0,,NOAA,2013-03-29T15:47:48.0770000-06:00,in
37,USC00051772,Snow,1966-09-23T00:00:00.0000000-06:00,0.000000,,,0,,NOAA,2013-03-29T15:47:48.0770000-06:00,in
37,USC00051772,Snow,1966-09-24T00:00:00.0000000-06:00,0.000000,,,0,,NOAA,2013-03-29T15:47:48.0770000-06:00,in
37,USC00051772,Snow,1966-09-25T00:00:00.0000000-06:00,0.000000,,,0,,NOAA,2013-03-29T15:47:48.0770000-06:00,in
37,USC00051772,Snow,1966-09-26T00:00:00.0000000-06:00,0.000000,,,0,,NOAA,2013-03-29T15:47:48.0770000-06:00,in
37,USC00051772,Snow,1966-09-27T00:00:00.0000000-06:00,0.000000,,,0,,NOAA,2013-03-29T15:47:48.0770000-06:00,in
37,USC00051772,Snow,1966-09-28T00:00:00.0000000-06:00,0.000000,,,0,,NOAA,2013-03-29T15:47:48.0770000-06:00,in
37,USC00051772,Snow,1966-09-29T00:00:00.0000000-06:00,0.000000,,,0,,NOAA,2013-03-29T15:47:48.0770000-06:00,in
37,USC00051772,Snow,1966-09-30T00:00:00.0000000-06:00,0.000000,,,0,,NOAA,2013-03-29T15:47:48.0770000-06:00,in
37,USC00051772,Snow,1966-10-01T00:00:00.0000000-06:00,0.000000,,,0,,NOAA,2013-03-29T15:47:48.0770000-06:00,in
37,USC00051772,Snow,1966-10-02T00:00:00.0000000-06:00,0.000000,,,0,,NOAA,2013-03-29T15:47:48.0770000-06:00,in
37,USC00051772,Snow,1966-10-03T00:00:00.0000000-06:00,0.000000,,,0,,NOAA,2013-03-29T15:47:48.0770000-06:00,in
37,USC00051772,Snow,1966-10-04T00:00:00.0000000-06:00,0.000000,,,0,,NOAA,2013-03-29T15:47:48.0770000-06:00,in
37,USC00051772,Snow,1966-10-05T00:00:00.0000000-06:00,0.000000,,,0,,NOAA,2013-03-29T15:47:48.0770000-06:00,in
37,USC00051772,Snow,1966-10-06T00:00:00.0000000-06:00,0.000000,,,0,,NOAA,2013-03-29T15:47:48.0770000-06:00,in
37,USC00051772,Snow,1966-10-07T00:00:00.0000000-06:00,0.000000,,,0,,NOAA,2013-03-29T15:47:48.0770000-06:00,in
37,USC00051772,Snow,1966-10-08T00:00:00.0000000-06:00,0.000000,,,0,,NOAA,2013-03-29T15:47:48.0770000-06:00,in
37,USC00051772,Snow,1966-10-09T00:00:00.0000000-06:00,0.000000,,,0,,NOAA,2013-03-29T15:47:48.0770000-06:00,in
37,USC00051772,Snow,1966-10-10T00:00:00.0000000-06:00,0.000000,,,0,,NOAA,2013-03-29T15:47:48.0770000-06:00,in
37,USC00051772,Snow,1966-10-11T00:00:00.0000000-06:00,0.000000,,,0,,NOAA,2013-03-29T15:47:48.0770000-06:00,in
37,USC00051772,Snow,1966-10-12T00:00:00.0000000-06:00,0.000000,,,0,,NOAA,2013-03-29T15:47:48.0770000-06:00,in
37,USC00051772,Snow,1966-10-13T00:00:00.0000000-06:00,0.000000,,,0,,NOAA,2013-03-29T15:47:48.0770000-06:00,in
37,USC00051772,Snow,1966-10-14T00:00:00.0000000-06:00,0.000000,,,0,,NOAA,2013-03-29T15:47:48.0770000-06:00,in
37,USC00051772,Snow,1966-10-15T00:00:00.0000000-06:00,2.992126,,,0,,NOAA,2013-03-29T15:47:48.0770000-06:00,in
37,USC00051772,Snow,1966-10-16T00:00:00.0000000-06:00,0.000000,,,0,,NOAA,2013-03-29T15:47:48.0770000-06:00,in
37,USC00051772,Snow,1966-10-17T00:00:00.0000000-06:00,0.000000,,,0,,NOAA,2013-03-29T15:47:48.0770000-06:00,in
37,USC00051772,Snow,1966-10-18T00:00:00.0000000-06:00,0.000000,,,0,,NOAA,2013-03-29T15:47:48.0770000-06:00,in
37,USC00051772,Snow,1966-10-19T00:00:00.0000000-06:00,0.000000,,,0,,NOAA,2013-03-29T15:47:48.0770000-06:00,in
37,USC00051772,Snow,1966-10-20T00:00:00.0000000-06:00,0.000000,,,0,,NOAA,2013-03-29T15:47:48.0770000-06:00,in
37,USC00051772,Snow,1966-10-21T00:00:00.0000000-06:00,0.000000,,,0,,NOAA,2013-03-29T15:47:48.0770000-06:00,in
37,USC00051772,Snow,1966-10-22T00:00:00.0000000-06:00,0.000000,,,0,,NOAA,2013-03-29T15:47:48.0770000-06:00,in
37,USC00051772,Snow,1966-10-23T00:00:00.0000000-06:00,0.000000,,,0,,NOAA,2013-03-29T15:47:48.0770000-06:00,in
37,USC00051772,Snow,1966-10-24T00:00:00.0000000-06:00,0.000000,,,0,,NOAA,2013-03-29T15:47:48.0770000-06:00,in
37,USC00051772,Snow,1966-10-25T00:00:00.0000000-06:00,0.000000,,,0,,NOAA,2013-03-29T15:47:48.0770000-06:00,in
37,USC00051772,Snow,1966-10-26T00:00:00.0000000-06:00,0.000000,,,0,,NOAA,2013-03-29T15:47:48.0770000-06:00,in
37,USC00051772,Snow,1966-10-27T00:00:00.0000000-06:00,0.000000,,,0,,NOAA,2013-03-29T15:47:48.0770000-06:00,in
37,USC00051772,Snow,1966-10-28T00:00:00.0000000-06:00,0.000000,,,0,,NOAA,2013-03-29T15:47:48.0770000-06:00,in
37,USC00051772,Snow,1966-10-29T00:00:00.0000000-06:00,0.000000,,,0,,NOAA,2013-03-29T15:47:48.0770000-06:00,in
37,USC00051772,Snow,1966-10-30T00:00:00.0000000-06:00,0.000000,,,0,,NOAA,2013-03-29T15:47:48.0770000-06:00,in
37,USC00051772,Snow,1966-10-31T00:00:00.0000000-07:00,0.000000,,,0,,NOAA,2013-03-29T15:47:48.0770000-06:00,in
37,USC00051772,Snow,1966-11-01T00:00:00.0000000-07:00,0.000000,,,0,,NOAA,2013-03-29T15:47:48.0770000-06:00,in
37,USC00051772,Snow,1966-11-02T00:00:00.0000000-07:00,0.000000,,,0,,NOAA,2013-03-29T15:47:48.0770000-06:00,in
37,USC00051772,Snow,1966-11-03T00:00:00.0000000-07:00,0.000000,,,0,,NOAA,2013-03-29T15:47:48.0770000-06:00,in
37,USC00051772,Snow,1966-11-04T00:00:00.0000000-07:00,0.000000,,,0,,NOAA,2013-03-29T15:47:48.0770000-06:00,in
37,USC00051772,Snow,1966-11-05T00:00:00.0000000-07:00,0.000000,,,0,,NOAA,2013-03-29T15:47:48.0770000-06:00,in
37,USC00051772,Snow,1966-11-06T00:00:00.0000000-07:00,0.000000,,,0,,NOAA,2013-03-29T15:47:48.0770000-06:00,in
37,USC00051772,Snow,1966-11-07T00:00:00.0000000-07:00,0.000000,,,0,,NOAA,2013-03-29T15:47:48.0770000-06:00,in
37,USC00051772,Snow,1966-11-08T00:00:00.0000000-07:00,0.000000,,,0,,NOAA,2013-03-29T15:47:48.0770000-06:00,in
37,USC00051772,Snow,1966-11-09T00:00:00.0000000-07:00,5.000000,,,0,,NOAA,2013-03-29T15:47:48.0770000-06:00,in
37,USC00051772,Snow,1966-11-10T00:00:00.0000000-07:00,0.000000,T,,0,,NOAA,2013-03-29T15:47:48.0770000-06:00,in
37,USC00051772,Snow,1966-11-11T00:00:00.0000000-07:00,0.000000,,,0,,NOAA,2013-03-29T15:47:48.0770000-06:00,in
37,USC00051772,Snow,1966-11-12T00:00:00.0000000-07:00,0.000000,,,0,,NOAA,2013-03-29T15:47:48.0770000-06:00,in
37,USC00051772,Snow,1966-11-13T00:00:00.0000000-07:00,0.000000,,,0,,NOAA,2013-03-29T15:47:48.0770000-06:00,in
37,USC00051772,Snow,1966-11-14T00:00:00.0000000-07:00,0.000000,,,0,,NOAA,2013-03-29T15:47:48.0770000-06:00,in
37,USC00051772,Snow,1966-11-15T00:00:00.0000000-07:00,0.000000,,,0,,NOAA,2013-03-29T15:47:48.0770000-06:00,in
37,USC00051772,Snow,1966-11-16T00:00:00.0000000-07:00,0.000000,,,0,,NOAA,2013-03-29T15:47:48.0770000-06:00,in
37,USC00051772,Snow,1966-11-17T00:00:00.0000000-07:00,0.000000,,,0,,NOAA,2013-03-29T15:47:48.0770000-06:00,in
37,USC00051772,Snow,1966-11-18T00:00:00.0000000-07:00,0.000000,,,0,,NOAA,2013-03-29T15:47:48.0770000-06:00,in
37,USC00051772,Snow,1966-11-19T00:00:00.0000000-07:00,0.000000,,,0,,NOAA,2013-03-29T15:47:48.0770000-06:00,in
37,USC00051772,Snow,1966-11-20T00:00:00.0000000-07:00,0.000000,,,0,,NOAA,2013-03-29T15:47:48.0770000-06:00,in
37,USC00051772,Snow,1966-11-21T00:00:00.0000000-07:00,0.000000,,,0,,NOAA,2013-03-29T15:47:48.0770000-06:00,in
37,USC00051772,Snow,1966-11-22T00:00:00.0000000-07:00,0.000000,,,0,,NOAA,2013-03-29T15:47:48.0770000-06:00,in
37,USC00051772,Snow,1966-11-23T00:00:00.0000000-07:00,0.000000,,,0,,NOAA,2013-03-29T15:47:48.0770000-06:00,in
37,USC00051772,Snow,1966-11-24T00:00:00.0000000-07:00,0.000000,,,0,,NOAA,2013-03-29T15:47:48.0770000-06:00,in
37,USC00051772,Snow,1966-11-25T00:00:00.0000000-07:00,0.000000,,,0,,NOAA,2013-03-29T15:47:48.0770000-06:00,in
37,USC00051772,Snow,1966-11-26T00:00:00.0000000-07:00,0.000000,,,0,,NOAA,2013-03-29T15:47:48.0770000-06:00,in
37,USC00051772,Snow,1966-11-27T00:00:00.0000000-07:00,0.000000,,,0,,NOAA,2013-03-29T15:47:48.0770000-06:00,in
37,USC00051772,Snow,1966-11-28T00:00:00.0000000-07:00,0.000000,,,0,,NOAA,2013-03-29T15:47:48.0770000-06:00,in
37,USC00051772,Snow,1966-11-29T00:00:00.0000000-07:00,0.000000,,,0,,NOAA,2013-03-29T15:47:48.0770000-06:00,in
37,USC00051772,Snow,1966-11-30T00:00:00.0000000-07:00,0.000000,,,0,,NOAA,2013-03-29T15:47:48.0770000-06:00,in
37,USC00051772,Snow,1966-12-01T00:00:00.0000000-07:00,0.000000,,,0,,NOAA,2013-03-29T15:47:48.0770000-06:00,in
37,USC00051772,Snow,1966-12-02T00:00:00.0000000-07:00,0.000000,,,0,,NOAA,2013-03-29T15:47:48.0770000-06:00,in
37,USC00051772,Snow,1966-12-03T00:00:00.0000000-07:00,0.000000,,,0,,NOAA,2013-03-29T15:47:48.0770000-06:00,in
37,USC00051772,Snow,1966-12-04T00:00:00.0000000-07:00,0.000000,,,0,,NOAA,2013-03-29T15:47:48.0770000-06:00,in
37,USC00051772,Snow,1966-12-05T00:00:00.0000000-07:00,0.000000,,,0,,NOAA,2013-03-29T15:47:48.0770000-06:00,in
37,USC00051772,Snow,1966-12-06T00:00:00.0000000-07:00,0.000000,,,0,,NOAA,2013-03-29T15:47:48.0770000-06:00,in
37,USC00051772,Snow,1966-12-07T00:00:00.0000000-07:00,0.000000,,,0,,NOAA,2013-03-29T15:47:48.0770000-06:00,in
37,USC00051772,Snow,1966-12-08T00:00:00.0000000-07:00,0.000000,,,0,,NOAA,2013-03-29T15:47:48.0770000-06:00,in
37,USC00051772,Snow,1966-12-09T00:00:00.0000000-07:00,0.000000,,,0,,NOAA,2013-03-29T15:47:48.0770000-06:00,in
37,USC00051772,Snow,1966-12-10T00:00:00.0000000-07:00,0.000000,,,0,,NOAA,2013-03-29T15:47:48.0770000-06:00,in
37,USC00051772,Snow,1966-12-11T00:00:00.0000000-07:00,0.000000,,,0,,NOAA,2013-03-29T15:47:48.0770000-06:00,in
37,USC00051772,Snow,1966-12-12T00:00:00.0000000-07:00,0.000000,,,0,,NOAA,2013-03-29T15:47:48.0770000-06:00,in
37,USC00051772,Snow,1966-12-13T00:00:00.0000000-07:00,0.000000,,,0,,NOAA,2013-03-29T15:47:48.0770000-06:00,in
37,USC00051772,Snow,1966-12-14T00:00:00.0000000-07:00,0.000000,,,0,,NOAA,2013-03-29T15:47:48.0770000-06:00,in
37,USC00051772,Snow,1966-12-15T00:00:00.0000000-07:00,0.000000,,,0,,NOAA,2013-03-29T15:47:48.0770000-06:00,in
37,USC00051772,Snow,1966-12-16T00:00:00.0000000-07:00,0.000000,,,0,,NOAA,2013-03-29T15:47:48.0770000-06:00,in
37,USC00051772,Snow,1966-12-17T00:00:00.0000000-07:00,0.000000,,,0,,NOAA,2013-03-29T15:47:48.0770000-06:00,in
37,USC00051772,Snow,1966-12-18T00:00:00.0000000-07:00,0.000000,,,0,,NOAA,2013-03-29T15:47:48.0770000-06:00,in
37,USC00051772,Snow,1966-12-19T00:00:00.0000000-07:00,0.000000,,,0,,NOAA,2013-03-29T15:47:48.0770000-06:00,in
37,USC00051772,Snow,1966-12-20T00:00:00.0000000-07:00,0.000000,,,0,,NOAA,2013-03-29T15:47:48.0770000-06:00,in
37,USC00051772,Snow,1966-12-21T00:00:00.0000000-07:00,0.000000,,,0,,NOAA,2013-03-29T15:47:48.0770000-06:00,in
37,USC00051772,Snow,1966-12-22T00:00:00.0000000-07:00,0.000000,,,0,,NOAA,2013-03-29T15:47:48.0770000-06:00,in
37,USC00051772,Snow,1966-12-23T00:00:00.0000000-07:00,0.000000,,,0,,NOAA,2013-03-29T15:47:48.0770000-06:00,in
37,USC00051772,Snow,1966-12-24T00:00:00.0000000-07:00,0.000000,,,0,,NOAA,2013-03-29T15:47:48.0770000-06:00,in
37,USC00051772,Snow,1966-12-25T00:00:00.0000000-07:00,0.000000,,,0,,NOAA,2013-03-29T15:47:48.0770000-06:00,in
37,USC00051772,Snow,1966-12-26T00:00:00.0000000-07:00,0.000000,T,,0,,NOAA,2013-03-29T15:47:48.0770000-06:00,in
37,USC00051772,Snow,1966-12-27T00:00:00.0000000-07:00,7.007874,,,0,,NOAA,2013-03-29T15:47:48.0770000-06:00,in
37,USC00051772,Snow,1966-12-28T00:00:00.0000000-07:00,0.000000,,,0,,NOAA,2013-03-29T15:47:48.0770000-06:00,in
37,USC00051772,Snow,1966-12-29T00:00:00.0000000-07:00,0.000000,,,0,,NOAA,2013-03-29T15:47:48.0770000-06:00,in
37,USC00051772,Snow,1966-12-30T00:00:00.0000000-07:00,0.984252,,,0,,NOAA,2013-03-29T15:47:48.0770000-06:00,in
37,USC00051772,Snow,1966-12-31T00:00:00.0000000-07:00,0.511811,,,0,,NOAA,2013-03-29T15:47:48.0770000-06:00,in
37,USC00051772,Snow,1967-01-01T00:00:00.0000000-07:00,0.000000,,,0,,NOAA,2013-03-29T15:47:48.0770000-06:00,in
37,USC00051772,Snow,1967-01-02T00:00:00.0000000-07:00,0.000000,,,0,,NOAA,2013-03-29T15:47:48.0770000-06:00,in
37,USC00051772,Snow,1967-01-03T00:00:00.0000000-07:00,0.000000,,,0,,NOAA,2013-03-29T15:47:48.0770000-06:00,in
37,USC00051772,Snow,1967-01-04T00:00:00.0000000-07:00,0.000000,,,0,,NOAA,2013-03-29T15:47:48.0770000-06:00,in
37,USC00051772,Snow,1967-01-05T00:00:00.0000000-07:00,2.007874,,,0,,NOAA,2013-03-29T15:47:48.0770000-06:00,in
37,USC00051772,Snow,1967-01-06T00:00:00.0000000-07:00,0.000000,,,0,,NOAA,2013-03-29T15:47:48.0770000-06:00,in
37,USC00051772,Snow,1967-01-07T00:00:00.0000000-07:00,0.000000,T,,0,,NOAA,2013-03-29T15:47:48.0770000-06:00,in
37,USC00051772,Snow,1967-01-08T00:00:00.0000000-07:00,0.000000,,,0,,NOAA,2013-03-29T15:47:48.0770000-06:00,in
37,USC00051772,Snow,1967-01-09T00:00:00.0000000-07:00,0.000000,,,0,,NOAA,2013-03-29T15:47:48.0770000-06:00,in
37,USC00051772,Snow,1967-01-10T00:00:00.0000000-07:00,0.000000,,,0,,NOAA,2013-03-29T15:47:48.0770000-06:00,in
37,USC00051772,Snow,1967-01-11T00:00:00.0000000-07:00,0.000000,,,0,,NOAA,2013-03-29T15:47:48.0770000-06:00,in
37,USC00051772,Snow,1967-01-12T00:00:00.0000000-07:00,0.984252,,,0,,NOAA,2013-03-29T15:47:48.0770000-06:00,in
37,USC00051772,Snow,1967-01-13T00:00:00.0000000-07:00,0.000000,,,0,,NOAA,2013-03-29T15:47:48.0770000-06:00,in
37,USC00051772,Snow,1967-01-14T00:00:00.0000000-07:00,0.000000,,,0,,NOAA,2013-03-29T15:47:48.0770000-06:00,in
37,USC00051772,Snow,1967-01-15T00:00:00.0000000-07:00,0.000000,,,0,,NOAA,2013-03-29T15:47:48.0770000-06:00,in
37,USC00051772,Snow,1967-01-16T00:00:00.0000000-07:00,0.000000,,,0,,NOAA,2013-03-29T15:47:48.0770000-06:00,in
37,USC00051772,Snow,1967-01-17T00:00:00.0000000-07:00,0.000000,,,0,,NOAA,2013-03-29T15:47:48.0770000-06:00,in
37,USC00051772,Snow,1967-01-18T00:00:00.0000000-07:00,0.000000,,,0,,NOAA,2013-03-29T15:47:48.0770000-06:00,in
37,USC00051772,Snow,1967-01-19T00:00:00.0000000-07:00,0.000000,,,0,,NOAA,2013-03-29T15:47:48.0770000-06:00,in
37,USC00051772,Snow,1967-01-20T00:00:00.0000000-07:00,0.000000,,,0,,NOAA,2013-03-29T15:47:48.0770000-06:00,in
37,USC00051772,Snow,1967-01-21T00:00:00.0000000-07:00,0.000000,,,0,,NOAA,2013-03-29T15:47:48.0770000-06:00,in
37,USC00051772,Snow,1967-01-22T00:00:00.0000000-07:00,0.000000,,,0,,NOAA,2013-03-29T15:47:48.0770000-06:00,in
37,USC00051772,Snow,1967-01-23T00:00:00.0000000-07:00,0.984252,,,0,,NOAA,2013-03-29T15:47:48.0770000-06:00,in
37,USC00051772,Snow,1967-01-24T00:00:00.0000000-07:00,0.511811,,,0,,NOAA,2013-03-29T15:47:48.0770000-06:00,in
37,USC00051772,Snow,1967-01-25T00:00:00.0000000-07:00,0.984252,,,0,,NOAA,2013-03-29T15:47:48.0770000-06:00,in
37,USC00051772,Snow,1967-01-26T00:00:00.0000000-07:00,0.000000,,,0,,NOAA,2013-03-29T15:47:48.0770000-06:00,in
37,USC00051772,Snow,1967-01-27T00:00:00.0000000-07:00,0.000000,,,0,,NOAA,2013-03-29T15:47:48.0770000-06:00,in
37,USC00051772,Snow,1967-01-28T00:00:00.0000000-07:00,0.000000,,,0,,NOAA,2013-03-29T15:47:48.0770000-06:00,in
37,USC00051772,Snow,1967-01-29T00:00:00.0000000-07:00,0.000000,,,0,,NOAA,2013-03-29T15:47:48.0770000-06:00,in
37,USC00051772,Snow,1967-01-30T00:00:00.0000000-07:00,0.000000,,,0,,NOAA,2013-03-29T15:47:48.0770000-06:00,in
37,USC00051772,Snow,1967-01-31T00:00:00.0000000-07:00,0.000000,,,0,,NOAA,2013-03-29T15:47:48.0770000-06:00,in
37,USC00051772,Snow,1967-02-01T00:00:00.0000000-07:00,0.000000,,,0,,NOAA,2013-03-29T15:47:48.0770000-06:00,in
37,USC00051772,Snow,1967-02-02T00:00:00.0000000-07:00,0.000000,,,0,,NOAA,2013-03-29T15:47:48.0770000-06:00,in
37,USC00051772,Snow,1967-02-03T00:00:00.0000000-07:00,0.000000,,,0,,NOAA,2013-03-29T15:47:48.0770000-06:00,in
37,USC00051772,Snow,1967-02-04T00:00:00.0000000-07:00,0.000000,,,0,,NOAA,2013-03-29T15:47:48.0770000-06:00,in
37,USC00051772,Snow,1967-02-05T00:00:00.0000000-07:00,0.000000,T,,0,,NOAA,2013-03-29T15:47:48.0770000-06:00,in
37,USC00051772,Snow,1967-02-06T00:00:00.0000000-07:00,0.000000,,,0,,NOAA,2013-03-29T15:47:48.0770000-06:00,in
37,USC00051772,Snow,1967-02-07T00:00:00.0000000-07:00,0.000000,,,0,,NOAA,2013-03-29T15:47:48.0770000-06:00,in
37,USC00051772,Snow,1967-02-08T00:00:00.0000000-07:00,0.000000,,,0,,NOAA,2013-03-29T15:47:48.0770000-06:00,in
37,USC00051772,Snow,1967-02-09T00:00:00.0000000-07:00,0.000000,,,0,,NOAA,2013-03-29T15:47:48.0770000-06:00,in
37,USC00051772,Snow,1967-02-10T00:00:00.0000000-07:00,0.000000,,,0,,NOAA,2013-03-29T15:47:48.0770000-06:00,in
37,USC00051772,Snow,1967-02-11T00:00:00.0000000-07:00,0.000000,,,0,,NOAA,2013-03-29T15:47:48.0770000-06:00,in
37,USC00051772,Snow,1967-02-12T00:00:00.0000000-07:00,0.000000,,,0,,NOAA,2013-03-29T15:47:48.0770000-06:00,in
37,USC00051772,Snow,1967-02-13T00:00:00.0000000-07:00,0.000000,,,0,,NOAA,2013-03-29T15:47:48.0770000-06:00,in
37,USC00051772,Snow,1967-02-14T00:00:00.0000000-07:00,0.000000,,,0,,NOAA,2013-03-29T15:47:48.0770000-06:00,in
37,USC00051772,Snow,1967-02-15T00:00:00.0000000-07:00,0.000000,,,0,,NOAA,2013-03-29T15:47:48.0770000-06:00,in
37,USC00051772,Snow,1967-02-16T00:00:00.0000000-07:00,0.000000,,,0,,NOAA,2013-03-29T15:47:48.0770000-06:00,in
37,USC00051772,Snow,1967-02-17T00:00:00.0000000-07:00,0.000000,,,0,,NOAA,2013-03-29T15:47:48.0770000-06:00,in
37,USC00051772,Snow,1967-02-18T00:00:00.0000000-07:00,0.000000,,,0,,NOAA,2013-03-29T15:47:48.0770000-06:00,in
37,USC00051772,Snow,1967-02-19T00:00:00.0000000-07:00,0.000000,T,,0,,NOAA,2013-03-29T15:47:48.0770000-06:00,in
37,USC00051772,Snow,1967-02-20T00:00:00.0000000-07:00,0.000000,T,,0,,NOAA,2013-03-29T15:47:48.0770000-06:00,in
37,USC00051772,Snow,1967-02-21T00:00:00.0000000-07:00,0.000000,,,0,,NOAA,2013-03-29T15:47:48.0770000-06:00,in
37,USC00051772,Snow,1967-02-22T00:00:00.0000000-07:00,0.000000,,,0,,NOAA,2013-03-29T15:47:48.0770000-06:00,in
37,USC00051772,Snow,1967-02-23T00:00:00.0000000-07:00,0.000000,,,0,,NOAA,2013-03-29T15:47:48.0770000-06:00,in
37,USC00051772,Snow,1967-02-24T00:00:00.0000000-07:00,0.000000,,,0,,NOAA,2013-03-29T15:47:48.0770000-06:00,in
37,USC00051772,Snow,1967-02-25T00:00:00.0000000-07:00,0.000000,T,,0,,NOAA,2013-03-29T15:47:48.0770000-06:00,in
37,USC00051772,Snow,1967-02-26T00:00:00.0000000-07:00,0.000000,T,,0,,NOAA,2013-03-29T15:47:48.0770000-06:00,in
37,USC00051772,Snow,1967-02-27T00:00:00.0000000-07:00,0.000000,,,0,,NOAA,2013-03-29T15:47:48.0770000-06:00,in
37,USC00051772,Snow,1967-02-28T00:00:00.0000000-07:00,0.000000,,,0,,NOAA,2013-03-29T15:47:48.0770000-06:00,in
37,USC00051772,Snow,1967-03-01T00:00:00.0000000-07:00,0.000000,,,0,,NOAA,2013-03-29T15:47:48.0770000-06:00,in
37,USC00051772,Snow,1967-03-02T00:00:00.0000000-07:00,0.000000,,,0,,NOAA,2013-03-29T15:47:48.0770000-06:00,in
37,USC00051772,Snow,1967-03-03T00:00:00.0000000-07:00,0.000000,,,0,,NOAA,2013-03-29T15:47:48.0770000-06:00,in
37,USC00051772,Snow,1967-03-04T00:00:00.0000000-07:00,0.000000,,,0,,NOAA,2013-03-29T15:47:48.0770000-06:00,in
37,USC00051772,Snow,1967-03-05T00:00:00.0000000-07:00,4.015748,,,0,,NOAA,2013-03-29T15:47:48.0770000-06:00,in
37,USC00051772,Snow,1967-03-06T00:00:00.0000000-07:00,0.000000,,,0,,NOAA,2013-03-29T15:47:48.0770000-06:00,in
37,USC00051772,Snow,1967-03-07T00:00:00.0000000-07:00,0.000000,,,0,,NOAA,2013-03-29T15:47:48.0770000-06:00,in
37,USC00051772,Snow,1967-03-08T00:00:00.0000000-07:00,0.000000,,,0,,NOAA,2013-03-29T15:47:48.0770000-06:00,in
37,USC00051772,Snow,1967-03-09T00:00:00.0000000-07:00,0.000000,,,0,,NOAA,2013-03-29T15:47:48.0770000-06:00,in
37,USC00051772,Snow,1967-03-10T00:00:00.0000000-07:00,0.000000,,,0,,NOAA,2013-03-29T15:47:48.0770000-06:00,in
37,USC00051772,Snow,1967-03-11T00:00:00.0000000-07:00,0.000000,,,0,,NOAA,2013-03-29T15:47:48.0770000-06:00,in
37,USC00051772,Snow,1967-03-12T00:00:00.0000000-07:00,0.000000,,,0,,NOAA,2013-03-29T15:47:48.0770000-06:00,in
37,USC00051772,Snow,1967-03-13T00:00:00.0000000-07:00,0.000000,,,0,,NOAA,2013-03-29T15:47:48.0770000-06:00,in
37,USC00051772,Snow,1967-03-14T00:00:00.0000000-07:00,0.000000,T,,0,,NOAA,2013-03-29T15:47:48.0770000-06:00,in
37,USC00051772,Snow,1967-03-15T00:00:00.0000000-07:00,0.000000,,,0,,NOAA,2013-03-29T15:47:48.0770000-06:00,in
37,USC00051772,Snow,1967-03-16T00:00:00.0000000-07:00,0.000000,,,0,,NOAA,2013-03-29T15:47:48.0770000-06:00,in
37,USC00051772,Snow,1967-03-17T00:00:00.0000000-07:00,0.000000,,,0,,NOAA,2013-03-29T15:47:48.0770000-06:00,in
37,USC00051772,Snow,1967-03-18T00:00:00.0000000-07:00,0.000000,,,0,,NOAA,2013-03-29T15:47:48.0770000-06:00,in
37,USC00051772,Snow,1967-03-19T00:00:00.0000000-07:00,0.000000,,,0,,NOAA,2013-03-29T15:47:48.0770000-06:00,in
37,USC00051772,Snow,1967-03-20T00:00:00.0000000-07:00,0.000000,,,0,,NOAA,2013-03-29T15:47:48.0770000-06:00,in
37,USC00051772,Snow,1967-03-21T00:00:00.0000000-07:00,0.000000,,,0,,NOAA,2013-03-29T15:47:48.0770000-06:00,in
37,USC00051772,Snow,1967-03-22T00:00:00.0000000-07:00,0.000000,,,0,,NOAA,2013-03-29T15:47:48.0770000-06:00,in
37,USC00051772,Snow,1967-03-23T00:00:00.0000000-07:00,0.000000,,,0,,NOAA,2013-03-29T15:47:48.0770000-06:00,in
37,USC00051772,Snow,1967-03-24T00:00:00.0000000-07:00,0.000000,,,0,,NOAA,2013-03-29T15:47:48.0770000-06:00,in
37,USC00051772,Snow,1967-03-25T00:00:00.0000000-07:00,0.000000,,,0,,NOAA,2013-03-29T15:47:48.0770000-06:00,in
37,USC00051772,Snow,1967-03-26T00:00:00.0000000-07:00,0.000000,,,0,,NOAA,2013-03-29T15:47:48.0770000-06:00,in
37,USC00051772,Snow,1967-03-27T00:00:00.0000000-07:00,0.000000,,,0,,NOAA,2013-03-29T15:47:48.0770000-06:00,in
37,USC00051772,Snow,1967-03-28T00:00:00.0000000-07:00,0.000000,,,0,,NOAA,2013-03-29T15:47:48.0770000-06:00,in
37,USC00051772,Snow,1967-03-29T00:00:00.0000000-07:00,0.000000,,,0,,NOAA,2013-03-29T15:47:48.0770000-06:00,in
37,USC00051772,Snow,1967-03-30T00:00:00.0000000-07:00,0.984252,,,0,,NOAA,2013-03-29T15:47:48.0770000-06:00,in
37,USC00051772,Snow,1967-03-31T00:00:00.0000000-07:00,0.000000,,,0,,NOAA,2013-03-29T15:47:48.0770000-06:00,in
37,USC00051772,Snow,1967-04-01T00:00:00.0000000-07:00,0.000000,,,0,,NOAA,2013-03-29T15:47:48.0770000-06:00,in
37,USC00051772,Snow,1967-04-02T00:00:00.0000000-07:00,0.000000,,,0,,NOAA,2013-03-29T15:47:48.0770000-06:00,in
37,USC00051772,Snow,1967-04-03T00:00:00.0000000-06:00,0.000000,,,0,,NOAA,2013-03-29T15:47:48.0770000-06:00,in
37,USC00051772,Snow,1967-04-04T00:00:00.0000000-06:00,0.000000,,,0,,NOAA,2013-03-29T15:47:48.0770000-06:00,in
37,USC00051772,Snow,1967-04-05T00:00:00.0000000-06:00,0.000000,,,0,,NOAA,2013-03-29T15:47:48.0770000-06:00,in
37,USC00051772,Snow,1967-04-06T00:00:00.0000000-06:00,0.000000,,,0,,NOAA,2013-03-29T15:47:48.0770000-06:00,in
37,USC00051772,Snow,1967-04-07T00:00:00.0000000-06:00,0.000000,,,0,,NOAA,2013-03-29T15:47:48.0770000-06:00,in
37,USC00051772,Snow,1967-04-08T00:00:00.0000000-06:00,0.000000,,,0,,NOAA,2013-03-29T15:47:48.0770000-06:00,in
37,USC00051772,Snow,1967-04-09T00:00:00.0000000-06:00,0.000000,,,0,,NOAA,2013-03-29T15:47:48.0770000-06:00,in
37,USC00051772,Snow,1967-04-10T00:00:00.0000000-06:00,0.000000,,,0,,NOAA,2013-03-29T15:47:48.0770000-06:00,in
37,USC00051772,Snow,1967-04-11T00:00:00.0000000-06:00,0.000000,,,0,,NOAA,2013-03-29T15:47:48.0770000-06:00,in
37,USC00051772,Snow,1967-04-12T00:00:00.0000000-06:00,0.000000,,,0,,NOAA,2013-03-29T15:47:48.0770000-06:00,in
37,USC00051772,Snow,1967-04-13T00:00:00.0000000-06:00,0.000000,T,,0,,NOAA,2013-03-29T15:47:48.0770000-06:00,in
37,USC00051772,Snow,1967-04-14T00:00:00.0000000-06:00,0.000000,,,0,,NOAA,2013-03-29T15:47:48.0770000-06:00,in
37,USC00051772,Snow,1967-04-15T00:00:00.0000000-06:00,0.000000,,,0,,NOAA,2013-03-29T15:47:48.0770000-06:00,in
37,USC00051772,Snow,1967-04-16T00:00:00.0000000-06:00,0.000000,T,,0,,NOAA,2013-03-29T15:47:48.0770000-06:00,in
37,USC00051772,Snow,1967-04-17T00:00:00.0000000-06:00,0.000000,,,0,,NOAA,2013-03-29T15:47:48.0770000-06:00,in
37,USC00051772,Snow,1967-04-18T00:00:00.0000000-06:00,0.000000,,,0,,NOAA,2013-03-29T15:47:48.0770000-06:00,in
37,USC00051772,Snow,1967-04-19T00:00:00.0000000-06:00,0.000000,,,0,,NOAA,2013-03-29T15:47:48.0770000-06:00,in
37,USC00051772,Snow,1967-04-20T00:00:00.0000000-06:00,0.000000,,,0,,NOAA,2013-03-29T15:47:48.0770000-06:00,in
37,USC00051772,Snow,1967-04-21T00:00:00.0000000-06:00,0.000000,,,0,,NOAA,2013-03-29T15:47:48.0770000-06:00,in
37,USC00051772,Snow,1967-04-22T00:00:00.0000000-06:00,0.000000,,,0,,NOAA,2013-03-29T15:47:48.0770000-06:00,in
37,USC00051772,Snow,1967-04-23T00:00:00.0000000-06:00,0.000000,,,0,,NOAA,2013-03-29T15:47:48.0770000-06:00,in
37,USC00051772,Snow,1967-04-24T00:00:00.0000000-06:00,0.000000,,,0,,NOAA,2013-03-29T15:47:48.0770000-06:00,in
37,USC00051772,Snow,1967-04-25T00:00:00.0000000-06:00,0.000000,,,0,,NOAA,2013-03-29T15:47:48.0770000-06:00,in
37,USC00051772,Snow,1967-04-26T00:00:00.0000000-06:00,0.000000,,,0,,NOAA,2013-03-29T15:47:48.0770000-06:00,in
37,USC00051772,Snow,1967-04-27T00:00:00.0000000-06:00,0.000000,,,0,,NOAA,2013-03-29T15:47:48.0770000-06:00,in
37,USC00051772,Snow,1967-04-28T00:00:00.0000000-06:00,0.000000,,,0,,NOAA,2013-03-29T15:47:48.0770000-06:00,in
37,USC00051772,Snow,1967-04-29T00:00:00.0000000-06:00,0.000000,,,0,,NOAA,2013-03-29T15:47:48.0770000-06:00,in
37,USC00051772,Snow,1967-04-30T00:00:00.0000000-06:00,0.000000,,,0,,NOAA,2013-03-29T15:47:48.0770000-06:00,in
37,USC00051772,Snow,1967-05-01T00:00:00.0000000-06:00,0.000000,,,0,,NOAA,2013-03-29T15:47:48.0770000-06:00,in
37,USC00051772,Snow,1967-05-02T00:00:00.0000000-06:00,0.000000,,,0,,NOAA,2013-03-29T15:47:48.0770000-06:00,in
37,USC00051772,Snow,1967-05-03T00:00:00.0000000-06:00,0.000000,,,0,,NOAA,2013-03-29T15:47:48.0770000-06:00,in
37,USC00051772,Snow,1967-05-04T00:00:00.0000000-06:00,0.000000,,,0,,NOAA,2013-03-29T15:47:48.0770000-06:00,in
37,USC00051772,Snow,1967-05-05T00:00:00.0000000-06:00,0.000000,T,,0,,NOAA,2013-03-29T15:47:48.0770000-06:00,in
37,USC00051772,Snow,1967-05-06T00:00:00.0000000-06:00,0.000000,,,0,,NOAA,2013-03-29T15:47:48.0770000-06:00,in
37,USC00051772,Snow,1967-05-07T00:00:00.0000000-06:00,0.000000,,,0,,NOAA,2013-03-29T15:47:48.0770000-06:00,in
37,USC00051772,Snow,1967-05-08T00:00:00.0000000-06:00,0.000000,,,0,,NOAA,2013-03-29T15:47:48.0770000-06:00,in
37,USC00051772,Snow,1967-05-09T00:00:00.0000000-06:00,0.000000,,,0,,NOAA,2013-03-29T15:47:48.0770000-06:00,in
37,USC00051772,Snow,1967-05-10T00:00:00.0000000-06:00,0.000000,,,0,,NOAA,2013-03-29T15:47:48.0770000-06:00,in
37,USC00051772,Snow,1967-05-11T00:00:00.0000000-06:00,0.000000,,,0,,NOAA,2013-03-29T15:47:48.0770000-06:00,in
37,USC00051772,Snow,1967-05-12T00:00:00.0000000-06:00,0.000000,T,,0,,NOAA,2013-03-29T15:47:48.0770000-06:00,in
37,USC00051772,Snow,1967-05-13T00:00:00.0000000-06:00,0.000000,,,0,,NOAA,2013-03-29T15:47:48.0770000-06:00,in
37,USC00051772,Snow,1967-05-14T00:00:00.0000000-06:00,0.000000,,,0,,NOAA,2013-03-29T15:47:48.0770000-06:00,in
37,USC00051772,Snow,1967-05-15T00:00:00.0000000-06:00,0.000000,,,0,,NOAA,2013-03-29T15:47:48.0770000-06:00,in
37,USC00051772,Snow,1967-05-16T00:00:00.0000000-06:00,0.000000,,,0,,NOAA,2013-03-29T15:47:48.0770000-06:00,in
37,USC00051772,Snow,1967-05-17T00:00:00.0000000-06:00,0.000000,,,0,,NOAA,2013-03-29T15:47:48.0770000-06:00,in
37,USC00051772,Snow,1967-05-18T00:00:00.0000000-06:00,0.000000,,,0,,NOAA,2013-03-29T15:47:48.0770000-06:00,in
37,USC00051772,Snow,1967-05-19T00:00:00.0000000-06:00,0.000000,,,0,,NOAA,2013-03-29T15:47:48.0770000-06:00,in
37,USC00051772,Snow,1967-05-20T00:00:00.0000000-06:00,0.000000,,,0,,NOAA,2013-03-29T15:47:48.0770000-06:00,in
37,USC00051772,Snow,1967-05-21T00:00:00.0000000-06:00,0.000000,,,0,,NOAA,2013-03-29T15:47:48.0770000-06:00,in
37,USC00051772,Snow,1967-05-22T00:00:00.0000000-06:00,0.000000,,,0,,NOAA,2013-03-29T15:47:48.0770000-06:00,in
37,USC00051772,Snow,1967-05-23T00:00:00.0000000-06:00,0.000000,,,0,,NOAA,2013-03-29T15:47:48.0770000-06:00,in
37,USC00051772,Snow,1967-05-24T00:00:00.0000000-06:00,0.000000,,,0,,NOAA,2013-03-29T15:47:48.0770000-06:00,in
37,USC00051772,Snow,1967-05-25T00:00:00.0000000-06:00,0.000000,,,0,,NOAA,2013-03-29T15:47:48.0770000-06:00,in
37,USC00051772,Snow,1967-05-26T00:00:00.0000000-06:00,0.000000,,,0,,NOAA,2013-03-29T15:47:48.0770000-06:00,in
37,USC00051772,Snow,1967-05-27T00:00:00.0000000-06:00,0.000000,,,0,,NOAA,2013-03-29T15:47:48.0770000-06:00,in
37,USC00051772,Snow,1967-05-28T00:00:00.0000000-06:00,0.000000,,,0,,NOAA,2013-03-29T15:47:48.0770000-06:00,in
37,USC00051772,Snow,1967-05-29T00:00:00.0000000-06:00,0.000000,,,0,,NOAA,2013-03-29T15:47:48.0770000-06:00,in
37,USC00051772,Snow,1967-05-30T00:00:00.0000000-06:00,0.000000,,,0,,NOAA,2013-03-29T15:47:48.0770000-06:00,in
37,USC00051772,Snow,1967-05-31T00:00:00.0000000-06:00,0.000000,,,0,,NOAA,2013-03-29T15:47:48.0770000-06:00,in
37,USC00051772,Snow,1967-06-01T00:00:00.0000000-06:00,0.000000,,,0,,NOAA,2013-03-29T15:47:48.0770000-06:00,in
37,USC00051772,Snow,1967-06-02T00:00:00.0000000-06:00,0.000000,,,0,,NOAA,2013-03-29T15:47:48.0770000-06:00,in
37,USC00051772,Snow,1967-06-03T00:00:00.0000000-06:00,0.000000,,,0,,NOAA,2013-03-29T15:47:48.0770000-06:00,in
37,USC00051772,Snow,1967-06-04T00:00:00.0000000-06:00,0.000000,,,0,,NOAA,2013-03-29T15:47:48.0770000-06:00,in
37,USC00051772,Snow,1967-06-05T00:00:00.0000000-06:00,0.000000,,,0,,NOAA,2013-03-29T15:47:48.0770000-06:00,in
37,USC00051772,Snow,1967-06-06T00:00:00.0000000-06:00,0.000000,,,0,,NOAA,2013-03-29T15:47:48.0770000-06:00,in
37,USC00051772,Snow,1967-06-07T00:00:00.0000000-06:00,0.000000,,,0,,NOAA,2013-03-29T15:47:48.0770000-06:00,in
37,USC00051772,Snow,1967-06-08T00:00:00.0000000-06:00,0.000000,,,0,,NOAA,2013-03-29T15:47:48.0770000-06:00,in
37,USC00051772,Snow,1967-06-09T00:00:00.0000000-06:00,0.000000,,,0,,NOAA,2013-03-29T15:47:48.0770000-06:00,in
37,USC00051772,Snow,1967-06-10T00:00:00.0000000-06:00,0.000000,,,0,,NOAA,2013-03-29T15:47:48.0770000-06:00,in
37,USC00051772,Snow,1967-06-11T00:00:00.0000000-06:00,0.000000,,,0,,NOAA,2013-03-29T15:47:48.0770000-06:00,in
37,USC00051772,Snow,1967-06-12T00:00:00.0000000-06:00,0.000000,,,0,,NOAA,2013-03-29T15:47:48.0770000-06:00,in
37,USC00051772,Snow,1967-06-13T00:00:00.0000000-06:00,0.000000,,,0,,NOAA,2013-03-29T15:47:48.0770000-06:00,in
37,USC00051772,Snow,1967-06-14T00:00:00.0000000-06:00,0.000000,,,0,,NOAA,2013-03-29T15:47:48.0770000-06:00,in
37,USC00051772,Snow,1967-06-15T00:00:00.0000000-06:00,0.000000,,,0,,NOAA,2013-03-29T15:47:48.0770000-06:00,in
37,USC00051772,Snow,1967-06-16T00:00:00.0000000-06:00,0.000000,,,0,,NOAA,2013-03-29T15:47:48.0770000-06:00,in
37,USC00051772,Snow,1967-06-17T00:00:00.0000000-06:00,0.000000,,,0,,NOAA,2013-03-29T15:47:48.0770000-06:00,in
37,USC00051772,Snow,1967-06-18T00:00:00.0000000-06:00,0.000000,,,0,,NOAA,2013-03-29T15:47:48.0770000-06:00,in
37,USC00051772,Snow,1967-06-19T00:00:00.0000000-06:00,0.000000,,,0,,NOAA,2013-03-29T15:47:48.0770000-06:00,in
37,USC00051772,Snow,1967-06-20T00:00:00.0000000-06:00,0.000000,,,0,,NOAA,2013-03-29T15:47:48.0770000-06:00,in
37,USC00051772,Snow,1967-06-21T00:00:00.0000000-06:00,0.000000,,,0,,NOAA,2013-03-29T15:47:48.0770000-06:00,in
37,USC00051772,Snow,1967-06-22T00:00:00.0000000-06:00,0.000000,,,0,,NOAA,2013-03-29T15:47:48.0770000-06:00,in
37,USC00051772,Snow,1967-06-23T00:00:00.0000000-06:00,0.000000,,,0,,NOAA,2013-03-29T15:47:48.0770000-06:00,in
37,USC00051772,Snow,1967-06-24T00:00:00.0000000-06:00,0.000000,,,0,,NOAA,2013-03-29T15:47:48.0770000-06:00,in
37,USC00051772,Snow,1967-06-25T00:00:00.0000000-06:00,0.000000,,,0,,NOAA,2013-03-29T15:47:48.0770000-06:00,in
37,USC00051772,Snow,1967-06-26T00:00:00.0000000-06:00,0.000000,,,0,,NOAA,2013-03-29T15:47:48.0770000-06:00,in
37,USC00051772,Snow,1967-06-27T00:00:00.0000000-06:00,0.000000,,,0,,NOAA,2013-03-29T15:47:48.0770000-06:00,in
37,USC00051772,Snow,1967-06-28T00:00:00.0000000-06:00,0.000000,,,0,,NOAA,2013-03-29T15:47:48.0770000-06:00,in
37,USC00051772,Snow,1967-06-29T00:00:00.0000000-06:00,0.000000,,,0,,NOAA,2013-03-29T15:47:48.0770000-06:00,in
37,USC00051772,Snow,1967-06-30T00:00:00.0000000-06:00,0.000000,,,0,,NOAA,2013-03-29T15:47:48.0770000-06:00,in
37,USC00051772,Snow,1967-07-01T00:00:00.0000000-06:00,0.000000,,,0,,NOAA,2013-03-29T15:47:48.0770000-06:00,in
37,USC00051772,Snow,1967-07-02T00:00:00.0000000-06:00,0.000000,,,0,,NOAA,2013-03-29T15:47:48.0770000-06:00,in
37,USC00051772,Snow,1967-07-03T00:00:00.0000000-06:00,0.000000,,,0,,NOAA,2013-03-29T15:47:48.0770000-06:00,in
37,USC00051772,Snow,1967-07-04T00:00:00.0000000-06:00,0.000000,,,0,,NOAA,2013-03-29T15:47:48.0770000-06:00,in
37,USC00051772,Snow,1967-07-05T00:00:00.0000000-06:00,0.000000,,,0,,NOAA,2013-03-29T15:47:48.0770000-06:00,in
37,USC00051772,Snow,1967-07-06T00:00:00.0000000-06:00,0.000000,,,0,,NOAA,2013-03-29T15:47:48.0770000-06:00,in
37,USC00051772,Snow,1967-07-07T00:00:00.0000000-06:00,0.000000,,,0,,NOAA,2013-03-29T15:47:48.0770000-06:00,in
37,USC00051772,Snow,1967-07-08T00:00:00.0000000-06:00,0.000000,,,0,,NOAA,2013-03-29T15:47:48.0770000-06:00,in
37,USC00051772,Snow,1967-07-09T00:00:00.0000000-06:00,0.000000,,,0,,NOAA,2013-03-29T15:47:48.0770000-06:00,in
37,USC00051772,Snow,1967-07-10T00:00:00.0000000-06:00,0.000000,,,0,,NOAA,2013-03-29T15:47:48.0770000-06:00,in
37,USC00051772,Snow,1967-07-11T00:00:00.0000000-06:00,0.000000,,,0,,NOAA,2013-03-29T15:47:48.0770000-06:00,in
37,USC00051772,Snow,1967-07-12T00:00:00.0000000-06:00,0.000000,,,0,,NOAA,2013-03-29T15:47:48.0770000-06:00,in
37,USC00051772,Snow,1967-07-13T00:00:00.0000000-06:00,0.000000,,,0,,NOAA,2013-03-29T15:47:48.0770000-06:00,in
37,USC00051772,Snow,1967-07-14T00:00:00.0000000-06:00,0.000000,,,0,,NOAA,2013-03-29T15:47:48.0770000-06:00,in
37,USC00051772,Snow,1967-07-15T00:00:00.0000000-06:00,0.000000,,,0,,NOAA,2013-03-29T15:47:48.0770000-06:00,in
37,USC00051772,Snow,1967-07-16T00:00:00.0000000-06:00,0.000000,,,0,,NOAA,2013-03-29T15:47:48.0770000-06:00,in
37,USC00051772,Snow,1967-07-17T00:00:00.0000000-06:00,0.000000,,,0,,NOAA,2013-03-29T15:47:48.0770000-06:00,in
37,USC00051772,Snow,1967-07-18T00:00:00.0000000-06:00,0.000000,,,0,,NOAA,2013-03-29T15:47:48.0770000-06:00,in
37,USC00051772,Snow,1967-07-19T00:00:00.0000000-06:00,0.000000,,,0,,NOAA,2013-03-29T15:47:48.0770000-06:00,in
37,USC00051772,Snow,1967-07-20T00:00:00.0000000-06:00,0.000000,,,0,,NOAA,2013-03-29T15:47:48.0770000-06:00,in
37,USC00051772,Snow,1967-07-21T00:00:00.0000000-06:00,0.000000,,,0,,NOAA,2013-03-29T15:47:48.0770000-06:00,in
37,USC00051772,Snow,1967-07-22T00:00:00.0000000-06:00,0.000000,,,0,,NOAA,2013-03-29T15:47:48.0770000-06:00,in
37,USC00051772,Snow,1967-07-23T00:00:00.0000000-06:00,0.000000,,,0,,NOAA,2013-03-29T15:47:48.0770000-06:00,in
37,USC00051772,Snow,1967-07-24T00:00:00.0000000-06:00,0.000000,,,0,,NOAA,2013-03-29T15:47:48.0770000-06:00,in
37,USC00051772,Snow,1967-07-25T00:00:00.0000000-06:00,0.000000,,,0,,NOAA,2013-03-29T15:47:48.0770000-06:00,in
37,USC00051772,Snow,1967-07-26T00:00:00.0000000-06:00,0.000000,,,0,,NOAA,2013-03-29T15:47:48.0770000-06:00,in
37,USC00051772,Snow,1967-07-27T00:00:00.0000000-06:00,0.000000,,,0,,NOAA,2013-03-29T15:47:48.0770000-06:00,in
37,USC00051772,Snow,1967-07-28T00:00:00.0000000-06:00,0.000000,,,0,,NOAA,2013-03-29T15:47:48.0770000-06:00,in
37,USC00051772,Snow,1967-07-29T00:00:00.0000000-06:00,0.000000,,,0,,NOAA,2013-03-29T15:47:48.0770000-06:00,in
37,USC00051772,Snow,1967-07-30T00:00:00.0000000-06:00,0.000000,,,0,,NOAA,2013-03-29T15:47:48.0770000-06:00,in
37,USC00051772,Snow,1967-07-31T00:00:00.0000000-06:00,0.000000,,,0,,NOAA,2013-03-29T15:47:48.0770000-06:00,in
37,USC00051772,Snow,1967-08-01T00:00:00.0000000-06:00,0.000000,,,0,,NOAA,2013-03-29T15:47:48.0770000-06:00,in
37,USC00051772,Snow,1967-08-02T00:00:00.0000000-06:00,0.000000,,,0,,NOAA,2013-03-29T15:47:48.0770000-06:00,in
37,USC00051772,Snow,1967-08-03T00:00:00.0000000-06:00,0.000000,,,0,,NOAA,2013-03-29T15:47:48.0770000-06:00,in
37,USC00051772,Snow,1967-08-04T00:00:00.0000000-06:00,0.000000,,,0,,NOAA,2013-03-29T15:47:48.0770000-06:00,in
37,USC00051772,Snow,1967-08-05T00:00:00.0000000-06:00,0.000000,,,0,,NOAA,2013-03-29T15:47:48.0770000-06:00,in
37,USC00051772,Snow,1967-08-06T00:00:00.0000000-06:00,0.000000,,,0,,NOAA,2013-03-29T15:47:48.0770000-06:00,in
37,USC00051772,Snow,1967-08-07T00:00:00.0000000-06:00,0.000000,,,0,,NOAA,2013-03-29T15:47:48.0770000-06:00,in
37,USC00051772,Snow,1967-08-08T00:00:00.0000000-06:00,0.000000,,,0,,NOAA,2013-03-29T15:47:48.0770000-06:00,in
37,USC00051772,Snow,1967-08-09T00:00:00.0000000-06:00,0.000000,,,0,,NOAA,2013-03-29T15:47:48.0770000-06:00,in
37,USC00051772,Snow,1967-08-10T00:00:00.0000000-06:00,0.000000,,,0,,NOAA,2013-03-29T15:47:48.0770000-06:00,in
37,USC00051772,Snow,1967-08-11T00:00:00.0000000-06:00,0.000000,,,0,,NOAA,2013-03-29T15:47:48.0770000-06:00,in
37,USC00051772,Snow,1967-08-12T00:00:00.0000000-06:00,0.000000,,,0,,NOAA,2013-03-29T15:47:48.0770000-06:00,in
37,USC00051772,Snow,1967-08-13T00:00:00.0000000-06:00,0.000000,,,0,,NOAA,2013-03-29T15:47:48.0770000-06:00,in
37,USC00051772,Snow,1967-08-14T00:00:00.0000000-06:00,0.000000,,,0,,NOAA,2013-03-29T15:47:48.0770000-06:00,in
37,USC00051772,Snow,1967-08-15T00:00:00.0000000-06:00,0.000000,,,0,,NOAA,2013-03-29T15:47:48.0770000-06:00,in
37,USC00051772,Snow,1967-08-16T00:00:00.0000000-06:00,0.000000,,,0,,NOAA,2013-03-29T15:47:48.0770000-06:00,in
37,USC00051772,Snow,1967-08-17T00:00:00.0000000-06:00,0.000000,,,0,,NOAA,2013-03-29T15:47:48.0770000-06:00,in
37,USC00051772,Snow,1967-08-18T00:00:00.0000000-06:00,0.000000,,,0,,NOAA,2013-03-29T15:47:48.0770000-06:00,in
37,USC00051772,Snow,1967-08-19T00:00:00.0000000-06:00,0.000000,,,0,,NOAA,2013-03-29T15:47:48.0770000-06:00,in
37,USC00051772,Snow,1967-08-20T00:00:00.0000000-06:00,0.000000,,,0,,NOAA,2013-03-29T15:47:48.0770000-06:00,in
37,USC00051772,Snow,1967-08-21T00:00:00.0000000-06:00,0.000000,,,0,,NOAA,2013-03-29T15:47:48.0770000-06:00,in
37,USC00051772,Snow,1967-08-22T00:00:00.0000000-06:00,0.000000,,,0,,NOAA,2013-03-29T15:47:48.0770000-06:00,in
37,USC00051772,Snow,1967-08-23T00:00:00.0000000-06:00,0.000000,,,0,,NOAA,2013-03-29T15:47:48.0770000-06:00,in
37,USC00051772,Snow,1967-08-24T00:00:00.0000000-06:00,0.000000,,,0,,NOAA,2013-03-29T15:47:48.0770000-06:00,in
37,USC00051772,Snow,1967-08-25T00:00:00.0000000-06:00,0.000000,,,0,,NOAA,2013-03-29T15:47:48.0770000-06:00,in
37,USC00051772,Snow,1967-08-26T00:00:00.0000000-06:00,0.000000,,,0,,NOAA,2013-03-29T15:47:48.0770000-06:00,in
37,USC00051772,Snow,1967-08-27T00:00:00.0000000-06:00,0.000000,,,0,,NOAA,2013-03-29T15:47:48.0770000-06:00,in
37,USC00051772,Snow,1967-08-28T00:00:00.0000000-06:00,0.000000,,,0,,NOAA,2013-03-29T15:47:48.0770000-06:00,in
37,USC00051772,Snow,1967-08-29T00:00:00.0000000-06:00,0.000000,,,0,,NOAA,2013-03-29T15:47:48.0770000-06:00,in
37,USC00051772,Snow,1967-08-30T00:00:00.0000000-06:00,0.000000,,,0,,NOAA,2013-03-29T15:47:48.0770000-06:00,in
37,USC00051772,Snow,1967-08-31T00:00:00.0000000-06:00,0.000000,,,0,,NOAA,2013-03-29T15:47:48.0770000-06:00,in
37,USC00051772,Snow,1967-09-01T00:00:00.0000000-06:00,0.000000,,,0,,NOAA,2013-03-29T15:47:48.0770000-06:00,in
37,USC00051772,Snow,1967-09-02T00:00:00.0000000-06:00,0.000000,,,0,,NOAA,2013-03-29T15:47:48.0770000-06:00,in
37,USC00051772,Snow,1967-09-03T00:00:00.0000000-06:00,0.000000,,,0,,NOAA,2013-03-29T15:47:48.0770000-06:00,in
37,USC00051772,Snow,1967-09-04T00:00:00.0000000-06:00,0.000000,,,0,,NOAA,2013-03-29T15:47:48.0770000-06:00,in
37,USC00051772,Snow,1967-09-05T00:00:00.0000000-06:00,0.000000,,,0,,NOAA,2013-03-29T15:47:48.0770000-06:00,in
37,USC00051772,Snow,1967-09-06T00:00:00.0000000-06:00,0.000000,,,0,,NOAA,2013-03-29T15:47:48.0770000-06:00,in
37,USC00051772,Snow,1967-09-07T00:00:00.0000000-06:00,0.000000,,,0,,NOAA,2013-03-29T15:47:48.0770000-06:00,in
37,USC00051772,Snow,1967-09-08T00:00:00.0000000-06:00,0.000000,,,0,,NOAA,2013-03-29T15:47:48.0770000-06:00,in
37,USC00051772,Snow,1967-09-09T00:00:00.0000000-06:00,0.000000,,,0,,NOAA,2013-03-29T15:47:48.0770000-06:00,in
37,USC00051772,Snow,1967-09-10T00:00:00.0000000-06:00,0.000000,,,0,,NOAA,2013-03-29T15:47:48.0770000-06:00,in
37,USC00051772,Snow,1967-09-11T00:00:00.0000000-06:00,0.000000,,,0,,NOAA,2013-03-29T15:47:48.0770000-06:00,in
37,USC00051772,Snow,1967-09-12T00:00:00.0000000-06:00,0.000000,,,0,,NOAA,2013-03-29T15:47:48.0770000-06:00,in
37,USC00051772,Snow,1967-09-13T00:00:00.0000000-06:00,0.000000,,,0,,NOAA,2013-03-29T15:47:48.0770000-06:00,in
37,USC00051772,Snow,1967-09-14T00:00:00.0000000-06:00,0.000000,,,0,,NOAA,2013-03-29T15:47:48.0770000-06:00,in
37,USC00051772,Snow,1967-09-15T00:00:00.0000000-06:00,0.000000,,,0,,NOAA,2013-03-29T15:47:48.0770000-06:00,in
37,USC00051772,Snow,1967-09-16T00:00:00.0000000-06:00,0.000000,,,0,,NOAA,2013-03-29T15:47:48.0770000-06:00,in
37,USC00051772,Snow,1967-09-17T00:00:00.0000000-06:00,0.000000,,,0,,NOAA,2013-03-29T15:47:48.0770000-06:00,in
37,USC00051772,Snow,1967-09-18T00:00:00.0000000-06:00,0.000000,,,0,,NOAA,2013-03-29T15:47:48.0770000-06:00,in
37,USC00051772,Snow,1967-09-19T00:00:00.0000000-06:00,0.000000,,,0,,NOAA,2013-03-29T15:47:48.0770000-06:00,in
37,USC00051772,Snow,1967-09-20T00:00:00.0000000-06:00,0.000000,,,0,,NOAA,2013-03-29T15:47:48.0770000-06:00,in
37,USC00051772,Snow,1967-09-21T00:00:00.0000000-06:00,0.000000,,,0,,NOAA,2013-03-29T15:47:48.0770000-06:00,in
37,USC00051772,Snow,1967-09-22T00:00:00.0000000-06:00,0.000000,,,0,,NOAA,2013-03-29T15:47:48.0770000-06:00,in
37,USC00051772,Snow,1967-09-23T00:00:00.0000000-06:00,0.000000,,,0,,NOAA,2013-03-29T15:47:48.0770000-06:00,in
37,USC00051772,Snow,1967-09-24T00:00:00.0000000-06:00,0.000000,,,0,,NOAA,2013-03-29T15:47:48.0770000-06:00,in
37,USC00051772,Snow,1967-09-25T00:00:00.0000000-06:00,0.000000,,,0,,NOAA,2013-03-29T15:47:48.0770000-06:00,in
37,USC00051772,Snow,1967-09-26T00:00:00.0000000-06:00,0.000000,,,0,,NOAA,2013-03-29T15:47:48.0770000-06:00,in
37,USC00051772,Snow,1967-09-27T00:00:00.0000000-06:00,0.000000,,,0,,NOAA,2013-03-29T15:47:48.0770000-06:00,in
37,USC00051772,Snow,1967-09-28T00:00:00.0000000-06:00,0.000000,,,0,,NOAA,2013-03-29T15:47:48.0770000-06:00,in
37,USC00051772,Snow,1967-09-29T00:00:00.0000000-06:00,0.000000,,,0,,NOAA,2013-03-29T15:47:48.0770000-06:00,in
37,USC00051772,Snow,1967-09-30T00:00:00.0000000-06:00,0.000000,,,0,,NOAA,2013-03-29T15:47:48.0770000-06:00,in
37,USC00051772,Snow,1967-10-01T00:00:00.0000000-06:00,0.000000,,,0,,NOAA,2013-03-29T15:47:48.0770000-06:00,in
37,USC00051772,Snow,1967-10-02T00:00:00.0000000-06:00,0.000000,,,0,,NOAA,2013-03-29T15:47:48.0770000-06:00,in
37,USC00051772,Snow,1967-10-03T00:00:00.0000000-06:00,0.000000,,,0,,NOAA,2013-03-29T15:47:48.0770000-06:00,in
37,USC00051772,Snow,1967-10-04T00:00:00.0000000-06:00,0.000000,,,0,,NOAA,2013-03-29T15:47:48.0770000-06:00,in
37,USC00051772,Snow,1967-10-05T00:00:00.0000000-06:00,0.000000,,,0,,NOAA,2013-03-29T15:47:48.0770000-06:00,in
37,USC00051772,Snow,1967-10-06T00:00:00.0000000-06:00,0.000000,,,0,,NOAA,2013-03-29T15:47:48.0770000-06:00,in
37,USC00051772,Snow,1967-10-07T00:00:00.0000000-06:00,0.000000,,,0,,NOAA,2013-03-29T15:47:48.0770000-06:00,in
37,USC00051772,Snow,1967-10-08T00:00:00.0000000-06:00,0.000000,,,0,,NOAA,2013-03-29T15:47:48.0770000-06:00,in
37,USC00051772,Snow,1967-10-09T00:00:00.0000000-06:00,0.000000,,,0,,NOAA,2013-03-29T15:47:48.0770000-06:00,in
37,USC00051772,Snow,1967-10-10T00:00:00.0000000-06:00,0.000000,,,0,,NOAA,2013-03-29T15:47:48.0770000-06:00,in
37,USC00051772,Snow,1967-10-11T00:00:00.0000000-06:00,0.000000,,,0,,NOAA,2013-03-29T15:47:48.0770000-06:00,in
37,USC00051772,Snow,1967-10-12T00:00:00.0000000-06:00,0.000000,,,0,,NOAA,2013-03-29T15:47:48.0770000-06:00,in
37,USC00051772,Snow,1967-10-13T00:00:00.0000000-06:00,0.000000,,,0,,NOAA,2013-03-29T15:47:48.0770000-06:00,in
37,USC00051772,Snow,1967-10-14T00:00:00.0000000-06:00,0.000000,,,0,,NOAA,2013-03-29T15:47:48.0770000-06:00,in
37,USC00051772,Snow,1967-10-15T00:00:00.0000000-06:00,0.000000,,,0,,NOAA,2013-03-29T15:47:48.0770000-06:00,in
37,USC00051772,Snow,1967-10-16T00:00:00.0000000-06:00,0.000000,,,0,,NOAA,2013-03-29T15:47:48.0770000-06:00,in
37,USC00051772,Snow,1967-10-17T00:00:00.0000000-06:00,0.000000,,,0,,NOAA,2013-03-29T15:47:48.0770000-06:00,in
37,USC00051772,Snow,1967-10-18T00:00:00.0000000-06:00,0.000000,,,0,,NOAA,2013-03-29T15:47:48.0770000-06:00,in
37,USC00051772,Snow,1967-10-19T00:00:00.0000000-06:00,0.000000,,,0,,NOAA,2013-03-29T15:47:48.0770000-06:00,in
37,USC00051772,Snow,1967-10-20T00:00:00.0000000-06:00,0.000000,,,0,,NOAA,2013-03-29T15:47:48.0770000-06:00,in
37,USC00051772,Snow,1967-10-21T00:00:00.0000000-06:00,0.000000,,,0,,NOAA,2013-03-29T15:47:48.0770000-06:00,in
37,USC00051772,Snow,1967-10-22T00:00:00.0000000-06:00,0.000000,,,0,,NOAA,2013-03-29T15:47:48.0770000-06:00,in
37,USC00051772,Snow,1967-10-23T00:00:00.0000000-06:00,0.000000,,,0,,NOAA,2013-03-29T15:47:48.0770000-06:00,in
37,USC00051772,Snow,1967-10-24T00:00:00.0000000-06:00,0.000000,,,0,,NOAA,2013-03-29T15:47:48.0770000-06:00,in
37,USC00051772,Snow,1967-10-25T00:00:00.0000000-06:00,0.000000,,,0,,NOAA,2013-03-29T15:47:48.0770000-06:00,in
37,USC00051772,Snow,1967-10-26T00:00:00.0000000-06:00,0.000000,,,0,,NOAA,2013-03-29T15:47:48.0770000-06:00,in
37,USC00051772,Snow,1967-10-27T00:00:00.0000000-06:00,0.000000,,,0,,NOAA,2013-03-29T15:47:48.0770000-06:00,in
37,USC00051772,Snow,1967-10-28T00:00:00.0000000-06:00,0.000000,,,0,,NOAA,2013-03-29T15:47:48.0770000-06:00,in
37,USC00051772,Snow,1967-10-29T00:00:00.0000000-06:00,0.000000,T,,0,,NOAA,2013-03-29T15:47:48.0770000-06:00,in
37,USC00051772,Snow,1967-10-30T00:00:00.0000000-07:00,0.000000,,,0,,NOAA,2013-03-29T15:47:48.0770000-06:00,in
37,USC00051772,Snow,1967-10-31T00:00:00.0000000-07:00,0.000000,,,0,,NOAA,2013-03-29T15:47:48.0770000-06:00,in
37,USC00051772,Snow,1967-11-01T00:00:00.0000000-07:00,0.000000,,,0,,NOAA,2013-03-29T15:47:48.0770000-06:00,in
37,USC00051772,Snow,1967-11-02T00:00:00.0000000-07:00,0.000000,,,0,,NOAA,2013-03-29T15:47:48.0770000-06:00,in
37,USC00051772,Snow,1967-11-03T00:00:00.0000000-07:00,0.000000,,,0,,NOAA,2013-03-29T15:47:48.0770000-06:00,in
37,USC00051772,Snow,1967-11-04T00:00:00.0000000-07:00,0.000000,,,0,,NOAA,2013-03-29T15:47:48.0770000-06:00,in
37,USC00051772,Snow,1967-11-05T00:00:00.0000000-07:00,0.000000,,,0,,NOAA,2013-03-29T15:47:48.0770000-06:00,in
37,USC00051772,Snow,1967-11-06T00:00:00.0000000-07:00,0.000000,,,0,,NOAA,2013-03-29T15:47:48.0770000-06:00,in
37,USC00051772,Snow,1967-11-07T00:00:00.0000000-07:00,0.000000,,,0,,NOAA,2013-03-29T15:47:48.0770000-06:00,in
37,USC00051772,Snow,1967-11-08T00:00:00.0000000-07:00,0.000000,,,0,,NOAA,2013-03-29T15:47:48.0770000-06:00,in
37,USC00051772,Snow,1967-11-09T00:00:00.0000000-07:00,0.000000,,,0,,NOAA,2013-03-29T15:47:48.0770000-06:00,in
37,USC00051772,Snow,1967-11-10T00:00:00.0000000-07:00,0.000000,,,0,,NOAA,2013-03-29T15:47:48.0770000-06:00,in
37,USC00051772,Snow,1967-11-11T00:00:00.0000000-07:00,0.000000,,,0,,NOAA,2013-03-29T15:47:48.0770000-06:00,in
37,USC00051772,Snow,1967-11-12T00:00:00.0000000-07:00,0.000000,,,0,,NOAA,2013-03-29T15:47:48.0770000-06:00,in
37,USC00051772,Snow,1967-11-13T00:00:00.0000000-07:00,0.000000,,,0,,NOAA,2013-03-29T15:47:48.0770000-06:00,in
37,USC00051772,Snow,1967-11-14T00:00:00.0000000-07:00,0.000000,,,0,,NOAA,2013-03-29T15:47:48.0770000-06:00,in
37,USC00051772,Snow,1967-11-15T00:00:00.0000000-07:00,0.000000,,,0,,NOAA,2013-03-29T15:47:48.0770000-06:00,in
37,USC00051772,Snow,1967-11-16T00:00:00.0000000-07:00,0.000000,,,0,,NOAA,2013-03-29T15:47:48.0770000-06:00,in
37,USC00051772,Snow,1967-11-17T00:00:00.0000000-07:00,0.000000,,,0,,NOAA,2013-03-29T15:47:48.0770000-06:00,in
37,USC00051772,Snow,1967-11-18T00:00:00.0000000-07:00,0.000000,,,0,,NOAA,2013-03-29T15:47:48.0770000-06:00,in
37,USC00051772,Snow,1967-11-19T00:00:00.0000000-07:00,0.000000,,,0,,NOAA,2013-03-29T15:47:48.0770000-06:00,in
37,USC00051772,Snow,1967-11-20T00:00:00.0000000-07:00,0.000000,,,0,,NOAA,2013-03-29T15:47:48.0770000-06:00,in
37,USC00051772,Snow,1967-11-21T00:00:00.0000000-07:00,0.000000,,,0,,NOAA,2013-03-29T15:47:48.0770000-06:00,in
37,USC00051772,Snow,1967-11-22T00:00:00.0000000-07:00,0.000000,,,0,,NOAA,2013-03-29T15:47:48.0770000-06:00,in
37,USC00051772,Snow,1967-11-23T00:00:00.0000000-07:00,0.000000,T,,0,,NOAA,2013-03-29T15:47:48.0770000-06:00,in
37,USC00051772,Snow,1967-11-24T00:00:00.0000000-07:00,0.000000,,,0,,NOAA,2013-03-29T15:47:48.0770000-06:00,in
37,USC00051772,Snow,1967-11-25T00:00:00.0000000-07:00,0.000000,,,0,,NOAA,2013-03-29T15:47:48.0770000-06:00,in
37,USC00051772,Snow,1967-11-26T00:00:00.0000000-07:00,0.000000,,,0,,NOAA,2013-03-29T15:47:48.0770000-06:00,in
37,USC00051772,Snow,1967-11-27T00:00:00.0000000-07:00,0.000000,,,0,,NOAA,2013-03-29T15:47:48.0770000-06:00,in
37,USC00051772,Snow,1967-11-28T00:00:00.0000000-07:00,0.000000,,,0,,NOAA,2013-03-29T15:47:48.0770000-06:00,in
37,USC00051772,Snow,1967-11-29T00:00:00.0000000-07:00,5.000000,,,0,,NOAA,2013-03-29T15:47:48.0770000-06:00,in
37,USC00051772,Snow,1967-11-30T00:00:00.0000000-07:00,0.000000,,,0,,NOAA,2013-03-29T15:47:48.0770000-06:00,in
37,USC00051772,Snow,1967-12-01T00:00:00.0000000-07:00,5.984252,,,0,,NOAA,2013-03-29T15:47:48.0770000-06:00,in
37,USC00051772,Snow,1967-12-02T00:00:00.0000000-07:00,0.000000,,,0,,NOAA,2013-03-29T15:47:48.0770000-06:00,in
37,USC00051772,Snow,1967-12-03T00:00:00.0000000-07:00,0.000000,,,0,,NOAA,2013-03-29T15:47:48.0770000-06:00,in
37,USC00051772,Snow,1967-12-04T00:00:00.0000000-07:00,0.000000,,,0,,NOAA,2013-03-29T15:47:48.0770000-06:00,in
37,USC00051772,Snow,1967-12-05T00:00:00.0000000-07:00,0.000000,,,0,,NOAA,2013-03-29T15:47:48.0770000-06:00,in
37,USC00051772,Snow,1967-12-06T00:00:00.0000000-07:00,0.000000,,,0,,NOAA,2013-03-29T15:47:48.0770000-06:00,in
37,USC00051772,Snow,1967-12-07T00:00:00.0000000-07:00,0.000000,,,0,,NOAA,2013-03-29T15:47:48.0770000-06:00,in
37,USC00051772,Snow,1967-12-08T00:00:00.0000000-07:00,0.511811,,,0,,NOAA,2013-03-29T15:47:48.0770000-06:00,in
37,USC00051772,Snow,1967-12-09T00:00:00.0000000-07:00,0.000000,,,0,,NOAA,2013-03-29T15:47:48.0770000-06:00,in
37,USC00051772,Snow,1967-12-10T00:00:00.0000000-07:00,0.000000,,,0,,NOAA,2013-03-29T15:47:48.0770000-06:00,in
37,USC00051772,Snow,1967-12-11T00:00:00.0000000-07:00,0.000000,,,0,,NOAA,2013-03-29T15:47:48.0770000-06:00,in
37,USC00051772,Snow,1967-12-12T00:00:00.0000000-07:00,0.000000,T,,0,,NOAA,2013-03-29T15:47:48.0770000-06:00,in
37,USC00051772,Snow,1967-12-13T00:00:00.0000000-07:00,0.984252,,,0,,NOAA,2013-03-29T15:47:48.0770000-06:00,in
37,USC00051772,Snow,1967-12-16T00:00:00.0000000-07:00,0.000000,,,0,,NOAA,2013-03-29T15:47:48.0770000-06:00,in
37,USC00051772,Snow,1967-12-17T00:00:00.0000000-07:00,2.007874,,,0,,NOAA,2013-03-29T15:47:48.0770000-06:00,in
37,USC00051772,Snow,1967-12-18T00:00:00.0000000-07:00,0.984252,,,0,,NOAA,2013-03-29T15:47:48.0770000-06:00,in
37,USC00051772,Snow,1967-12-19T00:00:00.0000000-07:00,4.015748,,,0,,NOAA,2013-03-29T15:47:48.0770000-06:00,in
37,USC00051772,Snow,1967-12-20T00:00:00.0000000-07:00,2.007874,,,0,,NOAA,2013-03-29T15:47:48.0770000-06:00,in
37,USC00051772,Snow,1967-12-21T00:00:00.0000000-07:00,1.496063,,,0,,NOAA,2013-03-29T15:47:48.0770000-06:00,in
37,USC00051772,Snow,1967-12-22T00:00:00.0000000-07:00,0.000000,,,0,,NOAA,2013-03-29T15:47:48.0770000-06:00,in
37,USC00051772,Snow,1967-12-23T00:00:00.0000000-07:00,0.000000,,,0,,NOAA,2013-03-29T15:47:48.0770000-06:00,in
37,USC00051772,Snow,1967-12-24T00:00:00.0000000-07:00,0.000000,,,0,,NOAA,2013-03-29T15:47:48.0770000-06:00,in
37,USC00051772,Snow,1967-12-25T00:00:00.0000000-07:00,0.000000,,,0,,NOAA,2013-03-29T15:47:48.0770000-06:00,in
37,USC00051772,Snow,1967-12-26T00:00:00.0000000-07:00,0.000000,,,0,,NOAA,2013-03-29T15:47:48.0770000-06:00,in
37,USC00051772,Snow,1967-12-27T00:00:00.0000000-07:00,0.000000,,,0,,NOAA,2013-03-29T15:47:48.0770000-06:00,in
37,USC00051772,Snow,1967-12-28T00:00:00.0000000-07:00,2.519685,,,0,,NOAA,2013-03-29T15:47:48.0770000-06:00,in
37,USC00051772,Snow,1967-12-29T00:00:00.0000000-07:00,0.000000,,,0,,NOAA,2013-03-29T15:47:48.0770000-06:00,in
37,USC00051772,Snow,1967-12-30T00:00:00.0000000-07:00,0.590551,,,0,,NOAA,2013-03-29T15:47:48.0770000-06:00,in
37,USC00051772,Snow,1967-12-31T00:00:00.0000000-07:00,0.511811,,,0,,NOAA,2013-03-29T15:47:48.0770000-06:00,in
37,USC00051772,Snow,1968-01-01T00:00:00.0000000-07:00,0.000000,,,0,,NOAA,2013-03-29T15:47:48.0770000-06:00,in
37,USC00051772,Snow,1968-01-02T00:00:00.0000000-07:00,0.984252,,,0,,NOAA,2013-03-29T15:47:48.0770000-06:00,in
37,USC00051772,Snow,1968-01-03T00:00:00.0000000-07:00,0.000000,,,0,,NOAA,2013-03-29T15:47:48.0770000-06:00,in
37,USC00051772,Snow,1968-01-04T00:00:00.0000000-07:00,0.000000,,,0,,NOAA,2013-03-29T15:47:48.0770000-06:00,in
37,USC00051772,Snow,1968-01-05T00:00:00.0000000-07:00,0.000000,,,0,,NOAA,2013-03-29T15:47:48.0770000-06:00,in
37,USC00051772,Snow,1968-01-06T00:00:00.0000000-07:00,0.000000,,,0,,NOAA,2013-03-29T15:47:48.0770000-06:00,in
37,USC00051772,Snow,1968-01-07T00:00:00.0000000-07:00,0.000000,,,0,,NOAA,2013-03-29T15:47:48.0770000-06:00,in
37,USC00051772,Snow,1968-01-08T00:00:00.0000000-07:00,0.000000,,,0,,NOAA,2013-03-29T15:47:48.0770000-06:00,in
37,USC00051772,Snow,1968-01-09T00:00:00.0000000-07:00,0.000000,,,0,,NOAA,2013-03-29T15:47:48.0770000-06:00,in
37,USC00051772,Snow,1968-01-10T00:00:00.0000000-07:00,0.000000,,,0,,NOAA,2013-03-29T15:47:48.0770000-06:00,in
37,USC00051772,Snow,1968-01-11T00:00:00.0000000-07:00,2.992126,,,0,,NOAA,2013-03-29T15:47:48.0770000-06:00,in
37,USC00051772,Snow,1968-01-12T00:00:00.0000000-07:00,0.000000,,,0,,NOAA,2013-03-29T15:47:48.0770000-06:00,in
37,USC00051772,Snow,1968-01-13T00:00:00.0000000-07:00,0.000000,,,0,,NOAA,2013-03-29T15:47:48.0770000-06:00,in
37,USC00051772,Snow,1968-01-14T00:00:00.0000000-07:00,0.000000,,,0,,NOAA,2013-03-29T15:47:48.0770000-06:00,in
37,USC00051772,Snow,1968-01-15T00:00:00.0000000-07:00,0.000000,,,0,,NOAA,2013-03-29T15:47:48.0770000-06:00,in
37,USC00051772,Snow,1968-01-16T00:00:00.0000000-07:00,0.000000,,,0,,NOAA,2013-03-29T15:47:48.0770000-06:00,in
37,USC00051772,Snow,1968-01-17T00:00:00.0000000-07:00,0.000000,,,0,,NOAA,2013-03-29T15:47:48.0770000-06:00,in
37,USC00051772,Snow,1968-01-18T00:00:00.0000000-07:00,0.000000,,,0,,NOAA,2013-03-29T15:47:48.0770000-06:00,in
37,USC00051772,Snow,1968-01-19T00:00:00.0000000-07:00,0.000000,,,0,,NOAA,2013-03-29T15:47:48.0770000-06:00,in
37,USC00051772,Snow,1968-01-20T00:00:00.0000000-07:00,0.000000,,,0,,NOAA,2013-03-29T15:47:48.0770000-06:00,in
37,USC00051772,Snow,1968-01-21T00:00:00.0000000-07:00,0.000000,,,0,,NOAA,2013-03-29T15:47:48.0770000-06:00,in
37,USC00051772,Snow,1968-01-22T00:00:00.0000000-07:00,0.000000,,,0,,NOAA,2013-03-29T15:47:48.0770000-06:00,in
37,USC00051772,Snow,1968-01-23T00:00:00.0000000-07:00,0.000000,,,0,,NOAA,2013-03-29T15:47:48.0770000-06:00,in
37,USC00051772,Snow,1968-01-24T00:00:00.0000000-07:00,0.000000,,,0,,NOAA,2013-03-29T15:47:48.0770000-06:00,in
37,USC00051772,Snow,1968-01-25T00:00:00.0000000-07:00,0.000000,,,0,,NOAA,2013-03-29T15:47:48.0770000-06:00,in
37,USC00051772,Snow,1968-01-26T00:00:00.0000000-07:00,0.000000,,,0,,NOAA,2013-03-29T15:47:48.0770000-06:00,in
37,USC00051772,Snow,1968-01-27T00:00:00.0000000-07:00,0.000000,,,0,,NOAA,2013-03-29T15:47:48.0770000-06:00,in
37,USC00051772,Snow,1968-01-28T00:00:00.0000000-07:00,0.787402,,,0,,NOAA,2013-03-29T15:47:48.0770000-06:00,in
37,USC00051772,Snow,1968-01-29T00:00:00.0000000-07:00,0.000000,,,0,,NOAA,2013-03-29T15:47:48.0770000-06:00,in
37,USC00051772,Snow,1968-01-30T00:00:00.0000000-07:00,0.000000,,,0,,NOAA,2013-03-29T15:47:48.0770000-06:00,in
37,USC00051772,Snow,1968-01-31T00:00:00.0000000-07:00,0.000000,,,0,,NOAA,2013-03-29T15:47:48.0770000-06:00,in
37,USC00051772,Snow,1968-02-01T00:00:00.0000000-07:00,0.000000,T,,0,,NOAA,2013-03-29T15:47:48.0770000-06:00,in
37,USC00051772,Snow,1968-02-02T00:00:00.0000000-07:00,0.000000,,,0,,NOAA,2013-03-29T15:47:48.0770000-06:00,in
37,USC00051772,Snow,1968-02-03T00:00:00.0000000-07:00,0.000000,T,,0,,NOAA,2013-03-29T15:47:48.0770000-06:00,in
37,USC00051772,Snow,1968-02-04T00:00:00.0000000-07:00,0.000000,,,0,,NOAA,2013-03-29T15:47:48.0770000-06:00,in
37,USC00051772,Snow,1968-02-05T00:00:00.0000000-07:00,0.000000,,,0,,NOAA,2013-03-29T15:47:48.0770000-06:00,in
37,USC00051772,Snow,1968-02-06T00:00:00.0000000-07:00,0.000000,,,0,,NOAA,2013-03-29T15:47:48.0770000-06:00,in
37,USC00051772,Snow,1968-02-07T00:00:00.0000000-07:00,0.000000,,,0,,NOAA,2013-03-29T15:47:48.0770000-06:00,in
37,USC00051772,Snow,1968-02-08T00:00:00.0000000-07:00,0.000000,,,0,,NOAA,2013-03-29T15:47:48.0770000-06:00,in
37,USC00051772,Snow,1968-02-09T00:00:00.0000000-07:00,0.000000,,,0,,NOAA,2013-03-29T15:47:48.0770000-06:00,in
37,USC00051772,Snow,1968-02-10T00:00:00.0000000-07:00,0.000000,,,0,,NOAA,2013-03-29T15:47:48.0770000-06:00,in
37,USC00051772,Snow,1968-02-11T00:00:00.0000000-07:00,0.000000,,,0,,NOAA,2013-03-29T15:47:48.0770000-06:00,in
37,USC00051772,Snow,1968-02-12T00:00:00.0000000-07:00,2.992126,,,0,,NOAA,2013-03-29T15:47:48.0770000-06:00,in
37,USC00051772,Snow,1968-02-13T00:00:00.0000000-07:00,1.181102,,,0,,NOAA,2013-03-29T15:47:48.0770000-06:00,in
37,USC00051772,Snow,1968-02-14T00:00:00.0000000-07:00,0.984252,,,0,,NOAA,2013-03-29T15:47:48.0770000-06:00,in
37,USC00051772,Snow,1968-02-15T00:00:00.0000000-07:00,2.007874,,,0,,NOAA,2013-03-29T15:47:48.0770000-06:00,in
37,USC00051772,Snow,1968-02-16T00:00:00.0000000-07:00,0.000000,T,,0,,NOAA,2013-03-29T15:47:48.0770000-06:00,in
37,USC00051772,Snow,1968-02-17T00:00:00.0000000-07:00,0.000000,,,0,,NOAA,2013-03-29T15:47:48.0770000-06:00,in
37,USC00051772,Snow,1968-02-18T00:00:00.0000000-07:00,0.000000,,,0,,NOAA,2013-03-29T15:47:48.0770000-06:00,in
37,USC00051772,Snow,1968-02-19T00:00:00.0000000-07:00,0.000000,,,0,,NOAA,2013-03-29T15:47:48.0770000-06:00,in
37,USC00051772,Snow,1968-02-20T00:00:00.0000000-07:00,0.000000,,,0,,NOAA,2013-03-29T15:47:48.0770000-06:00,in
37,USC00051772,Snow,1968-02-21T00:00:00.0000000-07:00,0.000000,,,0,,NOAA,2013-03-29T15:47:48.0770000-06:00,in
37,USC00051772,Snow,1968-02-22T00:00:00.0000000-07:00,0.000000,,,0,,NOAA,2013-03-29T15:47:48.0770000-06:00,in
37,USC00051772,Snow,1968-02-23T00:00:00.0000000-07:00,0.000000,,,0,,NOAA,2013-03-29T15:47:48.0770000-06:00,in
37,USC00051772,Snow,1968-02-24T00:00:00.0000000-07:00,0.000000,,,0,,NOAA,2013-03-29T15:47:48.0770000-06:00,in
37,USC00051772,Snow,1968-02-25T00:00:00.0000000-07:00,0.000000,,,0,,NOAA,2013-03-29T15:47:48.0770000-06:00,in
37,USC00051772,Snow,1968-02-26T00:00:00.0000000-07:00,0.000000,,,0,,NOAA,2013-03-29T15:47:48.0770000-06:00,in
37,USC00051772,Snow,1968-02-27T00:00:00.0000000-07:00,0.000000,,,0,,NOAA,2013-03-29T15:47:48.0770000-06:00,in
37,USC00051772,Snow,1968-02-28T00:00:00.0000000-07:00,0.000000,,,0,,NOAA,2013-03-29T15:47:48.0770000-06:00,in
37,USC00051772,Snow,1968-02-29T00:00:00.0000000-07:00,0.000000,,,0,,NOAA,2013-03-29T15:47:48.0770000-06:00,in
37,USC00051772,Snow,1968-03-01T00:00:00.0000000-07:00,0.000000,,,0,,NOAA,2013-03-29T15:47:48.0770000-06:00,in
37,USC00051772,Snow,1968-03-02T00:00:00.0000000-07:00,0.000000,,,0,,NOAA,2013-03-29T15:47:48.0770000-06:00,in
37,USC00051772,Snow,1968-03-03T00:00:00.0000000-07:00,0.000000,,,0,,NOAA,2013-03-29T15:47:48.0770000-06:00,in
37,USC00051772,Snow,1968-03-04T00:00:00.0000000-07:00,0.000000,,,0,,NOAA,2013-03-29T15:47:48.0770000-06:00,in
37,USC00051772,Snow,1968-03-05T00:00:00.0000000-07:00,0.000000,,,0,,NOAA,2013-03-29T15:47:48.0770000-06:00,in
37,USC00051772,Snow,1968-03-06T00:00:00.0000000-07:00,0.000000,,,0,,NOAA,2013-03-29T15:47:48.0770000-06:00,in
37,USC00051772,Snow,1968-03-07T00:00:00.0000000-07:00,0.000000,,,0,,NOAA,2013-03-29T15:47:48.0770000-06:00,in
37,USC00051772,Snow,1968-03-08T00:00:00.0000000-07:00,0.000000,,,0,,NOAA,2013-03-29T15:47:48.0770000-06:00,in
37,USC00051772,Snow,1968-03-09T00:00:00.0000000-07:00,0.000000,,,0,,NOAA,2013-03-29T15:47:48.0770000-06:00,in
37,USC00051772,Snow,1968-03-10T00:00:00.0000000-07:00,0.000000,,,0,,NOAA,2013-03-29T15:47:48.0770000-06:00,in
37,USC00051772,Snow,1968-03-11T00:00:00.0000000-07:00,0.000000,,,0,,NOAA,2013-03-29T15:47:48.0770000-06:00,in
37,USC00051772,Snow,1968-03-12T00:00:00.0000000-07:00,0.000000,,,0,,NOAA,2013-03-29T15:47:48.0770000-06:00,in
37,USC00051772,Snow,1968-03-13T00:00:00.0000000-07:00,0.000000,,,0,,NOAA,2013-03-29T15:47:48.0770000-06:00,in
37,USC00051772,Snow,1968-03-14T00:00:00.0000000-07:00,0.000000,,,0,,NOAA,2013-03-29T15:47:48.0770000-06:00,in
37,USC00051772,Snow,1968-03-15T00:00:00.0000000-07:00,0.000000,,,0,,NOAA,2013-03-29T15:47:48.0770000-06:00,in
37,USC00051772,Snow,1968-03-16T00:00:00.0000000-07:00,0.000000,,,0,,NOAA,2013-03-29T15:47:48.0770000-06:00,in
37,USC00051772,Snow,1968-03-17T00:00:00.0000000-07:00,0.000000,,,0,,NOAA,2013-03-29T15:47:48.0770000-06:00,in
37,USC00051772,Snow,1968-03-18T00:00:00.0000000-07:00,0.000000,,,0,,NOAA,2013-03-29T15:47:48.0770000-06:00,in
37,USC00051772,Snow,1968-03-19T00:00:00.0000000-07:00,0.000000,,,0,,NOAA,2013-03-29T15:47:48.0770000-06:00,in
37,USC00051772,Snow,1968-03-20T00:00:00.0000000-07:00,0.000000,,,0,,NOAA,2013-03-29T15:47:48.0770000-06:00,in
37,USC00051772,Snow,1968-03-21T00:00:00.0000000-07:00,0.000000,,,0,,NOAA,2013-03-29T15:47:48.0770000-06:00,in
37,USC00051772,Snow,1968-03-22T00:00:00.0000000-07:00,0.000000,,,0,,NOAA,2013-03-29T15:47:48.0770000-06:00,in
37,USC00051772,Snow,1968-03-23T00:00:00.0000000-07:00,0.000000,,,0,,NOAA,2013-03-29T15:47:48.0770000-06:00,in
37,USC00051772,Snow,1968-03-24T00:00:00.0000000-07:00,0.000000,,,0,,NOAA,2013-03-29T15:47:48.0770000-06:00,in
37,USC00051772,Snow,1968-03-25T00:00:00.0000000-07:00,0.000000,,,0,,NOAA,2013-03-29T15:47:48.0770000-06:00,in
37,USC00051772,Snow,1968-03-26T00:00:00.0000000-07:00,0.000000,,,0,,NOAA,2013-03-29T15:47:48.0770000-06:00,in
37,USC00051772,Snow,1968-03-27T00:00:00.0000000-07:00,0.000000,,,0,,NOAA,2013-03-29T15:47:48.0770000-06:00,in
37,USC00051772,Snow,1968-03-28T00:00:00.0000000-07:00,0.000000,,,0,,NOAA,2013-03-29T15:47:48.0770000-06:00,in
37,USC00051772,Snow,1968-03-29T00:00:00.0000000-07:00,0.000000,,,0,,NOAA,2013-03-29T15:47:48.0770000-06:00,in
37,USC00051772,Snow,1968-03-30T00:00:00.0000000-07:00,0.000000,,,0,,NOAA,2013-03-29T15:47:48.0770000-06:00,in
37,USC00051772,Snow,1968-03-31T00:00:00.0000000-07:00,0.000000,,,0,,NOAA,2013-03-29T15:47:48.0770000-06:00,in
37,USC00051772,Snow,1968-04-01T00:00:00.0000000-07:00,0.000000,,,0,,NOAA,2013-03-29T15:47:48.0770000-06:00,in
37,USC00051772,Snow,1968-04-02T00:00:00.0000000-07:00,0.000000,T,,0,,NOAA,2013-03-29T15:47:48.0770000-06:00,in
37,USC00051772,Snow,1968-04-03T00:00:00.0000000-07:00,0.000000,T,,0,,NOAA,2013-03-29T15:47:48.0770000-06:00,in
37,USC00051772,Snow,1968-04-04T00:00:00.0000000-07:00,0.000000,,,0,,NOAA,2013-03-29T15:47:48.0770000-06:00,in
37,USC00051772,Snow,1968-04-05T00:00:00.0000000-07:00,0.000000,,,0,,NOAA,2013-03-29T15:47:48.0770000-06:00,in
37,USC00051772,Snow,1968-04-06T00:00:00.0000000-07:00,0.000000,T,,0,,NOAA,2013-03-29T15:47:48.0770000-06:00,in
37,USC00051772,Snow,1968-04-07T00:00:00.0000000-07:00,0.000000,,,0,,NOAA,2013-03-29T15:47:48.0770000-06:00,in
37,USC00051772,Snow,1968-04-08T00:00:00.0000000-06:00,0.000000,T,,0,,NOAA,2013-03-29T15:47:48.0770000-06:00,in
37,USC00051772,Snow,1968-04-09T00:00:00.0000000-06:00,0.000000,,,0,,NOAA,2013-03-29T15:47:48.0770000-06:00,in
37,USC00051772,Snow,1968-04-10T00:00:00.0000000-06:00,0.000000,,,0,,NOAA,2013-03-29T15:47:48.0770000-06:00,in
37,USC00051772,Snow,1968-04-11T00:00:00.0000000-06:00,0.000000,,,0,,NOAA,2013-03-29T15:47:48.0770000-06:00,in
37,USC00051772,Snow,1968-04-12T00:00:00.0000000-06:00,0.000000,,,0,,NOAA,2013-03-29T15:47:48.0770000-06:00,in
37,USC00051772,Snow,1968-04-13T00:00:00.0000000-06:00,0.000000,,,0,,NOAA,2013-03-29T15:47:48.0770000-06:00,in
37,USC00051772,Snow,1968-04-14T00:00:00.0000000-06:00,0.000000,,,0,,NOAA,2013-03-29T15:47:48.0770000-06:00,in
37,USC00051772,Snow,1968-04-15T00:00:00.0000000-06:00,0.000000,,,0,,NOAA,2013-03-29T15:47:48.0770000-06:00,in
37,USC00051772,Snow,1968-04-16T00:00:00.0000000-06:00,0.000000,,,0,,NOAA,2013-03-29T15:47:48.0770000-06:00,in
37,USC00051772,Snow,1968-04-17T00:00:00.0000000-06:00,0.000000,,,0,,NOAA,2013-03-29T15:47:48.0770000-06:00,in
37,USC00051772,Snow,1968-04-18T00:00:00.0000000-06:00,0.000000,,,0,,NOAA,2013-03-29T15:47:48.0770000-06:00,in
37,USC00051772,Snow,1968-04-19T00:00:00.0000000-06:00,0.000000,T,,0,,NOAA,2013-03-29T15:47:48.0770000-06:00,in
37,USC00051772,Snow,1968-04-20T00:00:00.0000000-06:00,0.000000,,,0,,NOAA,2013-03-29T15:47:48.0770000-06:00,in
37,USC00051772,Snow,1968-04-21T00:00:00.0000000-06:00,0.000000,,,0,,NOAA,2013-03-29T15:47:48.0770000-06:00,in
37,USC00051772,Snow,1968-04-22T00:00:00.0000000-06:00,0.984252,,,0,,NOAA,2013-03-29T15:47:48.0770000-06:00,in
37,USC00051772,Snow,1968-04-23T00:00:00.0000000-06:00,0.000000,,,0,,NOAA,2013-03-29T15:47:48.0770000-06:00,in
37,USC00051772,Snow,1968-04-24T00:00:00.0000000-06:00,0.000000,,,0,,NOAA,2013-03-29T15:47:48.0770000-06:00,in
37,USC00051772,Snow,1968-04-25T00:00:00.0000000-06:00,0.000000,,,0,,NOAA,2013-03-29T15:47:48.0770000-06:00,in
37,USC00051772,Snow,1968-04-26T00:00:00.0000000-06:00,0.000000,,,0,,NOAA,2013-03-29T15:47:48.0770000-06:00,in
37,USC00051772,Snow,1968-04-27T00:00:00.0000000-06:00,0.000000,,,0,,NOAA,2013-03-29T15:47:48.0770000-06:00,in
37,USC00051772,Snow,1968-04-28T00:00:00.0000000-06:00,0.000000,T,,0,,NOAA,2013-03-29T15:47:48.0770000-06:00,in
37,USC00051772,Snow,1968-04-29T00:00:00.0000000-06:00,0.000000,,,0,,NOAA,2013-03-29T15:47:48.0770000-06:00,in
37,USC00051772,Snow,1968-04-30T00:00:00.0000000-06:00,0.000000,,,0,,NOAA,2013-03-29T15:47:48.0770000-06:00,in
37,USC00051772,Snow,1968-05-01T00:00:00.0000000-06:00,0.000000,,,0,,NOAA,2013-03-29T15:47:48.0770000-06:00,in
37,USC00051772,Snow,1968-05-02T00:00:00.0000000-06:00,0.000000,,,0,,NOAA,2013-03-29T15:47:48.0770000-06:00,in
37,USC00051772,Snow,1968-05-03T00:00:00.0000000-06:00,0.000000,,,0,,NOAA,2013-03-29T15:47:48.0770000-06:00,in
37,USC00051772,Snow,1968-05-04T00:00:00.0000000-06:00,0.000000,,,0,,NOAA,2013-03-29T15:47:48.0770000-06:00,in
37,USC00051772,Snow,1968-05-05T00:00:00.0000000-06:00,0.000000,,,0,,NOAA,2013-03-29T15:47:48.0770000-06:00,in
37,USC00051772,Snow,1968-05-06T00:00:00.0000000-06:00,0.000000,T,,0,,NOAA,2013-03-29T15:47:48.0770000-06:00,in
37,USC00051772,Snow,1968-05-07T00:00:00.0000000-06:00,0.000000,,,0,,NOAA,2013-03-29T15:47:48.0770000-06:00,in
37,USC00051772,Snow,1968-05-08T00:00:00.0000000-06:00,0.000000,,,0,,NOAA,2013-03-29T15:47:48.0770000-06:00,in
37,USC00051772,Snow,1968-05-09T00:00:00.0000000-06:00,0.000000,,,0,,NOAA,2013-03-29T15:47:48.0770000-06:00,in
37,USC00051772,Snow,1968-05-10T00:00:00.0000000-06:00,0.000000,,,0,,NOAA,2013-03-29T15:47:48.0770000-06:00,in
37,USC00051772,Snow,1968-05-11T00:00:00.0000000-06:00,0.000000,,,0,,NOAA,2013-03-29T15:47:48.0770000-06:00,in
37,USC00051772,Snow,1968-05-12T00:00:00.0000000-06:00,0.000000,,,0,,NOAA,2013-03-29T15:47:48.0770000-06:00,in
37,USC00051772,Snow,1968-05-13T00:00:00.0000000-06:00,0.000000,,,0,,NOAA,2013-03-29T15:47:48.0770000-06:00,in
37,USC00051772,Snow,1968-05-14T00:00:00.0000000-06:00,0.000000,,,0,,NOAA,2013-03-29T15:47:48.0770000-06:00,in
37,USC00051772,Snow,1968-05-15T00:00:00.0000000-06:00,0.000000,,,0,,NOAA,2013-03-29T15:47:48.0770000-06:00,in
37,USC00051772,Snow,1968-05-16T00:00:00.0000000-06:00,0.000000,,,0,,NOAA,2013-03-29T15:47:48.0770000-06:00,in
37,USC00051772,Snow,1968-05-17T00:00:00.0000000-06:00,0.000000,,,0,,NOAA,2013-03-29T15:47:48.0770000-06:00,in
37,USC00051772,Snow,1968-05-18T00:00:00.0000000-06:00,0.000000,,,0,,NOAA,2013-03-29T15:47:48.0770000-06:00,in
37,USC00051772,Snow,1968-05-19T00:00:00.0000000-06:00,0.000000,,,0,,NOAA,2013-03-29T15:47:48.0770000-06:00,in
37,USC00051772,Snow,1968-05-20T00:00:00.0000000-06:00,0.000000,,,0,,NOAA,2013-03-29T15:47:48.0770000-06:00,in
37,USC00051772,Snow,1968-05-21T00:00:00.0000000-06:00,0.000000,,,0,,NOAA,2013-03-29T15:47:48.0770000-06:00,in
37,USC00051772,Snow,1968-05-22T00:00:00.0000000-06:00,0.000000,,,0,,NOAA,2013-03-29T15:47:48.0770000-06:00,in
37,USC00051772,Snow,1968-05-23T00:00:00.0000000-06:00,0.000000,T,,0,,NOAA,2013-03-29T15:47:48.0770000-06:00,in
37,USC00051772,Snow,1968-05-24T00:00:00.0000000-06:00,0.000000,,,0,,NOAA,2013-03-29T15:47:48.0770000-06:00,in
37,USC00051772,Snow,1968-05-25T00:00:00.0000000-06:00,0.000000,,,0,,NOAA,2013-03-29T15:47:48.0770000-06:00,in
37,USC00051772,Snow,1968-05-26T00:00:00.0000000-06:00,0.000000,,,0,,NOAA,2013-03-29T15:47:48.0770000-06:00,in
37,USC00051772,Snow,1968-05-27T00:00:00.0000000-06:00,0.000000,,,0,,NOAA,2013-03-29T15:47:48.0770000-06:00,in
37,USC00051772,Snow,1968-05-28T00:00:00.0000000-06:00,0.000000,,,0,,NOAA,2013-03-29T15:47:48.0770000-06:00,in
37,USC00051772,Snow,1968-05-29T00:00:00.0000000-06:00,0.000000,,,0,,NOAA,2013-03-29T15:47:48.0770000-06:00,in
37,USC00051772,Snow,1968-05-30T00:00:00.0000000-06:00,0.000000,,,0,,NOAA,2013-03-29T15:47:48.0770000-06:00,in
37,USC00051772,Snow,1968-05-31T00:00:00.0000000-06:00,0.000000,,,0,,NOAA,2013-03-29T15:47:48.0770000-06:00,in
37,USC00051772,Snow,1968-06-01T00:00:00.0000000-06:00,0.000000,,,0,,NOAA,2013-03-29T15:47:48.0770000-06:00,in
37,USC00051772,Snow,1968-06-02T00:00:00.0000000-06:00,0.000000,,,0,,NOAA,2013-03-29T15:47:48.0770000-06:00,in
37,USC00051772,Snow,1968-06-03T00:00:00.0000000-06:00,0.000000,,,0,,NOAA,2013-03-29T15:47:48.0770000-06:00,in
37,USC00051772,Snow,1968-06-04T00:00:00.0000000-06:00,0.000000,,,0,,NOAA,2013-03-29T15:47:48.0770000-06:00,in
37,USC00051772,Snow,1968-06-05T00:00:00.0000000-06:00,0.000000,,,0,,NOAA,2013-03-29T15:47:48.0770000-06:00,in
37,USC00051772,Snow,1968-06-06T00:00:00.0000000-06:00,0.000000,,,0,,NOAA,2013-03-29T15:47:48.0770000-06:00,in
37,USC00051772,Snow,1968-06-07T00:00:00.0000000-06:00,0.000000,,,0,,NOAA,2013-03-29T15:47:48.0770000-06:00,in
37,USC00051772,Snow,1968-06-08T00:00:00.0000000-06:00,0.000000,,,0,,NOAA,2013-03-29T15:47:48.0770000-06:00,in
37,USC00051772,Snow,1968-06-09T00:00:00.0000000-06:00,0.000000,,,0,,NOAA,2013-03-29T15:47:48.0770000-06:00,in
37,USC00051772,Snow,1968-06-10T00:00:00.0000000-06:00,0.000000,,,0,,NOAA,2013-03-29T15:47:48.0770000-06:00,in
37,USC00051772,Snow,1968-06-11T00:00:00.0000000-06:00,0.000000,,,0,,NOAA,2013-03-29T15:47:48.0770000-06:00,in
37,USC00051772,Snow,1968-06-12T00:00:00.0000000-06:00,0.000000,,,0,,NOAA,2013-03-29T15:47:48.0770000-06:00,in
37,USC00051772,Snow,1968-06-13T00:00:00.0000000-06:00,0.000000,,,0,,NOAA,2013-03-29T15:47:48.0770000-06:00,in
37,USC00051772,Snow,1968-06-14T00:00:00.0000000-06:00,0.000000,,,0,,NOAA,2013-03-29T15:47:48.0770000-06:00,in
37,USC00051772,Snow,1968-06-15T00:00:00.0000000-06:00,0.000000,,,0,,NOAA,2013-03-29T15:47:48.0770000-06:00,in
37,USC00051772,Snow,1968-06-16T00:00:00.0000000-06:00,0.000000,,,0,,NOAA,2013-03-29T15:47:48.0770000-06:00,in
37,USC00051772,Snow,1968-06-17T00:00:00.0000000-06:00,0.000000,,,0,,NOAA,2013-03-29T15:47:48.0770000-06:00,in
37,USC00051772,Snow,1968-06-18T00:00:00.0000000-06:00,0.000000,,,0,,NOAA,2013-03-29T15:47:48.0770000-06:00,in
37,USC00051772,Snow,1968-06-19T00:00:00.0000000-06:00,0.000000,,,0,,NOAA,2013-03-29T15:47:48.0770000-06:00,in
37,USC00051772,Snow,1968-06-20T00:00:00.0000000-06:00,0.000000,,,0,,NOAA,2013-03-29T15:47:48.0770000-06:00,in
37,USC00051772,Snow,1968-06-21T00:00:00.0000000-06:00,0.000000,,,0,,NOAA,2013-03-29T15:47:48.0770000-06:00,in
37,USC00051772,Snow,1968-06-22T00:00:00.0000000-06:00,0.000000,,,0,,NOAA,2013-03-29T15:47:48.0770000-06:00,in
37,USC00051772,Snow,1968-06-23T00:00:00.0000000-06:00,0.000000,,,0,,NOAA,2013-03-29T15:47:48.0770000-06:00,in
37,USC00051772,Snow,1968-06-24T00:00:00.0000000-06:00,0.000000,,,0,,NOAA,2013-03-29T15:47:48.0770000-06:00,in
37,USC00051772,Snow,1968-06-25T00:00:00.0000000-06:00,0.000000,,,0,,NOAA,2013-03-29T15:47:48.0770000-06:00,in
37,USC00051772,Snow,1968-06-26T00:00:00.0000000-06:00,0.000000,,,0,,NOAA,2013-03-29T15:47:48.0770000-06:00,in
37,USC00051772,Snow,1968-06-27T00:00:00.0000000-06:00,0.000000,,,0,,NOAA,2013-03-29T15:47:48.0770000-06:00,in
37,USC00051772,Snow,1968-06-28T00:00:00.0000000-06:00,0.000000,,,0,,NOAA,2013-03-29T15:47:48.0770000-06:00,in
37,USC00051772,Snow,1968-06-29T00:00:00.0000000-06:00,0.000000,,,0,,NOAA,2013-03-29T15:47:48.0770000-06:00,in
37,USC00051772,Snow,1968-06-30T00:00:00.0000000-06:00,0.000000,,,0,,NOAA,2013-03-29T15:47:48.0770000-06:00,in
37,USC00051772,Snow,1968-07-01T00:00:00.0000000-06:00,0.000000,,,0,,NOAA,2013-03-29T15:47:48.0770000-06:00,in
37,USC00051772,Snow,1968-07-02T00:00:00.0000000-06:00,0.000000,,,0,,NOAA,2013-03-29T15:47:48.0770000-06:00,in
37,USC00051772,Snow,1968-07-03T00:00:00.0000000-06:00,0.000000,,,0,,NOAA,2013-03-29T15:47:48.0770000-06:00,in
37,USC00051772,Snow,1968-07-04T00:00:00.0000000-06:00,0.000000,,,0,,NOAA,2013-03-29T15:47:48.0770000-06:00,in
37,USC00051772,Snow,1968-07-05T00:00:00.0000000-06:00,0.000000,,,0,,NOAA,2013-03-29T15:47:48.0770000-06:00,in
37,USC00051772,Snow,1968-07-06T00:00:00.0000000-06:00,0.000000,,,0,,NOAA,2013-03-29T15:47:48.0770000-06:00,in
37,USC00051772,Snow,1968-07-07T00:00:00.0000000-06:00,0.000000,,,0,,NOAA,2013-03-29T15:47:48.0770000-06:00,in
37,USC00051772,Snow,1968-07-08T00:00:00.0000000-06:00,0.000000,,,0,,NOAA,2013-03-29T15:47:48.0770000-06:00,in
37,USC00051772,Snow,1968-07-09T00:00:00.0000000-06:00,0.000000,,,0,,NOAA,2013-03-29T15:47:48.0770000-06:00,in
37,USC00051772,Snow,1968-07-10T00:00:00.0000000-06:00,0.000000,,,0,,NOAA,2013-03-29T15:47:48.0770000-06:00,in
37,USC00051772,Snow,1968-07-11T00:00:00.0000000-06:00,0.000000,,,0,,NOAA,2013-03-29T15:47:48.0770000-06:00,in
37,USC00051772,Snow,1968-07-12T00:00:00.0000000-06:00,0.000000,,,0,,NOAA,2013-03-29T15:47:48.0770000-06:00,in
37,USC00051772,Snow,1968-07-13T00:00:00.0000000-06:00,0.000000,,,0,,NOAA,2013-03-29T15:47:48.0770000-06:00,in
37,USC00051772,Snow,1968-07-14T00:00:00.0000000-06:00,0.000000,,,0,,NOAA,2013-03-29T15:47:48.0770000-06:00,in
37,USC00051772,Snow,1968-07-15T00:00:00.0000000-06:00,0.000000,,,0,,NOAA,2013-03-29T15:47:48.0770000-06:00,in
37,USC00051772,Snow,1968-07-16T00:00:00.0000000-06:00,0.000000,,,0,,NOAA,2013-03-29T15:47:48.0770000-06:00,in
37,USC00051772,Snow,1968-07-17T00:00:00.0000000-06:00,0.000000,,,0,,NOAA,2013-03-29T15:47:48.0770000-06:00,in
37,USC00051772,Snow,1968-07-18T00:00:00.0000000-06:00,0.000000,,,0,,NOAA,2013-03-29T15:47:48.0770000-06:00,in
37,USC00051772,Snow,1968-07-19T00:00:00.0000000-06:00,0.000000,,,0,,NOAA,2013-03-29T15:47:48.0770000-06:00,in
37,USC00051772,Snow,1968-07-20T00:00:00.0000000-06:00,0.000000,,,0,,NOAA,2013-03-29T15:47:48.0770000-06:00,in
37,USC00051772,Snow,1968-07-21T00:00:00.0000000-06:00,0.000000,,,0,,NOAA,2013-03-29T15:47:48.0770000-06:00,in
37,USC00051772,Snow,1968-07-22T00:00:00.0000000-06:00,0.000000,,,0,,NOAA,2013-03-29T15:47:48.0770000-06:00,in
37,USC00051772,Snow,1968-07-23T00:00:00.0000000-06:00,0.000000,,,0,,NOAA,2013-03-29T15:47:48.0770000-06:00,in
37,USC00051772,Snow,1968-07-24T00:00:00.0000000-06:00,0.000000,,,0,,NOAA,2013-03-29T15:47:48.0770000-06:00,in
37,USC00051772,Snow,1968-07-25T00:00:00.0000000-06:00,0.000000,,,0,,NOAA,2013-03-29T15:47:48.0770000-06:00,in
37,USC00051772,Snow,1968-07-26T00:00:00.0000000-06:00,0.000000,,,0,,NOAA,2013-03-29T15:47:48.0770000-06:00,in
37,USC00051772,Snow,1968-07-27T00:00:00.0000000-06:00,0.000000,,,0,,NOAA,2013-03-29T15:47:48.0770000-06:00,in
37,USC00051772,Snow,1968-07-28T00:00:00.0000000-06:00,0.000000,,,0,,NOAA,2013-03-29T15:47:48.0770000-06:00,in
37,USC00051772,Snow,1968-07-29T00:00:00.0000000-06:00,0.000000,,,0,,NOAA,2013-03-29T15:47:48.0770000-06:00,in
37,USC00051772,Snow,1968-07-30T00:00:00.0000000-06:00,0.000000,,,0,,NOAA,2013-03-29T15:47:48.0770000-06:00,in
37,USC00051772,Snow,1968-07-31T00:00:00.0000000-06:00,0.000000,,,0,,NOAA,2013-03-29T15:47:48.0770000-06:00,in
37,USC00051772,Snow,1968-08-01T00:00:00.0000000-06:00,0.000000,,,0,,NOAA,2013-03-29T15:47:48.0770000-06:00,in
37,USC00051772,Snow,1968-08-02T00:00:00.0000000-06:00,0.000000,,,0,,NOAA,2013-03-29T15:47:48.0770000-06:00,in
37,USC00051772,Snow,1968-08-03T00:00:00.0000000-06:00,0.000000,,,0,,NOAA,2013-03-29T15:47:48.0770000-06:00,in
37,USC00051772,Snow,1968-08-04T00:00:00.0000000-06:00,0.000000,,,0,,NOAA,2013-03-29T15:47:48.0770000-06:00,in
37,USC00051772,Snow,1968-08-05T00:00:00.0000000-06:00,0.000000,,,0,,NOAA,2013-03-29T15:47:48.0770000-06:00,in
37,USC00051772,Snow,1968-08-06T00:00:00.0000000-06:00,0.000000,,,0,,NOAA,2013-03-29T15:47:48.0770000-06:00,in
37,USC00051772,Snow,1968-08-07T00:00:00.0000000-06:00,0.000000,,,0,,NOAA,2013-03-29T15:47:48.0770000-06:00,in
37,USC00051772,Snow,1968-08-08T00:00:00.0000000-06:00,0.000000,,,0,,NOAA,2013-03-29T15:47:48.0770000-06:00,in
37,USC00051772,Snow,1968-08-09T00:00:00.0000000-06:00,0.000000,,,0,,NOAA,2013-03-29T15:47:48.0770000-06:00,in
37,USC00051772,Snow,1968-08-10T00:00:00.0000000-06:00,0.000000,,,0,,NOAA,2013-03-29T15:47:48.0770000-06:00,in
37,USC00051772,Snow,1968-08-11T00:00:00.0000000-06:00,0.000000,,,0,,NOAA,2013-03-29T15:47:48.0770000-06:00,in
37,USC00051772,Snow,1968-08-12T00:00:00.0000000-06:00,0.000000,,,0,,NOAA,2013-03-29T15:47:48.0770000-06:00,in
37,USC00051772,Snow,1968-08-13T00:00:00.0000000-06:00,0.000000,,,0,,NOAA,2013-03-29T15:47:48.0770000-06:00,in
37,USC00051772,Snow,1968-08-14T00:00:00.0000000-06:00,0.000000,,,0,,NOAA,2013-03-29T15:47:48.0770000-06:00,in
37,USC00051772,Snow,1968-08-15T00:00:00.0000000-06:00,0.000000,,,0,,NOAA,2013-03-29T15:47:48.0770000-06:00,in
37,USC00051772,Snow,1968-08-16T00:00:00.0000000-06:00,0.000000,,,0,,NOAA,2013-03-29T15:47:48.0770000-06:00,in
37,USC00051772,Snow,1968-08-17T00:00:00.0000000-06:00,0.000000,,,0,,NOAA,2013-03-29T15:47:48.0770000-06:00,in
37,USC00051772,Snow,1968-08-18T00:00:00.0000000-06:00,0.000000,,,0,,NOAA,2013-03-29T15:47:48.0770000-06:00,in
37,USC00051772,Snow,1968-08-19T00:00:00.0000000-06:00,0.000000,,,0,,NOAA,2013-03-29T15:47:48.0770000-06:00,in
37,USC00051772,Snow,1968-08-20T00:00:00.0000000-06:00,0.000000,,,0,,NOAA,2013-03-29T15:47:48.0770000-06:00,in
37,USC00051772,Snow,1968-08-21T00:00:00.0000000-06:00,0.000000,,,0,,NOAA,2013-03-29T15:47:48.0770000-06:00,in
37,USC00051772,Snow,1968-08-22T00:00:00.0000000-06:00,0.000000,,,0,,NOAA,2013-03-29T15:47:48.0770000-06:00,in
37,USC00051772,Snow,1968-08-23T00:00:00.0000000-06:00,0.000000,,,0,,NOAA,2013-03-29T15:47:48.0770000-06:00,in
37,USC00051772,Snow,1968-08-24T00:00:00.0000000-06:00,0.000000,,,0,,NOAA,2013-03-29T15:47:48.0770000-06:00,in
37,USC00051772,Snow,1968-08-25T00:00:00.0000000-06:00,0.000000,,,0,,NOAA,2013-03-29T15:47:48.0770000-06:00,in
37,USC00051772,Snow,1968-08-26T00:00:00.0000000-06:00,0.000000,,,0,,NOAA,2013-03-29T15:47:48.0770000-06:00,in
37,USC00051772,Snow,1968-08-27T00:00:00.0000000-06:00,0.000000,,,0,,NOAA,2013-03-29T15:47:48.0770000-06:00,in
37,USC00051772,Snow,1968-08-28T00:00:00.0000000-06:00,0.000000,,,0,,NOAA,2013-03-29T15:47:48.0770000-06:00,in
37,USC00051772,Snow,1968-08-29T00:00:00.0000000-06:00,0.000000,,,0,,NOAA,2013-03-29T15:47:48.0770000-06:00,in
37,USC00051772,Snow,1968-08-30T00:00:00.0000000-06:00,0.000000,,,0,,NOAA,2013-03-29T15:47:48.0770000-06:00,in
37,USC00051772,Snow,1968-08-31T00:00:00.0000000-06:00,0.000000,,,0,,NOAA,2013-03-29T15:47:48.0770000-06:00,in
37,USC00051772,Snow,1968-09-01T00:00:00.0000000-06:00,0.000000,,,0,,NOAA,2013-03-29T15:47:48.0770000-06:00,in
37,USC00051772,Snow,1968-09-02T00:00:00.0000000-06:00,0.000000,,,0,,NOAA,2013-03-29T15:47:48.0770000-06:00,in
37,USC00051772,Snow,1968-09-03T00:00:00.0000000-06:00,0.000000,,,0,,NOAA,2013-03-29T15:47:48.0770000-06:00,in
37,USC00051772,Snow,1968-09-04T00:00:00.0000000-06:00,0.000000,,,0,,NOAA,2013-03-29T15:47:48.0770000-06:00,in
37,USC00051772,Snow,1968-09-05T00:00:00.0000000-06:00,0.000000,,,0,,NOAA,2013-03-29T15:47:48.0770000-06:00,in
37,USC00051772,Snow,1968-09-06T00:00:00.0000000-06:00,0.000000,,,0,,NOAA,2013-03-29T15:47:48.0770000-06:00,in
37,USC00051772,Snow,1968-09-07T00:00:00.0000000-06:00,0.000000,,,0,,NOAA,2013-03-29T15:47:48.0770000-06:00,in
37,USC00051772,Snow,1968-09-08T00:00:00.0000000-06:00,0.000000,,,0,,NOAA,2013-03-29T15:47:48.0770000-06:00,in
37,USC00051772,Snow,1968-09-09T00:00:00.0000000-06:00,0.000000,,,0,,NOAA,2013-03-29T15:47:48.0770000-06:00,in
37,USC00051772,Snow,1968-09-10T00:00:00.0000000-06:00,0.000000,,,0,,NOAA,2013-03-29T15:47:48.0770000-06:00,in
37,USC00051772,Snow,1968-09-11T00:00:00.0000000-06:00,0.000000,,,0,,NOAA,2013-03-29T15:47:48.0770000-06:00,in
37,USC00051772,Snow,1968-09-12T00:00:00.0000000-06:00,0.000000,,,0,,NOAA,2013-03-29T15:47:48.0770000-06:00,in
37,USC00051772,Snow,1968-09-13T00:00:00.0000000-06:00,0.000000,,,0,,NOAA,2013-03-29T15:47:48.0770000-06:00,in
37,USC00051772,Snow,1968-09-14T00:00:00.0000000-06:00,0.000000,,,0,,NOAA,2013-03-29T15:47:48.0770000-06:00,in
37,USC00051772,Snow,1968-09-15T00:00:00.0000000-06:00,0.000000,,,0,,NOAA,2013-03-29T15:47:48.0770000-06:00,in
37,USC00051772,Snow,1968-09-16T00:00:00.0000000-06:00,0.000000,,,0,,NOAA,2013-03-29T15:47:48.0770000-06:00,in
37,USC00051772,Snow,1968-09-17T00:00:00.0000000-06:00,0.000000,,,0,,NOAA,2013-03-29T15:47:48.0770000-06:00,in
37,USC00051772,Snow,1968-09-18T00:00:00.0000000-06:00,0.000000,,,0,,NOAA,2013-03-29T15:47:48.0770000-06:00,in
37,USC00051772,Snow,1968-09-19T00:00:00.0000000-06:00,0.000000,,,0,,NOAA,2013-03-29T15:47:48.0770000-06:00,in
37,USC00051772,Snow,1968-09-20T00:00:00.0000000-06:00,0.000000,,,0,,NOAA,2013-03-29T15:47:48.0770000-06:00,in
37,USC00051772,Snow,1968-09-21T00:00:00.0000000-06:00,0.000000,,,0,,NOAA,2013-03-29T15:47:48.0770000-06:00,in
37,USC00051772,Snow,1968-09-22T00:00:00.0000000-06:00,0.000000,,,0,,NOAA,2013-03-29T15:47:48.0770000-06:00,in
37,USC00051772,Snow,1968-09-23T00:00:00.0000000-06:00,0.000000,,,0,,NOAA,2013-03-29T15:47:48.0770000-06:00,in
37,USC00051772,Snow,1968-09-24T00:00:00.0000000-06:00,0.000000,,,0,,NOAA,2013-03-29T15:47:48.0770000-06:00,in
37,USC00051772,Snow,1968-09-25T00:00:00.0000000-06:00,0.000000,,,0,,NOAA,2013-03-29T15:47:48.0770000-06:00,in
37,USC00051772,Snow,1968-09-26T00:00:00.0000000-06:00,0.000000,,,0,,NOAA,2013-03-29T15:47:48.0770000-06:00,in
37,USC00051772,Snow,1968-09-27T00:00:00.0000000-06:00,0.000000,,,0,,NOAA,2013-03-29T15:47:48.0770000-06:00,in
37,USC00051772,Snow,1968-09-28T00:00:00.0000000-06:00,0.000000,,,0,,NOAA,2013-03-29T15:47:48.0770000-06:00,in
37,USC00051772,Snow,1968-09-29T00:00:00.0000000-06:00,0.000000,,,0,,NOAA,2013-03-29T15:47:48.0770000-06:00,in
37,USC00051772,Snow,1968-09-30T00:00:00.0000000-06:00,0.000000,,,0,,NOAA,2013-03-29T15:47:48.0770000-06:00,in
37,USC00051772,Snow,1968-10-01T00:00:00.0000000-06:00,0.000000,,,0,,NOAA,2013-03-29T15:47:48.0770000-06:00,in
37,USC00051772,Snow,1968-10-02T00:00:00.0000000-06:00,0.000000,,,0,,NOAA,2013-03-29T15:47:48.0770000-06:00,in
37,USC00051772,Snow,1968-10-03T00:00:00.0000000-06:00,0.000000,,,0,,NOAA,2013-03-29T15:47:48.0770000-06:00,in
37,USC00051772,Snow,1968-10-04T00:00:00.0000000-06:00,0.000000,,,0,,NOAA,2013-03-29T15:47:48.0770000-06:00,in
37,USC00051772,Snow,1968-10-05T00:00:00.0000000-06:00,0.000000,,,0,,NOAA,2013-03-29T15:47:48.0770000-06:00,in
37,USC00051772,Snow,1968-10-06T00:00:00.0000000-06:00,0.000000,,,0,,NOAA,2013-03-29T15:47:48.0770000-06:00,in
37,USC00051772,Snow,1968-10-07T00:00:00.0000000-06:00,0.000000,,,0,,NOAA,2013-03-29T15:47:48.0770000-06:00,in
37,USC00051772,Snow,1968-10-08T00:00:00.0000000-06:00,0.000000,,,0,,NOAA,2013-03-29T15:47:48.0770000-06:00,in
37,USC00051772,Snow,1968-10-09T00:00:00.0000000-06:00,0.000000,,,0,,NOAA,2013-03-29T15:47:48.0770000-06:00,in
37,USC00051772,Snow,1968-10-10T00:00:00.0000000-06:00,0.000000,,,0,,NOAA,2013-03-29T15:47:48.0770000-06:00,in
37,USC00051772,Snow,1968-10-11T00:00:00.0000000-06:00,0.000000,,,0,,NOAA,2013-03-29T15:47:48.0770000-06:00,in
37,USC00051772,Snow,1968-10-12T00:00:00.0000000-06:00,0.000000,,,0,,NOAA,2013-03-29T15:47:48.0770000-06:00,in
37,USC00051772,Snow,1968-10-13T00:00:00.0000000-06:00,0.000000,,,0,,NOAA,2013-03-29T15:47:48.0770000-06:00,in
37,USC00051772,Snow,1968-10-14T00:00:00.0000000-06:00,0.000000,,,0,,NOAA,2013-03-29T15:47:48.0770000-06:00,in
37,USC00051772,Snow,1968-10-15T00:00:00.0000000-06:00,0.000000,,,0,,NOAA,2013-03-29T15:47:48.0770000-06:00,in
37,USC00051772,Snow,1968-10-16T00:00:00.0000000-06:00,0.000000,,,0,,NOAA,2013-03-29T15:47:48.0770000-06:00,in
37,USC00051772,Snow,1968-10-17T00:00:00.0000000-06:00,0.000000,,,0,,NOAA,2013-03-29T15:47:48.0770000-06:00,in
37,USC00051772,Snow,1968-10-18T00:00:00.0000000-06:00,0.000000,,,0,,NOAA,2013-03-29T15:47:48.0770000-06:00,in
37,USC00051772,Snow,1968-10-19T00:00:00.0000000-06:00,0.000000,,,0,,NOAA,2013-03-29T15:47:48.0770000-06:00,in
37,USC00051772,Snow,1968-10-20T00:00:00.0000000-06:00,0.000000,,,0,,NOAA,2013-03-29T15:47:48.0770000-06:00,in
37,USC00051772,Snow,1968-10-21T00:00:00.0000000-06:00,0.000000,,,0,,NOAA,2013-03-29T15:47:48.0770000-06:00,in
37,USC00051772,Snow,1968-10-22T00:00:00.0000000-06:00,0.000000,,,0,,NOAA,2013-03-29T15:47:48.0770000-06:00,in
37,USC00051772,Snow,1968-10-23T00:00:00.0000000-06:00,0.000000,,,0,,NOAA,2013-03-29T15:47:48.0770000-06:00,in
37,USC00051772,Snow,1968-10-24T00:00:00.0000000-06:00,0.000000,,,0,,NOAA,2013-03-29T15:47:48.0770000-06:00,in
37,USC00051772,Snow,1968-10-25T00:00:00.0000000-06:00,0.000000,,,0,,NOAA,2013-03-29T15:47:48.0770000-06:00,in
37,USC00051772,Snow,1968-10-26T00:00:00.0000000-06:00,0.000000,,,0,,NOAA,2013-03-29T15:47:48.0770000-06:00,in
37,USC00051772,Snow,1968-10-27T00:00:00.0000000-06:00,0.000000,,,0,,NOAA,2013-03-29T15:47:48.0770000-06:00,in
37,USC00051772,Snow,1968-10-28T00:00:00.0000000-07:00,0.000000,,,0,,NOAA,2013-03-29T15:47:48.0770000-06:00,in
37,USC00051772,Snow,1968-10-29T00:00:00.0000000-07:00,0.000000,,,0,,NOAA,2013-03-29T15:47:48.0770000-06:00,in
37,USC00051772,Snow,1968-10-30T00:00:00.0000000-07:00,0.000000,,,0,,NOAA,2013-03-29T15:47:48.0770000-06:00,in
37,USC00051772,Snow,1968-10-31T00:00:00.0000000-07:00,0.000000,,,0,,NOAA,2013-03-29T15:47:48.0770000-06:00,in
37,USC00051772,Snow,1968-11-01T00:00:00.0000000-07:00,0.000000,,,0,,NOAA,2013-03-29T15:47:48.0770000-06:00,in
37,USC00051772,Snow,1968-11-02T00:00:00.0000000-07:00,0.000000,,,0,,NOAA,2013-03-29T15:47:48.0770000-06:00,in
37,USC00051772,Snow,1968-11-03T00:00:00.0000000-07:00,0.000000,,,0,,NOAA,2013-03-29T15:47:48.0770000-06:00,in
37,USC00051772,Snow,1968-11-04T00:00:00.0000000-07:00,0.000000,,,0,,NOAA,2013-03-29T15:47:48.0770000-06:00,in
37,USC00051772,Snow,1968-11-05T00:00:00.0000000-07:00,0.000000,,,0,,NOAA,2013-03-29T15:47:48.0770000-06:00,in
37,USC00051772,Snow,1968-11-06T00:00:00.0000000-07:00,0.511811,,,0,,NOAA,2013-03-29T15:47:48.0770000-06:00,in
37,USC00051772,Snow,1968-11-07T00:00:00.0000000-07:00,0.000000,,,0,,NOAA,2013-03-29T15:47:48.0770000-06:00,in
37,USC00051772,Snow,1968-11-08T00:00:00.0000000-07:00,0.000000,,,0,,NOAA,2013-03-29T15:47:48.0770000-06:00,in
37,USC00051772,Snow,1968-11-09T00:00:00.0000000-07:00,0.000000,,,0,,NOAA,2013-03-29T15:47:48.0770000-06:00,in
37,USC00051772,Snow,1968-11-10T00:00:00.0000000-07:00,0.000000,,,0,,NOAA,2013-03-29T15:47:48.0770000-06:00,in
37,USC00051772,Snow,1968-11-11T00:00:00.0000000-07:00,0.000000,,,0,,NOAA,2013-03-29T15:47:48.0770000-06:00,in
37,USC00051772,Snow,1968-11-12T00:00:00.0000000-07:00,0.000000,,,0,,NOAA,2013-03-29T15:47:48.0770000-06:00,in
37,USC00051772,Snow,1968-11-13T00:00:00.0000000-07:00,0.000000,,,0,,NOAA,2013-03-29T15:47:48.0770000-06:00,in
37,USC00051772,Snow,1968-11-14T00:00:00.0000000-07:00,2.007874,,,0,,NOAA,2013-03-29T15:47:48.0770000-06:00,in
37,USC00051772,Snow,1968-11-15T00:00:00.0000000-07:00,0.000000,,,0,,NOAA,2013-03-29T15:47:48.0770000-06:00,in
37,USC00051772,Snow,1968-11-16T00:00:00.0000000-07:00,0.000000,,,0,,NOAA,2013-03-29T15:47:48.0770000-06:00,in
37,USC00051772,Snow,1968-11-17T00:00:00.0000000-07:00,0.000000,,,0,,NOAA,2013-03-29T15:47:48.0770000-06:00,in
37,USC00051772,Snow,1968-11-18T00:00:00.0000000-07:00,0.000000,,,0,,NOAA,2013-03-29T15:47:48.0770000-06:00,in
37,USC00051772,Snow,1968-11-19T00:00:00.0000000-07:00,0.000000,,,0,,NOAA,2013-03-29T15:47:48.0770000-06:00,in
37,USC00051772,Snow,1968-11-20T00:00:00.0000000-07:00,0.000000,,,0,,NOAA,2013-03-29T15:47:48.0770000-06:00,in
37,USC00051772,Snow,1968-11-21T00:00:00.0000000-07:00,0.000000,,,0,,NOAA,2013-03-29T15:47:48.0770000-06:00,in
37,USC00051772,Snow,1968-11-22T00:00:00.0000000-07:00,0.000000,,,0,,NOAA,2013-03-29T15:47:48.0770000-06:00,in
37,USC00051772,Snow,1968-11-23T00:00:00.0000000-07:00,0.000000,,,0,,NOAA,2013-03-29T15:47:48.0770000-06:00,in
37,USC00051772,Snow,1968-11-24T00:00:00.0000000-07:00,0.000000,,,0,,NOAA,2013-03-29T15:47:48.0770000-06:00,in
37,USC00051772,Snow,1968-11-25T00:00:00.0000000-07:00,0.511811,,,0,,NOAA,2013-03-29T15:47:48.0770000-06:00,in
37,USC00051772,Snow,1968-11-26T00:00:00.0000000-07:00,0.000000,,,0,,NOAA,2013-03-29T15:47:48.0770000-06:00,in
37,USC00051772,Snow,1968-11-27T00:00:00.0000000-07:00,0.000000,,,0,,NOAA,2013-03-29T15:47:48.0770000-06:00,in
37,USC00051772,Snow,1968-11-28T00:00:00.0000000-07:00,0.000000,,,0,,NOAA,2013-03-29T15:47:48.0770000-06:00,in
37,USC00051772,Snow,1968-11-29T00:00:00.0000000-07:00,0.000000,,,0,,NOAA,2013-03-29T15:47:48.0770000-06:00,in
37,USC00051772,Snow,1968-11-30T00:00:00.0000000-07:00,0.000000,,,0,,NOAA,2013-03-29T15:47:48.0770000-06:00,in
37,USC00051772,Snow,1968-12-01T00:00:00.0000000-07:00,0.000000,,,0,,NOAA,2013-03-29T15:47:48.0770000-06:00,in
37,USC00051772,Snow,1968-12-02T00:00:00.0000000-07:00,0.984252,,,0,,NOAA,2013-03-29T15:47:48.0770000-06:00,in
37,USC00051772,Snow,1968-12-03T00:00:00.0000000-07:00,0.000000,,,0,,NOAA,2013-03-29T15:47:48.0770000-06:00,in
37,USC00051772,Snow,1968-12-04T00:00:00.0000000-07:00,0.000000,,,0,,NOAA,2013-03-29T15:47:48.0770000-06:00,in
37,USC00051772,Snow,1968-12-05T00:00:00.0000000-07:00,0.000000,,,0,,NOAA,2013-03-29T15:47:48.0770000-06:00,in
37,USC00051772,Snow,1968-12-06T00:00:00.0000000-07:00,0.000000,,,0,,NOAA,2013-03-29T15:47:48.0770000-06:00,in
37,USC00051772,Snow,1968-12-07T00:00:00.0000000-07:00,0.000000,,,0,,NOAA,2013-03-29T15:47:48.0770000-06:00,in
37,USC00051772,Snow,1968-12-08T00:00:00.0000000-07:00,0.000000,,,0,,NOAA,2013-03-29T15:47:48.0770000-06:00,in
37,USC00051772,Snow,1968-12-09T00:00:00.0000000-07:00,0.000000,,,0,,NOAA,2013-03-29T15:47:48.0770000-06:00,in
37,USC00051772,Snow,1968-12-10T00:00:00.0000000-07:00,0.000000,,,0,,NOAA,2013-03-29T15:47:48.0770000-06:00,in
37,USC00051772,Snow,1968-12-11T00:00:00.0000000-07:00,0.000000,,,0,,NOAA,2013-03-29T15:47:48.0770000-06:00,in
37,USC00051772,Snow,1968-12-12T00:00:00.0000000-07:00,0.984252,,,0,,NOAA,2013-03-29T15:47:48.0770000-06:00,in
37,USC00051772,Snow,1968-12-13T00:00:00.0000000-07:00,0.000000,,,0,,NOAA,2013-03-29T15:47:48.0770000-06:00,in
37,USC00051772,Snow,1968-12-14T00:00:00.0000000-07:00,0.000000,,,0,,NOAA,2013-03-29T15:47:48.0770000-06:00,in
37,USC00051772,Snow,1968-12-15T00:00:00.0000000-07:00,0.000000,,,0,,NOAA,2013-03-29T15:47:48.0770000-06:00,in
37,USC00051772,Snow,1968-12-16T00:00:00.0000000-07:00,0.000000,,,0,,NOAA,2013-03-29T15:47:48.0770000-06:00,in
37,USC00051772,Snow,1968-12-17T00:00:00.0000000-07:00,0.984252,,,0,,NOAA,2013-03-29T15:47:48.0770000-06:00,in
37,USC00051772,Snow,1968-12-18T00:00:00.0000000-07:00,0.000000,,,0,,NOAA,2013-03-29T15:47:48.0770000-06:00,in
37,USC00051772,Snow,1968-12-19T00:00:00.0000000-07:00,0.000000,,,0,,NOAA,2013-03-29T15:47:48.0770000-06:00,in
37,USC00051772,Snow,1968-12-20T00:00:00.0000000-07:00,0.511811,,,0,,NOAA,2013-03-29T15:47:48.0770000-06:00,in
37,USC00051772,Snow,1968-12-21T00:00:00.0000000-07:00,4.015748,,,0,,NOAA,2013-03-29T15:47:48.0770000-06:00,in
37,USC00051772,Snow,1968-12-22T00:00:00.0000000-07:00,0.000000,T,,0,,NOAA,2013-03-29T15:47:48.0770000-06:00,in
37,USC00051772,Snow,1968-12-23T00:00:00.0000000-07:00,0.000000,,,0,,NOAA,2013-03-29T15:47:48.0770000-06:00,in
37,USC00051772,Snow,1968-12-24T00:00:00.0000000-07:00,0.000000,,,0,,NOAA,2013-03-29T15:47:48.0770000-06:00,in
37,USC00051772,Snow,1968-12-25T00:00:00.0000000-07:00,0.000000,,,0,,NOAA,2013-03-29T15:47:48.0770000-06:00,in
37,USC00051772,Snow,1968-12-26T00:00:00.0000000-07:00,6.496063,,,0,,NOAA,2013-03-29T15:47:48.0770000-06:00,in
37,USC00051772,Snow,1968-12-27T00:00:00.0000000-07:00,0.000000,,,0,,NOAA,2013-03-29T15:47:48.0770000-06:00,in
37,USC00051772,Snow,1968-12-28T00:00:00.0000000-07:00,0.000000,,,0,,NOAA,2013-03-29T15:47:48.0770000-06:00,in
37,USC00051772,Snow,1968-12-29T00:00:00.0000000-07:00,0.000000,,,0,,NOAA,2013-03-29T15:47:48.0770000-06:00,in
37,USC00051772,Snow,1968-12-30T00:00:00.0000000-07:00,0.000000,,,0,,NOAA,2013-03-29T15:47:48.0770000-06:00,in
37,USC00051772,Snow,1968-12-31T00:00:00.0000000-07:00,0.000000,,,0,,NOAA,2013-03-29T15:47:48.0770000-06:00,in
37,USC00051772,Snow,1969-01-01T00:00:00.0000000-07:00,0.000000,,,0,,NOAA,2013-03-29T15:47:48.0770000-06:00,in
37,USC00051772,Snow,1969-01-02T00:00:00.0000000-07:00,0.000000,,,0,,NOAA,2013-03-29T15:47:48.0770000-06:00,in
37,USC00051772,Snow,1969-01-03T00:00:00.0000000-07:00,0.000000,,,0,,NOAA,2013-03-29T15:47:48.0770000-06:00,in
37,USC00051772,Snow,1969-01-04T00:00:00.0000000-07:00,0.000000,,,0,,NOAA,2013-03-29T15:47:48.0770000-06:00,in
37,USC00051772,Snow,1969-01-05T00:00:00.0000000-07:00,0.000000,,,0,,NOAA,2013-03-29T15:47:48.0770000-06:00,in
37,USC00051772,Snow,1969-01-06T00:00:00.0000000-07:00,0.000000,,,0,,NOAA,2013-03-29T15:47:48.0770000-06:00,in
37,USC00051772,Snow,1969-01-07T00:00:00.0000000-07:00,0.000000,,,0,,NOAA,2013-03-29T15:47:48.0770000-06:00,in
37,USC00051772,Snow,1969-01-08T00:00:00.0000000-07:00,0.000000,,,0,,NOAA,2013-03-29T15:47:48.0770000-06:00,in
37,USC00051772,Snow,1969-01-09T00:00:00.0000000-07:00,0.000000,,,0,,NOAA,2013-03-29T15:47:48.0770000-06:00,in
37,USC00051772,Snow,1969-01-10T00:00:00.0000000-07:00,0.000000,,,0,,NOAA,2013-03-29T15:47:48.0770000-06:00,in
37,USC00051772,Snow,1969-01-11T00:00:00.0000000-07:00,0.000000,,,0,,NOAA,2013-03-29T15:47:48.0770000-06:00,in
37,USC00051772,Snow,1969-01-12T00:00:00.0000000-07:00,0.000000,,,0,,NOAA,2013-03-29T15:47:48.0770000-06:00,in
37,USC00051772,Snow,1969-01-13T00:00:00.0000000-07:00,0.000000,,,0,,NOAA,2013-03-29T15:47:48.0770000-06:00,in
37,USC00051772,Snow,1969-01-14T00:00:00.0000000-07:00,0.000000,,,0,,NOAA,2013-03-29T15:47:48.0770000-06:00,in
37,USC00051772,Snow,1969-01-15T00:00:00.0000000-07:00,0.000000,,,0,,NOAA,2013-03-29T15:47:48.0770000-06:00,in
37,USC00051772,Snow,1969-01-16T00:00:00.0000000-07:00,0.000000,,,0,,NOAA,2013-03-29T15:47:48.0770000-06:00,in
37,USC00051772,Snow,1969-01-17T00:00:00.0000000-07:00,0.000000,,,0,,NOAA,2013-03-29T15:47:48.0770000-06:00,in
37,USC00051772,Snow,1969-01-18T00:00:00.0000000-07:00,0.000000,,,0,,NOAA,2013-03-29T15:47:48.0770000-06:00,in
37,USC00051772,Snow,1969-01-19T00:00:00.0000000-07:00,0.000000,,,0,,NOAA,2013-03-29T15:47:48.0770000-06:00,in
37,USC00051772,Snow,1969-01-20T00:00:00.0000000-07:00,0.000000,,,0,,NOAA,2013-03-29T15:47:48.0770000-06:00,in
37,USC00051772,Snow,1969-01-21T00:00:00.0000000-07:00,0.000000,,,0,,NOAA,2013-03-29T15:47:48.0770000-06:00,in
37,USC00051772,Snow,1969-01-22T00:00:00.0000000-07:00,0.984252,,,0,,NOAA,2013-03-29T15:47:48.0770000-06:00,in
37,USC00051772,Snow,1969-01-23T00:00:00.0000000-07:00,6.496063,,,0,,NOAA,2013-03-29T15:47:48.0770000-06:00,in
37,USC00051772,Snow,1969-01-24T00:00:00.0000000-07:00,0.000000,,,0,,NOAA,2013-03-29T15:47:48.0770000-06:00,in
37,USC00051772,Snow,1969-01-25T00:00:00.0000000-07:00,4.015748,,,0,,NOAA,2013-03-29T15:47:48.0770000-06:00,in
37,USC00051772,Snow,1969-01-26T00:00:00.0000000-07:00,0.511811,,,0,,NOAA,2013-03-29T15:47:48.0770000-06:00,in
37,USC00051772,Snow,1969-01-27T00:00:00.0000000-07:00,0.000000,,,0,,NOAA,2013-03-29T15:47:48.0770000-06:00,in
37,USC00051772,Snow,1969-01-28T00:00:00.0000000-07:00,0.000000,,,0,,NOAA,2013-03-29T15:47:48.0770000-06:00,in
37,USC00051772,Snow,1969-01-29T00:00:00.0000000-07:00,0.984252,,,0,,NOAA,2013-03-29T15:47:48.0770000-06:00,in
37,USC00051772,Snow,1969-01-30T00:00:00.0000000-07:00,0.000000,,,0,,NOAA,2013-03-29T15:47:48.0770000-06:00,in
37,USC00051772,Snow,1969-01-31T00:00:00.0000000-07:00,0.000000,,,0,,NOAA,2013-03-29T15:47:48.0770000-06:00,in
37,USC00051772,Snow,1969-02-01T00:00:00.0000000-07:00,0.000000,,,0,,NOAA,2013-03-29T15:47:48.0770000-06:00,in
37,USC00051772,Snow,1969-02-02T00:00:00.0000000-07:00,0.984252,,,0,,NOAA,2013-03-29T15:47:48.0770000-06:00,in
37,USC00051772,Snow,1969-02-03T00:00:00.0000000-07:00,0.000000,,,0,,NOAA,2013-03-29T15:47:48.0770000-06:00,in
37,USC00051772,Snow,1969-02-04T00:00:00.0000000-07:00,0.000000,,,0,,NOAA,2013-03-29T15:47:48.0770000-06:00,in
37,USC00051772,Snow,1969-02-05T00:00:00.0000000-07:00,0.000000,,,0,,NOAA,2013-03-29T15:47:48.0770000-06:00,in
37,USC00051772,Snow,1969-02-06T00:00:00.0000000-07:00,0.000000,,,0,,NOAA,2013-03-29T15:47:48.0770000-06:00,in
37,USC00051772,Snow,1969-02-07T00:00:00.0000000-07:00,0.000000,,,0,,NOAA,2013-03-29T15:47:48.0770000-06:00,in
37,USC00051772,Snow,1969-02-08T00:00:00.0000000-07:00,0.000000,,,0,,NOAA,2013-03-29T15:47:48.0770000-06:00,in
37,USC00051772,Snow,1969-02-09T00:00:00.0000000-07:00,0.000000,,,0,,NOAA,2013-03-29T15:47:48.0770000-06:00,in
37,USC00051772,Snow,1969-02-10T00:00:00.0000000-07:00,0.000000,,,0,,NOAA,2013-03-29T15:47:48.0770000-06:00,in
37,USC00051772,Snow,1969-02-11T00:00:00.0000000-07:00,0.000000,,,0,,NOAA,2013-03-29T15:47:48.0770000-06:00,in
37,USC00051772,Snow,1969-02-12T00:00:00.0000000-07:00,0.000000,,,0,,NOAA,2013-03-29T15:47:48.0770000-06:00,in
37,USC00051772,Snow,1969-02-13T00:00:00.0000000-07:00,0.000000,,,0,,NOAA,2013-03-29T15:47:48.0770000-06:00,in
37,USC00051772,Snow,1969-02-14T00:00:00.0000000-07:00,0.000000,,,0,,NOAA,2013-03-29T15:47:48.0770000-06:00,in
37,USC00051772,Snow,1969-02-15T00:00:00.0000000-07:00,0.000000,,,0,,NOAA,2013-03-29T15:47:48.0770000-06:00,in
37,USC00051772,Snow,1969-02-16T00:00:00.0000000-07:00,0.000000,,,0,,NOAA,2013-03-29T15:47:48.0770000-06:00,in
37,USC00051772,Snow,1969-02-17T00:00:00.0000000-07:00,0.000000,,,0,,NOAA,2013-03-29T15:47:48.0770000-06:00,in
37,USC00051772,Snow,1969-02-18T00:00:00.0000000-07:00,0.000000,,,0,,NOAA,2013-03-29T15:47:48.0770000-06:00,in
37,USC00051772,Snow,1969-02-19T00:00:00.0000000-07:00,0.000000,,,0,,NOAA,2013-03-29T15:47:48.0770000-06:00,in
37,USC00051772,Snow,1969-02-20T00:00:00.0000000-07:00,0.000000,,,0,,NOAA,2013-03-29T15:47:48.0770000-06:00,in
37,USC00051772,Snow,1969-02-21T00:00:00.0000000-07:00,0.000000,,,0,,NOAA,2013-03-29T15:47:48.0770000-06:00,in
37,USC00051772,Snow,1969-02-22T00:00:00.0000000-07:00,0.000000,,,0,,NOAA,2013-03-29T15:47:48.0770000-06:00,in
37,USC00051772,Snow,1969-02-23T00:00:00.0000000-07:00,0.000000,,,0,,NOAA,2013-03-29T15:47:48.0770000-06:00,in
37,USC00051772,Snow,1969-02-24T00:00:00.0000000-07:00,0.000000,,,0,,NOAA,2013-03-29T15:47:48.0770000-06:00,in
37,USC00051772,Snow,1969-02-25T00:00:00.0000000-07:00,0.000000,,,0,,NOAA,2013-03-29T15:47:48.0770000-06:00,in
37,USC00051772,Snow,1969-02-26T00:00:00.0000000-07:00,0.000000,,,0,,NOAA,2013-03-29T15:47:48.0770000-06:00,in
37,USC00051772,Snow,1969-02-27T00:00:00.0000000-07:00,0.000000,,,0,,NOAA,2013-03-29T15:47:48.0770000-06:00,in
37,USC00051772,Snow,1969-02-28T00:00:00.0000000-07:00,0.000000,,,0,,NOAA,2013-03-29T15:47:48.0770000-06:00,in
37,USC00051772,Snow,1969-03-01T00:00:00.0000000-07:00,0.000000,,,0,,NOAA,2013-03-29T15:47:48.0770000-06:00,in
37,USC00051772,Snow,1969-03-02T00:00:00.0000000-07:00,0.511811,,,0,,NOAA,2013-03-29T15:47:48.0770000-06:00,in
37,USC00051772,Snow,1969-03-03T00:00:00.0000000-07:00,0.000000,,,0,,NOAA,2013-03-29T15:47:48.0770000-06:00,in
37,USC00051772,Snow,1969-03-04T00:00:00.0000000-07:00,2.519685,,,0,,NOAA,2013-03-29T15:47:48.0770000-06:00,in
37,USC00051772,Snow,1969-03-05T00:00:00.0000000-07:00,3.503937,,,0,,NOAA,2013-03-29T15:47:48.0770000-06:00,in
37,USC00051772,Snow,1969-03-06T00:00:00.0000000-07:00,0.000000,,,0,,NOAA,2013-03-29T15:47:48.0770000-06:00,in
37,USC00051772,Snow,1969-03-07T00:00:00.0000000-07:00,4.488189,,,0,,NOAA,2013-03-29T15:47:48.0770000-06:00,in
37,USC00051772,Snow,1969-03-08T00:00:00.0000000-07:00,0.984252,,,0,,NOAA,2013-03-29T15:47:48.0770000-06:00,in
37,USC00051772,Snow,1969-03-09T00:00:00.0000000-07:00,0.000000,,,0,,NOAA,2013-03-29T15:47:48.0770000-06:00,in
37,USC00051772,Snow,1969-03-10T00:00:00.0000000-07:00,0.000000,,,0,,NOAA,2013-03-29T15:47:48.0770000-06:00,in
37,USC00051772,Snow,1969-03-11T00:00:00.0000000-07:00,0.511811,,,0,,NOAA,2013-03-29T15:47:48.0770000-06:00,in
37,USC00051772,Snow,1969-03-12T00:00:00.0000000-07:00,0.000000,,,0,,NOAA,2013-03-29T15:47:48.0770000-06:00,in
37,USC00051772,Snow,1969-03-13T00:00:00.0000000-07:00,0.000000,,,0,,NOAA,2013-03-29T15:47:48.0770000-06:00,in
37,USC00051772,Snow,1969-03-14T00:00:00.0000000-07:00,0.000000,,,0,,NOAA,2013-03-29T15:47:48.0770000-06:00,in
37,USC00051772,Snow,1969-03-15T00:00:00.0000000-07:00,0.000000,,,0,,NOAA,2013-03-29T15:47:48.0770000-06:00,in
37,USC00051772,Snow,1969-03-16T00:00:00.0000000-07:00,0.000000,,,0,,NOAA,2013-03-29T15:47:48.0770000-06:00,in
37,USC00051772,Snow,1969-03-17T00:00:00.0000000-07:00,0.000000,,,0,,NOAA,2013-03-29T15:47:48.0770000-06:00,in
37,USC00051772,Snow,1969-03-18T00:00:00.0000000-07:00,0.000000,,,0,,NOAA,2013-03-29T15:47:48.0770000-06:00,in
37,USC00051772,Snow,1969-03-19T00:00:00.0000000-07:00,0.000000,,,0,,NOAA,2013-03-29T15:47:48.0770000-06:00,in
37,USC00051772,Snow,1969-03-20T00:00:00.0000000-07:00,0.000000,,,0,,NOAA,2013-03-29T15:47:48.0770000-06:00,in
37,USC00051772,Snow,1969-03-21T00:00:00.0000000-07:00,0.000000,,,0,,NOAA,2013-03-29T15:47:48.0770000-06:00,in
37,USC00051772,Snow,1969-03-22T00:00:00.0000000-07:00,0.000000,,,0,,NOAA,2013-03-29T15:47:48.0770000-06:00,in
37,USC00051772,Snow,1969-03-23T00:00:00.0000000-07:00,0.000000,,,0,,NOAA,2013-03-29T15:47:48.0770000-06:00,in
37,USC00051772,Snow,1969-03-24T00:00:00.0000000-07:00,0.000000,,,0,,NOAA,2013-03-29T15:47:48.0770000-06:00,in
37,USC00051772,Snow,1969-03-25T00:00:00.0000000-07:00,0.000000,,,0,,NOAA,2013-03-29T15:47:48.0770000-06:00,in
37,USC00051772,Snow,1969-03-26T00:00:00.0000000-07:00,0.000000,,,0,,NOAA,2013-03-29T15:47:48.0770000-06:00,in
37,USC00051772,Snow,1969-03-27T00:00:00.0000000-07:00,0.000000,,,0,,NOAA,2013-03-29T15:47:48.0770000-06:00,in
37,USC00051772,Snow,1969-03-28T00:00:00.0000000-07:00,0.000000,,,0,,NOAA,2013-03-29T15:47:48.0770000-06:00,in
37,USC00051772,Snow,1969-03-29T00:00:00.0000000-07:00,0.000000,,,0,,NOAA,2013-03-29T15:47:48.0770000-06:00,in
37,USC00051772,Snow,1969-03-30T00:00:00.0000000-07:00,0.000000,,,0,,NOAA,2013-03-29T15:47:48.0770000-06:00,in
37,USC00051772,Snow,1969-03-31T00:00:00.0000000-07:00,0.000000,,,0,,NOAA,2013-03-29T15:47:48.0770000-06:00,in
37,USC00051772,Snow,1969-04-01T00:00:00.0000000-07:00,0.000000,,,0,,NOAA,2013-03-29T15:47:48.0770000-06:00,in
37,USC00051772,Snow,1969-04-02T00:00:00.0000000-07:00,0.000000,,,0,,NOAA,2013-03-29T15:47:48.0770000-06:00,in
37,USC00051772,Snow,1969-04-03T00:00:00.0000000-07:00,0.000000,,,0,,NOAA,2013-03-29T15:47:48.0770000-06:00,in
37,USC00051772,Snow,1969-04-04T00:00:00.0000000-07:00,0.000000,,,0,,NOAA,2013-03-29T15:47:48.0770000-06:00,in
37,USC00051772,Snow,1969-04-05T00:00:00.0000000-07:00,0.000000,,,0,,NOAA,2013-03-29T15:47:48.0770000-06:00,in
37,USC00051772,Snow,1969-04-06T00:00:00.0000000-07:00,0.000000,,,0,,NOAA,2013-03-29T15:47:48.0770000-06:00,in
37,USC00051772,Snow,1969-04-07T00:00:00.0000000-06:00,0.000000,,,0,,NOAA,2013-03-29T15:47:48.0770000-06:00,in
37,USC00051772,Snow,1969-04-08T00:00:00.0000000-06:00,0.000000,,,0,,NOAA,2013-03-29T15:47:48.0770000-06:00,in
37,USC00051772,Snow,1969-04-09T00:00:00.0000000-06:00,0.000000,,,0,,NOAA,2013-03-29T15:47:48.0770000-06:00,in
37,USC00051772,Snow,1969-04-10T00:00:00.0000000-06:00,0.000000,,,0,,NOAA,2013-03-29T15:47:48.0770000-06:00,in
37,USC00051772,Snow,1969-04-11T00:00:00.0000000-06:00,0.000000,,,0,,NOAA,2013-03-29T15:47:48.0770000-06:00,in
37,USC00051772,Snow,1969-04-12T00:00:00.0000000-06:00,0.000000,,,0,,NOAA,2013-03-29T15:47:48.0770000-06:00,in
37,USC00051772,Snow,1969-04-13T00:00:00.0000000-06:00,0.000000,,,0,,NOAA,2013-03-29T15:47:48.0770000-06:00,in
37,USC00051772,Snow,1969-04-14T00:00:00.0000000-06:00,0.000000,,,0,,NOAA,2013-03-29T15:47:48.0770000-06:00,in
37,USC00051772,Snow,1969-04-15T00:00:00.0000000-06:00,0.000000,,,0,,NOAA,2013-03-29T15:47:48.0770000-06:00,in
37,USC00051772,Snow,1969-04-16T00:00:00.0000000-06:00,0.000000,,,0,,NOAA,2013-03-29T15:47:48.0770000-06:00,in
37,USC00051772,Snow,1969-04-17T00:00:00.0000000-06:00,0.000000,,,0,,NOAA,2013-03-29T15:47:48.0770000-06:00,in
37,USC00051772,Snow,1969-04-18T00:00:00.0000000-06:00,0.000000,,,0,,NOAA,2013-03-29T15:47:48.0770000-06:00,in
37,USC00051772,Snow,1969-04-19T00:00:00.0000000-06:00,0.000000,,,0,,NOAA,2013-03-29T15:47:48.0770000-06:00,in
37,USC00051772,Snow,1969-04-20T00:00:00.0000000-06:00,0.000000,,,0,,NOAA,2013-03-29T15:47:48.0770000-06:00,in
37,USC00051772,Snow,1969-04-21T00:00:00.0000000-06:00,0.000000,,,0,,NOAA,2013-03-29T15:47:48.0770000-06:00,in
37,USC00051772,Snow,1969-04-22T00:00:00.0000000-06:00,0.000000,,,0,,NOAA,2013-03-29T15:47:48.0770000-06:00,in
37,USC00051772,Snow,1969-04-23T00:00:00.0000000-06:00,0.000000,,,0,,NOAA,2013-03-29T15:47:48.0770000-06:00,in
37,USC00051772,Snow,1969-04-24T00:00:00.0000000-06:00,0.000000,,,0,,NOAA,2013-03-29T15:47:48.0770000-06:00,in
37,USC00051772,Snow,1969-04-25T00:00:00.0000000-06:00,0.000000,,,0,,NOAA,2013-03-29T15:47:48.0770000-06:00,in
37,USC00051772,Snow,1969-04-26T00:00:00.0000000-06:00,0.000000,,,0,,NOAA,2013-03-29T15:47:48.0770000-06:00,in
37,USC00051772,Snow,1969-04-27T00:00:00.0000000-06:00,0.000000,,,0,,NOAA,2013-03-29T15:47:48.0770000-06:00,in
37,USC00051772,Snow,1969-04-28T00:00:00.0000000-06:00,0.000000,,,0,,NOAA,2013-03-29T15:47:48.0770000-06:00,in
37,USC00051772,Snow,1969-04-29T00:00:00.0000000-06:00,0.000000,,,0,,NOAA,2013-03-29T15:47:48.0770000-06:00,in
37,USC00051772,Snow,1969-04-30T00:00:00.0000000-06:00,0.000000,,,0,,NOAA,2013-03-29T15:47:48.0770000-06:00,in
37,USC00051772,Snow,1969-05-01T00:00:00.0000000-06:00,0.000000,,,0,,NOAA,2013-03-29T15:47:48.0770000-06:00,in
37,USC00051772,Snow,1969-05-02T00:00:00.0000000-06:00,0.000000,,,0,,NOAA,2013-03-29T15:47:48.0770000-06:00,in
37,USC00051772,Snow,1969-05-03T00:00:00.0000000-06:00,0.000000,,,0,,NOAA,2013-03-29T15:47:48.0770000-06:00,in
37,USC00051772,Snow,1969-05-04T00:00:00.0000000-06:00,0.000000,,,0,,NOAA,2013-03-29T15:47:48.0770000-06:00,in
37,USC00051772,Snow,1969-05-05T00:00:00.0000000-06:00,0.000000,,,0,,NOAA,2013-03-29T15:47:48.0770000-06:00,in
37,USC00051772,Snow,1969-05-06T00:00:00.0000000-06:00,0.000000,,,0,,NOAA,2013-03-29T15:47:48.0770000-06:00,in
37,USC00051772,Snow,1969-05-07T00:00:00.0000000-06:00,0.000000,,,0,,NOAA,2013-03-29T15:47:48.0770000-06:00,in
37,USC00051772,Snow,1969-05-08T00:00:00.0000000-06:00,0.000000,,,0,,NOAA,2013-03-29T15:47:48.0770000-06:00,in
37,USC00051772,Snow,1969-05-09T00:00:00.0000000-06:00,0.000000,,,0,,NOAA,2013-03-29T15:47:48.0770000-06:00,in
37,USC00051772,Snow,1969-05-10T00:00:00.0000000-06:00,0.000000,,,0,,NOAA,2013-03-29T15:47:48.0770000-06:00,in
37,USC00051772,Snow,1969-05-11T00:00:00.0000000-06:00,0.000000,,,0,,NOAA,2013-03-29T15:47:48.0770000-06:00,in
37,USC00051772,Snow,1969-05-12T00:00:00.0000000-06:00,0.000000,,,0,,NOAA,2013-03-29T15:47:48.0770000-06:00,in
37,USC00051772,Snow,1969-05-13T00:00:00.0000000-06:00,0.000000,,,0,,NOAA,2013-03-29T15:47:48.0770000-06:00,in
37,USC00051772,Snow,1969-05-14T00:00:00.0000000-06:00,0.000000,,,0,,NOAA,2013-03-29T15:47:48.0770000-06:00,in
37,USC00051772,Snow,1969-05-15T00:00:00.0000000-06:00,0.000000,,,0,,NOAA,2013-03-29T15:47:48.0770000-06:00,in
37,USC00051772,Snow,1969-05-16T00:00:00.0000000-06:00,0.000000,,,0,,NOAA,2013-03-29T15:47:48.0770000-06:00,in
37,USC00051772,Snow,1969-05-17T00:00:00.0000000-06:00,0.000000,,,0,,NOAA,2013-03-29T15:47:48.0770000-06:00,in
37,USC00051772,Snow,1969-05-18T00:00:00.0000000-06:00,0.000000,,,0,,NOAA,2013-03-29T15:47:48.0770000-06:00,in
37,USC00051772,Snow,1969-05-19T00:00:00.0000000-06:00,0.000000,,,0,,NOAA,2013-03-29T15:47:48.0770000-06:00,in
37,USC00051772,Snow,1969-05-20T00:00:00.0000000-06:00,0.000000,,,0,,NOAA,2013-03-29T15:47:48.0770000-06:00,in
37,USC00051772,Snow,1969-05-21T00:00:00.0000000-06:00,0.000000,,,0,,NOAA,2013-03-29T15:47:48.0770000-06:00,in
37,USC00051772,Snow,1969-05-22T00:00:00.0000000-06:00,0.000000,,,0,,NOAA,2013-03-29T15:47:48.0770000-06:00,in
37,USC00051772,Snow,1969-05-23T00:00:00.0000000-06:00,0.000000,,,0,,NOAA,2013-03-29T15:47:48.0770000-06:00,in
37,USC00051772,Snow,1969-05-24T00:00:00.0000000-06:00,0.000000,,,0,,NOAA,2013-03-29T15:47:48.0770000-06:00,in
37,USC00051772,Snow,1969-05-25T00:00:00.0000000-06:00,0.000000,,,0,,NOAA,2013-03-29T15:47:48.0770000-06:00,in
37,USC00051772,Snow,1969-05-26T00:00:00.0000000-06:00,0.000000,,,0,,NOAA,2013-03-29T15:47:48.0770000-06:00,in
37,USC00051772,Snow,1969-05-27T00:00:00.0000000-06:00,0.000000,,,0,,NOAA,2013-03-29T15:47:48.0770000-06:00,in
37,USC00051772,Snow,1969-05-28T00:00:00.0000000-06:00,0.000000,,,0,,NOAA,2013-03-29T15:47:48.0770000-06:00,in
37,USC00051772,Snow,1969-05-29T00:00:00.0000000-06:00,0.000000,,,0,,NOAA,2013-03-29T15:47:48.0770000-06:00,in
37,USC00051772,Snow,1969-05-30T00:00:00.0000000-06:00,0.000000,,,0,,NOAA,2013-03-29T15:47:48.0770000-06:00,in
37,USC00051772,Snow,1969-05-31T00:00:00.0000000-06:00,0.000000,,,0,,NOAA,2013-03-29T15:47:48.0770000-06:00,in
37,USC00051772,Snow,1969-06-01T00:00:00.0000000-06:00,0.000000,,,0,,NOAA,2013-03-29T15:47:48.0770000-06:00,in
37,USC00051772,Snow,1969-06-02T00:00:00.0000000-06:00,0.000000,,,0,,NOAA,2013-03-29T15:47:48.0770000-06:00,in
37,USC00051772,Snow,1969-06-03T00:00:00.0000000-06:00,0.000000,,,0,,NOAA,2013-03-29T15:47:48.0770000-06:00,in
37,USC00051772,Snow,1969-06-04T00:00:00.0000000-06:00,0.000000,,,0,,NOAA,2013-03-29T15:47:48.0770000-06:00,in
37,USC00051772,Snow,1969-06-05T00:00:00.0000000-06:00,0.000000,,,0,,NOAA,2013-03-29T15:47:48.0770000-06:00,in
37,USC00051772,Snow,1969-06-06T00:00:00.0000000-06:00,0.000000,,,0,,NOAA,2013-03-29T15:47:48.0770000-06:00,in
37,USC00051772,Snow,1969-06-07T00:00:00.0000000-06:00,0.000000,,,0,,NOAA,2013-03-29T15:47:48.0770000-06:00,in
37,USC00051772,Snow,1969-06-08T00:00:00.0000000-06:00,0.000000,,,0,,NOAA,2013-03-29T15:47:48.0770000-06:00,in
37,USC00051772,Snow,1969-06-09T00:00:00.0000000-06:00,0.000000,,,0,,NOAA,2013-03-29T15:47:48.0770000-06:00,in
37,USC00051772,Snow,1969-06-10T00:00:00.0000000-06:00,0.000000,,,0,,NOAA,2013-03-29T15:47:48.0770000-06:00,in
37,USC00051772,Snow,1969-06-11T00:00:00.0000000-06:00,0.000000,,,0,,NOAA,2013-03-29T15:47:48.0770000-06:00,in
37,USC00051772,Snow,1969-06-12T00:00:00.0000000-06:00,0.000000,,,0,,NOAA,2013-03-29T15:47:48.0770000-06:00,in
37,USC00051772,Snow,1969-06-13T00:00:00.0000000-06:00,0.000000,,,0,,NOAA,2013-03-29T15:47:48.0770000-06:00,in
37,USC00051772,Snow,1969-06-14T00:00:00.0000000-06:00,0.000000,,,0,,NOAA,2013-03-29T15:47:48.0770000-06:00,in
37,USC00051772,Snow,1969-06-15T00:00:00.0000000-06:00,0.000000,,,0,,NOAA,2013-03-29T15:47:48.0770000-06:00,in
37,USC00051772,Snow,1969-06-16T00:00:00.0000000-06:00,0.000000,,,0,,NOAA,2013-03-29T15:47:48.0770000-06:00,in
37,USC00051772,Snow,1969-06-17T00:00:00.0000000-06:00,0.000000,,,0,,NOAA,2013-03-29T15:47:48.0770000-06:00,in
37,USC00051772,Snow,1969-06-18T00:00:00.0000000-06:00,0.000000,,,0,,NOAA,2013-03-29T15:47:48.0770000-06:00,in
37,USC00051772,Snow,1969-06-19T00:00:00.0000000-06:00,0.000000,,,0,,NOAA,2013-03-29T15:47:48.0770000-06:00,in
37,USC00051772,Snow,1969-06-20T00:00:00.0000000-06:00,0.000000,,,0,,NOAA,2013-03-29T15:47:48.0770000-06:00,in
37,USC00051772,Snow,1969-06-21T00:00:00.0000000-06:00,0.000000,,,0,,NOAA,2013-03-29T15:47:48.0770000-06:00,in
37,USC00051772,Snow,1969-06-22T00:00:00.0000000-06:00,0.000000,,,0,,NOAA,2013-03-29T15:47:48.0770000-06:00,in
37,USC00051772,Snow,1969-06-23T00:00:00.0000000-06:00,0.000000,,,0,,NOAA,2013-03-29T15:47:48.0770000-06:00,in
37,USC00051772,Snow,1969-06-24T00:00:00.0000000-06:00,0.000000,,,0,,NOAA,2013-03-29T15:47:48.0770000-06:00,in
37,USC00051772,Snow,1969-06-25T00:00:00.0000000-06:00,0.000000,,,0,,NOAA,2013-03-29T15:47:48.0770000-06:00,in
37,USC00051772,Snow,1969-06-26T00:00:00.0000000-06:00,0.000000,,,0,,NOAA,2013-03-29T15:47:48.0770000-06:00,in
37,USC00051772,Snow,1969-06-27T00:00:00.0000000-06:00,0.000000,,,0,,NOAA,2013-03-29T15:47:48.0770000-06:00,in
37,USC00051772,Snow,1969-06-28T00:00:00.0000000-06:00,0.000000,,,0,,NOAA,2013-03-29T15:47:48.0770000-06:00,in
37,USC00051772,Snow,1969-06-29T00:00:00.0000000-06:00,0.000000,,,0,,NOAA,2013-03-29T15:47:48.0770000-06:00,in
37,USC00051772,Snow,1969-06-30T00:00:00.0000000-06:00,0.000000,,,0,,NOAA,2013-03-29T15:47:48.0770000-06:00,in
37,USC00051772,Snow,1969-07-01T00:00:00.0000000-06:00,0.000000,,,0,,NOAA,2013-03-29T15:47:48.0770000-06:00,in
37,USC00051772,Snow,1969-07-02T00:00:00.0000000-06:00,0.000000,,,0,,NOAA,2013-03-29T15:47:48.0770000-06:00,in
37,USC00051772,Snow,1969-07-03T00:00:00.0000000-06:00,0.000000,,,0,,NOAA,2013-03-29T15:47:48.0770000-06:00,in
37,USC00051772,Snow,1969-07-04T00:00:00.0000000-06:00,0.000000,,,0,,NOAA,2013-03-29T15:47:48.0770000-06:00,in
37,USC00051772,Snow,1969-07-05T00:00:00.0000000-06:00,0.000000,,,0,,NOAA,2013-03-29T15:47:48.0770000-06:00,in
37,USC00051772,Snow,1969-07-06T00:00:00.0000000-06:00,0.000000,,,0,,NOAA,2013-03-29T15:47:48.0770000-06:00,in
37,USC00051772,Snow,1969-07-07T00:00:00.0000000-06:00,0.000000,,,0,,NOAA,2013-03-29T15:47:48.0770000-06:00,in
37,USC00051772,Snow,1969-07-08T00:00:00.0000000-06:00,0.000000,,,0,,NOAA,2013-03-29T15:47:48.0770000-06:00,in
37,USC00051772,Snow,1969-07-09T00:00:00.0000000-06:00,0.000000,,,0,,NOAA,2013-03-29T15:47:48.0770000-06:00,in
37,USC00051772,Snow,1969-07-10T00:00:00.0000000-06:00,0.000000,,,0,,NOAA,2013-03-29T15:47:48.0770000-06:00,in
37,USC00051772,Snow,1969-07-11T00:00:00.0000000-06:00,0.000000,,,0,,NOAA,2013-03-29T15:47:48.0770000-06:00,in
37,USC00051772,Snow,1969-07-12T00:00:00.0000000-06:00,0.000000,,,0,,NOAA,2013-03-29T15:47:48.0770000-06:00,in
37,USC00051772,Snow,1969-07-13T00:00:00.0000000-06:00,0.000000,,,0,,NOAA,2013-03-29T15:47:48.0770000-06:00,in
37,USC00051772,Snow,1969-07-14T00:00:00.0000000-06:00,0.000000,,,0,,NOAA,2013-03-29T15:47:48.0770000-06:00,in
37,USC00051772,Snow,1969-07-15T00:00:00.0000000-06:00,0.000000,,,0,,NOAA,2013-03-29T15:47:48.0770000-06:00,in
37,USC00051772,Snow,1969-07-16T00:00:00.0000000-06:00,0.000000,,,0,,NOAA,2013-03-29T15:47:48.0770000-06:00,in
37,USC00051772,Snow,1969-07-17T00:00:00.0000000-06:00,0.000000,,,0,,NOAA,2013-03-29T15:47:48.0770000-06:00,in
37,USC00051772,Snow,1969-07-18T00:00:00.0000000-06:00,0.000000,,,0,,NOAA,2013-03-29T15:47:48.0770000-06:00,in
37,USC00051772,Snow,1969-07-19T00:00:00.0000000-06:00,0.000000,,,0,,NOAA,2013-03-29T15:47:48.0770000-06:00,in
37,USC00051772,Snow,1969-07-20T00:00:00.0000000-06:00,0.000000,,,0,,NOAA,2013-03-29T15:47:48.0770000-06:00,in
37,USC00051772,Snow,1969-07-21T00:00:00.0000000-06:00,0.000000,,,0,,NOAA,2013-03-29T15:47:48.0770000-06:00,in
37,USC00051772,Snow,1969-07-22T00:00:00.0000000-06:00,0.000000,,,0,,NOAA,2013-03-29T15:47:48.0770000-06:00,in
37,USC00051772,Snow,1969-07-23T00:00:00.0000000-06:00,0.000000,,,0,,NOAA,2013-03-29T15:47:48.0770000-06:00,in
37,USC00051772,Snow,1969-07-24T00:00:00.0000000-06:00,0.000000,,,0,,NOAA,2013-03-29T15:47:48.0770000-06:00,in
37,USC00051772,Snow,1969-07-25T00:00:00.0000000-06:00,0.000000,,,0,,NOAA,2013-03-29T15:47:48.0770000-06:00,in
37,USC00051772,Snow,1969-07-26T00:00:00.0000000-06:00,0.000000,,,0,,NOAA,2013-03-29T15:47:48.0770000-06:00,in
37,USC00051772,Snow,1969-07-27T00:00:00.0000000-06:00,0.000000,,,0,,NOAA,2013-03-29T15:47:48.0770000-06:00,in
37,USC00051772,Snow,1969-07-28T00:00:00.0000000-06:00,0.000000,,,0,,NOAA,2013-03-29T15:47:48.0770000-06:00,in
37,USC00051772,Snow,1969-07-29T00:00:00.0000000-06:00,0.000000,,,0,,NOAA,2013-03-29T15:47:48.0770000-06:00,in
37,USC00051772,Snow,1969-07-30T00:00:00.0000000-06:00,0.000000,,,0,,NOAA,2013-03-29T15:47:48.0770000-06:00,in
37,USC00051772,Snow,1969-07-31T00:00:00.0000000-06:00,0.000000,,,0,,NOAA,2013-03-29T15:47:48.0770000-06:00,in
37,USC00051772,Snow,1969-08-01T00:00:00.0000000-06:00,0.000000,,,0,,NOAA,2013-03-29T15:47:48.0770000-06:00,in
37,USC00051772,Snow,1969-08-02T00:00:00.0000000-06:00,0.000000,,,0,,NOAA,2013-03-29T15:47:48.0770000-06:00,in
37,USC00051772,Snow,1969-08-03T00:00:00.0000000-06:00,0.000000,,,0,,NOAA,2013-03-29T15:47:48.0770000-06:00,in
37,USC00051772,Snow,1969-08-04T00:00:00.0000000-06:00,0.000000,,,0,,NOAA,2013-03-29T15:47:48.0770000-06:00,in
37,USC00051772,Snow,1969-08-05T00:00:00.0000000-06:00,0.000000,,,0,,NOAA,2013-03-29T15:47:48.0770000-06:00,in
37,USC00051772,Snow,1969-08-06T00:00:00.0000000-06:00,0.000000,,,0,,NOAA,2013-03-29T15:47:48.0770000-06:00,in
37,USC00051772,Snow,1969-08-07T00:00:00.0000000-06:00,0.000000,,,0,,NOAA,2013-03-29T15:47:48.0770000-06:00,in
37,USC00051772,Snow,1969-08-08T00:00:00.0000000-06:00,0.000000,,,0,,NOAA,2013-03-29T15:47:48.0770000-06:00,in
37,USC00051772,Snow,1969-08-09T00:00:00.0000000-06:00,0.000000,,,0,,NOAA,2013-03-29T15:47:48.0770000-06:00,in
37,USC00051772,Snow,1969-08-10T00:00:00.0000000-06:00,0.000000,,,0,,NOAA,2013-03-29T15:47:48.0770000-06:00,in
37,USC00051772,Snow,1969-08-11T00:00:00.0000000-06:00,0.000000,,,0,,NOAA,2013-03-29T15:47:48.0770000-06:00,in
37,USC00051772,Snow,1969-08-12T00:00:00.0000000-06:00,0.000000,,,0,,NOAA,2013-03-29T15:47:48.0770000-06:00,in
37,USC00051772,Snow,1969-08-13T00:00:00.0000000-06:00,0.000000,,,0,,NOAA,2013-03-29T15:47:48.0770000-06:00,in
37,USC00051772,Snow,1969-08-14T00:00:00.0000000-06:00,0.000000,,,0,,NOAA,2013-03-29T15:47:48.0770000-06:00,in
37,USC00051772,Snow,1969-08-15T00:00:00.0000000-06:00,0.000000,,,0,,NOAA,2013-03-29T15:47:48.0770000-06:00,in
37,USC00051772,Snow,1969-08-16T00:00:00.0000000-06:00,0.000000,,,0,,NOAA,2013-03-29T15:47:48.0770000-06:00,in
37,USC00051772,Snow,1969-08-17T00:00:00.0000000-06:00,0.000000,,,0,,NOAA,2013-03-29T15:47:48.0770000-06:00,in
37,USC00051772,Snow,1969-08-18T00:00:00.0000000-06:00,0.000000,,,0,,NOAA,2013-03-29T15:47:48.0770000-06:00,in
37,USC00051772,Snow,1969-08-19T00:00:00.0000000-06:00,0.000000,,,0,,NOAA,2013-03-29T15:47:48.0770000-06:00,in
37,USC00051772,Snow,1969-08-20T00:00:00.0000000-06:00,0.000000,,,0,,NOAA,2013-03-29T15:47:48.0770000-06:00,in
37,USC00051772,Snow,1969-08-21T00:00:00.0000000-06:00,0.000000,,,0,,NOAA,2013-03-29T15:47:48.0770000-06:00,in
37,USC00051772,Snow,1969-08-22T00:00:00.0000000-06:00,0.000000,,,0,,NOAA,2013-03-29T15:47:48.0770000-06:00,in
37,USC00051772,Snow,1969-08-23T00:00:00.0000000-06:00,0.000000,,,0,,NOAA,2013-03-29T15:47:48.0770000-06:00,in
37,USC00051772,Snow,1969-08-24T00:00:00.0000000-06:00,0.000000,,,0,,NOAA,2013-03-29T15:47:48.0770000-06:00,in
37,USC00051772,Snow,1969-08-25T00:00:00.0000000-06:00,0.000000,,,0,,NOAA,2013-03-29T15:47:48.0770000-06:00,in
37,USC00051772,Snow,1969-08-26T00:00:00.0000000-06:00,0.000000,,,0,,NOAA,2013-03-29T15:47:48.0770000-06:00,in
37,USC00051772,Snow,1969-08-27T00:00:00.0000000-06:00,0.000000,,,0,,NOAA,2013-03-29T15:47:48.0770000-06:00,in
37,USC00051772,Snow,1969-08-28T00:00:00.0000000-06:00,0.000000,,,0,,NOAA,2013-03-29T15:47:48.0770000-06:00,in
37,USC00051772,Snow,1969-08-29T00:00:00.0000000-06:00,0.000000,,,0,,NOAA,2013-03-29T15:47:48.0770000-06:00,in
37,USC00051772,Snow,1969-08-30T00:00:00.0000000-06:00,0.000000,,,0,,NOAA,2013-03-29T15:47:48.0770000-06:00,in
37,USC00051772,Snow,1969-08-31T00:00:00.0000000-06:00,0.000000,,,0,,NOAA,2013-03-29T15:47:48.0770000-06:00,in
37,USC00051772,Snow,1969-09-01T00:00:00.0000000-06:00,0.000000,,,0,,NOAA,2013-03-29T15:47:48.0770000-06:00,in
37,USC00051772,Snow,1969-09-02T00:00:00.0000000-06:00,0.000000,,,0,,NOAA,2013-03-29T15:47:48.0770000-06:00,in
37,USC00051772,Snow,1969-09-03T00:00:00.0000000-06:00,0.000000,,,0,,NOAA,2013-03-29T15:47:48.0770000-06:00,in
37,USC00051772,Snow,1969-09-04T00:00:00.0000000-06:00,0.000000,,,0,,NOAA,2013-03-29T15:47:48.0770000-06:00,in
37,USC00051772,Snow,1969-09-05T00:00:00.0000000-06:00,0.000000,,,0,,NOAA,2013-03-29T15:47:48.0770000-06:00,in
37,USC00051772,Snow,1969-09-06T00:00:00.0000000-06:00,0.000000,,,0,,NOAA,2013-03-29T15:47:48.0770000-06:00,in
37,USC00051772,Snow,1969-09-07T00:00:00.0000000-06:00,0.000000,,,0,,NOAA,2013-03-29T15:47:48.0770000-06:00,in
37,USC00051772,Snow,1969-09-08T00:00:00.0000000-06:00,0.000000,,,0,,NOAA,2013-03-29T15:47:48.0770000-06:00,in
37,USC00051772,Snow,1969-09-09T00:00:00.0000000-06:00,0.000000,,,0,,NOAA,2013-03-29T15:47:48.0770000-06:00,in
37,USC00051772,Snow,1969-09-10T00:00:00.0000000-06:00,0.000000,,,0,,NOAA,2013-03-29T15:47:48.0770000-06:00,in
37,USC00051772,Snow,1969-09-11T00:00:00.0000000-06:00,0.000000,,,0,,NOAA,2013-03-29T15:47:48.0770000-06:00,in
37,USC00051772,Snow,1969-09-12T00:00:00.0000000-06:00,0.000000,,,0,,NOAA,2013-03-29T15:47:48.0770000-06:00,in
37,USC00051772,Snow,1969-09-13T00:00:00.0000000-06:00,0.000000,,,0,,NOAA,2013-03-29T15:47:48.0770000-06:00,in
37,USC00051772,Snow,1969-09-14T00:00:00.0000000-06:00,0.000000,,,0,,NOAA,2013-03-29T15:47:48.0770000-06:00,in
37,USC00051772,Snow,1969-09-15T00:00:00.0000000-06:00,0.000000,,,0,,NOAA,2013-03-29T15:47:48.0770000-06:00,in
37,USC00051772,Snow,1969-09-16T00:00:00.0000000-06:00,0.000000,,,0,,NOAA,2013-03-29T15:47:48.0770000-06:00,in
37,USC00051772,Snow,1969-09-17T00:00:00.0000000-06:00,0.000000,,,0,,NOAA,2013-03-29T15:47:48.0770000-06:00,in
37,USC00051772,Snow,1969-09-18T00:00:00.0000000-06:00,0.000000,,,0,,NOAA,2013-03-29T15:47:48.0770000-06:00,in
37,USC00051772,Snow,1969-09-19T00:00:00.0000000-06:00,0.000000,,,0,,NOAA,2013-03-29T15:47:48.0770000-06:00,in
37,USC00051772,Snow,1969-09-20T00:00:00.0000000-06:00,0.000000,,,0,,NOAA,2013-03-29T15:47:48.0770000-06:00,in
37,USC00051772,Snow,1969-09-21T00:00:00.0000000-06:00,0.000000,,,0,,NOAA,2013-03-29T15:47:48.0770000-06:00,in
37,USC00051772,Snow,1969-09-22T00:00:00.0000000-06:00,0.000000,,,0,,NOAA,2013-03-29T15:47:48.0770000-06:00,in
37,USC00051772,Snow,1969-09-23T00:00:00.0000000-06:00,0.000000,,,0,,NOAA,2013-03-29T15:47:48.0770000-06:00,in
37,USC00051772,Snow,1969-09-24T00:00:00.0000000-06:00,0.000000,,,0,,NOAA,2013-03-29T15:47:48.0770000-06:00,in
37,USC00051772,Snow,1969-09-25T00:00:00.0000000-06:00,0.000000,,,0,,NOAA,2013-03-29T15:47:48.0770000-06:00,in
37,USC00051772,Snow,1969-09-26T00:00:00.0000000-06:00,0.000000,,,0,,NOAA,2013-03-29T15:47:48.0770000-06:00,in
37,USC00051772,Snow,1969-09-27T00:00:00.0000000-06:00,0.000000,,,0,,NOAA,2013-03-29T15:47:48.0770000-06:00,in
37,USC00051772,Snow,1969-09-28T00:00:00.0000000-06:00,0.000000,,,0,,NOAA,2013-03-29T15:47:48.0770000-06:00,in
37,USC00051772,Snow,1969-09-29T00:00:00.0000000-06:00,0.000000,,,0,,NOAA,2013-03-29T15:47:48.0770000-06:00,in
37,USC00051772,Snow,1969-09-30T00:00:00.0000000-06:00,0.000000,,,0,,NOAA,2013-03-29T15:47:48.0770000-06:00,in
37,USC00051772,Snow,1969-10-01T00:00:00.0000000-06:00,0.000000,,,0,,NOAA,2013-03-29T15:47:48.0770000-06:00,in
37,USC00051772,Snow,1969-10-02T00:00:00.0000000-06:00,0.000000,,,0,,NOAA,2013-03-29T15:47:48.0770000-06:00,in
37,USC00051772,Snow,1969-10-03T00:00:00.0000000-06:00,0.000000,,,0,,NOAA,2013-03-29T15:47:48.0770000-06:00,in
37,USC00051772,Snow,1969-10-04T00:00:00.0000000-06:00,0.000000,,,0,,NOAA,2013-03-29T15:47:48.0770000-06:00,in
37,USC00051772,Snow,1969-10-05T00:00:00.0000000-06:00,0.000000,,,0,,NOAA,2013-03-29T15:47:48.0770000-06:00,in
37,USC00051772,Snow,1969-10-06T00:00:00.0000000-06:00,0.000000,,,0,,NOAA,2013-03-29T15:47:48.0770000-06:00,in
37,USC00051772,Snow,1969-10-07T00:00:00.0000000-06:00,0.000000,,,0,,NOAA,2013-03-29T15:47:48.0770000-06:00,in
37,USC00051772,Snow,1969-10-08T00:00:00.0000000-06:00,0.000000,,,0,,NOAA,2013-03-29T15:47:48.0770000-06:00,in
37,USC00051772,Snow,1969-10-09T00:00:00.0000000-06:00,0.000000,,,0,,NOAA,2013-03-29T15:47:48.0770000-06:00,in
37,USC00051772,Snow,1969-10-10T00:00:00.0000000-06:00,0.000000,,,0,,NOAA,2013-03-29T15:47:48.0770000-06:00,in
37,USC00051772,Snow,1969-10-11T00:00:00.0000000-06:00,0.000000,,,0,,NOAA,2013-03-29T15:47:48.0770000-06:00,in
37,USC00051772,Snow,1969-10-12T00:00:00.0000000-06:00,0.000000,,,0,,NOAA,2013-03-29T15:47:48.0770000-06:00,in
37,USC00051772,Snow,1969-10-13T00:00:00.0000000-06:00,0.000000,,,0,,NOAA,2013-03-29T15:47:48.0770000-06:00,in
37,USC00051772,Snow,1969-10-14T00:00:00.0000000-06:00,0.000000,,,0,,NOAA,2013-03-29T15:47:48.0770000-06:00,in
37,USC00051772,Snow,1969-10-15T00:00:00.0000000-06:00,0.000000,,,0,,NOAA,2013-03-29T15:47:48.0770000-06:00,in
37,USC00051772,Snow,1969-10-16T00:00:00.0000000-06:00,0.000000,,,0,,NOAA,2013-03-29T15:47:48.0770000-06:00,in
37,USC00051772,Snow,1969-10-17T00:00:00.0000000-06:00,0.000000,,,0,,NOAA,2013-03-29T15:47:48.0770000-06:00,in
37,USC00051772,Snow,1969-10-18T00:00:00.0000000-06:00,0.000000,,,0,,NOAA,2013-03-29T15:47:48.0770000-06:00,in
37,USC00051772,Snow,1969-10-19T00:00:00.0000000-06:00,0.000000,,,0,,NOAA,2013-03-29T15:47:48.0770000-06:00,in
37,USC00051772,Snow,1969-10-20T00:00:00.0000000-06:00,0.000000,,,0,,NOAA,2013-03-29T15:47:48.0770000-06:00,in
37,USC00051772,Snow,1969-10-21T00:00:00.0000000-06:00,0.000000,,,0,,NOAA,2013-03-29T15:47:48.0770000-06:00,in
37,USC00051772,Snow,1969-10-22T00:00:00.0000000-06:00,0.000000,,,0,,NOAA,2013-03-29T15:47:48.0770000-06:00,in
37,USC00051772,Snow,1969-10-23T00:00:00.0000000-06:00,0.000000,,,0,,NOAA,2013-03-29T15:47:48.0770000-06:00,in
37,USC00051772,Snow,1969-10-24T00:00:00.0000000-06:00,0.000000,,,0,,NOAA,2013-03-29T15:47:48.0770000-06:00,in
37,USC00051772,Snow,1969-10-25T00:00:00.0000000-06:00,0.000000,,,0,,NOAA,2013-03-29T15:47:48.0770000-06:00,in
37,USC00051772,Snow,1969-10-26T00:00:00.0000000-06:00,0.000000,,,0,,NOAA,2013-03-29T15:47:48.0770000-06:00,in
37,USC00051772,Snow,1969-10-27T00:00:00.0000000-07:00,0.000000,,,0,,NOAA,2013-03-29T15:47:48.0770000-06:00,in
37,USC00051772,Snow,1969-10-28T00:00:00.0000000-07:00,0.000000,,,0,,NOAA,2013-03-29T15:47:48.0770000-06:00,in
37,USC00051772,Snow,1969-10-29T00:00:00.0000000-07:00,0.000000,,,0,,NOAA,2013-03-29T15:47:48.0770000-06:00,in
37,USC00051772,Snow,1969-10-30T00:00:00.0000000-07:00,0.000000,,,0,,NOAA,2013-03-29T15:47:48.0770000-06:00,in
37,USC00051772,Snow,1969-10-31T00:00:00.0000000-07:00,0.000000,,,0,,NOAA,2013-03-29T15:47:48.0770000-06:00,in
37,USC00051772,Snow,1969-11-01T00:00:00.0000000-07:00,0.000000,,,0,,NOAA,2013-03-29T15:47:48.0770000-06:00,in
37,USC00051772,Snow,1969-11-02T00:00:00.0000000-07:00,0.000000,,,0,,NOAA,2013-03-29T15:47:48.0770000-06:00,in
37,USC00051772,Snow,1969-11-03T00:00:00.0000000-07:00,0.000000,,,0,,NOAA,2013-03-29T15:47:48.0770000-06:00,in
37,USC00051772,Snow,1969-11-04T00:00:00.0000000-07:00,0.000000,,,0,,NOAA,2013-03-29T15:47:48.0770000-06:00,in
37,USC00051772,Snow,1969-11-05T00:00:00.0000000-07:00,0.000000,,,0,,NOAA,2013-03-29T15:47:48.0770000-06:00,in
37,USC00051772,Snow,1969-11-06T00:00:00.0000000-07:00,0.000000,,,0,,NOAA,2013-03-29T15:47:48.0770000-06:00,in
37,USC00051772,Snow,1969-11-07T00:00:00.0000000-07:00,0.000000,,,0,,NOAA,2013-03-29T15:47:48.0770000-06:00,in
37,USC00051772,Snow,1969-11-08T00:00:00.0000000-07:00,0.000000,,,0,,NOAA,2013-03-29T15:47:48.0770000-06:00,in
37,USC00051772,Snow,1969-11-09T00:00:00.0000000-07:00,0.000000,,,0,,NOAA,2013-03-29T15:47:48.0770000-06:00,in
37,USC00051772,Snow,1969-11-10T00:00:00.0000000-07:00,0.000000,,,0,,NOAA,2013-03-29T15:47:48.0770000-06:00,in
37,USC00051772,Snow,1969-11-11T00:00:00.0000000-07:00,0.000000,,,0,,NOAA,2013-03-29T15:47:48.0770000-06:00,in
37,USC00051772,Snow,1969-11-12T00:00:00.0000000-07:00,0.000000,,,0,,NOAA,2013-03-29T15:47:48.0770000-06:00,in
37,USC00051772,Snow,1969-11-13T00:00:00.0000000-07:00,0.000000,,,0,,NOAA,2013-03-29T15:47:48.0770000-06:00,in
37,USC00051772,Snow,1969-11-14T00:00:00.0000000-07:00,0.000000,,,0,,NOAA,2013-03-29T15:47:48.0770000-06:00,in
37,USC00051772,Snow,1969-11-15T00:00:00.0000000-07:00,0.000000,,,0,,NOAA,2013-03-29T15:47:48.0770000-06:00,in
37,USC00051772,Snow,1969-11-16T00:00:00.0000000-07:00,0.511811,,,0,,NOAA,2013-03-29T15:47:48.0770000-06:00,in
37,USC00051772,Snow,1969-11-17T00:00:00.0000000-07:00,0.196850,,,0,,NOAA,2013-03-29T15:47:48.0770000-06:00,in
37,USC00051772,Snow,1969-11-18T00:00:00.0000000-07:00,0.000000,,,0,,NOAA,2013-03-29T15:47:48.0770000-06:00,in
37,USC00051772,Snow,1969-11-19T00:00:00.0000000-07:00,0.000000,,,0,,NOAA,2013-03-29T15:47:48.0770000-06:00,in
37,USC00051772,Snow,1969-11-20T00:00:00.0000000-07:00,0.000000,,,0,,NOAA,2013-03-29T15:47:48.0770000-06:00,in
37,USC00051772,Snow,1969-11-21T00:00:00.0000000-07:00,0.000000,,,0,,NOAA,2013-03-29T15:47:48.0770000-06:00,in
37,USC00051772,Snow,1969-11-22T00:00:00.0000000-07:00,0.000000,,,0,,NOAA,2013-03-29T15:47:48.0770000-06:00,in
37,USC00051772,Snow,1969-11-23T00:00:00.0000000-07:00,0.000000,,,0,,NOAA,2013-03-29T15:47:48.0770000-06:00,in
37,USC00051772,Snow,1969-11-24T00:00:00.0000000-07:00,0.000000,,,0,,NOAA,2013-03-29T15:47:48.0770000-06:00,in
37,USC00051772,Snow,1969-11-25T00:00:00.0000000-07:00,0.000000,,,0,,NOAA,2013-03-29T15:47:48.0770000-06:00,in
37,USC00051772,Snow,1969-11-26T00:00:00.0000000-07:00,0.000000,T,,0,,NOAA,2013-03-29T15:47:48.0770000-06:00,in
37,USC00051772,Snow,1969-11-27T00:00:00.0000000-07:00,0.000000,,,0,,NOAA,2013-03-29T15:47:48.0770000-06:00,in
37,USC00051772,Snow,1969-11-28T00:00:00.0000000-07:00,0.000000,,,0,,NOAA,2013-03-29T15:47:48.0770000-06:00,in
37,USC00051772,Snow,1969-11-29T00:00:00.0000000-07:00,0.000000,,,0,,NOAA,2013-03-29T15:47:48.0770000-06:00,in
37,USC00051772,Snow,1969-11-30T00:00:00.0000000-07:00,0.000000,,,0,,NOAA,2013-03-29T15:47:48.0770000-06:00,in
37,USC00051772,Snow,1969-12-01T00:00:00.0000000-07:00,0.000000,,,0,,NOAA,2013-03-29T15:47:48.0770000-06:00,in
37,USC00051772,Snow,1969-12-02T00:00:00.0000000-07:00,0.000000,,,0,,NOAA,2013-03-29T15:47:48.0770000-06:00,in
37,USC00051772,Snow,1969-12-03T00:00:00.0000000-07:00,0.000000,,,0,,NOAA,2013-03-29T15:47:48.0770000-06:00,in
37,USC00051772,Snow,1969-12-04T00:00:00.0000000-07:00,1.102362,,,0,,NOAA,2013-03-29T15:47:48.0770000-06:00,in
37,USC00051772,Snow,1969-12-05T00:00:00.0000000-07:00,0.000000,,,0,,NOAA,2013-03-29T15:47:48.0770000-06:00,in
37,USC00051772,Snow,1969-12-06T00:00:00.0000000-07:00,0.000000,,,0,,NOAA,2013-03-29T15:47:48.0770000-06:00,in
37,USC00051772,Snow,1969-12-07T00:00:00.0000000-07:00,0.000000,,,0,,NOAA,2013-03-29T15:47:48.0770000-06:00,in
37,USC00051772,Snow,1969-12-08T00:00:00.0000000-07:00,0.000000,,,0,,NOAA,2013-03-29T15:47:48.0770000-06:00,in
37,USC00051772,Snow,1969-12-09T00:00:00.0000000-07:00,0.000000,T,,0,,NOAA,2013-03-29T15:47:48.0770000-06:00,in
37,USC00051772,Snow,1969-12-10T00:00:00.0000000-07:00,2.007874,,,0,,NOAA,2013-03-29T15:47:48.0770000-06:00,in
37,USC00051772,Snow,1969-12-11T00:00:00.0000000-07:00,0.000000,,,0,,NOAA,2013-03-29T15:47:48.0770000-06:00,in
37,USC00051772,Snow,1969-12-12T00:00:00.0000000-07:00,0.000000,,,0,,NOAA,2013-03-29T15:47:48.0770000-06:00,in
37,USC00051772,Snow,1969-12-13T00:00:00.0000000-07:00,0.000000,,,0,,NOAA,2013-03-29T15:47:48.0770000-06:00,in
37,USC00051772,Snow,1969-12-14T00:00:00.0000000-07:00,0.000000,,,0,,NOAA,2013-03-29T15:47:48.0770000-06:00,in
37,USC00051772,Snow,1969-12-15T00:00:00.0000000-07:00,0.000000,,,0,,NOAA,2013-03-29T15:47:48.0770000-06:00,in
37,USC00051772,Snow,1969-12-16T00:00:00.0000000-07:00,0.000000,,,0,,NOAA,2013-03-29T15:47:48.0770000-06:00,in
37,USC00051772,Snow,1969-12-17T00:00:00.0000000-07:00,0.000000,,,0,,NOAA,2013-03-29T15:47:48.0770000-06:00,in
37,USC00051772,Snow,1969-12-18T00:00:00.0000000-07:00,0.000000,,,0,,NOAA,2013-03-29T15:47:48.0770000-06:00,in
37,USC00051772,Snow,1969-12-19T00:00:00.0000000-07:00,0.000000,,,0,,NOAA,2013-03-29T15:47:48.0770000-06:00,in
37,USC00051772,Snow,1969-12-20T00:00:00.0000000-07:00,0.000000,T,,0,,NOAA,2013-03-29T15:47:48.0770000-06:00,in
37,USC00051772,Snow,1969-12-21T00:00:00.0000000-07:00,0.000000,,,0,,NOAA,2013-03-29T15:47:48.0770000-06:00,in
37,USC00051772,Snow,1969-12-22T00:00:00.0000000-07:00,0.000000,,,0,,NOAA,2013-03-29T15:47:48.0770000-06:00,in
37,USC00051772,Snow,1969-12-23T00:00:00.0000000-07:00,0.000000,,,0,,NOAA,2013-03-29T15:47:48.0770000-06:00,in
37,USC00051772,Snow,1969-12-24T00:00:00.0000000-07:00,0.000000,,,0,,NOAA,2013-03-29T15:47:48.0770000-06:00,in
37,USC00051772,Snow,1969-12-25T00:00:00.0000000-07:00,0.000000,,,0,,NOAA,2013-03-29T15:47:48.0770000-06:00,in
37,USC00051772,Snow,1969-12-26T00:00:00.0000000-07:00,0.984252,,,0,,NOAA,2013-03-29T15:47:48.0770000-06:00,in
37,USC00051772,Snow,1969-12-27T00:00:00.0000000-07:00,0.000000,,,0,,NOAA,2013-03-29T15:47:48.0770000-06:00,in
37,USC00051772,Snow,1969-12-28T00:00:00.0000000-07:00,0.000000,,,0,,NOAA,2013-03-29T15:47:48.0770000-06:00,in
37,USC00051772,Snow,1969-12-29T00:00:00.0000000-07:00,0.000000,,,0,,NOAA,2013-03-29T15:47:48.0770000-06:00,in
37,USC00051772,Snow,1969-12-30T00:00:00.0000000-07:00,0.000000,,,0,,NOAA,2013-03-29T15:47:48.0770000-06:00,in
37,USC00051772,Snow,1969-12-31T00:00:00.0000000-07:00,0.000000,,,0,,NOAA,2013-03-29T15:47:48.0770000-06:00,in
37,USC00051772,Snow,1970-01-01T00:00:00.0000000-07:00,0.511811,,,0,,NOAA,2013-03-29T15:47:48.0770000-06:00,in
37,USC00051772,Snow,1970-01-02T00:00:00.0000000-07:00,0.000000,,,0,,NOAA,2013-03-29T15:47:48.0770000-06:00,in
37,USC00051772,Snow,1970-01-03T00:00:00.0000000-07:00,0.000000,,,0,,NOAA,2013-03-29T15:47:48.0770000-06:00,in
37,USC00051772,Snow,1970-01-04T00:00:00.0000000-07:00,0.000000,,,0,,NOAA,2013-03-29T15:47:48.0770000-06:00,in
37,USC00051772,Snow,1970-01-05T00:00:00.0000000-07:00,0.511811,,,0,,NOAA,2013-03-29T15:47:48.0770000-06:00,in
37,USC00051772,Snow,1970-01-06T00:00:00.0000000-07:00,0.000000,,,0,,NOAA,2013-03-29T15:47:48.0770000-06:00,in
37,USC00051772,Snow,1970-01-07T00:00:00.0000000-07:00,0.000000,,,0,,NOAA,2013-03-29T15:47:48.0770000-06:00,in
37,USC00051772,Snow,1970-01-08T00:00:00.0000000-07:00,0.000000,,,0,,NOAA,2013-03-29T15:47:48.0770000-06:00,in
37,USC00051772,Snow,1970-01-09T00:00:00.0000000-07:00,0.000000,,,0,,NOAA,2013-03-29T15:47:48.0770000-06:00,in
37,USC00051772,Snow,1970-01-11T00:00:00.0000000-07:00,0.000000,,,0,,NOAA,2013-03-29T15:47:48.0770000-06:00,in
37,USC00051772,Snow,1970-01-12T00:00:00.0000000-07:00,0.000000,,,0,,NOAA,2013-03-29T15:47:48.0770000-06:00,in
37,USC00051772,Snow,1970-01-13T00:00:00.0000000-07:00,0.000000,,,0,,NOAA,2013-03-29T15:47:48.0770000-06:00,in
37,USC00051772,Snow,1970-01-14T00:00:00.0000000-07:00,0.000000,,,0,,NOAA,2013-03-29T15:47:48.0770000-06:00,in
37,USC00051772,Snow,1970-01-15T00:00:00.0000000-07:00,0.511811,,,0,,NOAA,2013-03-29T15:47:48.0770000-06:00,in
37,USC00051772,Snow,1970-01-16T00:00:00.0000000-07:00,0.511811,,,0,,NOAA,2013-03-29T15:47:48.0770000-06:00,in
37,USC00051772,Snow,1970-01-17T00:00:00.0000000-07:00,0.511811,,,0,,NOAA,2013-03-29T15:47:48.0770000-06:00,in
37,USC00051772,Snow,1970-01-18T00:00:00.0000000-07:00,0.000000,,,0,,NOAA,2013-03-29T15:47:48.0770000-06:00,in
37,USC00051772,Snow,1970-01-19T00:00:00.0000000-07:00,0.000000,,,0,,NOAA,2013-03-29T15:47:48.0770000-06:00,in
37,USC00051772,Snow,1970-01-20T00:00:00.0000000-07:00,0.000000,,,0,,NOAA,2013-03-29T15:47:48.0770000-06:00,in
37,USC00051772,Snow,1970-01-21T00:00:00.0000000-07:00,0.000000,,,0,,NOAA,2013-03-29T15:47:48.0770000-06:00,in
37,USC00051772,Snow,1970-01-22T00:00:00.0000000-07:00,0.000000,,,0,,NOAA,2013-03-29T15:47:48.0770000-06:00,in
37,USC00051772,Snow,1970-01-23T00:00:00.0000000-07:00,0.000000,,,0,,NOAA,2013-03-29T15:47:48.0770000-06:00,in
37,USC00051772,Snow,1970-01-24T00:00:00.0000000-07:00,0.000000,,,0,,NOAA,2013-03-29T15:47:48.0770000-06:00,in
37,USC00051772,Snow,1970-01-25T00:00:00.0000000-07:00,0.000000,,,0,,NOAA,2013-03-29T15:47:48.0770000-06:00,in
37,USC00051772,Snow,1970-01-26T00:00:00.0000000-07:00,0.000000,,,0,,NOAA,2013-03-29T15:47:48.0770000-06:00,in
37,USC00051772,Snow,1970-01-27T00:00:00.0000000-07:00,0.000000,,,0,,NOAA,2013-03-29T15:47:48.0770000-06:00,in
37,USC00051772,Snow,1970-01-28T00:00:00.0000000-07:00,2.007874,,,0,,NOAA,2013-03-29T15:47:48.0770000-06:00,in
37,USC00051772,Snow,1970-01-29T00:00:00.0000000-07:00,0.000000,,,0,,NOAA,2013-03-29T15:47:48.0770000-06:00,in
37,USC00051772,Snow,1970-01-30T00:00:00.0000000-07:00,0.000000,,,0,,NOAA,2013-03-29T15:47:48.0770000-06:00,in
37,USC00051772,Snow,1970-01-31T00:00:00.0000000-07:00,0.000000,,,0,,NOAA,2013-03-29T15:47:48.0770000-06:00,in
37,USC00051772,Snow,1970-02-01T00:00:00.0000000-07:00,0.000000,,,0,,NOAA,2013-03-29T15:47:48.0770000-06:00,in
37,USC00051772,Snow,1970-02-02T00:00:00.0000000-07:00,0.000000,,,0,,NOAA,2013-03-29T15:47:48.0770000-06:00,in
37,USC00051772,Snow,1970-02-03T00:00:00.0000000-07:00,0.000000,T,,0,,NOAA,2013-03-29T15:47:48.0770000-06:00,in
37,USC00051772,Snow,1970-02-04T00:00:00.0000000-07:00,0.000000,,,0,,NOAA,2013-03-29T15:47:48.0770000-06:00,in
37,USC00051772,Snow,1970-02-05T00:00:00.0000000-07:00,0.000000,T,,0,,NOAA,2013-03-29T15:47:48.0770000-06:00,in
37,USC00051772,Snow,1970-02-06T00:00:00.0000000-07:00,0.000000,,,0,,NOAA,2013-03-29T15:47:48.0770000-06:00,in
37,USC00051772,Snow,1970-02-07T00:00:00.0000000-07:00,0.000000,,,0,,NOAA,2013-03-29T15:47:48.0770000-06:00,in
37,USC00051772,Snow,1970-02-08T00:00:00.0000000-07:00,0.000000,,,0,,NOAA,2013-03-29T15:47:48.0770000-06:00,in
37,USC00051772,Snow,1970-02-09T00:00:00.0000000-07:00,0.000000,,,0,,NOAA,2013-03-29T15:47:48.0770000-06:00,in
37,USC00051772,Snow,1970-02-10T00:00:00.0000000-07:00,0.000000,,,0,,NOAA,2013-03-29T15:47:48.0770000-06:00,in
37,USC00051772,Snow,1970-02-11T00:00:00.0000000-07:00,0.000000,,,0,,NOAA,2013-03-29T15:47:48.0770000-06:00,in
37,USC00051772,Snow,1970-02-12T00:00:00.0000000-07:00,0.000000,,,0,,NOAA,2013-03-29T15:47:48.0770000-06:00,in
37,USC00051772,Snow,1970-02-13T00:00:00.0000000-07:00,0.000000,,,0,,NOAA,2013-03-29T15:47:48.0770000-06:00,in
37,USC00051772,Snow,1970-02-14T00:00:00.0000000-07:00,0.000000,,,0,,NOAA,2013-03-29T15:47:48.0770000-06:00,in
37,USC00051772,Snow,1970-02-15T00:00:00.0000000-07:00,0.000000,,,0,,NOAA,2013-03-29T15:47:48.0770000-06:00,in
37,USC00051772,Snow,1970-02-16T00:00:00.0000000-07:00,0.000000,,,0,,NOAA,2013-03-29T15:47:48.0770000-06:00,in
37,USC00051772,Snow,1970-02-17T00:00:00.0000000-07:00,0.000000,,,0,,NOAA,2013-03-29T15:47:48.0770000-06:00,in
37,USC00051772,Snow,1970-02-18T00:00:00.0000000-07:00,0.000000,,,0,,NOAA,2013-03-29T15:47:48.0770000-06:00,in
37,USC00051772,Snow,1970-02-19T00:00:00.0000000-07:00,0.000000,,,0,,NOAA,2013-03-29T15:47:48.0770000-06:00,in
37,USC00051772,Snow,1970-02-20T00:00:00.0000000-07:00,0.000000,,,0,,NOAA,2013-03-29T15:47:48.0770000-06:00,in
37,USC00051772,Snow,1970-02-21T00:00:00.0000000-07:00,0.000000,,,0,,NOAA,2013-03-29T15:47:48.0770000-06:00,in
37,USC00051772,Snow,1970-02-22T00:00:00.0000000-07:00,0.000000,,,0,,NOAA,2013-03-29T15:47:48.0770000-06:00,in
37,USC00051772,Snow,1970-02-23T00:00:00.0000000-07:00,0.000000,,,0,,NOAA,2013-03-29T15:47:48.0770000-06:00,in
37,USC00051772,Snow,1970-02-24T00:00:00.0000000-07:00,0.000000,,,0,,NOAA,2013-03-29T15:47:48.0770000-06:00,in
37,USC00051772,Snow,1970-02-25T00:00:00.0000000-07:00,0.000000,,,0,,NOAA,2013-03-29T15:47:48.0770000-06:00,in
37,USC00051772,Snow,1970-02-26T00:00:00.0000000-07:00,0.000000,,,0,,NOAA,2013-03-29T15:47:48.0770000-06:00,in
37,USC00051772,Snow,1970-02-27T00:00:00.0000000-07:00,0.000000,,,0,,NOAA,2013-03-29T15:47:48.0770000-06:00,in
37,USC00051772,Snow,1970-02-28T00:00:00.0000000-07:00,0.000000,,,0,,NOAA,2013-03-29T15:47:48.0770000-06:00,in
37,USC00051772,Snow,1970-03-01T00:00:00.0000000-07:00,0.000000,T,,0,,NOAA,2013-03-29T15:47:48.0770000-06:00,in
37,USC00051772,Snow,1970-03-02T00:00:00.0000000-07:00,0.000000,T,,0,,NOAA,2013-03-29T15:47:48.0770000-06:00,in
37,USC00051772,Snow,1970-03-03T00:00:00.0000000-07:00,4.015748,,,0,,NOAA,2013-03-29T15:47:48.0770000-06:00,in
37,USC00051772,Snow,1970-03-04T00:00:00.0000000-07:00,0.000000,T,,0,,NOAA,2013-03-29T15:47:48.0770000-06:00,in
37,USC00051772,Snow,1970-03-05T00:00:00.0000000-07:00,0.000000,,,0,,NOAA,2013-03-29T15:47:48.0770000-06:00,in
37,USC00051772,Snow,1970-03-06T00:00:00.0000000-07:00,0.000000,,,0,,NOAA,2013-03-29T15:47:48.0770000-06:00,in
37,USC00051772,Snow,1970-03-07T00:00:00.0000000-07:00,0.000000,,,0,,NOAA,2013-03-29T15:47:48.0770000-06:00,in
37,USC00051772,Snow,1970-03-08T00:00:00.0000000-07:00,0.000000,,,0,,NOAA,2013-03-29T15:47:48.0770000-06:00,in
37,USC00051772,Snow,1970-03-09T00:00:00.0000000-07:00,0.000000,,,0,,NOAA,2013-03-29T15:47:48.0770000-06:00,in
37,USC00051772,Snow,1970-03-10T00:00:00.0000000-07:00,0.000000,,,0,,NOAA,2013-03-29T15:47:48.0770000-06:00,in
37,USC00051772,Snow,1970-03-11T00:00:00.0000000-07:00,0.000000,,,0,,NOAA,2013-03-29T15:47:48.0770000-06:00,in
37,USC00051772,Snow,1970-03-12T00:00:00.0000000-07:00,0.000000,,,0,,NOAA,2013-03-29T15:47:48.0770000-06:00,in
37,USC00051772,Snow,1970-03-13T00:00:00.0000000-07:00,0.000000,,,0,,NOAA,2013-03-29T15:47:48.0770000-06:00,in
37,USC00051772,Snow,1970-03-14T00:00:00.0000000-07:00,0.000000,,,0,,NOAA,2013-03-29T15:47:48.0770000-06:00,in
37,USC00051772,Snow,1970-03-15T00:00:00.0000000-07:00,0.000000,,,0,,NOAA,2013-03-29T15:47:48.0770000-06:00,in
37,USC00051772,Snow,1970-03-16T00:00:00.0000000-07:00,0.000000,,,0,,NOAA,2013-03-29T15:47:48.0770000-06:00,in
37,USC00051772,Snow,1970-03-17T00:00:00.0000000-07:00,0.000000,,,0,,NOAA,2013-03-29T15:47:48.0770000-06:00,in
37,USC00051772,Snow,1970-03-18T00:00:00.0000000-07:00,0.000000,,,0,,NOAA,2013-03-29T15:47:48.0770000-06:00,in
37,USC00051772,Snow,1970-03-19T00:00:00.0000000-07:00,0.000000,,,0,,NOAA,2013-03-29T15:47:48.0770000-06:00,in
37,USC00051772,Snow,1970-03-20T00:00:00.0000000-07:00,0.000000,,,0,,NOAA,2013-03-29T15:47:48.0770000-06:00,in
37,USC00051772,Snow,1970-03-21T00:00:00.0000000-07:00,0.000000,,,0,,NOAA,2013-03-29T15:47:48.0770000-06:00,in
37,USC00051772,Snow,1970-03-22T00:00:00.0000000-07:00,0.000000,,,0,,NOAA,2013-03-29T15:47:48.0770000-06:00,in
37,USC00051772,Snow,1970-03-23T00:00:00.0000000-07:00,0.000000,,,0,,NOAA,2013-03-29T15:47:48.0770000-06:00,in
37,USC00051772,Snow,1970-03-24T00:00:00.0000000-07:00,0.000000,,,0,,NOAA,2013-03-29T15:47:48.0770000-06:00,in
37,USC00051772,Snow,1970-03-25T00:00:00.0000000-07:00,0.000000,,,0,,NOAA,2013-03-29T15:47:48.0770000-06:00,in
37,USC00051772,Snow,1970-03-26T00:00:00.0000000-07:00,0.000000,T,,0,,NOAA,2013-03-29T15:47:48.0770000-06:00,in
37,USC00051772,Snow,1970-03-27T00:00:00.0000000-07:00,0.000000,,,0,,NOAA,2013-03-29T15:47:48.0770000-06:00,in
37,USC00051772,Snow,1970-03-28T00:00:00.0000000-07:00,0.000000,,,0,,NOAA,2013-03-29T15:47:48.0770000-06:00,in
37,USC00051772,Snow,1970-03-29T00:00:00.0000000-07:00,0.000000,,,0,,NOAA,2013-03-29T15:47:48.0770000-06:00,in
37,USC00051772,Snow,1970-03-31T00:00:00.0000000-07:00,0.000000,,,0,,NOAA,2013-03-29T15:47:48.0770000-06:00,in
37,USC00051772,Snow,1970-04-01T00:00:00.0000000-07:00,0.000000,,,0,,NOAA,2013-03-29T15:47:48.0770000-06:00,in
37,USC00051772,Snow,1970-04-02T00:00:00.0000000-07:00,0.000000,,,0,,NOAA,2013-03-29T15:47:48.0770000-06:00,in
37,USC00051772,Snow,1970-04-03T00:00:00.0000000-07:00,0.000000,,,0,,NOAA,2013-03-29T15:47:48.0770000-06:00,in
37,USC00051772,Snow,1970-04-04T00:00:00.0000000-07:00,0.000000,,,0,,NOAA,2013-03-29T15:47:48.0770000-06:00,in
37,USC00051772,Snow,1970-04-05T00:00:00.0000000-07:00,0.000000,,,0,,NOAA,2013-03-29T15:47:48.0770000-06:00,in
37,USC00051772,Snow,1970-04-06T00:00:00.0000000-06:00,0.000000,,,0,,NOAA,2013-03-29T15:47:48.0770000-06:00,in
37,USC00051772,Snow,1970-04-07T00:00:00.0000000-06:00,0.000000,,,0,,NOAA,2013-03-29T15:47:48.0770000-06:00,in
37,USC00051772,Snow,1970-04-08T00:00:00.0000000-06:00,0.000000,,,0,,NOAA,2013-03-29T15:47:48.0770000-06:00,in
37,USC00051772,Snow,1970-04-09T00:00:00.0000000-06:00,0.000000,,,0,,NOAA,2013-03-29T15:47:48.0770000-06:00,in
37,USC00051772,Snow,1970-04-10T00:00:00.0000000-06:00,0.000000,,,0,,NOAA,2013-03-29T15:47:48.0770000-06:00,in
37,USC00051772,Snow,1970-04-11T00:00:00.0000000-06:00,0.000000,T,,0,,NOAA,2013-03-29T15:47:48.0770000-06:00,in
37,USC00051772,Snow,1970-04-12T00:00:00.0000000-06:00,0.000000,,,0,,NOAA,2013-03-29T15:47:48.0770000-06:00,in
37,USC00051772,Snow,1970-04-13T00:00:00.0000000-06:00,0.000000,,,0,,NOAA,2013-03-29T15:47:48.0770000-06:00,in
37,USC00051772,Snow,1970-04-14T00:00:00.0000000-06:00,0.000000,,,0,,NOAA,2013-03-29T15:47:48.0770000-06:00,in
37,USC00051772,Snow,1970-04-15T00:00:00.0000000-06:00,0.000000,,,0,,NOAA,2013-03-29T15:47:48.0770000-06:00,in
37,USC00051772,Snow,1970-04-16T00:00:00.0000000-06:00,0.000000,,,0,,NOAA,2013-03-29T15:47:48.0770000-06:00,in
37,USC00051772,Snow,1970-04-17T00:00:00.0000000-06:00,2.992126,,,0,,NOAA,2013-03-29T15:47:48.0770000-06:00,in
37,USC00051772,Snow,1970-04-18T00:00:00.0000000-06:00,0.000000,,,0,,NOAA,2013-03-29T15:47:48.0770000-06:00,in
37,USC00051772,Snow,1970-04-19T00:00:00.0000000-06:00,0.000000,T,,0,,NOAA,2013-03-29T15:47:48.0770000-06:00,in
37,USC00051772,Snow,1970-04-20T00:00:00.0000000-06:00,0.000000,,,0,,NOAA,2013-03-29T15:47:48.0770000-06:00,in
37,USC00051772,Snow,1970-04-21T00:00:00.0000000-06:00,2.007874,,,0,,NOAA,2013-03-29T15:47:48.0770000-06:00,in
37,USC00051772,Snow,1970-04-22T00:00:00.0000000-06:00,0.000000,,,0,,NOAA,2013-03-29T15:47:48.0770000-06:00,in
37,USC00051772,Snow,1970-04-23T00:00:00.0000000-06:00,0.000000,,,0,,NOAA,2013-03-29T15:47:48.0770000-06:00,in
37,USC00051772,Snow,1970-04-24T00:00:00.0000000-06:00,0.000000,,,0,,NOAA,2013-03-29T15:47:48.0770000-06:00,in
37,USC00051772,Snow,1970-04-25T00:00:00.0000000-06:00,0.000000,,,0,,NOAA,2013-03-29T15:47:48.0770000-06:00,in
37,USC00051772,Snow,1970-04-26T00:00:00.0000000-06:00,0.000000,,,0,,NOAA,2013-03-29T15:47:48.0770000-06:00,in
37,USC00051772,Snow,1970-04-27T00:00:00.0000000-06:00,0.000000,,,0,,NOAA,2013-03-29T15:47:48.0770000-06:00,in
37,USC00051772,Snow,1970-04-28T00:00:00.0000000-06:00,0.314961,,,0,,NOAA,2013-03-29T15:47:48.0770000-06:00,in
37,USC00051772,Snow,1970-04-29T00:00:00.0000000-06:00,0.000000,,,0,,NOAA,2013-03-29T15:47:48.0770000-06:00,in
37,USC00051772,Snow,1970-04-30T00:00:00.0000000-06:00,0.000000,,,0,,NOAA,2013-03-29T15:47:48.0770000-06:00,in
37,USC00051772,Snow,1970-05-01T00:00:00.0000000-06:00,0.000000,,,0,,NOAA,2013-03-29T15:47:48.0770000-06:00,in
37,USC00051772,Snow,1970-05-02T00:00:00.0000000-06:00,0.000000,,,0,,NOAA,2013-03-29T15:47:48.0770000-06:00,in
37,USC00051772,Snow,1970-05-03T00:00:00.0000000-06:00,0.000000,,,0,,NOAA,2013-03-29T15:47:48.0770000-06:00,in
37,USC00051772,Snow,1970-05-04T00:00:00.0000000-06:00,0.000000,,,0,,NOAA,2013-03-29T15:47:48.0770000-06:00,in
37,USC00051772,Snow,1970-05-05T00:00:00.0000000-06:00,0.000000,,,0,,NOAA,2013-03-29T15:47:48.0770000-06:00,in
37,USC00051772,Snow,1970-05-06T00:00:00.0000000-06:00,0.000000,,,0,,NOAA,2013-03-29T15:47:48.0770000-06:00,in
37,USC00051772,Snow,1970-05-07T00:00:00.0000000-06:00,0.000000,,,0,,NOAA,2013-03-29T15:47:48.0770000-06:00,in
37,USC00051772,Snow,1970-05-08T00:00:00.0000000-06:00,0.000000,,,0,,NOAA,2013-03-29T15:47:48.0770000-06:00,in
37,USC00051772,Snow,1970-05-09T00:00:00.0000000-06:00,0.000000,,,0,,NOAA,2013-03-29T15:47:48.0770000-06:00,in
37,USC00051772,Snow,1970-05-10T00:00:00.0000000-06:00,0.000000,,,0,,NOAA,2013-03-29T15:47:48.0770000-06:00,in
37,USC00051772,Snow,1970-05-11T00:00:00.0000000-06:00,0.000000,,,0,,NOAA,2013-03-29T15:47:48.0770000-06:00,in
37,USC00051772,Snow,1970-05-12T00:00:00.0000000-06:00,0.000000,,,0,,NOAA,2013-03-29T15:47:48.0770000-06:00,in
37,USC00051772,Snow,1970-05-13T00:00:00.0000000-06:00,0.000000,,,0,,NOAA,2013-03-29T15:47:48.0770000-06:00,in
37,USC00051772,Snow,1970-05-14T00:00:00.0000000-06:00,0.000000,,,0,,NOAA,2013-03-29T15:47:48.0770000-06:00,in
37,USC00051772,Snow,1970-05-15T00:00:00.0000000-06:00,0.000000,,,0,,NOAA,2013-03-29T15:47:48.0770000-06:00,in
37,USC00051772,Snow,1970-05-16T00:00:00.0000000-06:00,0.000000,,,0,,NOAA,2013-03-29T15:47:48.0770000-06:00,in
37,USC00051772,Snow,1970-05-17T00:00:00.0000000-06:00,0.000000,,,0,,NOAA,2013-03-29T15:47:48.0770000-06:00,in
37,USC00051772,Snow,1970-05-18T00:00:00.0000000-06:00,0.000000,,,0,,NOAA,2013-03-29T15:47:48.0770000-06:00,in
37,USC00051772,Snow,1970-05-19T00:00:00.0000000-06:00,0.000000,,,0,,NOAA,2013-03-29T15:47:48.0770000-06:00,in
37,USC00051772,Snow,1970-05-20T00:00:00.0000000-06:00,0.000000,,,0,,NOAA,2013-03-29T15:47:48.0770000-06:00,in
37,USC00051772,Snow,1970-05-21T00:00:00.0000000-06:00,0.000000,,,0,,NOAA,2013-03-29T15:47:48.0770000-06:00,in
37,USC00051772,Snow,1970-05-22T00:00:00.0000000-06:00,0.000000,,,0,,NOAA,2013-03-29T15:47:48.0770000-06:00,in
37,USC00051772,Snow,1970-05-23T00:00:00.0000000-06:00,0.000000,,,0,,NOAA,2013-03-29T15:47:48.0770000-06:00,in
37,USC00051772,Snow,1970-05-24T00:00:00.0000000-06:00,0.000000,,,0,,NOAA,2013-03-29T15:47:48.0770000-06:00,in
37,USC00051772,Snow,1970-05-25T00:00:00.0000000-06:00,0.000000,,,0,,NOAA,2013-03-29T15:47:48.0770000-06:00,in
37,USC00051772,Snow,1970-05-26T00:00:00.0000000-06:00,0.000000,,,0,,NOAA,2013-03-29T15:47:48.0770000-06:00,in
37,USC00051772,Snow,1970-05-27T00:00:00.0000000-06:00,0.000000,,,0,,NOAA,2013-03-29T15:47:48.0770000-06:00,in
37,USC00051772,Snow,1970-05-28T00:00:00.0000000-06:00,0.000000,,,0,,NOAA,2013-03-29T15:47:48.0770000-06:00,in
37,USC00051772,Snow,1970-05-29T00:00:00.0000000-06:00,0.000000,,,0,,NOAA,2013-03-29T15:47:48.0770000-06:00,in
37,USC00051772,Snow,1970-05-30T00:00:00.0000000-06:00,0.000000,,,0,,NOAA,2013-03-29T15:47:48.0770000-06:00,in
37,USC00051772,Snow,1970-05-31T00:00:00.0000000-06:00,0.000000,,,0,,NOAA,2013-03-29T15:47:48.0770000-06:00,in
37,USC00051772,Snow,1970-06-01T00:00:00.0000000-06:00,0.000000,,,0,,NOAA,2013-03-29T15:47:48.0770000-06:00,in
37,USC00051772,Snow,1970-06-02T00:00:00.0000000-06:00,0.000000,,,0,,NOAA,2013-03-29T15:47:48.0770000-06:00,in
37,USC00051772,Snow,1970-06-03T00:00:00.0000000-06:00,0.000000,,,0,,NOAA,2013-03-29T15:47:48.0770000-06:00,in
37,USC00051772,Snow,1970-06-04T00:00:00.0000000-06:00,0.000000,,,0,,NOAA,2013-03-29T15:47:48.0770000-06:00,in
37,USC00051772,Snow,1970-06-05T00:00:00.0000000-06:00,0.000000,,,0,,NOAA,2013-03-29T15:47:48.0770000-06:00,in
37,USC00051772,Snow,1970-06-06T00:00:00.0000000-06:00,0.000000,,,0,,NOAA,2013-03-29T15:47:48.0770000-06:00,in
37,USC00051772,Snow,1970-06-07T00:00:00.0000000-06:00,0.000000,,,0,,NOAA,2013-03-29T15:47:48.0770000-06:00,in
37,USC00051772,Snow,1970-06-08T00:00:00.0000000-06:00,0.000000,,,0,,NOAA,2013-03-29T15:47:48.0770000-06:00,in
37,USC00051772,Snow,1970-06-09T00:00:00.0000000-06:00,0.000000,,,0,,NOAA,2013-03-29T15:47:48.0770000-06:00,in
37,USC00051772,Snow,1970-06-10T00:00:00.0000000-06:00,0.000000,,,0,,NOAA,2013-03-29T15:47:48.0770000-06:00,in
37,USC00051772,Snow,1970-06-11T00:00:00.0000000-06:00,0.000000,,,0,,NOAA,2013-03-29T15:47:48.0770000-06:00,in
37,USC00051772,Snow,1970-06-12T00:00:00.0000000-06:00,0.000000,,,0,,NOAA,2013-03-29T15:47:48.0770000-06:00,in
37,USC00051772,Snow,1970-06-13T00:00:00.0000000-06:00,0.000000,,,0,,NOAA,2013-03-29T15:47:48.0770000-06:00,in
37,USC00051772,Snow,1970-06-14T00:00:00.0000000-06:00,0.000000,,,0,,NOAA,2013-03-29T15:47:48.0770000-06:00,in
37,USC00051772,Snow,1970-06-15T00:00:00.0000000-06:00,0.000000,,,0,,NOAA,2013-03-29T15:47:48.0770000-06:00,in
37,USC00051772,Snow,1970-06-16T00:00:00.0000000-06:00,0.000000,,,0,,NOAA,2013-03-29T15:47:48.0770000-06:00,in
37,USC00051772,Snow,1970-06-17T00:00:00.0000000-06:00,0.000000,,,0,,NOAA,2013-03-29T15:47:48.0770000-06:00,in
37,USC00051772,Snow,1970-06-18T00:00:00.0000000-06:00,0.000000,,,0,,NOAA,2013-03-29T15:47:48.0770000-06:00,in
37,USC00051772,Snow,1970-06-19T00:00:00.0000000-06:00,0.000000,,,0,,NOAA,2013-03-29T15:47:48.0770000-06:00,in
37,USC00051772,Snow,1970-06-20T00:00:00.0000000-06:00,0.000000,,,0,,NOAA,2013-03-29T15:47:48.0770000-06:00,in
37,USC00051772,Snow,1970-06-21T00:00:00.0000000-06:00,0.000000,,,0,,NOAA,2013-03-29T15:47:48.0770000-06:00,in
37,USC00051772,Snow,1970-06-22T00:00:00.0000000-06:00,0.000000,,,0,,NOAA,2013-03-29T15:47:48.0770000-06:00,in
37,USC00051772,Snow,1970-06-23T00:00:00.0000000-06:00,0.000000,,,0,,NOAA,2013-03-29T15:47:48.0770000-06:00,in
37,USC00051772,Snow,1970-06-24T00:00:00.0000000-06:00,0.000000,,,0,,NOAA,2013-03-29T15:47:48.0770000-06:00,in
37,USC00051772,Snow,1970-06-25T00:00:00.0000000-06:00,0.000000,,,0,,NOAA,2013-03-29T15:47:48.0770000-06:00,in
37,USC00051772,Snow,1970-06-26T00:00:00.0000000-06:00,0.000000,,,0,,NOAA,2013-03-29T15:47:48.0770000-06:00,in
37,USC00051772,Snow,1970-06-27T00:00:00.0000000-06:00,0.000000,,,0,,NOAA,2013-03-29T15:47:48.0770000-06:00,in
37,USC00051772,Snow,1970-06-28T00:00:00.0000000-06:00,0.000000,,,0,,NOAA,2013-03-29T15:47:48.0770000-06:00,in
37,USC00051772,Snow,1970-06-29T00:00:00.0000000-06:00,0.000000,,,0,,NOAA,2013-03-29T15:47:48.0770000-06:00,in
37,USC00051772,Snow,1970-06-30T00:00:00.0000000-06:00,0.000000,,,0,,NOAA,2013-03-29T15:47:48.0770000-06:00,in
37,USC00051772,Snow,1970-07-01T00:00:00.0000000-06:00,0.000000,,,0,,NOAA,2013-03-29T15:47:48.0770000-06:00,in
37,USC00051772,Snow,1970-07-02T00:00:00.0000000-06:00,0.000000,,,0,,NOAA,2013-03-29T15:47:48.0770000-06:00,in
37,USC00051772,Snow,1970-07-03T00:00:00.0000000-06:00,0.000000,,,0,,NOAA,2013-03-29T15:47:48.0770000-06:00,in
37,USC00051772,Snow,1970-07-04T00:00:00.0000000-06:00,0.000000,,,0,,NOAA,2013-03-29T15:47:48.0770000-06:00,in
37,USC00051772,Snow,1970-07-05T00:00:00.0000000-06:00,0.000000,,,0,,NOAA,2013-03-29T15:47:48.0770000-06:00,in
37,USC00051772,Snow,1970-07-06T00:00:00.0000000-06:00,0.000000,,,0,,NOAA,2013-03-29T15:47:48.0770000-06:00,in
37,USC00051772,Snow,1970-07-07T00:00:00.0000000-06:00,0.000000,,,0,,NOAA,2013-03-29T15:47:48.0770000-06:00,in
37,USC00051772,Snow,1970-07-08T00:00:00.0000000-06:00,0.000000,,,0,,NOAA,2013-03-29T15:47:48.0770000-06:00,in
37,USC00051772,Snow,1970-07-09T00:00:00.0000000-06:00,0.000000,,,0,,NOAA,2013-03-29T15:47:48.0770000-06:00,in
37,USC00051772,Snow,1970-07-10T00:00:00.0000000-06:00,0.000000,,,0,,NOAA,2013-03-29T15:47:48.0770000-06:00,in
37,USC00051772,Snow,1970-07-11T00:00:00.0000000-06:00,0.000000,,,0,,NOAA,2013-03-29T15:47:48.0770000-06:00,in
37,USC00051772,Snow,1970-07-12T00:00:00.0000000-06:00,0.000000,,,0,,NOAA,2013-03-29T15:47:48.0770000-06:00,in
37,USC00051772,Snow,1970-07-13T00:00:00.0000000-06:00,0.000000,,,0,,NOAA,2013-03-29T15:47:48.0770000-06:00,in
37,USC00051772,Snow,1970-07-14T00:00:00.0000000-06:00,0.000000,,,0,,NOAA,2013-03-29T15:47:48.0770000-06:00,in
37,USC00051772,Snow,1970-07-15T00:00:00.0000000-06:00,0.000000,,,0,,NOAA,2013-03-29T15:47:48.0770000-06:00,in
37,USC00051772,Snow,1970-07-16T00:00:00.0000000-06:00,0.000000,,,0,,NOAA,2013-03-29T15:47:48.0770000-06:00,in
37,USC00051772,Snow,1970-07-17T00:00:00.0000000-06:00,0.000000,,,0,,NOAA,2013-03-29T15:47:48.0770000-06:00,in
37,USC00051772,Snow,1970-07-18T00:00:00.0000000-06:00,0.000000,,,0,,NOAA,2013-03-29T15:47:48.0770000-06:00,in
37,USC00051772,Snow,1970-07-19T00:00:00.0000000-06:00,0.000000,,,0,,NOAA,2013-03-29T15:47:48.0770000-06:00,in
37,USC00051772,Snow,1970-07-20T00:00:00.0000000-06:00,0.000000,,,0,,NOAA,2013-03-29T15:47:48.0770000-06:00,in
37,USC00051772,Snow,1970-07-21T00:00:00.0000000-06:00,0.000000,,,0,,NOAA,2013-03-29T15:47:48.0770000-06:00,in
37,USC00051772,Snow,1970-07-22T00:00:00.0000000-06:00,0.000000,,,0,,NOAA,2013-03-29T15:47:48.0770000-06:00,in
37,USC00051772,Snow,1970-07-23T00:00:00.0000000-06:00,0.000000,,,0,,NOAA,2013-03-29T15:47:48.0770000-06:00,in
37,USC00051772,Snow,1970-07-24T00:00:00.0000000-06:00,0.000000,,,0,,NOAA,2013-03-29T15:47:48.0770000-06:00,in
37,USC00051772,Snow,1970-07-25T00:00:00.0000000-06:00,0.000000,,,0,,NOAA,2013-03-29T15:47:48.0770000-06:00,in
37,USC00051772,Snow,1970-07-26T00:00:00.0000000-06:00,0.000000,,,0,,NOAA,2013-03-29T15:47:48.0770000-06:00,in
37,USC00051772,Snow,1970-07-27T00:00:00.0000000-06:00,0.000000,,,0,,NOAA,2013-03-29T15:47:48.0770000-06:00,in
37,USC00051772,Snow,1970-07-28T00:00:00.0000000-06:00,0.000000,,,0,,NOAA,2013-03-29T15:47:48.0770000-06:00,in
37,USC00051772,Snow,1970-07-29T00:00:00.0000000-06:00,0.000000,,,0,,NOAA,2013-03-29T15:47:48.0770000-06:00,in
37,USC00051772,Snow,1970-07-30T00:00:00.0000000-06:00,0.000000,,,0,,NOAA,2013-03-29T15:47:48.0770000-06:00,in
37,USC00051772,Snow,1970-07-31T00:00:00.0000000-06:00,0.000000,,,0,,NOAA,2013-03-29T15:47:48.0770000-06:00,in
37,USC00051772,Snow,1970-08-01T00:00:00.0000000-06:00,0.000000,,,0,,NOAA,2013-03-29T15:47:48.0770000-06:00,in
37,USC00051772,Snow,1970-08-02T00:00:00.0000000-06:00,0.000000,,,0,,NOAA,2013-03-29T15:47:48.0770000-06:00,in
37,USC00051772,Snow,1970-08-03T00:00:00.0000000-06:00,0.000000,,,0,,NOAA,2013-03-29T15:47:48.0770000-06:00,in
37,USC00051772,Snow,1970-08-04T00:00:00.0000000-06:00,0.000000,,,0,,NOAA,2013-03-29T15:47:48.0770000-06:00,in
37,USC00051772,Snow,1970-08-05T00:00:00.0000000-06:00,0.000000,,,0,,NOAA,2013-03-29T15:47:48.0770000-06:00,in
37,USC00051772,Snow,1970-08-06T00:00:00.0000000-06:00,0.000000,,,0,,NOAA,2013-03-29T15:47:48.0770000-06:00,in
37,USC00051772,Snow,1970-08-07T00:00:00.0000000-06:00,0.000000,,,0,,NOAA,2013-03-29T15:47:48.0770000-06:00,in
37,USC00051772,Snow,1970-08-08T00:00:00.0000000-06:00,0.000000,,,0,,NOAA,2013-03-29T15:47:48.0770000-06:00,in
37,USC00051772,Snow,1970-08-09T00:00:00.0000000-06:00,0.000000,,,0,,NOAA,2013-03-29T15:47:48.0770000-06:00,in
37,USC00051772,Snow,1970-08-10T00:00:00.0000000-06:00,0.000000,,,0,,NOAA,2013-03-29T15:47:48.0770000-06:00,in
37,USC00051772,Snow,1970-08-11T00:00:00.0000000-06:00,0.000000,,,0,,NOAA,2013-03-29T15:47:48.0770000-06:00,in
37,USC00051772,Snow,1970-08-12T00:00:00.0000000-06:00,0.000000,,,0,,NOAA,2013-03-29T15:47:48.0770000-06:00,in
37,USC00051772,Snow,1970-08-13T00:00:00.0000000-06:00,0.000000,,,0,,NOAA,2013-03-29T15:47:48.0770000-06:00,in
37,USC00051772,Snow,1970-08-14T00:00:00.0000000-06:00,0.000000,,,0,,NOAA,2013-03-29T15:47:48.0770000-06:00,in
37,USC00051772,Snow,1970-08-15T00:00:00.0000000-06:00,0.000000,,,0,,NOAA,2013-03-29T15:47:48.0770000-06:00,in
37,USC00051772,Snow,1970-08-16T00:00:00.0000000-06:00,0.000000,,,0,,NOAA,2013-03-29T15:47:48.0770000-06:00,in
37,USC00051772,Snow,1970-08-17T00:00:00.0000000-06:00,0.000000,,,0,,NOAA,2013-03-29T15:47:48.0770000-06:00,in
37,USC00051772,Snow,1970-08-18T00:00:00.0000000-06:00,0.000000,,,0,,NOAA,2013-03-29T15:47:48.0770000-06:00,in
37,USC00051772,Snow,1970-08-19T00:00:00.0000000-06:00,0.000000,,,0,,NOAA,2013-03-29T15:47:48.0770000-06:00,in
37,USC00051772,Snow,1970-08-20T00:00:00.0000000-06:00,0.000000,,,0,,NOAA,2013-03-29T15:47:48.0770000-06:00,in
37,USC00051772,Snow,1970-08-21T00:00:00.0000000-06:00,0.000000,,,0,,NOAA,2013-03-29T15:47:48.0770000-06:00,in
37,USC00051772,Snow,1970-08-22T00:00:00.0000000-06:00,0.000000,,,0,,NOAA,2013-03-29T15:47:48.0770000-06:00,in
37,USC00051772,Snow,1970-08-23T00:00:00.0000000-06:00,0.000000,,,0,,NOAA,2013-03-29T15:47:48.0770000-06:00,in
37,USC00051772,Snow,1970-08-24T00:00:00.0000000-06:00,0.000000,,,0,,NOAA,2013-03-29T15:47:48.0770000-06:00,in
37,USC00051772,Snow,1970-08-25T00:00:00.0000000-06:00,0.000000,,,0,,NOAA,2013-03-29T15:47:48.0770000-06:00,in
37,USC00051772,Snow,1970-08-26T00:00:00.0000000-06:00,0.000000,,,0,,NOAA,2013-03-29T15:47:48.0770000-06:00,in
37,USC00051772,Snow,1970-08-27T00:00:00.0000000-06:00,0.000000,,,0,,NOAA,2013-03-29T15:47:48.0770000-06:00,in
37,USC00051772,Snow,1970-08-28T00:00:00.0000000-06:00,0.000000,,,0,,NOAA,2013-03-29T15:47:48.0770000-06:00,in
37,USC00051772,Snow,1970-08-29T00:00:00.0000000-06:00,0.000000,,,0,,NOAA,2013-03-29T15:47:48.0770000-06:00,in
37,USC00051772,Snow,1970-08-30T00:00:00.0000000-06:00,0.000000,,,0,,NOAA,2013-03-29T15:47:48.0770000-06:00,in
37,USC00051772,Snow,1970-08-31T00:00:00.0000000-06:00,0.000000,,,0,,NOAA,2013-03-29T15:47:48.0770000-06:00,in
37,USC00051772,Snow,1970-09-01T00:00:00.0000000-06:00,0.000000,,,0,,NOAA,2013-03-29T15:47:48.0770000-06:00,in
37,USC00051772,Snow,1970-09-02T00:00:00.0000000-06:00,0.000000,,,0,,NOAA,2013-03-29T15:47:48.0770000-06:00,in
37,USC00051772,Snow,1970-09-03T00:00:00.0000000-06:00,0.000000,,,0,,NOAA,2013-03-29T15:47:48.0770000-06:00,in
37,USC00051772,Snow,1970-09-04T00:00:00.0000000-06:00,0.000000,,,0,,NOAA,2013-03-29T15:47:48.0770000-06:00,in
37,USC00051772,Snow,1970-09-05T00:00:00.0000000-06:00,0.000000,,,0,,NOAA,2013-03-29T15:47:48.0770000-06:00,in
37,USC00051772,Snow,1970-09-06T00:00:00.0000000-06:00,0.000000,,,0,,NOAA,2013-03-29T15:47:48.0770000-06:00,in
37,USC00051772,Snow,1970-09-07T00:00:00.0000000-06:00,0.000000,,,0,,NOAA,2013-03-29T15:47:48.0770000-06:00,in
37,USC00051772,Snow,1970-09-08T00:00:00.0000000-06:00,0.000000,,,0,,NOAA,2013-03-29T15:47:48.0770000-06:00,in
37,USC00051772,Snow,1970-09-09T00:00:00.0000000-06:00,0.000000,,,0,,NOAA,2013-03-29T15:47:48.0770000-06:00,in
37,USC00051772,Snow,1970-09-10T00:00:00.0000000-06:00,0.000000,,,0,,NOAA,2013-03-29T15:47:48.0770000-06:00,in
37,USC00051772,Snow,1970-09-11T00:00:00.0000000-06:00,0.000000,,,0,,NOAA,2013-03-29T15:47:48.0770000-06:00,in
37,USC00051772,Snow,1970-09-12T00:00:00.0000000-06:00,0.000000,,,0,,NOAA,2013-03-29T15:47:48.0770000-06:00,in
37,USC00051772,Snow,1970-09-13T00:00:00.0000000-06:00,0.000000,,,0,,NOAA,2013-03-29T15:47:48.0770000-06:00,in
37,USC00051772,Snow,1970-09-14T00:00:00.0000000-06:00,0.000000,,,0,,NOAA,2013-03-29T15:47:48.0770000-06:00,in
37,USC00051772,Snow,1970-09-15T00:00:00.0000000-06:00,0.000000,,,0,,NOAA,2013-03-29T15:47:48.0770000-06:00,in
37,USC00051772,Snow,1970-09-16T00:00:00.0000000-06:00,0.000000,,,0,,NOAA,2013-03-29T15:47:48.0770000-06:00,in
37,USC00051772,Snow,1970-09-17T00:00:00.0000000-06:00,0.000000,,,0,,NOAA,2013-03-29T15:47:48.0770000-06:00,in
37,USC00051772,Snow,1970-09-18T00:00:00.0000000-06:00,0.000000,,,0,,NOAA,2013-03-29T15:47:48.0770000-06:00,in
37,USC00051772,Snow,1970-09-19T00:00:00.0000000-06:00,0.000000,,,0,,NOAA,2013-03-29T15:47:48.0770000-06:00,in
37,USC00051772,Snow,1970-09-20T00:00:00.0000000-06:00,0.000000,,,0,,NOAA,2013-03-29T15:47:48.0770000-06:00,in
37,USC00051772,Snow,1970-09-21T00:00:00.0000000-06:00,0.000000,,,0,,NOAA,2013-03-29T15:47:48.0770000-06:00,in
37,USC00051772,Snow,1970-09-22T00:00:00.0000000-06:00,0.000000,,,0,,NOAA,2013-03-29T15:47:48.0770000-06:00,in
37,USC00051772,Snow,1970-09-23T00:00:00.0000000-06:00,0.000000,,,0,,NOAA,2013-03-29T15:47:48.0770000-06:00,in
37,USC00051772,Snow,1970-09-24T00:00:00.0000000-06:00,0.000000,,,0,,NOAA,2013-03-29T15:47:48.0770000-06:00,in
37,USC00051772,Snow,1970-09-25T00:00:00.0000000-06:00,0.000000,,,0,,NOAA,2013-03-29T15:47:48.0770000-06:00,in
37,USC00051772,Snow,1970-09-26T00:00:00.0000000-06:00,0.000000,,,0,,NOAA,2013-03-29T15:47:48.0770000-06:00,in
37,USC00051772,Snow,1970-09-27T00:00:00.0000000-06:00,0.000000,,,0,,NOAA,2013-03-29T15:47:48.0770000-06:00,in
37,USC00051772,Snow,1970-09-28T00:00:00.0000000-06:00,0.000000,,,0,,NOAA,2013-03-29T15:47:48.0770000-06:00,in
37,USC00051772,Snow,1970-09-29T00:00:00.0000000-06:00,0.000000,,,0,,NOAA,2013-03-29T15:47:48.0770000-06:00,in
37,USC00051772,Snow,1970-09-30T00:00:00.0000000-06:00,0.000000,,,0,,NOAA,2013-03-29T15:47:48.0770000-06:00,in
37,USC00051772,Snow,1970-10-01T00:00:00.0000000-06:00,0.000000,,,0,,NOAA,2013-03-29T15:47:48.0770000-06:00,in
37,USC00051772,Snow,1970-10-02T00:00:00.0000000-06:00,0.000000,,,0,,NOAA,2013-03-29T15:47:48.0770000-06:00,in
37,USC00051772,Snow,1970-10-03T00:00:00.0000000-06:00,0.000000,,,0,,NOAA,2013-03-29T15:47:48.0770000-06:00,in
37,USC00051772,Snow,1970-10-04T00:00:00.0000000-06:00,0.000000,,,0,,NOAA,2013-03-29T15:47:48.0770000-06:00,in
37,USC00051772,Snow,1970-10-05T00:00:00.0000000-06:00,0.000000,,,0,,NOAA,2013-03-29T15:47:48.0770000-06:00,in
37,USC00051772,Snow,1970-10-06T00:00:00.0000000-06:00,0.000000,,,0,,NOAA,2013-03-29T15:47:48.0770000-06:00,in
37,USC00051772,Snow,1970-10-07T00:00:00.0000000-06:00,4.291338,,,0,,NOAA,2013-03-29T15:47:48.0770000-06:00,in
37,USC00051772,Snow,1970-10-08T00:00:00.0000000-06:00,0.000000,,,0,,NOAA,2013-03-29T15:47:48.0770000-06:00,in
37,USC00051772,Snow,1970-10-09T00:00:00.0000000-06:00,0.000000,,,0,,NOAA,2013-03-29T15:47:48.0770000-06:00,in
37,USC00051772,Snow,1970-10-10T00:00:00.0000000-06:00,0.000000,,,0,,NOAA,2013-03-29T15:47:48.0770000-06:00,in
37,USC00051772,Snow,1970-10-11T00:00:00.0000000-06:00,0.000000,,,0,,NOAA,2013-03-29T15:47:48.0770000-06:00,in
37,USC00051772,Snow,1970-10-12T00:00:00.0000000-06:00,0.000000,,,0,,NOAA,2013-03-29T15:47:48.0770000-06:00,in
37,USC00051772,Snow,1970-10-13T00:00:00.0000000-06:00,0.000000,,,0,,NOAA,2013-03-29T15:47:48.0770000-06:00,in
37,USC00051772,Snow,1970-10-14T00:00:00.0000000-06:00,0.000000,,,0,,NOAA,2013-03-29T15:47:48.0770000-06:00,in
37,USC00051772,Snow,1970-10-15T00:00:00.0000000-06:00,0.000000,,,0,,NOAA,2013-03-29T15:47:48.0770000-06:00,in
37,USC00051772,Snow,1970-10-16T00:00:00.0000000-06:00,0.000000,,,0,,NOAA,2013-03-29T15:47:48.0770000-06:00,in
37,USC00051772,Snow,1970-10-17T00:00:00.0000000-06:00,0.000000,,,0,,NOAA,2013-03-29T15:47:48.0770000-06:00,in
37,USC00051772,Snow,1970-10-18T00:00:00.0000000-06:00,0.000000,,,0,,NOAA,2013-03-29T15:47:48.0770000-06:00,in
37,USC00051772,Snow,1970-10-19T00:00:00.0000000-06:00,0.000000,,,0,,NOAA,2013-03-29T15:47:48.0770000-06:00,in
37,USC00051772,Snow,1970-10-20T00:00:00.0000000-06:00,0.000000,,,0,,NOAA,2013-03-29T15:47:48.0770000-06:00,in
37,USC00051772,Snow,1970-10-21T00:00:00.0000000-06:00,0.000000,,,0,,NOAA,2013-03-29T15:47:48.0770000-06:00,in
37,USC00051772,Snow,1970-10-22T00:00:00.0000000-06:00,0.000000,,,0,,NOAA,2013-03-29T15:47:48.0770000-06:00,in
37,USC00051772,Snow,1970-10-23T00:00:00.0000000-06:00,0.000000,,,0,,NOAA,2013-03-29T15:47:48.0770000-06:00,in
37,USC00051772,Snow,1970-10-24T00:00:00.0000000-06:00,0.000000,,,0,,NOAA,2013-03-29T15:47:48.0770000-06:00,in
37,USC00051772,Snow,1970-10-25T00:00:00.0000000-06:00,0.000000,,,0,,NOAA,2013-03-29T15:47:48.0770000-06:00,in
37,USC00051772,Snow,1970-10-26T00:00:00.0000000-07:00,0.000000,,,0,,NOAA,2013-03-29T15:47:48.0770000-06:00,in
37,USC00051772,Snow,1970-10-27T00:00:00.0000000-07:00,0.000000,,,0,,NOAA,2013-03-29T15:47:48.0770000-06:00,in
37,USC00051772,Snow,1970-10-28T00:00:00.0000000-07:00,0.000000,,,0,,NOAA,2013-03-29T15:47:48.0770000-06:00,in
37,USC00051772,Snow,1970-10-29T00:00:00.0000000-07:00,0.000000,,,0,,NOAA,2013-03-29T15:47:48.0770000-06:00,in
37,USC00051772,Snow,1970-10-30T00:00:00.0000000-07:00,0.000000,,,0,,NOAA,2013-03-29T15:47:48.0770000-06:00,in
37,USC00051772,Snow,1970-10-31T00:00:00.0000000-07:00,0.000000,,,0,,NOAA,2013-03-29T15:47:48.0770000-06:00,in
37,USC00051772,Snow,1970-11-01T00:00:00.0000000-07:00,0.000000,,,0,,NOAA,2013-03-29T15:47:48.0770000-06:00,in
37,USC00051772,Snow,1970-11-02T00:00:00.0000000-07:00,0.000000,,,0,,NOAA,2013-03-29T15:47:48.0770000-06:00,in
37,USC00051772,Snow,1970-11-03T00:00:00.0000000-07:00,0.000000,,,0,,NOAA,2013-03-29T15:47:48.0770000-06:00,in
37,USC00051772,Snow,1970-11-04T00:00:00.0000000-07:00,0.000000,,,0,,NOAA,2013-03-29T15:47:48.0770000-06:00,in
37,USC00051772,Snow,1970-11-05T00:00:00.0000000-07:00,0.000000,,,0,,NOAA,2013-03-29T15:47:48.0770000-06:00,in
37,USC00051772,Snow,1970-11-06T00:00:00.0000000-07:00,0.000000,,,0,,NOAA,2013-03-29T15:47:48.0770000-06:00,in
37,USC00051772,Snow,1970-11-07T00:00:00.0000000-07:00,0.000000,,,0,,NOAA,2013-03-29T15:47:48.0770000-06:00,in
37,USC00051772,Snow,1970-11-08T00:00:00.0000000-07:00,0.000000,,,0,,NOAA,2013-03-29T15:47:48.0770000-06:00,in
37,USC00051772,Snow,1970-11-09T00:00:00.0000000-07:00,0.000000,,,0,,NOAA,2013-03-29T15:47:48.0770000-06:00,in
37,USC00051772,Snow,1970-11-10T00:00:00.0000000-07:00,0.000000,,,0,,NOAA,2013-03-29T15:47:48.0770000-06:00,in
37,USC00051772,Snow,1970-11-11T00:00:00.0000000-07:00,0.000000,,,0,,NOAA,2013-03-29T15:47:48.0770000-06:00,in
37,USC00051772,Snow,1970-11-12T00:00:00.0000000-07:00,0.000000,,,0,,NOAA,2013-03-29T15:47:48.0770000-06:00,in
37,USC00051772,Snow,1970-11-13T00:00:00.0000000-07:00,0.000000,,,0,,NOAA,2013-03-29T15:47:48.0770000-06:00,in
37,USC00051772,Snow,1970-11-14T00:00:00.0000000-07:00,0.000000,,,0,,NOAA,2013-03-29T15:47:48.0770000-06:00,in
37,USC00051772,Snow,1970-11-15T00:00:00.0000000-07:00,0.000000,,,0,,NOAA,2013-03-29T15:47:48.0770000-06:00,in
37,USC00051772,Snow,1970-11-16T00:00:00.0000000-07:00,0.000000,,,0,,NOAA,2013-03-29T15:47:48.0770000-06:00,in
37,USC00051772,Snow,1970-11-17T00:00:00.0000000-07:00,0.000000,,,0,,NOAA,2013-03-29T15:47:48.0770000-06:00,in
37,USC00051772,Snow,1970-11-18T00:00:00.0000000-07:00,0.000000,,,0,,NOAA,2013-03-29T15:47:48.0770000-06:00,in
37,USC00051772,Snow,1970-11-19T00:00:00.0000000-07:00,0.000000,,,0,,NOAA,2013-03-29T15:47:48.0770000-06:00,in
37,USC00051772,Snow,1970-11-20T00:00:00.0000000-07:00,0.000000,,,0,,NOAA,2013-03-29T15:47:48.0770000-06:00,in
37,USC00051772,Snow,1970-11-21T00:00:00.0000000-07:00,0.000000,,,0,,NOAA,2013-03-29T15:47:48.0770000-06:00,in
37,USC00051772,Snow,1970-11-22T00:00:00.0000000-07:00,0.000000,,,0,,NOAA,2013-03-29T15:47:48.0770000-06:00,in
37,USC00051772,Snow,1970-11-23T00:00:00.0000000-07:00,0.000000,,,0,,NOAA,2013-03-29T15:47:48.0770000-06:00,in
37,USC00051772,Snow,1970-11-24T00:00:00.0000000-07:00,0.000000,,,0,,NOAA,2013-03-29T15:47:48.0770000-06:00,in
37,USC00051772,Snow,1970-11-25T00:00:00.0000000-07:00,0.000000,,,0,,NOAA,2013-03-29T15:47:48.0770000-06:00,in
37,USC00051772,Snow,1970-11-26T00:00:00.0000000-07:00,2.007874,,,0,,NOAA,2013-03-29T15:47:48.0770000-06:00,in
37,USC00051772,Snow,1970-11-27T00:00:00.0000000-07:00,0.000000,,,0,,NOAA,2013-03-29T15:47:48.0770000-06:00,in
37,USC00051772,Snow,1970-11-28T00:00:00.0000000-07:00,0.000000,,,0,,NOAA,2013-03-29T15:47:48.0770000-06:00,in
37,USC00051772,Snow,1970-11-29T00:00:00.0000000-07:00,0.000000,,,0,,NOAA,2013-03-29T15:47:48.0770000-06:00,in
37,USC00051772,Snow,1970-11-30T00:00:00.0000000-07:00,0.000000,,,0,,NOAA,2013-03-29T15:47:48.0770000-06:00,in
37,USC00051772,Snow,1970-12-01T00:00:00.0000000-07:00,0.000000,,,0,,NOAA,2013-03-29T15:47:48.0770000-06:00,in
37,USC00051772,Snow,1970-12-02T00:00:00.0000000-07:00,0.000000,,,0,,NOAA,2013-03-29T15:47:48.0770000-06:00,in
37,USC00051772,Snow,1970-12-03T00:00:00.0000000-07:00,0.000000,,,0,,NOAA,2013-03-29T15:47:48.0770000-06:00,in
37,USC00051772,Snow,1970-12-04T00:00:00.0000000-07:00,0.000000,,,0,,NOAA,2013-03-29T15:47:48.0770000-06:00,in
37,USC00051772,Snow,1970-12-05T00:00:00.0000000-07:00,0.000000,,,0,,NOAA,2013-03-29T15:47:48.0770000-06:00,in
37,USC00051772,Snow,1970-12-06T00:00:00.0000000-07:00,0.000000,,,0,,NOAA,2013-03-29T15:47:48.0770000-06:00,in
37,USC00051772,Snow,1970-12-07T00:00:00.0000000-07:00,0.000000,,,0,,NOAA,2013-03-29T15:47:48.0770000-06:00,in
37,USC00051772,Snow,1970-12-08T00:00:00.0000000-07:00,0.000000,,,0,,NOAA,2013-03-29T15:47:48.0770000-06:00,in
37,USC00051772,Snow,1970-12-09T00:00:00.0000000-07:00,0.000000,,,0,,NOAA,2013-03-29T15:47:48.0770000-06:00,in
37,USC00051772,Snow,1970-12-10T00:00:00.0000000-07:00,0.984252,,,0,,NOAA,2013-03-29T15:47:48.0770000-06:00,in
37,USC00051772,Snow,1970-12-11T00:00:00.0000000-07:00,0.000000,,,0,,NOAA,2013-03-29T15:47:48.0770000-06:00,in
37,USC00051772,Snow,1970-12-12T00:00:00.0000000-07:00,0.000000,,,0,,NOAA,2013-03-29T15:47:48.0770000-06:00,in
37,USC00051772,Snow,1970-12-13T00:00:00.0000000-07:00,0.000000,,,0,,NOAA,2013-03-29T15:47:48.0770000-06:00,in
37,USC00051772,Snow,1970-12-14T00:00:00.0000000-07:00,0.000000,,,0,,NOAA,2013-03-29T15:47:48.0770000-06:00,in
37,USC00051772,Snow,1970-12-15T00:00:00.0000000-07:00,0.000000,T,,0,,NOAA,2013-03-29T15:47:48.0770000-06:00,in
37,USC00051772,Snow,1970-12-16T00:00:00.0000000-07:00,0.000000,,,0,,NOAA,2013-03-29T15:47:48.0770000-06:00,in
37,USC00051772,Snow,1970-12-17T00:00:00.0000000-07:00,0.000000,,,0,,NOAA,2013-03-29T15:47:48.0770000-06:00,in
37,USC00051772,Snow,1970-12-18T00:00:00.0000000-07:00,0.984252,,,0,,NOAA,2013-03-29T15:47:48.0770000-06:00,in
37,USC00051772,Snow,1970-12-19T00:00:00.0000000-07:00,0.984252,,,0,,NOAA,2013-03-29T15:47:48.0770000-06:00,in
37,USC00051772,Snow,1970-12-20T00:00:00.0000000-07:00,1.496063,,,0,,NOAA,2013-03-29T15:47:48.0770000-06:00,in
37,USC00051772,Snow,1970-12-21T00:00:00.0000000-07:00,0.000000,T,,0,,NOAA,2013-03-29T15:47:48.0770000-06:00,in
37,USC00051772,Snow,1970-12-22T00:00:00.0000000-07:00,0.000000,T,,0,,NOAA,2013-03-29T15:47:48.0770000-06:00,in
37,USC00051772,Snow,1970-12-23T00:00:00.0000000-07:00,0.000000,,,0,,NOAA,2013-03-29T15:47:48.0770000-06:00,in
37,USC00051772,Snow,1970-12-24T00:00:00.0000000-07:00,0.000000,,,0,,NOAA,2013-03-29T15:47:48.0770000-06:00,in
37,USC00051772,Snow,1970-12-25T00:00:00.0000000-07:00,0.000000,,,0,,NOAA,2013-03-29T15:47:48.0770000-06:00,in
37,USC00051772,Snow,1970-12-26T00:00:00.0000000-07:00,0.000000,,,0,,NOAA,2013-03-29T15:47:48.0770000-06:00,in
37,USC00051772,Snow,1970-12-27T00:00:00.0000000-07:00,0.000000,,,0,,NOAA,2013-03-29T15:47:48.0770000-06:00,in
37,USC00051772,Snow,1970-12-28T00:00:00.0000000-07:00,0.984252,,,0,,NOAA,2013-03-29T15:47:48.0770000-06:00,in
37,USC00051772,Snow,1970-12-29T00:00:00.0000000-07:00,0.000000,,,0,,NOAA,2013-03-29T15:47:48.0770000-06:00,in
37,USC00051772,Snow,1970-12-30T00:00:00.0000000-07:00,0.000000,,,0,,NOAA,2013-03-29T15:47:48.0770000-06:00,in
37,USC00051772,Snow,1970-12-31T00:00:00.0000000-07:00,0.000000,,,0,,NOAA,2013-03-29T15:47:48.0770000-06:00,in
37,USC00051772,Snow,1971-01-01T00:00:00.0000000-07:00,0.000000,,,0,,NOAA,2013-03-29T15:47:48.0770000-06:00,in
37,USC00051772,Snow,1971-01-02T00:00:00.0000000-07:00,0.000000,,,0,,NOAA,2013-03-29T15:47:48.0770000-06:00,in
37,USC00051772,Snow,1971-01-03T00:00:00.0000000-07:00,1.496063,,,0,,NOAA,2013-03-29T15:47:48.0770000-06:00,in
37,USC00051772,Snow,1971-01-04T00:00:00.0000000-07:00,0.000000,,,0,,NOAA,2013-03-29T15:47:48.0770000-06:00,in
37,USC00051772,Snow,1971-01-05T00:00:00.0000000-07:00,0.000000,,,0,,NOAA,2013-03-29T15:47:48.0770000-06:00,in
37,USC00051772,Snow,1971-01-06T00:00:00.0000000-07:00,0.000000,,,0,,NOAA,2013-03-29T15:47:48.0770000-06:00,in
37,USC00051772,Snow,1971-01-07T00:00:00.0000000-07:00,0.000000,,,0,,NOAA,2013-03-29T15:47:48.0770000-06:00,in
37,USC00051772,Snow,1971-01-08T00:00:00.0000000-07:00,0.000000,,,0,,NOAA,2013-03-29T15:47:48.0770000-06:00,in
37,USC00051772,Snow,1971-01-09T00:00:00.0000000-07:00,0.000000,,,0,,NOAA,2013-03-29T15:47:48.0770000-06:00,in
37,USC00051772,Snow,1971-01-10T00:00:00.0000000-07:00,0.000000,,,0,,NOAA,2013-03-29T15:47:48.0770000-06:00,in
37,USC00051772,Snow,1971-01-11T00:00:00.0000000-07:00,0.000000,,,0,,NOAA,2013-03-29T15:47:48.0770000-06:00,in
37,USC00051772,Snow,1971-01-12T00:00:00.0000000-07:00,0.000000,,,0,,NOAA,2013-03-29T15:47:48.0770000-06:00,in
37,USC00051772,Snow,1971-01-13T00:00:00.0000000-07:00,0.000000,,,0,,NOAA,2013-03-29T15:47:48.0770000-06:00,in
37,USC00051772,Snow,1971-01-14T00:00:00.0000000-07:00,0.000000,,,0,,NOAA,2013-03-29T15:47:48.0770000-06:00,in
37,USC00051772,Snow,1971-01-15T00:00:00.0000000-07:00,0.000000,,,0,,NOAA,2013-03-29T15:47:48.0770000-06:00,in
37,USC00051772,Snow,1971-01-16T00:00:00.0000000-07:00,0.000000,,,0,,NOAA,2013-03-29T15:47:48.0770000-06:00,in
37,USC00051772,Snow,1971-01-17T00:00:00.0000000-07:00,0.000000,,,0,,NOAA,2013-03-29T15:47:48.0770000-06:00,in
37,USC00051772,Snow,1971-01-18T00:00:00.0000000-07:00,0.000000,,,0,,NOAA,2013-03-29T15:47:48.0770000-06:00,in
37,USC00051772,Snow,1971-01-19T00:00:00.0000000-07:00,0.000000,,,0,,NOAA,2013-03-29T15:47:48.0770000-06:00,in
37,USC00051772,Snow,1971-01-20T00:00:00.0000000-07:00,0.000000,,,0,,NOAA,2013-03-29T15:47:48.0770000-06:00,in
37,USC00051772,Snow,1971-01-21T00:00:00.0000000-07:00,0.000000,,,0,,NOAA,2013-03-29T15:47:48.0770000-06:00,in
37,USC00051772,Snow,1971-01-22T00:00:00.0000000-07:00,0.000000,,,0,,NOAA,2013-03-29T15:47:48.0770000-06:00,in
37,USC00051772,Snow,1971-01-23T00:00:00.0000000-07:00,0.000000,,,0,,NOAA,2013-03-29T15:47:48.0770000-06:00,in
37,USC00051772,Snow,1971-01-24T00:00:00.0000000-07:00,0.000000,,,0,,NOAA,2013-03-29T15:47:48.0770000-06:00,in
37,USC00051772,Snow,1971-01-25T00:00:00.0000000-07:00,0.000000,,,0,,NOAA,2013-03-29T15:47:48.0770000-06:00,in
37,USC00051772,Snow,1971-01-26T00:00:00.0000000-07:00,0.000000,,,0,,NOAA,2013-03-29T15:47:48.0770000-06:00,in
37,USC00051772,Snow,1971-01-27T00:00:00.0000000-07:00,0.000000,,,0,,NOAA,2013-03-29T15:47:48.0770000-06:00,in
37,USC00051772,Snow,1971-01-28T00:00:00.0000000-07:00,0.000000,,,0,,NOAA,2013-03-29T15:47:48.0770000-06:00,in
37,USC00051772,Snow,1971-01-29T00:00:00.0000000-07:00,0.000000,,,0,,NOAA,2013-03-29T15:47:48.0770000-06:00,in
37,USC00051772,Snow,1971-01-30T00:00:00.0000000-07:00,0.000000,,,0,,NOAA,2013-03-29T15:47:48.0770000-06:00,in
37,USC00051772,Snow,1971-01-31T00:00:00.0000000-07:00,0.000000,,,0,,NOAA,2013-03-29T15:47:48.0770000-06:00,in
37,USC00051772,Snow,1971-02-01T00:00:00.0000000-07:00,0.000000,,,0,,NOAA,2013-03-29T15:47:48.0770000-06:00,in
37,USC00051772,Snow,1971-02-02T00:00:00.0000000-07:00,0.000000,,,0,,NOAA,2013-03-29T15:47:48.0770000-06:00,in
37,USC00051772,Snow,1971-02-03T00:00:00.0000000-07:00,2.992126,,,0,,NOAA,2013-03-29T15:47:48.0770000-06:00,in
37,USC00051772,Snow,1971-02-04T00:00:00.0000000-07:00,0.000000,,,0,,NOAA,2013-03-29T15:47:48.0770000-06:00,in
37,USC00051772,Snow,1971-02-05T00:00:00.0000000-07:00,0.000000,,,0,,NOAA,2013-03-29T15:47:48.0770000-06:00,in
37,USC00051772,Snow,1971-02-06T00:00:00.0000000-07:00,0.000000,,,0,,NOAA,2013-03-29T15:47:48.0770000-06:00,in
37,USC00051772,Snow,1971-02-07T00:00:00.0000000-07:00,0.000000,,,0,,NOAA,2013-03-29T15:47:48.0770000-06:00,in
37,USC00051772,Snow,1971-02-08T00:00:00.0000000-07:00,0.000000,,,0,,NOAA,2013-03-29T15:47:48.0770000-06:00,in
37,USC00051772,Snow,1971-02-09T00:00:00.0000000-07:00,0.000000,,,0,,NOAA,2013-03-29T15:47:48.0770000-06:00,in
37,USC00051772,Snow,1971-02-10T00:00:00.0000000-07:00,0.000000,,,0,,NOAA,2013-03-29T15:47:48.0770000-06:00,in
37,USC00051772,Snow,1971-02-11T00:00:00.0000000-07:00,0.000000,,,0,,NOAA,2013-03-29T15:47:48.0770000-06:00,in
37,USC00051772,Snow,1971-02-12T00:00:00.0000000-07:00,0.000000,,,0,,NOAA,2013-03-29T15:47:48.0770000-06:00,in
37,USC00051772,Snow,1971-02-13T00:00:00.0000000-07:00,0.000000,,,0,,NOAA,2013-03-29T15:47:48.0770000-06:00,in
37,USC00051772,Snow,1971-02-14T00:00:00.0000000-07:00,0.000000,,,0,,NOAA,2013-03-29T15:47:48.0770000-06:00,in
37,USC00051772,Snow,1971-02-15T00:00:00.0000000-07:00,0.000000,,,0,,NOAA,2013-03-29T15:47:48.0770000-06:00,in
37,USC00051772,Snow,1971-02-16T00:00:00.0000000-07:00,0.000000,,,0,,NOAA,2013-03-29T15:47:48.0770000-06:00,in
37,USC00051772,Snow,1971-02-17T00:00:00.0000000-07:00,0.000000,,,0,,NOAA,2013-03-29T15:47:48.0770000-06:00,in
37,USC00051772,Snow,1971-02-18T00:00:00.0000000-07:00,0.000000,,,0,,NOAA,2013-03-29T15:47:48.0770000-06:00,in
37,USC00051772,Snow,1971-02-19T00:00:00.0000000-07:00,0.000000,T,,0,,NOAA,2013-03-29T15:47:48.0770000-06:00,in
37,USC00051772,Snow,1971-02-20T00:00:00.0000000-07:00,0.000000,,,0,,NOAA,2013-03-29T15:47:48.0770000-06:00,in
37,USC00051772,Snow,1971-02-21T00:00:00.0000000-07:00,0.000000,,,0,,NOAA,2013-03-29T15:47:48.0770000-06:00,in
37,USC00051772,Snow,1971-02-22T00:00:00.0000000-07:00,0.000000,,,0,,NOAA,2013-03-29T15:47:48.0770000-06:00,in
37,USC00051772,Snow,1971-02-23T00:00:00.0000000-07:00,0.000000,,,0,,NOAA,2013-03-29T15:47:48.0770000-06:00,in
37,USC00051772,Snow,1971-02-24T00:00:00.0000000-07:00,0.000000,,,0,,NOAA,2013-03-29T15:47:48.0770000-06:00,in
37,USC00051772,Snow,1971-02-25T00:00:00.0000000-07:00,0.000000,T,,0,,NOAA,2013-03-29T15:47:48.0770000-06:00,in
37,USC00051772,Snow,1971-02-26T00:00:00.0000000-07:00,0.000000,,,0,,NOAA,2013-03-29T15:47:48.0770000-06:00,in
37,USC00051772,Snow,1971-02-27T00:00:00.0000000-07:00,0.000000,,,0,,NOAA,2013-03-29T15:47:48.0770000-06:00,in
37,USC00051772,Snow,1971-02-28T00:00:00.0000000-07:00,0.000000,T,,0,,NOAA,2013-03-29T15:47:48.0770000-06:00,in
37,USC00051772,Snow,1971-03-01T00:00:00.0000000-07:00,0.000000,,,0,,NOAA,2013-03-29T15:47:48.0770000-06:00,in
37,USC00051772,Snow,1971-03-02T00:00:00.0000000-07:00,0.000000,,,0,,NOAA,2013-03-29T15:47:48.0770000-06:00,in
37,USC00051772,Snow,1971-03-03T00:00:00.0000000-07:00,0.000000,,,0,,NOAA,2013-03-29T15:47:48.0770000-06:00,in
37,USC00051772,Snow,1971-03-04T00:00:00.0000000-07:00,0.000000,,,0,,NOAA,2013-03-29T15:47:48.0770000-06:00,in
37,USC00051772,Snow,1971-03-05T00:00:00.0000000-07:00,0.984252,,,0,,NOAA,2013-03-29T15:47:48.0770000-06:00,in
37,USC00051772,Snow,1971-03-06T00:00:00.0000000-07:00,0.000000,,,0,,NOAA,2013-03-29T15:47:48.0770000-06:00,in
37,USC00051772,Snow,1971-03-07T00:00:00.0000000-07:00,0.000000,,,0,,NOAA,2013-03-29T15:47:48.0770000-06:00,in
37,USC00051772,Snow,1971-03-08T00:00:00.0000000-07:00,0.000000,,,0,,NOAA,2013-03-29T15:47:48.0770000-06:00,in
37,USC00051772,Snow,1971-03-09T00:00:00.0000000-07:00,0.000000,,,0,,NOAA,2013-03-29T15:47:48.0770000-06:00,in
37,USC00051772,Snow,1971-03-10T00:00:00.0000000-07:00,0.000000,,,0,,NOAA,2013-03-29T15:47:48.0770000-06:00,in
37,USC00051772,Snow,1971-03-11T00:00:00.0000000-07:00,0.000000,,,0,,NOAA,2013-03-29T15:47:48.0770000-06:00,in
37,USC00051772,Snow,1971-03-12T00:00:00.0000000-07:00,0.000000,,,0,,NOAA,2013-03-29T15:47:48.0770000-06:00,in
37,USC00051772,Snow,1971-03-13T00:00:00.0000000-07:00,0.000000,,,0,,NOAA,2013-03-29T15:47:48.0770000-06:00,in
37,USC00051772,Snow,1971-03-14T00:00:00.0000000-07:00,0.000000,,,0,,NOAA,2013-03-29T15:47:48.0770000-06:00,in
37,USC00051772,Snow,1971-03-15T00:00:00.0000000-07:00,0.000000,,,0,,NOAA,2013-03-29T15:47:48.0770000-06:00,in
37,USC00051772,Snow,1971-03-16T00:00:00.0000000-07:00,0.000000,,,0,,NOAA,2013-03-29T15:47:48.0770000-06:00,in
37,USC00051772,Snow,1971-03-17T00:00:00.0000000-07:00,0.000000,,,0,,NOAA,2013-03-29T15:47:48.0770000-06:00,in
37,USC00051772,Snow,1971-03-18T00:00:00.0000000-07:00,0.000000,,,0,,NOAA,2013-03-29T15:47:48.0770000-06:00,in
37,USC00051772,Snow,1971-03-19T00:00:00.0000000-07:00,0.000000,,,0,,NOAA,2013-03-29T15:47:48.0770000-06:00,in
37,USC00051772,Snow,1971-03-20T00:00:00.0000000-07:00,0.000000,,,0,,NOAA,2013-03-29T15:47:48.0770000-06:00,in
37,USC00051772,Snow,1971-03-21T00:00:00.0000000-07:00,0.000000,,,0,,NOAA,2013-03-29T15:47:48.0770000-06:00,in
37,USC00051772,Snow,1971-03-22T00:00:00.0000000-07:00,0.000000,,,0,,NOAA,2013-03-29T15:47:48.0770000-06:00,in
37,USC00051772,Snow,1971-03-23T00:00:00.0000000-07:00,0.000000,,,0,,NOAA,2013-03-29T15:47:48.0770000-06:00,in
37,USC00051772,Snow,1971-03-24T00:00:00.0000000-07:00,0.000000,,,0,,NOAA,2013-03-29T15:47:48.0770000-06:00,in
37,USC00051772,Snow,1971-03-25T00:00:00.0000000-07:00,0.000000,,,0,,NOAA,2013-03-29T15:47:48.0770000-06:00,in
37,USC00051772,Snow,1971-03-26T00:00:00.0000000-07:00,0.000000,,,0,,NOAA,2013-03-29T15:47:48.0770000-06:00,in
37,USC00051772,Snow,1971-03-27T00:00:00.0000000-07:00,0.000000,,,0,,NOAA,2013-03-29T15:47:48.0770000-06:00,in
37,USC00051772,Snow,1971-03-28T00:00:00.0000000-07:00,0.000000,,,0,,NOAA,2013-03-29T15:47:48.0770000-06:00,in
37,USC00051772,Snow,1971-03-29T00:00:00.0000000-07:00,0.000000,,,0,,NOAA,2013-03-29T15:47:48.0770000-06:00,in
37,USC00051772,Snow,1971-03-30T00:00:00.0000000-07:00,0.000000,,,0,,NOAA,2013-03-29T15:47:48.0770000-06:00,in
37,USC00051772,Snow,1971-03-31T00:00:00.0000000-07:00,0.000000,,,0,,NOAA,2013-03-29T15:47:48.0770000-06:00,in
37,USC00051772,Snow,1971-04-01T00:00:00.0000000-07:00,0.000000,,,0,,NOAA,2013-03-29T15:47:48.0770000-06:00,in
37,USC00051772,Snow,1971-04-02T00:00:00.0000000-07:00,0.000000,,,0,,NOAA,2013-03-29T15:47:48.0770000-06:00,in
37,USC00051772,Snow,1971-04-03T00:00:00.0000000-07:00,0.000000,,,0,,NOAA,2013-03-29T15:47:48.0770000-06:00,in
37,USC00051772,Snow,1971-04-04T00:00:00.0000000-07:00,0.000000,,,0,,NOAA,2013-03-29T15:47:48.0770000-06:00,in
37,USC00051772,Snow,1971-04-05T00:00:00.0000000-06:00,0.000000,,,0,,NOAA,2013-03-29T15:47:48.0770000-06:00,in
37,USC00051772,Snow,1971-04-06T00:00:00.0000000-06:00,0.000000,,,0,,NOAA,2013-03-29T15:47:48.0770000-06:00,in
37,USC00051772,Snow,1971-04-07T00:00:00.0000000-06:00,0.000000,,,0,,NOAA,2013-03-29T15:47:48.0770000-06:00,in
37,USC00051772,Snow,1971-04-08T00:00:00.0000000-06:00,0.000000,,,0,,NOAA,2013-03-29T15:47:48.0770000-06:00,in
37,USC00051772,Snow,1971-04-09T00:00:00.0000000-06:00,0.000000,,,0,,NOAA,2013-03-29T15:47:48.0770000-06:00,in
37,USC00051772,Snow,1971-04-10T00:00:00.0000000-06:00,0.000000,,,0,,NOAA,2013-03-29T15:47:48.0770000-06:00,in
37,USC00051772,Snow,1971-04-11T00:00:00.0000000-06:00,0.000000,,,0,,NOAA,2013-03-29T15:47:48.0770000-06:00,in
37,USC00051772,Snow,1971-04-12T00:00:00.0000000-06:00,0.000000,,,0,,NOAA,2013-03-29T15:47:48.0770000-06:00,in
37,USC00051772,Snow,1971-04-13T00:00:00.0000000-06:00,0.000000,,,0,,NOAA,2013-03-29T15:47:48.0770000-06:00,in
37,USC00051772,Snow,1971-04-14T00:00:00.0000000-06:00,0.000000,,,0,,NOAA,2013-03-29T15:47:48.0770000-06:00,in
37,USC00051772,Snow,1971-04-15T00:00:00.0000000-06:00,0.000000,,,0,,NOAA,2013-03-29T15:47:48.0770000-06:00,in
37,USC00051772,Snow,1971-04-16T00:00:00.0000000-06:00,0.000000,,,0,,NOAA,2013-03-29T15:47:48.0770000-06:00,in
37,USC00051772,Snow,1971-04-17T00:00:00.0000000-06:00,0.000000,,,0,,NOAA,2013-03-29T15:47:48.0770000-06:00,in
37,USC00051772,Snow,1971-04-18T00:00:00.0000000-06:00,0.000000,,,0,,NOAA,2013-03-29T15:47:48.0770000-06:00,in
37,USC00051772,Snow,1971-04-19T00:00:00.0000000-06:00,0.000000,,,0,,NOAA,2013-03-29T15:47:48.0770000-06:00,in
37,USC00051772,Snow,1971-04-20T00:00:00.0000000-06:00,0.000000,,,0,,NOAA,2013-03-29T15:47:48.0770000-06:00,in
37,USC00051772,Snow,1971-04-21T00:00:00.0000000-06:00,0.000000,,,0,,NOAA,2013-03-29T15:47:48.0770000-06:00,in
37,USC00051772,Snow,1971-04-22T00:00:00.0000000-06:00,0.000000,,,0,,NOAA,2013-03-29T15:47:48.0770000-06:00,in
37,USC00051772,Snow,1971-04-23T00:00:00.0000000-06:00,0.000000,,,0,,NOAA,2013-03-29T15:47:48.0770000-06:00,in
37,USC00051772,Snow,1971-04-24T00:00:00.0000000-06:00,0.000000,,,0,,NOAA,2013-03-29T15:47:48.0770000-06:00,in
37,USC00051772,Snow,1971-04-25T00:00:00.0000000-06:00,0.000000,,,0,,NOAA,2013-03-29T15:47:48.0770000-06:00,in
37,USC00051772,Snow,1971-04-26T00:00:00.0000000-06:00,0.000000,,,0,,NOAA,2013-03-29T15:47:48.0770000-06:00,in
37,USC00051772,Snow,1971-04-27T00:00:00.0000000-06:00,0.000000,,,0,,NOAA,2013-03-29T15:47:48.0770000-06:00,in
37,USC00051772,Snow,1971-04-28T00:00:00.0000000-06:00,0.000000,,,0,,NOAA,2013-03-29T15:47:48.0770000-06:00,in
37,USC00051772,Snow,1971-04-29T00:00:00.0000000-06:00,0.000000,,,0,,NOAA,2013-03-29T15:47:48.0770000-06:00,in
37,USC00051772,Snow,1971-04-30T00:00:00.0000000-06:00,0.000000,,,0,,NOAA,2013-03-29T15:47:48.0770000-06:00,in
37,USC00051772,Snow,1971-05-01T00:00:00.0000000-06:00,0.000000,,,0,,NOAA,2013-03-29T15:47:48.0770000-06:00,in
37,USC00051772,Snow,1971-05-02T00:00:00.0000000-06:00,0.000000,,,0,,NOAA,2013-03-29T15:47:48.0770000-06:00,in
37,USC00051772,Snow,1971-05-03T00:00:00.0000000-06:00,0.000000,,,0,,NOAA,2013-03-29T15:47:48.0770000-06:00,in
37,USC00051772,Snow,1971-05-04T00:00:00.0000000-06:00,0.000000,,,0,,NOAA,2013-03-29T15:47:48.0770000-06:00,in
37,USC00051772,Snow,1971-05-05T00:00:00.0000000-06:00,0.000000,,,0,,NOAA,2013-03-29T15:47:48.0770000-06:00,in
37,USC00051772,Snow,1971-05-06T00:00:00.0000000-06:00,0.000000,,,0,,NOAA,2013-03-29T15:47:48.0770000-06:00,in
37,USC00051772,Snow,1971-05-07T00:00:00.0000000-06:00,0.000000,,,0,,NOAA,2013-03-29T15:47:48.0770000-06:00,in
37,USC00051772,Snow,1971-05-08T00:00:00.0000000-06:00,0.000000,,,0,,NOAA,2013-03-29T15:47:48.0770000-06:00,in
37,USC00051772,Snow,1971-05-09T00:00:00.0000000-06:00,0.000000,,,0,,NOAA,2013-03-29T15:47:48.0770000-06:00,in
37,USC00051772,Snow,1971-05-10T00:00:00.0000000-06:00,0.000000,,,0,,NOAA,2013-03-29T15:47:48.0770000-06:00,in
37,USC00051772,Snow,1971-05-11T00:00:00.0000000-06:00,0.000000,,,0,,NOAA,2013-03-29T15:47:48.0770000-06:00,in
37,USC00051772,Snow,1971-05-12T00:00:00.0000000-06:00,0.000000,,,0,,NOAA,2013-03-29T15:47:48.0770000-06:00,in
37,USC00051772,Snow,1971-05-13T00:00:00.0000000-06:00,0.000000,,,0,,NOAA,2013-03-29T15:47:48.0770000-06:00,in
37,USC00051772,Snow,1971-05-14T00:00:00.0000000-06:00,0.000000,,,0,,NOAA,2013-03-29T15:47:48.0770000-06:00,in
37,USC00051772,Snow,1971-05-15T00:00:00.0000000-06:00,0.000000,,,0,,NOAA,2013-03-29T15:47:48.0770000-06:00,in
37,USC00051772,Snow,1971-05-16T00:00:00.0000000-06:00,0.000000,,,0,,NOAA,2013-03-29T15:47:48.0770000-06:00,in
37,USC00051772,Snow,1971-05-17T00:00:00.0000000-06:00,0.000000,,,0,,NOAA,2013-03-29T15:47:48.0770000-06:00,in
37,USC00051772,Snow,1971-05-18T00:00:00.0000000-06:00,0.000000,,,0,,NOAA,2013-03-29T15:47:48.0770000-06:00,in
37,USC00051772,Snow,1971-05-19T00:00:00.0000000-06:00,0.000000,,,0,,NOAA,2013-03-29T15:47:48.0770000-06:00,in
37,USC00051772,Snow,1971-05-20T00:00:00.0000000-06:00,0.000000,,,0,,NOAA,2013-03-29T15:47:48.0770000-06:00,in
37,USC00051772,Snow,1971-05-21T00:00:00.0000000-06:00,0.000000,,,0,,NOAA,2013-03-29T15:47:48.0770000-06:00,in
37,USC00051772,Snow,1971-05-22T00:00:00.0000000-06:00,0.000000,,,0,,NOAA,2013-03-29T15:47:48.0770000-06:00,in
37,USC00051772,Snow,1971-05-23T00:00:00.0000000-06:00,0.000000,,,0,,NOAA,2013-03-29T15:47:48.0770000-06:00,in
37,USC00051772,Snow,1971-05-24T00:00:00.0000000-06:00,0.000000,,,0,,NOAA,2013-03-29T15:47:48.0770000-06:00,in
37,USC00051772,Snow,1971-05-25T00:00:00.0000000-06:00,0.000000,,,0,,NOAA,2013-03-29T15:47:48.0770000-06:00,in
37,USC00051772,Snow,1971-05-26T00:00:00.0000000-06:00,0.000000,,,0,,NOAA,2013-03-29T15:47:48.0770000-06:00,in
37,USC00051772,Snow,1971-05-27T00:00:00.0000000-06:00,0.000000,,,0,,NOAA,2013-03-29T15:47:48.0770000-06:00,in
37,USC00051772,Snow,1971-05-28T00:00:00.0000000-06:00,0.000000,,,0,,NOAA,2013-03-29T15:47:48.0770000-06:00,in
37,USC00051772,Snow,1971-05-29T00:00:00.0000000-06:00,0.000000,,,0,,NOAA,2013-03-29T15:47:48.0770000-06:00,in
37,USC00051772,Snow,1971-05-30T00:00:00.0000000-06:00,0.000000,,,0,,NOAA,2013-03-29T15:47:48.0770000-06:00,in
37,USC00051772,Snow,1971-05-31T00:00:00.0000000-06:00,0.000000,,,0,,NOAA,2013-03-29T15:47:48.0770000-06:00,in
37,USC00051772,Snow,1971-06-01T00:00:00.0000000-06:00,0.000000,,,0,,NOAA,2013-03-29T15:47:48.0770000-06:00,in
37,USC00051772,Snow,1971-06-02T00:00:00.0000000-06:00,0.000000,,,0,,NOAA,2013-03-29T15:47:48.0770000-06:00,in
37,USC00051772,Snow,1971-06-03T00:00:00.0000000-06:00,0.000000,,,0,,NOAA,2013-03-29T15:47:48.0770000-06:00,in
37,USC00051772,Snow,1971-06-04T00:00:00.0000000-06:00,0.000000,,,0,,NOAA,2013-03-29T15:47:48.0770000-06:00,in
37,USC00051772,Snow,1971-06-05T00:00:00.0000000-06:00,0.000000,,,0,,NOAA,2013-03-29T15:47:48.0770000-06:00,in
37,USC00051772,Snow,1971-06-06T00:00:00.0000000-06:00,0.000000,,,0,,NOAA,2013-03-29T15:47:48.0770000-06:00,in
37,USC00051772,Snow,1971-06-07T00:00:00.0000000-06:00,0.000000,,,0,,NOAA,2013-03-29T15:47:48.0770000-06:00,in
37,USC00051772,Snow,1971-06-08T00:00:00.0000000-06:00,0.000000,,,0,,NOAA,2013-03-29T15:47:48.0770000-06:00,in
37,USC00051772,Snow,1971-06-09T00:00:00.0000000-06:00,0.000000,,,0,,NOAA,2013-03-29T15:47:48.0770000-06:00,in
37,USC00051772,Snow,1971-06-10T00:00:00.0000000-06:00,0.000000,,,0,,NOAA,2013-03-29T15:47:48.0770000-06:00,in
37,USC00051772,Snow,1971-06-11T00:00:00.0000000-06:00,0.000000,,,0,,NOAA,2013-03-29T15:47:48.0770000-06:00,in
37,USC00051772,Snow,1971-06-12T00:00:00.0000000-06:00,0.000000,,,0,,NOAA,2013-03-29T15:47:48.0770000-06:00,in
37,USC00051772,Snow,1971-06-13T00:00:00.0000000-06:00,0.000000,,,0,,NOAA,2013-03-29T15:47:48.0770000-06:00,in
37,USC00051772,Snow,1971-06-14T00:00:00.0000000-06:00,0.000000,,,0,,NOAA,2013-03-29T15:47:48.0770000-06:00,in
37,USC00051772,Snow,1971-06-15T00:00:00.0000000-06:00,0.000000,,,0,,NOAA,2013-03-29T15:47:48.0770000-06:00,in
37,USC00051772,Snow,1971-06-16T00:00:00.0000000-06:00,0.000000,,,0,,NOAA,2013-03-29T15:47:48.0770000-06:00,in
37,USC00051772,Snow,1971-06-17T00:00:00.0000000-06:00,0.000000,,,0,,NOAA,2013-03-29T15:47:48.0770000-06:00,in
37,USC00051772,Snow,1971-06-18T00:00:00.0000000-06:00,0.000000,,,0,,NOAA,2013-03-29T15:47:48.0770000-06:00,in
37,USC00051772,Snow,1971-06-19T00:00:00.0000000-06:00,0.000000,,,0,,NOAA,2013-03-29T15:47:48.0770000-06:00,in
37,USC00051772,Snow,1971-06-20T00:00:00.0000000-06:00,0.000000,,,0,,NOAA,2013-03-29T15:47:48.0770000-06:00,in
37,USC00051772,Snow,1971-06-21T00:00:00.0000000-06:00,0.000000,,,0,,NOAA,2013-03-29T15:47:48.0770000-06:00,in
37,USC00051772,Snow,1971-06-22T00:00:00.0000000-06:00,0.000000,,,0,,NOAA,2013-03-29T15:47:48.0770000-06:00,in
37,USC00051772,Snow,1971-06-23T00:00:00.0000000-06:00,0.000000,,,0,,NOAA,2013-03-29T15:47:48.0770000-06:00,in
37,USC00051772,Snow,1971-06-24T00:00:00.0000000-06:00,0.000000,,,0,,NOAA,2013-03-29T15:47:48.0770000-06:00,in
37,USC00051772,Snow,1971-06-25T00:00:00.0000000-06:00,0.000000,,,0,,NOAA,2013-03-29T15:47:48.0770000-06:00,in
37,USC00051772,Snow,1971-06-26T00:00:00.0000000-06:00,0.000000,,,0,,NOAA,2013-03-29T15:47:48.0770000-06:00,in
37,USC00051772,Snow,1971-06-27T00:00:00.0000000-06:00,0.000000,,,0,,NOAA,2013-03-29T15:47:48.0770000-06:00,in
37,USC00051772,Snow,1971-06-28T00:00:00.0000000-06:00,0.000000,,,0,,NOAA,2013-03-29T15:47:48.0770000-06:00,in
37,USC00051772,Snow,1971-06-29T00:00:00.0000000-06:00,0.000000,,,0,,NOAA,2013-03-29T15:47:48.0770000-06:00,in
37,USC00051772,Snow,1971-06-30T00:00:00.0000000-06:00,0.000000,,,0,,NOAA,2013-03-29T15:47:48.0770000-06:00,in
37,USC00051772,Snow,1971-07-01T00:00:00.0000000-06:00,0.000000,,,0,,NOAA,2013-03-29T15:47:48.0770000-06:00,in
37,USC00051772,Snow,1971-07-02T00:00:00.0000000-06:00,0.000000,,,0,,NOAA,2013-03-29T15:47:48.0770000-06:00,in
37,USC00051772,Snow,1971-07-03T00:00:00.0000000-06:00,0.000000,,,0,,NOAA,2013-03-29T15:47:48.0770000-06:00,in
37,USC00051772,Snow,1971-07-04T00:00:00.0000000-06:00,0.000000,,,0,,NOAA,2013-03-29T15:47:48.0770000-06:00,in
37,USC00051772,Snow,1971-07-05T00:00:00.0000000-06:00,0.000000,,,0,,NOAA,2013-03-29T15:47:48.0770000-06:00,in
37,USC00051772,Snow,1971-07-06T00:00:00.0000000-06:00,0.000000,,,0,,NOAA,2013-03-29T15:47:48.0770000-06:00,in
37,USC00051772,Snow,1971-07-07T00:00:00.0000000-06:00,0.000000,,,0,,NOAA,2013-03-29T15:47:48.0770000-06:00,in
37,USC00051772,Snow,1971-07-08T00:00:00.0000000-06:00,0.000000,,,0,,NOAA,2013-03-29T15:47:48.0770000-06:00,in
37,USC00051772,Snow,1971-07-09T00:00:00.0000000-06:00,0.000000,,,0,,NOAA,2013-03-29T15:47:48.0770000-06:00,in
37,USC00051772,Snow,1971-07-10T00:00:00.0000000-06:00,0.000000,,,0,,NOAA,2013-03-29T15:47:48.0770000-06:00,in
37,USC00051772,Snow,1971-07-11T00:00:00.0000000-06:00,0.000000,,,0,,NOAA,2013-03-29T15:47:48.0770000-06:00,in
37,USC00051772,Snow,1971-07-12T00:00:00.0000000-06:00,0.000000,,,0,,NOAA,2013-03-29T15:47:48.0770000-06:00,in
37,USC00051772,Snow,1971-07-13T00:00:00.0000000-06:00,0.000000,,,0,,NOAA,2013-03-29T15:47:48.0770000-06:00,in
37,USC00051772,Snow,1971-07-14T00:00:00.0000000-06:00,0.000000,,,0,,NOAA,2013-03-29T15:47:48.0770000-06:00,in
37,USC00051772,Snow,1971-07-15T00:00:00.0000000-06:00,0.000000,,,0,,NOAA,2013-03-29T15:47:48.0770000-06:00,in
37,USC00051772,Snow,1971-07-16T00:00:00.0000000-06:00,0.000000,,,0,,NOAA,2013-03-29T15:47:48.0770000-06:00,in
37,USC00051772,Snow,1971-07-17T00:00:00.0000000-06:00,0.000000,,,0,,NOAA,2013-03-29T15:47:48.0770000-06:00,in
37,USC00051772,Snow,1971-07-18T00:00:00.0000000-06:00,0.000000,,,0,,NOAA,2013-03-29T15:47:48.0770000-06:00,in
37,USC00051772,Snow,1971-07-19T00:00:00.0000000-06:00,0.000000,,,0,,NOAA,2013-03-29T15:47:48.0770000-06:00,in
37,USC00051772,Snow,1971-07-20T00:00:00.0000000-06:00,0.000000,,,0,,NOAA,2013-03-29T15:47:48.0770000-06:00,in
37,USC00051772,Snow,1971-07-21T00:00:00.0000000-06:00,0.000000,,,0,,NOAA,2013-03-29T15:47:48.0770000-06:00,in
37,USC00051772,Snow,1971-07-22T00:00:00.0000000-06:00,0.000000,,,0,,NOAA,2013-03-29T15:47:48.0770000-06:00,in
37,USC00051772,Snow,1971-07-23T00:00:00.0000000-06:00,0.000000,,,0,,NOAA,2013-03-29T15:47:48.0770000-06:00,in
37,USC00051772,Snow,1971-07-24T00:00:00.0000000-06:00,0.000000,,,0,,NOAA,2013-03-29T15:47:48.0770000-06:00,in
37,USC00051772,Snow,1971-07-25T00:00:00.0000000-06:00,0.000000,,,0,,NOAA,2013-03-29T15:47:48.0770000-06:00,in
37,USC00051772,Snow,1971-07-26T00:00:00.0000000-06:00,0.000000,,,0,,NOAA,2013-03-29T15:47:48.0770000-06:00,in
37,USC00051772,Snow,1971-07-27T00:00:00.0000000-06:00,0.000000,,,0,,NOAA,2013-03-29T15:47:48.0770000-06:00,in
37,USC00051772,Snow,1971-07-28T00:00:00.0000000-06:00,0.000000,,,0,,NOAA,2013-03-29T15:47:48.0770000-06:00,in
37,USC00051772,Snow,1971-07-29T00:00:00.0000000-06:00,0.000000,,,0,,NOAA,2013-03-29T15:47:48.0770000-06:00,in
37,USC00051772,Snow,1971-07-30T00:00:00.0000000-06:00,0.000000,,,0,,NOAA,2013-03-29T15:47:48.0770000-06:00,in
37,USC00051772,Snow,1971-07-31T00:00:00.0000000-06:00,0.000000,,,0,,NOAA,2013-03-29T15:47:48.0770000-06:00,in
37,USC00051772,Snow,1971-08-01T00:00:00.0000000-06:00,0.000000,,,0,,NOAA,2013-03-29T15:47:48.0770000-06:00,in
37,USC00051772,Snow,1971-08-02T00:00:00.0000000-06:00,0.000000,,,0,,NOAA,2013-03-29T15:47:48.0770000-06:00,in
37,USC00051772,Snow,1971-08-03T00:00:00.0000000-06:00,0.000000,,,0,,NOAA,2013-03-29T15:47:48.0770000-06:00,in
37,USC00051772,Snow,1971-08-04T00:00:00.0000000-06:00,0.000000,,,0,,NOAA,2013-03-29T15:47:48.0770000-06:00,in
37,USC00051772,Snow,1971-08-05T00:00:00.0000000-06:00,0.000000,,,0,,NOAA,2013-03-29T15:47:48.0770000-06:00,in
37,USC00051772,Snow,1971-08-06T00:00:00.0000000-06:00,0.000000,,,0,,NOAA,2013-03-29T15:47:48.0770000-06:00,in
37,USC00051772,Snow,1971-08-07T00:00:00.0000000-06:00,0.000000,,,0,,NOAA,2013-03-29T15:47:48.0770000-06:00,in
37,USC00051772,Snow,1971-08-08T00:00:00.0000000-06:00,0.000000,,,0,,NOAA,2013-03-29T15:47:48.0770000-06:00,in
37,USC00051772,Snow,1971-08-09T00:00:00.0000000-06:00,0.000000,,,0,,NOAA,2013-03-29T15:47:48.0770000-06:00,in
37,USC00051772,Snow,1971-08-10T00:00:00.0000000-06:00,0.000000,,,0,,NOAA,2013-03-29T15:47:48.0770000-06:00,in
37,USC00051772,Snow,1971-08-11T00:00:00.0000000-06:00,0.000000,,,0,,NOAA,2013-03-29T15:47:48.0770000-06:00,in
37,USC00051772,Snow,1971-08-12T00:00:00.0000000-06:00,0.000000,,,0,,NOAA,2013-03-29T15:47:48.0770000-06:00,in
37,USC00051772,Snow,1971-08-13T00:00:00.0000000-06:00,0.000000,,,0,,NOAA,2013-03-29T15:47:48.0770000-06:00,in
37,USC00051772,Snow,1971-08-14T00:00:00.0000000-06:00,0.000000,,,0,,NOAA,2013-03-29T15:47:48.0770000-06:00,in
37,USC00051772,Snow,1971-08-15T00:00:00.0000000-06:00,0.000000,,,0,,NOAA,2013-03-29T15:47:48.0770000-06:00,in
37,USC00051772,Snow,1971-08-16T00:00:00.0000000-06:00,0.000000,,,0,,NOAA,2013-03-29T15:47:48.0770000-06:00,in
37,USC00051772,Snow,1971-08-17T00:00:00.0000000-06:00,0.000000,,,0,,NOAA,2013-03-29T15:47:48.0770000-06:00,in
37,USC00051772,Snow,1971-08-18T00:00:00.0000000-06:00,0.000000,,,0,,NOAA,2013-03-29T15:47:48.0770000-06:00,in
37,USC00051772,Snow,1971-08-19T00:00:00.0000000-06:00,0.000000,,,0,,NOAA,2013-03-29T15:47:48.0770000-06:00,in
37,USC00051772,Snow,1971-08-20T00:00:00.0000000-06:00,0.000000,,,0,,NOAA,2013-03-29T15:47:48.0770000-06:00,in
37,USC00051772,Snow,1971-08-21T00:00:00.0000000-06:00,0.000000,,,0,,NOAA,2013-03-29T15:47:48.0770000-06:00,in
37,USC00051772,Snow,1971-08-22T00:00:00.0000000-06:00,0.000000,,,0,,NOAA,2013-03-29T15:47:48.0770000-06:00,in
37,USC00051772,Snow,1971-08-23T00:00:00.0000000-06:00,0.000000,,,0,,NOAA,2013-03-29T15:47:48.0770000-06:00,in
37,USC00051772,Snow,1971-08-24T00:00:00.0000000-06:00,0.000000,,,0,,NOAA,2013-03-29T15:47:48.0770000-06:00,in
37,USC00051772,Snow,1971-08-25T00:00:00.0000000-06:00,0.000000,,,0,,NOAA,2013-03-29T15:47:48.0770000-06:00,in
37,USC00051772,Snow,1971-08-26T00:00:00.0000000-06:00,0.000000,,,0,,NOAA,2013-03-29T15:47:48.0770000-06:00,in
37,USC00051772,Snow,1971-08-27T00:00:00.0000000-06:00,0.000000,,,0,,NOAA,2013-03-29T15:47:48.0770000-06:00,in
37,USC00051772,Snow,1971-08-28T00:00:00.0000000-06:00,0.000000,,,0,,NOAA,2013-03-29T15:47:48.0770000-06:00,in
37,USC00051772,Snow,1971-08-29T00:00:00.0000000-06:00,0.000000,,,0,,NOAA,2013-03-29T15:47:48.0770000-06:00,in
37,USC00051772,Snow,1971-08-30T00:00:00.0000000-06:00,0.000000,,,0,,NOAA,2013-03-29T15:47:48.0770000-06:00,in
37,USC00051772,Snow,1971-08-31T00:00:00.0000000-06:00,0.000000,,,0,,NOAA,2013-03-29T15:47:48.0770000-06:00,in
37,USC00051772,Snow,1971-09-01T00:00:00.0000000-06:00,0.000000,,,0,,NOAA,2013-03-29T15:47:48.0770000-06:00,in
37,USC00051772,Snow,1971-09-02T00:00:00.0000000-06:00,0.000000,,,0,,NOAA,2013-03-29T15:47:48.0770000-06:00,in
37,USC00051772,Snow,1971-09-03T00:00:00.0000000-06:00,0.000000,,,0,,NOAA,2013-03-29T15:47:48.0770000-06:00,in
37,USC00051772,Snow,1971-09-04T00:00:00.0000000-06:00,0.000000,,,0,,NOAA,2013-03-29T15:47:48.0770000-06:00,in
37,USC00051772,Snow,1971-09-05T00:00:00.0000000-06:00,0.000000,,,0,,NOAA,2013-03-29T15:47:48.0770000-06:00,in
37,USC00051772,Snow,1971-09-06T00:00:00.0000000-06:00,0.000000,,,0,,NOAA,2013-03-29T15:47:48.0770000-06:00,in
37,USC00051772,Snow,1971-09-07T00:00:00.0000000-06:00,0.000000,,,0,,NOAA,2013-03-29T15:47:48.0770000-06:00,in
37,USC00051772,Snow,1971-09-08T00:00:00.0000000-06:00,0.000000,,,0,,NOAA,2013-03-29T15:47:48.0770000-06:00,in
37,USC00051772,Snow,1971-09-09T00:00:00.0000000-06:00,0.000000,,,0,,NOAA,2013-03-29T15:47:48.0770000-06:00,in
37,USC00051772,Snow,1971-09-10T00:00:00.0000000-06:00,0.000000,,,0,,NOAA,2013-03-29T15:47:48.0770000-06:00,in
37,USC00051772,Snow,1971-09-11T00:00:00.0000000-06:00,0.000000,,,0,,NOAA,2013-03-29T15:47:48.0770000-06:00,in
37,USC00051772,Snow,1971-09-12T00:00:00.0000000-06:00,0.000000,,,0,,NOAA,2013-03-29T15:47:48.0770000-06:00,in
37,USC00051772,Snow,1971-09-13T00:00:00.0000000-06:00,0.000000,,,0,,NOAA,2013-03-29T15:47:48.0770000-06:00,in
37,USC00051772,Snow,1971-09-14T00:00:00.0000000-06:00,0.000000,,,0,,NOAA,2013-03-29T15:47:48.0770000-06:00,in
37,USC00051772,Snow,1971-09-15T00:00:00.0000000-06:00,0.000000,,,0,,NOAA,2013-03-29T15:47:48.0770000-06:00,in
37,USC00051772,Snow,1971-09-16T00:00:00.0000000-06:00,0.000000,,,0,,NOAA,2013-03-29T15:47:48.0770000-06:00,in
37,USC00051772,Snow,1971-09-17T00:00:00.0000000-06:00,0.000000,T,,0,,NOAA,2013-03-29T15:47:48.0770000-06:00,in
37,USC00051772,Snow,1971-09-18T00:00:00.0000000-06:00,0.000000,,,0,,NOAA,2013-03-29T15:47:48.0770000-06:00,in
37,USC00051772,Snow,1971-09-19T00:00:00.0000000-06:00,0.000000,,,0,,NOAA,2013-03-29T15:47:48.0770000-06:00,in
37,USC00051772,Snow,1971-09-20T00:00:00.0000000-06:00,0.000000,,,0,,NOAA,2013-03-29T15:47:48.0770000-06:00,in
37,USC00051772,Snow,1971-09-21T00:00:00.0000000-06:00,0.000000,,,0,,NOAA,2013-03-29T15:47:48.0770000-06:00,in
37,USC00051772,Snow,1971-09-22T00:00:00.0000000-06:00,0.000000,,,0,,NOAA,2013-03-29T15:47:48.0770000-06:00,in
37,USC00051772,Snow,1971-09-23T00:00:00.0000000-06:00,0.000000,,,0,,NOAA,2013-03-29T15:47:48.0770000-06:00,in
37,USC00051772,Snow,1971-09-24T00:00:00.0000000-06:00,0.000000,,,0,,NOAA,2013-03-29T15:47:48.0770000-06:00,in
37,USC00051772,Snow,1971-09-25T00:00:00.0000000-06:00,0.000000,,,0,,NOAA,2013-03-29T15:47:48.0770000-06:00,in
37,USC00051772,Snow,1971-09-26T00:00:00.0000000-06:00,0.000000,,,0,,NOAA,2013-03-29T15:47:48.0770000-06:00,in
37,USC00051772,Snow,1971-09-27T00:00:00.0000000-06:00,0.000000,,,0,,NOAA,2013-03-29T15:47:48.0770000-06:00,in
37,USC00051772,Snow,1971-09-28T00:00:00.0000000-06:00,0.000000,,,0,,NOAA,2013-03-29T15:47:48.0770000-06:00,in
37,USC00051772,Snow,1971-09-29T00:00:00.0000000-06:00,0.000000,,,0,,NOAA,2013-03-29T15:47:48.0770000-06:00,in
37,USC00051772,Snow,1971-09-30T00:00:00.0000000-06:00,0.000000,,,0,,NOAA,2013-03-29T15:47:48.0770000-06:00,in
37,USC00051772,Snow,1971-10-01T00:00:00.0000000-06:00,0.000000,,,0,,NOAA,2013-03-29T15:47:48.0770000-06:00,in
37,USC00051772,Snow,1971-10-02T00:00:00.0000000-06:00,0.000000,,,0,,NOAA,2013-03-29T15:47:48.0770000-06:00,in
37,USC00051772,Snow,1971-10-03T00:00:00.0000000-06:00,0.000000,,,0,,NOAA,2013-03-29T15:47:48.0770000-06:00,in
37,USC00051772,Snow,1971-10-04T00:00:00.0000000-06:00,0.000000,,,0,,NOAA,2013-03-29T15:47:48.0770000-06:00,in
37,USC00051772,Snow,1971-10-05T00:00:00.0000000-06:00,0.000000,,,0,,NOAA,2013-03-29T15:47:48.0770000-06:00,in
37,USC00051772,Snow,1971-10-06T00:00:00.0000000-06:00,0.000000,,,0,,NOAA,2013-03-29T15:47:48.0770000-06:00,in
37,USC00051772,Snow,1971-10-07T00:00:00.0000000-06:00,0.000000,,,0,,NOAA,2013-03-29T15:47:48.0770000-06:00,in
37,USC00051772,Snow,1971-10-08T00:00:00.0000000-06:00,0.000000,,,0,,NOAA,2013-03-29T15:47:48.0770000-06:00,in
37,USC00051772,Snow,1971-10-09T00:00:00.0000000-06:00,0.000000,,,0,,NOAA,2013-03-29T15:47:48.0770000-06:00,in
37,USC00051772,Snow,1971-10-10T00:00:00.0000000-06:00,0.000000,,,0,,NOAA,2013-03-29T15:47:48.0770000-06:00,in
37,USC00051772,Snow,1971-10-11T00:00:00.0000000-06:00,0.000000,,,0,,NOAA,2013-03-29T15:47:48.0770000-06:00,in
37,USC00051772,Snow,1971-10-12T00:00:00.0000000-06:00,0.000000,,,0,,NOAA,2013-03-29T15:47:48.0770000-06:00,in
37,USC00051772,Snow,1971-10-13T00:00:00.0000000-06:00,0.000000,,,0,,NOAA,2013-03-29T15:47:48.0770000-06:00,in
37,USC00051772,Snow,1971-10-14T00:00:00.0000000-06:00,0.000000,,,0,,NOAA,2013-03-29T15:47:48.0770000-06:00,in
37,USC00051772,Snow,1971-10-15T00:00:00.0000000-06:00,0.000000,,,0,,NOAA,2013-03-29T15:47:48.0770000-06:00,in
37,USC00051772,Snow,1971-10-16T00:00:00.0000000-06:00,0.000000,,,0,,NOAA,2013-03-29T15:47:48.0770000-06:00,in
37,USC00051772,Snow,1971-10-17T00:00:00.0000000-06:00,0.000000,,,0,,NOAA,2013-03-29T15:47:48.0770000-06:00,in
37,USC00051772,Snow,1971-10-18T00:00:00.0000000-06:00,0.000000,,,0,,NOAA,2013-03-29T15:47:48.0770000-06:00,in
37,USC00051772,Snow,1971-10-19T00:00:00.0000000-06:00,0.000000,,,0,,NOAA,2013-03-29T15:47:48.0770000-06:00,in
37,USC00051772,Snow,1971-10-20T00:00:00.0000000-06:00,0.000000,,,0,,NOAA,2013-03-29T15:47:48.0770000-06:00,in
37,USC00051772,Snow,1971-10-21T00:00:00.0000000-06:00,0.000000,,,0,,NOAA,2013-03-29T15:47:48.0770000-06:00,in
37,USC00051772,Snow,1971-10-22T00:00:00.0000000-06:00,0.000000,,,0,,NOAA,2013-03-29T15:47:48.0770000-06:00,in
37,USC00051772,Snow,1971-10-23T00:00:00.0000000-06:00,0.000000,,,0,,NOAA,2013-03-29T15:47:48.0770000-06:00,in
37,USC00051772,Snow,1971-10-24T00:00:00.0000000-06:00,0.000000,,,0,,NOAA,2013-03-29T15:47:48.0770000-06:00,in
37,USC00051772,Snow,1971-10-25T00:00:00.0000000-06:00,0.000000,,,0,,NOAA,2013-03-29T15:47:48.0770000-06:00,in
37,USC00051772,Snow,1971-10-26T00:00:00.0000000-06:00,0.000000,,,0,,NOAA,2013-03-29T15:47:48.0770000-06:00,in
37,USC00051772,Snow,1971-10-27T00:00:00.0000000-06:00,0.000000,,,0,,NOAA,2013-03-29T15:47:48.0770000-06:00,in
37,USC00051772,Snow,1971-10-28T00:00:00.0000000-06:00,0.000000,,,0,,NOAA,2013-03-29T15:47:48.0770000-06:00,in
37,USC00051772,Snow,1971-10-31T00:00:00.0000000-06:00,0.000000,,,0,,NOAA,2013-03-29T15:47:48.0770000-06:00,in
37,USC00051772,Snow,1971-11-01T00:00:00.0000000-07:00,0.000000,,,0,,NOAA,2013-03-29T15:47:48.0770000-06:00,in
37,USC00051772,Snow,1971-11-02T00:00:00.0000000-07:00,0.000000,,,0,,NOAA,2013-03-29T15:47:48.0770000-06:00,in
37,USC00051772,Snow,1971-11-03T00:00:00.0000000-07:00,0.000000,,,0,,NOAA,2013-03-29T15:47:48.0770000-06:00,in
37,USC00051772,Snow,1971-11-04T00:00:00.0000000-07:00,0.000000,,,0,,NOAA,2013-03-29T15:47:48.0770000-06:00,in
37,USC00051772,Snow,1971-11-05T00:00:00.0000000-07:00,0.000000,,,0,,NOAA,2013-03-29T15:47:48.0770000-06:00,in
37,USC00051772,Snow,1971-11-06T00:00:00.0000000-07:00,0.000000,,,0,,NOAA,2013-03-29T15:47:48.0770000-06:00,in
37,USC00051772,Snow,1971-11-07T00:00:00.0000000-07:00,0.000000,,,0,,NOAA,2013-03-29T15:47:48.0770000-06:00,in
37,USC00051772,Snow,1971-11-08T00:00:00.0000000-07:00,0.000000,,,0,,NOAA,2013-03-29T15:47:48.0770000-06:00,in
37,USC00051772,Snow,1971-11-09T00:00:00.0000000-07:00,0.000000,,,0,,NOAA,2013-03-29T15:47:48.0770000-06:00,in
37,USC00051772,Snow,1971-11-10T00:00:00.0000000-07:00,0.000000,,,0,,NOAA,2013-03-29T15:47:48.0770000-06:00,in
37,USC00051772,Snow,1971-11-11T00:00:00.0000000-07:00,0.000000,,,0,,NOAA,2013-03-29T15:47:48.0770000-06:00,in
37,USC00051772,Snow,1971-11-12T00:00:00.0000000-07:00,0.000000,,,0,,NOAA,2013-03-29T15:47:48.0770000-06:00,in
37,USC00051772,Snow,1971-11-13T00:00:00.0000000-07:00,0.000000,,,0,,NOAA,2013-03-29T15:47:48.0770000-06:00,in
37,USC00051772,Snow,1971-11-14T00:00:00.0000000-07:00,0.000000,,,0,,NOAA,2013-03-29T15:47:48.0770000-06:00,in
37,USC00051772,Snow,1971-11-15T00:00:00.0000000-07:00,0.000000,,,0,,NOAA,2013-03-29T15:47:48.0770000-06:00,in
37,USC00051772,Snow,1971-11-16T00:00:00.0000000-07:00,0.984252,,,0,,NOAA,2013-03-29T15:47:48.0770000-06:00,in
37,USC00051772,Snow,1971-11-17T00:00:00.0000000-07:00,0.000000,,,0,,NOAA,2013-03-29T15:47:48.0770000-06:00,in
37,USC00051772,Snow,1971-11-18T00:00:00.0000000-07:00,0.000000,,,0,,NOAA,2013-03-29T15:47:48.0770000-06:00,in
37,USC00051772,Snow,1971-11-19T00:00:00.0000000-07:00,0.000000,,,0,,NOAA,2013-03-29T15:47:48.0770000-06:00,in
37,USC00051772,Snow,1971-11-20T00:00:00.0000000-07:00,0.000000,,,0,,NOAA,2013-03-29T15:47:48.0770000-06:00,in
37,USC00051772,Snow,1971-11-21T00:00:00.0000000-07:00,0.000000,,,0,,NOAA,2013-03-29T15:47:48.0770000-06:00,in
37,USC00051772,Snow,1971-11-22T00:00:00.0000000-07:00,0.000000,,,0,,NOAA,2013-03-29T15:47:48.0770000-06:00,in
37,USC00051772,Snow,1971-11-23T00:00:00.0000000-07:00,0.000000,,,0,,NOAA,2013-03-29T15:47:48.0770000-06:00,in
37,USC00051772,Snow,1971-11-24T00:00:00.0000000-07:00,0.000000,,,0,,NOAA,2013-03-29T15:47:48.0770000-06:00,in
37,USC00051772,Snow,1971-11-25T00:00:00.0000000-07:00,0.000000,,,0,,NOAA,2013-03-29T15:47:48.0770000-06:00,in
37,USC00051772,Snow,1971-11-26T00:00:00.0000000-07:00,0.000000,,,0,,NOAA,2013-03-29T15:47:48.0770000-06:00,in
37,USC00051772,Snow,1971-11-27T00:00:00.0000000-07:00,0.000000,T,,0,,NOAA,2013-03-29T15:47:48.0770000-06:00,in
37,USC00051772,Snow,1971-11-28T00:00:00.0000000-07:00,2.007874,,,0,,NOAA,2013-03-29T15:47:48.0770000-06:00,in
37,USC00051772,Snow,1971-11-29T00:00:00.0000000-07:00,0.000000,,,0,,NOAA,2013-03-29T15:47:48.0770000-06:00,in
37,USC00051772,Snow,1971-11-30T00:00:00.0000000-07:00,0.000000,,,0,,NOAA,2013-03-29T15:47:48.0770000-06:00,in
37,USC00051772,Snow,1971-12-01T00:00:00.0000000-07:00,0.000000,,,0,,NOAA,2013-03-29T15:47:48.0770000-06:00,in
37,USC00051772,Snow,1971-12-02T00:00:00.0000000-07:00,0.000000,,,0,,NOAA,2013-03-29T15:47:48.0770000-06:00,in
37,USC00051772,Snow,1971-12-03T00:00:00.0000000-07:00,0.511811,,,0,,NOAA,2013-03-29T15:47:48.0770000-06:00,in
37,USC00051772,Snow,1971-12-04T00:00:00.0000000-07:00,0.000000,,,0,,NOAA,2013-03-29T15:47:48.0770000-06:00,in
37,USC00051772,Snow,1971-12-05T00:00:00.0000000-07:00,0.000000,,,0,,NOAA,2013-03-29T15:47:48.0770000-06:00,in
37,USC00051772,Snow,1971-12-06T00:00:00.0000000-07:00,0.000000,,,0,,NOAA,2013-03-29T15:47:48.0770000-06:00,in
37,USC00051772,Snow,1971-12-07T00:00:00.0000000-07:00,0.984252,,,0,,NOAA,2013-03-29T15:47:48.0770000-06:00,in
37,USC00051772,Snow,1971-12-08T00:00:00.0000000-07:00,2.007874,,,0,,NOAA,2013-03-29T15:47:48.0770000-06:00,in
37,USC00051772,Snow,1971-12-09T00:00:00.0000000-07:00,0.000000,,,0,,NOAA,2013-03-29T15:47:48.0770000-06:00,in
37,USC00051772,Snow,1971-12-10T00:00:00.0000000-07:00,0.000000,,,0,,NOAA,2013-03-29T15:47:48.0770000-06:00,in
37,USC00051772,Snow,1971-12-11T00:00:00.0000000-07:00,2.992126,,,0,,NOAA,2013-03-29T15:47:48.0770000-06:00,in
37,USC00051772,Snow,1971-12-12T00:00:00.0000000-07:00,0.000000,,,0,,NOAA,2013-03-29T15:47:48.0770000-06:00,in
37,USC00051772,Snow,1971-12-13T00:00:00.0000000-07:00,2.992126,,,0,,NOAA,2013-03-29T15:47:48.0770000-06:00,in
37,USC00051772,Snow,1971-12-14T00:00:00.0000000-07:00,0.000000,,,0,,NOAA,2013-03-29T15:47:48.0770000-06:00,in
37,USC00051772,Snow,1971-12-15T00:00:00.0000000-07:00,0.984252,,,0,,NOAA,2013-03-29T15:47:48.0770000-06:00,in
37,USC00051772,Snow,1971-12-16T00:00:00.0000000-07:00,1.496063,,,0,,NOAA,2013-03-29T15:47:48.0770000-06:00,in
37,USC00051772,Snow,1971-12-17T00:00:00.0000000-07:00,0.000000,,,0,,NOAA,2013-03-29T15:47:48.0770000-06:00,in
37,USC00051772,Snow,1971-12-18T00:00:00.0000000-07:00,0.000000,,,0,,NOAA,2013-03-29T15:47:48.0770000-06:00,in
37,USC00051772,Snow,1971-12-19T00:00:00.0000000-07:00,0.000000,,,0,,NOAA,2013-03-29T15:47:48.0770000-06:00,in
37,USC00051772,Snow,1971-12-20T00:00:00.0000000-07:00,0.000000,,,0,,NOAA,2013-03-29T15:47:48.0770000-06:00,in
37,USC00051772,Snow,1971-12-21T00:00:00.0000000-07:00,0.000000,,,0,,NOAA,2013-03-29T15:47:48.0770000-06:00,in
37,USC00051772,Snow,1971-12-22T00:00:00.0000000-07:00,0.000000,,,0,,NOAA,2013-03-29T15:47:48.0770000-06:00,in
37,USC00051772,Snow,1971-12-23T00:00:00.0000000-07:00,0.000000,,,0,,NOAA,2013-03-29T15:47:48.0770000-06:00,in
37,USC00051772,Snow,1971-12-24T00:00:00.0000000-07:00,0.000000,,,0,,NOAA,2013-03-29T15:47:48.0770000-06:00,in
37,USC00051772,Snow,1971-12-25T00:00:00.0000000-07:00,0.000000,,,0,,NOAA,2013-03-29T15:47:48.0770000-06:00,in
37,USC00051772,Snow,1971-12-26T00:00:00.0000000-07:00,0.000000,,,0,,NOAA,2013-03-29T15:47:48.0770000-06:00,in
37,USC00051772,Snow,1971-12-27T00:00:00.0000000-07:00,0.000000,,,0,,NOAA,2013-03-29T15:47:48.0770000-06:00,in
37,USC00051772,Snow,1971-12-28T00:00:00.0000000-07:00,0.000000,,,0,,NOAA,2013-03-29T15:47:48.0770000-06:00,in
37,USC00051772,Snow,1971-12-29T00:00:00.0000000-07:00,0.000000,,,0,,NOAA,2013-03-29T15:47:48.0770000-06:00,in
37,USC00051772,Snow,1971-12-30T00:00:00.0000000-07:00,0.000000,,,0,,NOAA,2013-03-29T15:47:48.0770000-06:00,in
37,USC00051772,Snow,1971-12-31T00:00:00.0000000-07:00,0.000000,,,0,,NOAA,2013-03-29T15:47:48.0770000-06:00,in
37,USC00051772,Snow,1972-01-01T00:00:00.0000000-07:00,0.000000,,,0,,NOAA,2013-03-29T15:47:48.0770000-06:00,in
37,USC00051772,Snow,1972-01-02T00:00:00.0000000-07:00,0.000000,,,0,,NOAA,2013-03-29T15:47:48.0770000-06:00,in
37,USC00051772,Snow,1972-01-03T00:00:00.0000000-07:00,2.283465,,,0,,NOAA,2013-03-29T15:47:48.0770000-06:00,in
37,USC00051772,Snow,1972-01-04T00:00:00.0000000-07:00,0.000000,,,0,,NOAA,2013-03-29T15:47:48.0770000-06:00,in
37,USC00051772,Snow,1972-01-05T00:00:00.0000000-07:00,0.000000,,,0,,NOAA,2013-03-29T15:47:48.0770000-06:00,in
37,USC00051772,Snow,1972-01-06T00:00:00.0000000-07:00,0.000000,,,0,,NOAA,2013-03-29T15:47:48.0770000-06:00,in
37,USC00051772,Snow,1972-01-07T00:00:00.0000000-07:00,0.000000,,,0,,NOAA,2013-03-29T15:47:48.0770000-06:00,in
37,USC00051772,Snow,1972-01-08T00:00:00.0000000-07:00,0.000000,,,0,,NOAA,2013-03-29T15:47:48.0770000-06:00,in
37,USC00051772,Snow,1972-01-09T00:00:00.0000000-07:00,0.000000,,,0,,NOAA,2013-03-29T15:47:48.0770000-06:00,in
37,USC00051772,Snow,1972-01-10T00:00:00.0000000-07:00,0.000000,,,0,,NOAA,2013-03-29T15:47:48.0770000-06:00,in
37,USC00051772,Snow,1972-01-11T00:00:00.0000000-07:00,0.000000,,,0,,NOAA,2013-03-29T15:47:48.0770000-06:00,in
37,USC00051772,Snow,1972-01-12T00:00:00.0000000-07:00,0.000000,,,0,,NOAA,2013-03-29T15:47:48.0770000-06:00,in
37,USC00051772,Snow,1972-01-13T00:00:00.0000000-07:00,2.007874,,,0,,NOAA,2013-03-29T15:47:48.0770000-06:00,in
37,USC00051772,Snow,1972-01-14T00:00:00.0000000-07:00,0.000000,,,0,,NOAA,2013-03-29T15:47:48.0770000-06:00,in
37,USC00051772,Snow,1972-01-15T00:00:00.0000000-07:00,0.000000,,,0,,NOAA,2013-03-29T15:47:48.0770000-06:00,in
37,USC00051772,Snow,1972-01-16T00:00:00.0000000-07:00,0.000000,,,0,,NOAA,2013-03-29T15:47:48.0770000-06:00,in
37,USC00051772,Snow,1972-01-17T00:00:00.0000000-07:00,0.000000,,,0,,NOAA,2013-03-29T15:47:48.0770000-06:00,in
37,USC00051772,Snow,1972-01-18T00:00:00.0000000-07:00,0.000000,,,0,,NOAA,2013-03-29T15:47:48.0770000-06:00,in
37,USC00051772,Snow,1972-01-19T00:00:00.0000000-07:00,0.000000,,,0,,NOAA,2013-03-29T15:47:48.0770000-06:00,in
37,USC00051772,Snow,1972-01-20T00:00:00.0000000-07:00,0.000000,,,0,,NOAA,2013-03-29T15:47:48.0770000-06:00,in
37,USC00051772,Snow,1972-01-21T00:00:00.0000000-07:00,0.000000,,,0,,NOAA,2013-03-29T15:47:48.0770000-06:00,in
37,USC00051772,Snow,1972-01-22T00:00:00.0000000-07:00,0.000000,,,0,,NOAA,2013-03-29T15:47:48.0770000-06:00,in
37,USC00051772,Snow,1972-01-23T00:00:00.0000000-07:00,0.000000,,,0,,NOAA,2013-03-29T15:47:48.0770000-06:00,in
37,USC00051772,Snow,1972-01-24T00:00:00.0000000-07:00,0.000000,,,0,,NOAA,2013-03-29T15:47:48.0770000-06:00,in
37,USC00051772,Snow,1972-01-25T00:00:00.0000000-07:00,0.000000,,,0,,NOAA,2013-03-29T15:47:48.0770000-06:00,in
37,USC00051772,Snow,1972-01-26T00:00:00.0000000-07:00,0.000000,,,0,,NOAA,2013-03-29T15:47:48.0770000-06:00,in
37,USC00051772,Snow,1972-01-27T00:00:00.0000000-07:00,0.000000,,,0,,NOAA,2013-03-29T15:47:48.0770000-06:00,in
37,USC00051772,Snow,1972-01-28T00:00:00.0000000-07:00,0.000000,,,0,,NOAA,2013-03-29T15:47:48.0770000-06:00,in
37,USC00051772,Snow,1972-01-29T00:00:00.0000000-07:00,0.000000,,,0,,NOAA,2013-03-29T15:47:48.0770000-06:00,in
37,USC00051772,Snow,1972-01-30T00:00:00.0000000-07:00,0.000000,,,0,,NOAA,2013-03-29T15:47:48.0770000-06:00,in
37,USC00051772,Snow,1972-01-31T00:00:00.0000000-07:00,0.000000,,,0,,NOAA,2013-03-29T15:47:48.0770000-06:00,in
37,USC00051772,Snow,1972-02-01T00:00:00.0000000-07:00,0.000000,,,0,,NOAA,2013-03-29T15:47:48.0770000-06:00,in
37,USC00051772,Snow,1972-02-02T00:00:00.0000000-07:00,0.000000,,,0,,NOAA,2013-03-29T15:47:48.0770000-06:00,in
37,USC00051772,Snow,1972-02-03T00:00:00.0000000-07:00,0.000000,,,0,,NOAA,2013-03-29T15:47:48.0770000-06:00,in
37,USC00051772,Snow,1972-02-04T00:00:00.0000000-07:00,0.000000,,,0,,NOAA,2013-03-29T15:47:48.0770000-06:00,in
37,USC00051772,Snow,1972-02-05T00:00:00.0000000-07:00,0.000000,,,0,,NOAA,2013-03-29T15:47:48.0770000-06:00,in
37,USC00051772,Snow,1972-02-06T00:00:00.0000000-07:00,0.000000,,,0,,NOAA,2013-03-29T15:47:48.0770000-06:00,in
37,USC00051772,Snow,1972-02-07T00:00:00.0000000-07:00,0.000000,,,0,,NOAA,2013-03-29T15:47:48.0770000-06:00,in
37,USC00051772,Snow,1972-02-08T00:00:00.0000000-07:00,0.000000,,,0,,NOAA,2013-03-29T15:47:48.0770000-06:00,in
37,USC00051772,Snow,1972-02-09T00:00:00.0000000-07:00,0.000000,,,0,,NOAA,2013-03-29T15:47:48.0770000-06:00,in
37,USC00051772,Snow,1972-02-10T00:00:00.0000000-07:00,0.000000,,,0,,NOAA,2013-03-29T15:47:48.0770000-06:00,in
37,USC00051772,Snow,1972-02-11T00:00:00.0000000-07:00,0.000000,,,0,,NOAA,2013-03-29T15:47:48.0770000-06:00,in
37,USC00051772,Snow,1972-02-12T00:00:00.0000000-07:00,0.000000,,,0,,NOAA,2013-03-29T15:47:48.0770000-06:00,in
37,USC00051772,Snow,1972-02-13T00:00:00.0000000-07:00,0.000000,,,0,,NOAA,2013-03-29T15:47:48.0770000-06:00,in
37,USC00051772,Snow,1972-02-14T00:00:00.0000000-07:00,0.000000,,,0,,NOAA,2013-03-29T15:47:48.0770000-06:00,in
37,USC00051772,Snow,1972-02-15T00:00:00.0000000-07:00,0.000000,,,0,,NOAA,2013-03-29T15:47:48.0770000-06:00,in
37,USC00051772,Snow,1972-02-16T00:00:00.0000000-07:00,0.000000,,,0,,NOAA,2013-03-29T15:47:48.0770000-06:00,in
37,USC00051772,Snow,1972-02-17T00:00:00.0000000-07:00,0.000000,,,0,,NOAA,2013-03-29T15:47:48.0770000-06:00,in
37,USC00051772,Snow,1972-02-18T00:00:00.0000000-07:00,0.000000,,,0,,NOAA,2013-03-29T15:47:48.0770000-06:00,in
37,USC00051772,Snow,1972-02-19T00:00:00.0000000-07:00,0.000000,,,0,,NOAA,2013-03-29T15:47:48.0770000-06:00,in
37,USC00051772,Snow,1972-02-20T00:00:00.0000000-07:00,0.000000,,,0,,NOAA,2013-03-29T15:47:48.0770000-06:00,in
37,USC00051772,Snow,1972-02-21T00:00:00.0000000-07:00,0.000000,,,0,,NOAA,2013-03-29T15:47:48.0770000-06:00,in
37,USC00051772,Snow,1972-02-22T00:00:00.0000000-07:00,0.000000,,,0,,NOAA,2013-03-29T15:47:48.0770000-06:00,in
37,USC00051772,Snow,1972-02-23T00:00:00.0000000-07:00,0.000000,,,0,,NOAA,2013-03-29T15:47:48.0770000-06:00,in
37,USC00051772,Snow,1972-02-24T00:00:00.0000000-07:00,0.000000,,,0,,NOAA,2013-03-29T15:47:48.0770000-06:00,in
37,USC00051772,Snow,1972-02-25T00:00:00.0000000-07:00,0.000000,,,0,,NOAA,2013-03-29T15:47:48.0770000-06:00,in
37,USC00051772,Snow,1972-02-26T00:00:00.0000000-07:00,0.000000,,,0,,NOAA,2013-03-29T15:47:48.0770000-06:00,in
37,USC00051772,Snow,1972-02-27T00:00:00.0000000-07:00,0.000000,,,0,,NOAA,2013-03-29T15:47:48.0770000-06:00,in
37,USC00051772,Snow,1972-02-28T00:00:00.0000000-07:00,0.000000,,,0,,NOAA,2013-03-29T15:47:48.0770000-06:00,in
37,USC00051772,Snow,1972-02-29T00:00:00.0000000-07:00,0.000000,,,0,,NOAA,2013-03-29T15:47:48.0770000-06:00,in
37,USC00051772,Snow,1972-03-01T00:00:00.0000000-07:00,0.000000,,,0,,NOAA,2013-03-29T15:47:48.0770000-06:00,in
37,USC00051772,Snow,1972-03-02T00:00:00.0000000-07:00,0.000000,,,0,,NOAA,2013-03-29T15:47:48.0770000-06:00,in
37,USC00051772,Snow,1972-03-03T00:00:00.0000000-07:00,0.000000,,,0,,NOAA,2013-03-29T15:47:48.0770000-06:00,in
37,USC00051772,Snow,1972-03-04T00:00:00.0000000-07:00,0.000000,,,0,,NOAA,2013-03-29T15:47:48.0770000-06:00,in
37,USC00051772,Snow,1972-03-05T00:00:00.0000000-07:00,0.000000,,,0,,NOAA,2013-03-29T15:47:48.0770000-06:00,in
37,USC00051772,Snow,1972-03-06T00:00:00.0000000-07:00,0.000000,,,0,,NOAA,2013-03-29T15:47:48.0770000-06:00,in
37,USC00051772,Snow,1972-03-07T00:00:00.0000000-07:00,0.000000,,,0,,NOAA,2013-03-29T15:47:48.0770000-06:00,in
37,USC00051772,Snow,1972-03-08T00:00:00.0000000-07:00,0.000000,,,0,,NOAA,2013-03-29T15:47:48.0770000-06:00,in
37,USC00051772,Snow,1972-03-09T00:00:00.0000000-07:00,0.000000,,,0,,NOAA,2013-03-29T15:47:48.0770000-06:00,in
37,USC00051772,Snow,1972-03-10T00:00:00.0000000-07:00,0.000000,,,0,,NOAA,2013-03-29T15:47:48.0770000-06:00,in
37,USC00051772,Snow,1972-03-11T00:00:00.0000000-07:00,0.000000,,,0,,NOAA,2013-03-29T15:47:48.0770000-06:00,in
37,USC00051772,Snow,1972-03-12T00:00:00.0000000-07:00,0.000000,,,0,,NOAA,2013-03-29T15:47:48.0770000-06:00,in
37,USC00051772,Snow,1972-03-13T00:00:00.0000000-07:00,0.000000,,,0,,NOAA,2013-03-29T15:47:48.0770000-06:00,in
37,USC00051772,Snow,1972-03-14T00:00:00.0000000-07:00,0.000000,,,0,,NOAA,2013-03-29T15:47:48.0770000-06:00,in
37,USC00051772,Snow,1972-03-15T00:00:00.0000000-07:00,0.000000,,,0,,NOAA,2013-03-29T15:47:48.0770000-06:00,in
37,USC00051772,Snow,1972-03-16T00:00:00.0000000-07:00,0.000000,,,0,,NOAA,2013-03-29T15:47:48.0770000-06:00,in
37,USC00051772,Snow,1972-03-17T00:00:00.0000000-07:00,0.000000,,,0,,NOAA,2013-03-29T15:47:48.0770000-06:00,in
37,USC00051772,Snow,1972-03-18T00:00:00.0000000-07:00,0.000000,,,0,,NOAA,2013-03-29T15:47:48.0770000-06:00,in
37,USC00051772,Snow,1972-03-19T00:00:00.0000000-07:00,0.000000,,,0,,NOAA,2013-03-29T15:47:48.0770000-06:00,in
37,USC00051772,Snow,1972-03-20T00:00:00.0000000-07:00,0.000000,,,0,,NOAA,2013-03-29T15:47:48.0770000-06:00,in
37,USC00051772,Snow,1972-03-21T00:00:00.0000000-07:00,0.000000,,,0,,NOAA,2013-03-29T15:47:48.0770000-06:00,in
37,USC00051772,Snow,1972-03-22T00:00:00.0000000-07:00,0.000000,,,0,,NOAA,2013-03-29T15:47:48.0770000-06:00,in
37,USC00051772,Snow,1972-03-23T00:00:00.0000000-07:00,0.000000,,,0,,NOAA,2013-03-29T15:47:48.0770000-06:00,in
37,USC00051772,Snow,1972-03-24T00:00:00.0000000-07:00,0.000000,,,0,,NOAA,2013-03-29T15:47:48.0770000-06:00,in
37,USC00051772,Snow,1972-03-25T00:00:00.0000000-07:00,0.000000,,,0,,NOAA,2013-03-29T15:47:48.0770000-06:00,in
37,USC00051772,Snow,1972-03-26T00:00:00.0000000-07:00,0.000000,,,0,,NOAA,2013-03-29T15:47:48.0770000-06:00,in
37,USC00051772,Snow,1972-03-27T00:00:00.0000000-07:00,0.000000,,,0,,NOAA,2013-03-29T15:47:48.0770000-06:00,in
37,USC00051772,Snow,1972-03-28T00:00:00.0000000-07:00,0.000000,,,0,,NOAA,2013-03-29T15:47:48.0770000-06:00,in
37,USC00051772,Snow,1972-03-29T00:00:00.0000000-07:00,0.000000,,,0,,NOAA,2013-03-29T15:47:48.0770000-06:00,in
37,USC00051772,Snow,1972-03-30T00:00:00.0000000-07:00,0.000000,,,0,,NOAA,2013-03-29T15:47:48.0770000-06:00,in
37,USC00051772,Snow,1972-03-31T00:00:00.0000000-07:00,0.000000,,,0,,NOAA,2013-03-29T15:47:48.0770000-06:00,in
37,USC00051772,Snow,1972-05-01T00:00:00.0000000-06:00,0.000000,,,0,,NOAA,2013-03-29T15:47:48.0770000-06:00,in
37,USC00051772,Snow,1972-05-02T00:00:00.0000000-06:00,0.000000,,,0,,NOAA,2013-03-29T15:47:48.0770000-06:00,in
37,USC00051772,Snow,1972-05-03T00:00:00.0000000-06:00,0.000000,,,0,,NOAA,2013-03-29T15:47:48.0770000-06:00,in
37,USC00051772,Snow,1972-05-04T00:00:00.0000000-06:00,0.000000,,,0,,NOAA,2013-03-29T15:47:48.0770000-06:00,in
37,USC00051772,Snow,1972-05-05T00:00:00.0000000-06:00,0.000000,,,0,,NOAA,2013-03-29T15:47:48.0770000-06:00,in
37,USC00051772,Snow,1972-05-06T00:00:00.0000000-06:00,0.000000,,,0,,NOAA,2013-03-29T15:47:48.0770000-06:00,in
37,USC00051772,Snow,1972-05-07T00:00:00.0000000-06:00,0.000000,,,0,,NOAA,2013-03-29T15:47:48.0770000-06:00,in
37,USC00051772,Snow,1972-05-08T00:00:00.0000000-06:00,0.000000,,,0,,NOAA,2013-03-29T15:47:48.0770000-06:00,in
37,USC00051772,Snow,1972-05-09T00:00:00.0000000-06:00,0.000000,,,0,,NOAA,2013-03-29T15:47:48.0770000-06:00,in
37,USC00051772,Snow,1972-05-10T00:00:00.0000000-06:00,0.000000,,,0,,NOAA,2013-03-29T15:47:48.0770000-06:00,in
37,USC00051772,Snow,1972-05-11T00:00:00.0000000-06:00,0.000000,,,0,,NOAA,2013-03-29T15:47:48.0770000-06:00,in
37,USC00051772,Snow,1972-05-12T00:00:00.0000000-06:00,0.000000,,,0,,NOAA,2013-03-29T15:47:48.0770000-06:00,in
37,USC00051772,Snow,1972-05-13T00:00:00.0000000-06:00,0.000000,,,0,,NOAA,2013-03-29T15:47:48.0770000-06:00,in
37,USC00051772,Snow,1972-05-14T00:00:00.0000000-06:00,0.000000,,,0,,NOAA,2013-03-29T15:47:48.0770000-06:00,in
37,USC00051772,Snow,1972-05-15T00:00:00.0000000-06:00,0.000000,,,0,,NOAA,2013-03-29T15:47:48.0770000-06:00,in
37,USC00051772,Snow,1972-05-16T00:00:00.0000000-06:00,0.000000,,,0,,NOAA,2013-03-29T15:47:48.0770000-06:00,in
37,USC00051772,Snow,1972-05-17T00:00:00.0000000-06:00,0.000000,,,0,,NOAA,2013-03-29T15:47:48.0770000-06:00,in
37,USC00051772,Snow,1972-05-18T00:00:00.0000000-06:00,0.000000,,,0,,NOAA,2013-03-29T15:47:48.0770000-06:00,in
37,USC00051772,Snow,1972-05-19T00:00:00.0000000-06:00,0.000000,,,0,,NOAA,2013-03-29T15:47:48.0770000-06:00,in
37,USC00051772,Snow,1972-05-20T00:00:00.0000000-06:00,0.000000,,,0,,NOAA,2013-03-29T15:47:48.0770000-06:00,in
37,USC00051772,Snow,1972-05-21T00:00:00.0000000-06:00,0.000000,,,0,,NOAA,2013-03-29T15:47:48.0770000-06:00,in
37,USC00051772,Snow,1972-05-22T00:00:00.0000000-06:00,0.000000,,,0,,NOAA,2013-03-29T15:47:48.0770000-06:00,in
37,USC00051772,Snow,1972-05-23T00:00:00.0000000-06:00,0.000000,,,0,,NOAA,2013-03-29T15:47:48.0770000-06:00,in
37,USC00051772,Snow,1972-05-24T00:00:00.0000000-06:00,0.000000,,,0,,NOAA,2013-03-29T15:47:48.0770000-06:00,in
37,USC00051772,Snow,1972-05-25T00:00:00.0000000-06:00,0.000000,,,0,,NOAA,2013-03-29T15:47:48.0770000-06:00,in
37,USC00051772,Snow,1972-05-26T00:00:00.0000000-06:00,0.000000,,,0,,NOAA,2013-03-29T15:47:48.0770000-06:00,in
37,USC00051772,Snow,1972-05-27T00:00:00.0000000-06:00,0.000000,,,0,,NOAA,2013-03-29T15:47:48.0770000-06:00,in
37,USC00051772,Snow,1972-05-28T00:00:00.0000000-06:00,0.000000,,,0,,NOAA,2013-03-29T15:47:48.0770000-06:00,in
37,USC00051772,Snow,1972-05-29T00:00:00.0000000-06:00,0.000000,,,0,,NOAA,2013-03-29T15:47:48.0770000-06:00,in
37,USC00051772,Snow,1972-05-30T00:00:00.0000000-06:00,0.000000,,,0,,NOAA,2013-03-29T15:47:48.0770000-06:00,in
37,USC00051772,Snow,1972-05-31T00:00:00.0000000-06:00,0.000000,,,0,,NOAA,2013-03-29T15:47:48.0770000-06:00,in
37,USC00051772,Snow,1972-06-01T00:00:00.0000000-06:00,0.000000,,,0,,NOAA,2013-03-29T15:47:48.0770000-06:00,in
37,USC00051772,Snow,1972-06-02T00:00:00.0000000-06:00,0.000000,,,0,,NOAA,2013-03-29T15:47:48.0770000-06:00,in
37,USC00051772,Snow,1972-06-03T00:00:00.0000000-06:00,0.000000,,,0,,NOAA,2013-03-29T15:47:48.0770000-06:00,in
37,USC00051772,Snow,1972-06-04T00:00:00.0000000-06:00,0.000000,,,0,,NOAA,2013-03-29T15:47:48.0770000-06:00,in
37,USC00051772,Snow,1972-06-05T00:00:00.0000000-06:00,0.000000,,,0,,NOAA,2013-03-29T15:47:48.0770000-06:00,in
37,USC00051772,Snow,1972-06-06T00:00:00.0000000-06:00,0.000000,,,0,,NOAA,2013-03-29T15:47:48.0770000-06:00,in
37,USC00051772,Snow,1972-06-07T00:00:00.0000000-06:00,0.000000,,,0,,NOAA,2013-03-29T15:47:48.0770000-06:00,in
37,USC00051772,Snow,1972-06-08T00:00:00.0000000-06:00,0.000000,,,0,,NOAA,2013-03-29T15:47:48.0770000-06:00,in
37,USC00051772,Snow,1972-06-09T00:00:00.0000000-06:00,0.000000,,,0,,NOAA,2013-03-29T15:47:48.0770000-06:00,in
37,USC00051772,Snow,1972-06-10T00:00:00.0000000-06:00,0.000000,,,0,,NOAA,2013-03-29T15:47:48.0770000-06:00,in
37,USC00051772,Snow,1972-06-11T00:00:00.0000000-06:00,0.000000,,,0,,NOAA,2013-03-29T15:47:48.0770000-06:00,in
37,USC00051772,Snow,1972-06-12T00:00:00.0000000-06:00,0.000000,,,0,,NOAA,2013-03-29T15:47:48.0770000-06:00,in
37,USC00051772,Snow,1972-06-13T00:00:00.0000000-06:00,0.000000,,,0,,NOAA,2013-03-29T15:47:48.0770000-06:00,in
37,USC00051772,Snow,1972-06-14T00:00:00.0000000-06:00,0.000000,,,0,,NOAA,2013-03-29T15:47:48.0770000-06:00,in
37,USC00051772,Snow,1972-06-15T00:00:00.0000000-06:00,0.000000,,,0,,NOAA,2013-03-29T15:47:48.0770000-06:00,in
37,USC00051772,Snow,1972-06-16T00:00:00.0000000-06:00,0.000000,,,0,,NOAA,2013-03-29T15:47:48.0770000-06:00,in
37,USC00051772,Snow,1972-06-17T00:00:00.0000000-06:00,0.000000,,,0,,NOAA,2013-03-29T15:47:48.0770000-06:00,in
37,USC00051772,Snow,1972-06-18T00:00:00.0000000-06:00,0.000000,,,0,,NOAA,2013-03-29T15:47:48.0770000-06:00,in
37,USC00051772,Snow,1972-06-19T00:00:00.0000000-06:00,0.000000,,,0,,NOAA,2013-03-29T15:47:48.0770000-06:00,in
37,USC00051772,Snow,1972-06-20T00:00:00.0000000-06:00,0.000000,,,0,,NOAA,2013-03-29T15:47:48.0770000-06:00,in
37,USC00051772,Snow,1972-06-21T00:00:00.0000000-06:00,0.000000,,,0,,NOAA,2013-03-29T15:47:48.0770000-06:00,in
37,USC00051772,Snow,1972-06-22T00:00:00.0000000-06:00,0.000000,,,0,,NOAA,2013-03-29T15:47:48.0770000-06:00,in
37,USC00051772,Snow,1972-06-23T00:00:00.0000000-06:00,0.000000,,,0,,NOAA,2013-03-29T15:47:48.0770000-06:00,in
37,USC00051772,Snow,1972-06-24T00:00:00.0000000-06:00,0.000000,,,0,,NOAA,2013-03-29T15:47:48.0770000-06:00,in
37,USC00051772,Snow,1972-06-25T00:00:00.0000000-06:00,0.000000,,,0,,NOAA,2013-03-29T15:47:48.0770000-06:00,in
37,USC00051772,Snow,1972-06-26T00:00:00.0000000-06:00,0.000000,,,0,,NOAA,2013-03-29T15:47:48.0770000-06:00,in
37,USC00051772,Snow,1972-06-27T00:00:00.0000000-06:00,0.000000,,,0,,NOAA,2013-03-29T15:47:48.0770000-06:00,in
37,USC00051772,Snow,1972-06-28T00:00:00.0000000-06:00,0.000000,,,0,,NOAA,2013-03-29T15:47:48.0770000-06:00,in
37,USC00051772,Snow,1972-06-29T00:00:00.0000000-06:00,0.000000,,,0,,NOAA,2013-03-29T15:47:48.0770000-06:00,in
37,USC00051772,Snow,1972-06-30T00:00:00.0000000-06:00,0.000000,,,0,,NOAA,2013-03-29T15:47:48.0770000-06:00,in
37,USC00051772,Snow,1972-07-01T00:00:00.0000000-06:00,0.000000,,,0,,NOAA,2013-03-29T15:47:48.0770000-06:00,in
37,USC00051772,Snow,1972-07-02T00:00:00.0000000-06:00,0.000000,,,0,,NOAA,2013-03-29T15:47:48.0770000-06:00,in
37,USC00051772,Snow,1972-07-03T00:00:00.0000000-06:00,0.000000,,,0,,NOAA,2013-03-29T15:47:48.0770000-06:00,in
37,USC00051772,Snow,1972-07-04T00:00:00.0000000-06:00,0.000000,,,0,,NOAA,2013-03-29T15:47:48.0770000-06:00,in
37,USC00051772,Snow,1972-07-05T00:00:00.0000000-06:00,0.000000,,,0,,NOAA,2013-03-29T15:47:48.0770000-06:00,in
37,USC00051772,Snow,1972-07-06T00:00:00.0000000-06:00,0.000000,,,0,,NOAA,2013-03-29T15:47:48.0770000-06:00,in
37,USC00051772,Snow,1972-07-07T00:00:00.0000000-06:00,0.000000,,,0,,NOAA,2013-03-29T15:47:48.0770000-06:00,in
37,USC00051772,Snow,1972-07-08T00:00:00.0000000-06:00,0.000000,,,0,,NOAA,2013-03-29T15:47:48.0770000-06:00,in
37,USC00051772,Snow,1972-07-09T00:00:00.0000000-06:00,0.000000,,,0,,NOAA,2013-03-29T15:47:48.0770000-06:00,in
37,USC00051772,Snow,1972-07-10T00:00:00.0000000-06:00,0.000000,,,0,,NOAA,2013-03-29T15:47:48.0770000-06:00,in
37,USC00051772,Snow,1972-07-11T00:00:00.0000000-06:00,0.000000,,,0,,NOAA,2013-03-29T15:47:48.0770000-06:00,in
37,USC00051772,Snow,1972-07-12T00:00:00.0000000-06:00,0.000000,,,0,,NOAA,2013-03-29T15:47:48.0770000-06:00,in
37,USC00051772,Snow,1972-07-13T00:00:00.0000000-06:00,0.000000,,,0,,NOAA,2013-03-29T15:47:48.0770000-06:00,in
37,USC00051772,Snow,1972-07-14T00:00:00.0000000-06:00,0.000000,,,0,,NOAA,2013-03-29T15:47:48.0770000-06:00,in
37,USC00051772,Snow,1972-07-15T00:00:00.0000000-06:00,0.000000,,,0,,NOAA,2013-03-29T15:47:48.0770000-06:00,in
37,USC00051772,Snow,1972-07-16T00:00:00.0000000-06:00,0.000000,,,0,,NOAA,2013-03-29T15:47:48.0770000-06:00,in
37,USC00051772,Snow,1972-07-17T00:00:00.0000000-06:00,0.000000,,,0,,NOAA,2013-03-29T15:47:48.0770000-06:00,in
37,USC00051772,Snow,1972-07-18T00:00:00.0000000-06:00,0.000000,,,0,,NOAA,2013-03-29T15:47:48.0770000-06:00,in
37,USC00051772,Snow,1972-07-19T00:00:00.0000000-06:00,0.000000,,,0,,NOAA,2013-03-29T15:47:48.0770000-06:00,in
37,USC00051772,Snow,1972-07-20T00:00:00.0000000-06:00,0.000000,,,0,,NOAA,2013-03-29T15:47:48.0770000-06:00,in
37,USC00051772,Snow,1972-07-21T00:00:00.0000000-06:00,0.000000,,,0,,NOAA,2013-03-29T15:47:48.0770000-06:00,in
37,USC00051772,Snow,1972-07-22T00:00:00.0000000-06:00,0.000000,,,0,,NOAA,2013-03-29T15:47:48.0770000-06:00,in
37,USC00051772,Snow,1972-07-23T00:00:00.0000000-06:00,0.000000,,,0,,NOAA,2013-03-29T15:47:48.0770000-06:00,in
37,USC00051772,Snow,1972-07-24T00:00:00.0000000-06:00,0.000000,,,0,,NOAA,2013-03-29T15:47:48.0770000-06:00,in
37,USC00051772,Snow,1972-07-25T00:00:00.0000000-06:00,0.000000,,,0,,NOAA,2013-03-29T15:47:48.0770000-06:00,in
37,USC00051772,Snow,1972-07-26T00:00:00.0000000-06:00,0.000000,,,0,,NOAA,2013-03-29T15:47:48.0770000-06:00,in
37,USC00051772,Snow,1972-07-27T00:00:00.0000000-06:00,0.000000,,,0,,NOAA,2013-03-29T15:47:48.0770000-06:00,in
37,USC00051772,Snow,1972-07-28T00:00:00.0000000-06:00,0.000000,,,0,,NOAA,2013-03-29T15:47:48.0770000-06:00,in
37,USC00051772,Snow,1972-07-29T00:00:00.0000000-06:00,0.000000,,,0,,NOAA,2013-03-29T15:47:48.0770000-06:00,in
37,USC00051772,Snow,1972-07-30T00:00:00.0000000-06:00,0.000000,,,0,,NOAA,2013-03-29T15:47:48.0770000-06:00,in
37,USC00051772,Snow,1972-07-31T00:00:00.0000000-06:00,0.000000,,,0,,NOAA,2013-03-29T15:47:48.0770000-06:00,in
37,USC00051772,Snow,1972-08-01T00:00:00.0000000-06:00,0.000000,,,0,,NOAA,2013-03-29T15:47:48.0770000-06:00,in
37,USC00051772,Snow,1972-08-02T00:00:00.0000000-06:00,0.000000,,,0,,NOAA,2013-03-29T15:47:48.0770000-06:00,in
37,USC00051772,Snow,1972-08-03T00:00:00.0000000-06:00,0.000000,,,0,,NOAA,2013-03-29T15:47:48.0770000-06:00,in
37,USC00051772,Snow,1972-08-04T00:00:00.0000000-06:00,0.000000,,,0,,NOAA,2013-03-29T15:47:48.0770000-06:00,in
37,USC00051772,Snow,1972-08-05T00:00:00.0000000-06:00,0.000000,,,0,,NOAA,2013-03-29T15:47:48.0770000-06:00,in
37,USC00051772,Snow,1972-08-06T00:00:00.0000000-06:00,0.000000,,,0,,NOAA,2013-03-29T15:47:48.0770000-06:00,in
37,USC00051772,Snow,1972-08-07T00:00:00.0000000-06:00,0.000000,,,0,,NOAA,2013-03-29T15:47:48.0770000-06:00,in
37,USC00051772,Snow,1972-08-08T00:00:00.0000000-06:00,0.000000,,,0,,NOAA,2013-03-29T15:47:48.0770000-06:00,in
37,USC00051772,Snow,1972-08-09T00:00:00.0000000-06:00,0.000000,,,0,,NOAA,2013-03-29T15:47:48.0770000-06:00,in
37,USC00051772,Snow,1972-08-10T00:00:00.0000000-06:00,0.000000,,,0,,NOAA,2013-03-29T15:47:48.0770000-06:00,in
37,USC00051772,Snow,1972-08-11T00:00:00.0000000-06:00,0.000000,,,0,,NOAA,2013-03-29T15:47:48.0770000-06:00,in
37,USC00051772,Snow,1972-08-12T00:00:00.0000000-06:00,0.000000,,,0,,NOAA,2013-03-29T15:47:48.0770000-06:00,in
37,USC00051772,Snow,1972-08-13T00:00:00.0000000-06:00,0.000000,,,0,,NOAA,2013-03-29T15:47:48.0770000-06:00,in
37,USC00051772,Snow,1972-08-14T00:00:00.0000000-06:00,0.000000,,,0,,NOAA,2013-03-29T15:47:48.0770000-06:00,in
37,USC00051772,Snow,1972-08-15T00:00:00.0000000-06:00,0.000000,,,0,,NOAA,2013-03-29T15:47:48.0770000-06:00,in
37,USC00051772,Snow,1972-08-16T00:00:00.0000000-06:00,0.000000,,,0,,NOAA,2013-03-29T15:47:48.0770000-06:00,in
37,USC00051772,Snow,1972-08-17T00:00:00.0000000-06:00,0.000000,,,0,,NOAA,2013-03-29T15:47:48.0770000-06:00,in
37,USC00051772,Snow,1972-08-18T00:00:00.0000000-06:00,0.000000,,,0,,NOAA,2013-03-29T15:47:48.0770000-06:00,in
37,USC00051772,Snow,1972-08-19T00:00:00.0000000-06:00,0.000000,,,0,,NOAA,2013-03-29T15:47:48.0770000-06:00,in
37,USC00051772,Snow,1972-08-20T00:00:00.0000000-06:00,0.000000,,,0,,NOAA,2013-03-29T15:47:48.0770000-06:00,in
37,USC00051772,Snow,1972-08-21T00:00:00.0000000-06:00,0.000000,,,0,,NOAA,2013-03-29T15:47:48.0770000-06:00,in
37,USC00051772,Snow,1972-08-22T00:00:00.0000000-06:00,0.000000,,,0,,NOAA,2013-03-29T15:47:48.0770000-06:00,in
37,USC00051772,Snow,1972-08-23T00:00:00.0000000-06:00,0.000000,,,0,,NOAA,2013-03-29T15:47:48.0770000-06:00,in
37,USC00051772,Snow,1972-08-24T00:00:00.0000000-06:00,0.000000,,,0,,NOAA,2013-03-29T15:47:48.0770000-06:00,in
37,USC00051772,Snow,1972-08-25T00:00:00.0000000-06:00,0.000000,,,0,,NOAA,2013-03-29T15:47:48.0770000-06:00,in
37,USC00051772,Snow,1972-08-26T00:00:00.0000000-06:00,0.000000,,,0,,NOAA,2013-03-29T15:47:48.0770000-06:00,in
37,USC00051772,Snow,1972-08-27T00:00:00.0000000-06:00,0.000000,,,0,,NOAA,2013-03-29T15:47:48.0770000-06:00,in
37,USC00051772,Snow,1972-08-28T00:00:00.0000000-06:00,0.000000,,,0,,NOAA,2013-03-29T15:47:48.0770000-06:00,in
37,USC00051772,Snow,1972-08-29T00:00:00.0000000-06:00,0.000000,,,0,,NOAA,2013-03-29T15:47:48.0770000-06:00,in
37,USC00051772,Snow,1972-08-30T00:00:00.0000000-06:00,0.000000,,,0,,NOAA,2013-03-29T15:47:48.0770000-06:00,in
37,USC00051772,Snow,1972-08-31T00:00:00.0000000-06:00,0.000000,,,0,,NOAA,2013-03-29T15:47:48.0770000-06:00,in
37,USC00051772,Snow,1972-09-01T00:00:00.0000000-06:00,0.000000,,,0,,NOAA,2013-03-29T15:47:48.0770000-06:00,in
37,USC00051772,Snow,1972-09-02T00:00:00.0000000-06:00,0.000000,,,0,,NOAA,2013-03-29T15:47:48.0770000-06:00,in
37,USC00051772,Snow,1972-09-03T00:00:00.0000000-06:00,0.000000,,,0,,NOAA,2013-03-29T15:47:48.0770000-06:00,in
37,USC00051772,Snow,1972-09-04T00:00:00.0000000-06:00,0.000000,,,0,,NOAA,2013-03-29T15:47:48.0770000-06:00,in
37,USC00051772,Snow,1972-09-05T00:00:00.0000000-06:00,0.000000,,,0,,NOAA,2013-03-29T15:47:48.0770000-06:00,in
37,USC00051772,Snow,1972-09-06T00:00:00.0000000-06:00,0.000000,,,0,,NOAA,2013-03-29T15:47:48.0770000-06:00,in
37,USC00051772,Snow,1972-09-07T00:00:00.0000000-06:00,0.000000,,,0,,NOAA,2013-03-29T15:47:48.0770000-06:00,in
37,USC00051772,Snow,1972-09-08T00:00:00.0000000-06:00,0.000000,,,0,,NOAA,2013-03-29T15:47:48.0770000-06:00,in
37,USC00051772,Snow,1972-09-09T00:00:00.0000000-06:00,0.000000,,,0,,NOAA,2013-03-29T15:47:48.0770000-06:00,in
37,USC00051772,Snow,1972-09-10T00:00:00.0000000-06:00,0.000000,,,0,,NOAA,2013-03-29T15:47:48.0770000-06:00,in
37,USC00051772,Snow,1972-09-11T00:00:00.0000000-06:00,0.000000,,,0,,NOAA,2013-03-29T15:47:48.0770000-06:00,in
37,USC00051772,Snow,1972-09-12T00:00:00.0000000-06:00,0.000000,,,0,,NOAA,2013-03-29T15:47:48.0770000-06:00,in
37,USC00051772,Snow,1972-09-13T00:00:00.0000000-06:00,0.000000,,,0,,NOAA,2013-03-29T15:47:48.0770000-06:00,in
37,USC00051772,Snow,1972-09-14T00:00:00.0000000-06:00,0.000000,,,0,,NOAA,2013-03-29T15:47:48.0770000-06:00,in
37,USC00051772,Snow,1972-09-15T00:00:00.0000000-06:00,0.000000,,,0,,NOAA,2013-03-29T15:47:48.0770000-06:00,in
37,USC00051772,Snow,1972-09-16T00:00:00.0000000-06:00,0.000000,,,0,,NOAA,2013-03-29T15:47:48.0770000-06:00,in
37,USC00051772,Snow,1972-09-17T00:00:00.0000000-06:00,0.000000,,,0,,NOAA,2013-03-29T15:47:48.0770000-06:00,in
37,USC00051772,Snow,1972-09-18T00:00:00.0000000-06:00,0.000000,,,0,,NOAA,2013-03-29T15:47:48.0770000-06:00,in
37,USC00051772,Snow,1972-09-19T00:00:00.0000000-06:00,0.000000,,,0,,NOAA,2013-03-29T15:47:48.0770000-06:00,in
37,USC00051772,Snow,1972-09-20T00:00:00.0000000-06:00,0.000000,,,0,,NOAA,2013-03-29T15:47:48.0770000-06:00,in
37,USC00051772,Snow,1972-09-21T00:00:00.0000000-06:00,0.000000,,,0,,NOAA,2013-03-29T15:47:48.0770000-06:00,in
37,USC00051772,Snow,1972-09-22T00:00:00.0000000-06:00,0.000000,,,0,,NOAA,2013-03-29T15:47:48.0770000-06:00,in
37,USC00051772,Snow,1972-09-23T00:00:00.0000000-06:00,0.000000,,,0,,NOAA,2013-03-29T15:47:48.0770000-06:00,in
37,USC00051772,Snow,1972-09-24T00:00:00.0000000-06:00,0.000000,,,0,,NOAA,2013-03-29T15:47:48.0770000-06:00,in
37,USC00051772,Snow,1972-09-25T00:00:00.0000000-06:00,0.000000,,,0,,NOAA,2013-03-29T15:47:48.0770000-06:00,in
37,USC00051772,Snow,1972-09-26T00:00:00.0000000-06:00,0.000000,,,0,,NOAA,2013-03-29T15:47:48.0770000-06:00,in
37,USC00051772,Snow,1972-09-27T00:00:00.0000000-06:00,0.000000,,,0,,NOAA,2013-03-29T15:47:48.0770000-06:00,in
37,USC00051772,Snow,1972-09-28T00:00:00.0000000-06:00,0.000000,,,0,,NOAA,2013-03-29T15:47:48.0770000-06:00,in
37,USC00051772,Snow,1972-09-29T00:00:00.0000000-06:00,0.000000,,,0,,NOAA,2013-03-29T15:47:48.0770000-06:00,in
37,USC00051772,Snow,1972-09-30T00:00:00.0000000-06:00,0.000000,,,0,,NOAA,2013-03-29T15:47:48.0770000-06:00,in
37,USC00051772,Snow,1972-10-01T00:00:00.0000000-06:00,0.000000,,,0,,NOAA,2013-03-29T15:47:48.0770000-06:00,in
37,USC00051772,Snow,1972-10-02T00:00:00.0000000-06:00,0.000000,,,0,,NOAA,2013-03-29T15:47:48.0770000-06:00,in
37,USC00051772,Snow,1972-10-03T00:00:00.0000000-06:00,0.000000,,,0,,NOAA,2013-03-29T15:47:48.0770000-06:00,in
37,USC00051772,Snow,1972-10-04T00:00:00.0000000-06:00,0.000000,,,0,,NOAA,2013-03-29T15:47:48.0770000-06:00,in
37,USC00051772,Snow,1972-10-05T00:00:00.0000000-06:00,0.000000,,,0,,NOAA,2013-03-29T15:47:48.0770000-06:00,in
37,USC00051772,Snow,1972-10-06T00:00:00.0000000-06:00,0.000000,,,0,,NOAA,2013-03-29T15:47:48.0770000-06:00,in
37,USC00051772,Snow,1972-10-07T00:00:00.0000000-06:00,0.000000,,,0,,NOAA,2013-03-29T15:47:48.0770000-06:00,in
37,USC00051772,Snow,1972-10-08T00:00:00.0000000-06:00,0.000000,,,0,,NOAA,2013-03-29T15:47:48.0770000-06:00,in
37,USC00051772,Snow,1972-10-09T00:00:00.0000000-06:00,0.000000,,,0,,NOAA,2013-03-29T15:47:48.0770000-06:00,in
37,USC00051772,Snow,1972-10-10T00:00:00.0000000-06:00,0.000000,,,0,,NOAA,2013-03-29T15:47:48.0770000-06:00,in
37,USC00051772,Snow,1972-10-11T00:00:00.0000000-06:00,0.000000,,,0,,NOAA,2013-03-29T15:47:48.0770000-06:00,in
37,USC00051772,Snow,1972-10-12T00:00:00.0000000-06:00,0.000000,,,0,,NOAA,2013-03-29T15:47:48.0770000-06:00,in
37,USC00051772,Snow,1972-10-13T00:00:00.0000000-06:00,0.000000,,,0,,NOAA,2013-03-29T15:47:48.0770000-06:00,in
37,USC00051772,Snow,1972-10-14T00:00:00.0000000-06:00,0.000000,,,0,,NOAA,2013-03-29T15:47:48.0770000-06:00,in
37,USC00051772,Snow,1972-10-15T00:00:00.0000000-06:00,0.000000,,,0,,NOAA,2013-03-29T15:47:48.0770000-06:00,in
37,USC00051772,Snow,1972-10-16T00:00:00.0000000-06:00,0.000000,,,0,,NOAA,2013-03-29T15:47:48.0770000-06:00,in
37,USC00051772,Snow,1972-10-17T00:00:00.0000000-06:00,0.000000,,,0,,NOAA,2013-03-29T15:47:48.0770000-06:00,in
37,USC00051772,Snow,1972-10-18T00:00:00.0000000-06:00,0.000000,,,0,,NOAA,2013-03-29T15:47:48.0770000-06:00,in
37,USC00051772,Snow,1972-10-19T00:00:00.0000000-06:00,0.000000,,,0,,NOAA,2013-03-29T15:47:48.0770000-06:00,in
37,USC00051772,Snow,1972-10-20T00:00:00.0000000-06:00,0.000000,,,0,,NOAA,2013-03-29T15:47:48.0770000-06:00,in
37,USC00051772,Snow,1972-10-21T00:00:00.0000000-06:00,0.000000,,,0,,NOAA,2013-03-29T15:47:48.0770000-06:00,in
37,USC00051772,Snow,1972-10-22T00:00:00.0000000-06:00,0.000000,,,0,,NOAA,2013-03-29T15:47:48.0770000-06:00,in
37,USC00051772,Snow,1972-10-23T00:00:00.0000000-06:00,0.000000,,,0,,NOAA,2013-03-29T15:47:48.0770000-06:00,in
37,USC00051772,Snow,1972-10-24T00:00:00.0000000-06:00,0.000000,,,0,,NOAA,2013-03-29T15:47:48.0770000-06:00,in
37,USC00051772,Snow,1972-10-25T00:00:00.0000000-06:00,0.000000,,,0,,NOAA,2013-03-29T15:47:48.0770000-06:00,in
37,USC00051772,Snow,1972-10-26T00:00:00.0000000-06:00,0.000000,,,0,,NOAA,2013-03-29T15:47:48.0770000-06:00,in
37,USC00051772,Snow,1972-10-27T00:00:00.0000000-06:00,0.000000,,,0,,NOAA,2013-03-29T15:47:48.0770000-06:00,in
37,USC00051772,Snow,1972-10-28T00:00:00.0000000-06:00,0.000000,,,0,,NOAA,2013-03-29T15:47:48.0770000-06:00,in
37,USC00051772,Snow,1972-10-29T00:00:00.0000000-06:00,4.488189,,,0,,NOAA,2013-03-29T15:47:48.0770000-06:00,in
37,USC00051772,Snow,1972-10-30T00:00:00.0000000-07:00,3.503937,,,0,,NOAA,2013-03-29T15:47:48.0770000-06:00,in
37,USC00051772,Snow,1972-10-31T00:00:00.0000000-07:00,0.000000,,,0,,NOAA,2013-03-29T15:47:48.0770000-06:00,in
37,USC00051772,Snow,1972-11-01T00:00:00.0000000-07:00,0.000000,,,0,,NOAA,2013-03-29T15:47:48.0770000-06:00,in
37,USC00051772,Snow,1972-11-02T00:00:00.0000000-07:00,0.000000,,,0,,NOAA,2013-03-29T15:47:48.0770000-06:00,in
37,USC00051772,Snow,1972-11-03T00:00:00.0000000-07:00,0.000000,,,0,,NOAA,2013-03-29T15:47:48.0770000-06:00,in
37,USC00051772,Snow,1972-11-04T00:00:00.0000000-07:00,0.000000,,,0,,NOAA,2013-03-29T15:47:48.0770000-06:00,in
37,USC00051772,Snow,1972-11-05T00:00:00.0000000-07:00,4.015748,,,0,,NOAA,2013-03-29T15:47:48.0770000-06:00,in
37,USC00051772,Snow,1972-11-06T00:00:00.0000000-07:00,1.102362,,,0,,NOAA,2013-03-29T15:47:48.0770000-06:00,in
37,USC00051772,Snow,1972-11-07T00:00:00.0000000-07:00,0.000000,,,0,,NOAA,2013-03-29T15:47:48.0770000-06:00,in
37,USC00051772,Snow,1972-11-08T00:00:00.0000000-07:00,0.000000,,,0,,NOAA,2013-03-29T15:47:48.0770000-06:00,in
37,USC00051772,Snow,1972-11-09T00:00:00.0000000-07:00,0.000000,,,0,,NOAA,2013-03-29T15:47:48.0770000-06:00,in
37,USC00051772,Snow,1972-11-10T00:00:00.0000000-07:00,0.000000,,,0,,NOAA,2013-03-29T15:47:48.0770000-06:00,in
37,USC00051772,Snow,1972-11-11T00:00:00.0000000-07:00,0.000000,,,0,,NOAA,2013-03-29T15:47:48.0770000-06:00,in
37,USC00051772,Snow,1972-11-12T00:00:00.0000000-07:00,0.000000,,,0,,NOAA,2013-03-29T15:47:48.0770000-06:00,in
37,USC00051772,Snow,1972-11-13T00:00:00.0000000-07:00,0.000000,T,,0,,NOAA,2013-03-29T15:47:48.0770000-06:00,in
37,USC00051772,Snow,1972-11-14T00:00:00.0000000-07:00,0.000000,,,0,,NOAA,2013-03-29T15:47:48.0770000-06:00,in
37,USC00051772,Snow,1972-11-15T00:00:00.0000000-07:00,0.000000,,,0,,NOAA,2013-03-29T15:47:48.0770000-06:00,in
37,USC00051772,Snow,1972-11-16T00:00:00.0000000-07:00,0.000000,,,0,,NOAA,2013-03-29T15:47:48.0770000-06:00,in
37,USC00051772,Snow,1972-11-17T00:00:00.0000000-07:00,0.000000,,,0,,NOAA,2013-03-29T15:47:48.0770000-06:00,in
37,USC00051772,Snow,1972-11-18T00:00:00.0000000-07:00,0.000000,,,0,,NOAA,2013-03-29T15:47:48.0770000-06:00,in
37,USC00051772,Snow,1972-11-19T00:00:00.0000000-07:00,0.000000,,,0,,NOAA,2013-03-29T15:47:48.0770000-06:00,in
37,USC00051772,Snow,1972-11-20T00:00:00.0000000-07:00,0.000000,,,0,,NOAA,2013-03-29T15:47:48.0770000-06:00,in
37,USC00051772,Snow,1972-11-21T00:00:00.0000000-07:00,0.000000,,,0,,NOAA,2013-03-29T15:47:48.0770000-06:00,in
37,USC00051772,Snow,1972-11-22T00:00:00.0000000-07:00,0.000000,,,0,,NOAA,2013-03-29T15:47:48.0770000-06:00,in
37,USC00051772,Snow,1972-11-23T00:00:00.0000000-07:00,0.000000,,,0,,NOAA,2013-03-29T15:47:48.0770000-06:00,in
37,USC00051772,Snow,1972-11-24T00:00:00.0000000-07:00,0.000000,,,0,,NOAA,2013-03-29T15:47:48.0770000-06:00,in
37,USC00051772,Snow,1972-11-25T00:00:00.0000000-07:00,0.000000,,,0,,NOAA,2013-03-29T15:47:48.0770000-06:00,in
37,USC00051772,Snow,1972-11-26T00:00:00.0000000-07:00,0.000000,,,0,,NOAA,2013-03-29T15:47:48.0770000-06:00,in
37,USC00051772,Snow,1972-11-27T00:00:00.0000000-07:00,0.000000,,,0,,NOAA,2013-03-29T15:47:48.0770000-06:00,in
37,USC00051772,Snow,1972-11-28T00:00:00.0000000-07:00,0.000000,,,0,,NOAA,2013-03-29T15:47:48.0770000-06:00,in
37,USC00051772,Snow,1972-11-29T00:00:00.0000000-07:00,0.984252,,,0,,NOAA,2013-03-29T15:47:48.0770000-06:00,in
37,USC00051772,Snow,1972-11-30T00:00:00.0000000-07:00,0.000000,,,0,,NOAA,2013-03-29T15:47:48.0770000-06:00,in
37,USC00051772,Snow,1972-12-01T00:00:00.0000000-07:00,0.000000,,,0,,NOAA,2013-03-29T15:47:48.0770000-06:00,in
37,USC00051772,Snow,1972-12-02T00:00:00.0000000-07:00,0.000000,,,0,,NOAA,2013-03-29T15:47:48.0770000-06:00,in
37,USC00051772,Snow,1972-12-03T00:00:00.0000000-07:00,0.000000,,,0,,NOAA,2013-03-29T15:47:48.0770000-06:00,in
37,USC00051772,Snow,1972-12-04T00:00:00.0000000-07:00,5.984252,,,0,,NOAA,2013-03-29T15:47:48.0770000-06:00,in
37,USC00051772,Snow,1972-12-05T00:00:00.0000000-07:00,0.000000,,,0,,NOAA,2013-03-29T15:47:48.0770000-06:00,in
37,USC00051772,Snow,1972-12-06T00:00:00.0000000-07:00,0.000000,,,0,,NOAA,2013-03-29T15:47:48.0770000-06:00,in
37,USC00051772,Snow,1972-12-07T00:00:00.0000000-07:00,0.000000,,,0,,NOAA,2013-03-29T15:47:48.0770000-06:00,in
37,USC00051772,Snow,1972-12-08T00:00:00.0000000-07:00,0.000000,,,0,,NOAA,2013-03-29T15:47:48.0770000-06:00,in
37,USC00051772,Snow,1972-12-09T00:00:00.0000000-07:00,0.000000,,,0,,NOAA,2013-03-29T15:47:48.0770000-06:00,in
37,USC00051772,Snow,1972-12-10T00:00:00.0000000-07:00,0.000000,,,0,,NOAA,2013-03-29T15:47:48.0770000-06:00,in
37,USC00051772,Snow,1972-12-11T00:00:00.0000000-07:00,0.984252,,,0,,NOAA,2013-03-29T15:47:48.0770000-06:00,in
37,USC00051772,Snow,1972-12-12T00:00:00.0000000-07:00,0.511811,,,0,,NOAA,2013-03-29T15:47:48.0770000-06:00,in
37,USC00051772,Snow,1972-12-13T00:00:00.0000000-07:00,0.000000,,,0,,NOAA,2013-03-29T15:47:48.0770000-06:00,in
37,USC00051772,Snow,1972-12-14T00:00:00.0000000-07:00,0.000000,,,0,,NOAA,2013-03-29T15:47:48.0770000-06:00,in
37,USC00051772,Snow,1972-12-15T00:00:00.0000000-07:00,0.000000,,,0,,NOAA,2013-03-29T15:47:48.0770000-06:00,in
37,USC00051772,Snow,1972-12-16T00:00:00.0000000-07:00,0.000000,,,0,,NOAA,2013-03-29T15:47:48.0770000-06:00,in
37,USC00051772,Snow,1972-12-17T00:00:00.0000000-07:00,0.000000,,,0,,NOAA,2013-03-29T15:47:48.0770000-06:00,in
37,USC00051772,Snow,1972-12-18T00:00:00.0000000-07:00,2.007874,,,0,,NOAA,2013-03-29T15:47:48.0770000-06:00,in
37,USC00051772,Snow,1972-12-19T00:00:00.0000000-07:00,0.000000,,,0,,NOAA,2013-03-29T15:47:48.0770000-06:00,in
37,USC00051772,Snow,1972-12-20T00:00:00.0000000-07:00,0.000000,,,0,,NOAA,2013-03-29T15:47:48.0770000-06:00,in
37,USC00051772,Snow,1972-12-21T00:00:00.0000000-07:00,0.000000,,,0,,NOAA,2013-03-29T15:47:48.0770000-06:00,in
37,USC00051772,Snow,1972-12-22T00:00:00.0000000-07:00,0.000000,,,0,,NOAA,2013-03-29T15:47:48.0770000-06:00,in
37,USC00051772,Snow,1972-12-23T00:00:00.0000000-07:00,0.000000,,,0,,NOAA,2013-03-29T15:47:48.0770000-06:00,in
37,USC00051772,Snow,1972-12-24T00:00:00.0000000-07:00,0.000000,,,0,,NOAA,2013-03-29T15:47:48.0770000-06:00,in
37,USC00051772,Snow,1972-12-25T00:00:00.0000000-07:00,0.000000,,,0,,NOAA,2013-03-29T15:47:48.0770000-06:00,in
37,USC00051772,Snow,1972-12-26T00:00:00.0000000-07:00,0.000000,,,0,,NOAA,2013-03-29T15:47:48.0770000-06:00,in
37,USC00051772,Snow,1972-12-27T00:00:00.0000000-07:00,0.000000,,,0,,NOAA,2013-03-29T15:47:48.0770000-06:00,in
37,USC00051772,Snow,1972-12-28T00:00:00.0000000-07:00,0.000000,,,0,,NOAA,2013-03-29T15:47:48.0770000-06:00,in
37,USC00051772,Snow,1972-12-29T00:00:00.0000000-07:00,5.000000,,,0,,NOAA,2013-03-29T15:47:48.0770000-06:00,in
37,USC00051772,Snow,1972-12-30T00:00:00.0000000-07:00,0.000000,,,0,,NOAA,2013-03-29T15:47:48.0770000-06:00,in
37,USC00051772,Snow,1972-12-31T00:00:00.0000000-07:00,0.000000,,,0,,NOAA,2013-03-29T15:47:48.0770000-06:00,in
37,USC00051772,Snow,1973-01-01T00:00:00.0000000-07:00,0.000000,,,0,,NOAA,2013-03-29T15:47:48.0770000-06:00,in
37,USC00051772,Snow,1973-01-02T00:00:00.0000000-07:00,0.000000,,,0,,NOAA,2013-03-29T15:47:48.0770000-06:00,in
37,USC00051772,Snow,1973-01-03T00:00:00.0000000-07:00,0.000000,,,0,,NOAA,2013-03-29T15:47:48.0770000-06:00,in
37,USC00051772,Snow,1973-01-04T00:00:00.0000000-07:00,9.015748,,,0,,NOAA,2013-03-29T15:47:48.0770000-06:00,in
37,USC00051772,Snow,1973-01-05T00:00:00.0000000-07:00,0.000000,,,0,,NOAA,2013-03-29T15:47:48.0770000-06:00,in
37,USC00051772,Snow,1973-01-06T00:00:00.0000000-07:00,0.000000,,,0,,NOAA,2013-03-29T15:47:48.0770000-06:00,in
37,USC00051772,Snow,1973-01-07T00:00:00.0000000-07:00,0.000000,,,0,,NOAA,2013-03-29T15:47:48.0770000-06:00,in
37,USC00051772,Snow,1973-01-08T00:00:00.0000000-07:00,0.000000,,,0,,NOAA,2013-03-29T15:47:48.0770000-06:00,in
37,USC00051772,Snow,1973-01-09T00:00:00.0000000-07:00,1.181102,,,0,,NOAA,2013-03-29T15:47:48.0770000-06:00,in
37,USC00051772,Snow,1973-01-10T00:00:00.0000000-07:00,0.787402,,,0,,NOAA,2013-03-29T15:47:48.0770000-06:00,in
37,USC00051772,Snow,1973-01-11T00:00:00.0000000-07:00,0.000000,,,0,,NOAA,2013-03-29T15:47:48.0770000-06:00,in
37,USC00051772,Snow,1973-01-12T00:00:00.0000000-07:00,0.000000,,,0,,NOAA,2013-03-29T15:47:48.0770000-06:00,in
37,USC00051772,Snow,1973-01-13T00:00:00.0000000-07:00,0.000000,,,0,,NOAA,2013-03-29T15:47:48.0770000-06:00,in
37,USC00051772,Snow,1973-01-14T00:00:00.0000000-07:00,0.000000,,,0,,NOAA,2013-03-29T15:47:48.0770000-06:00,in
37,USC00051772,Snow,1973-01-15T00:00:00.0000000-07:00,0.000000,,,0,,NOAA,2013-03-29T15:47:48.0770000-06:00,in
37,USC00051772,Snow,1973-01-16T00:00:00.0000000-07:00,0.000000,,,0,,NOAA,2013-03-29T15:47:48.0770000-06:00,in
37,USC00051772,Snow,1973-01-17T00:00:00.0000000-07:00,2.519685,,,0,,NOAA,2013-03-29T15:47:48.0770000-06:00,in
37,USC00051772,Snow,1973-01-18T00:00:00.0000000-07:00,0.000000,,,0,,NOAA,2013-03-29T15:47:48.0770000-06:00,in
37,USC00051772,Snow,1973-01-19T00:00:00.0000000-07:00,0.000000,,,0,,NOAA,2013-03-29T15:47:48.0770000-06:00,in
37,USC00051772,Snow,1973-01-20T00:00:00.0000000-07:00,1.496063,,,0,,NOAA,2013-03-29T15:47:48.0770000-06:00,in
37,USC00051772,Snow,1973-01-21T00:00:00.0000000-07:00,0.000000,,,0,,NOAA,2013-03-29T15:47:48.0770000-06:00,in
37,USC00051772,Snow,1973-01-22T00:00:00.0000000-07:00,0.000000,,,0,,NOAA,2013-03-29T15:47:48.0770000-06:00,in
37,USC00051772,Snow,1973-01-23T00:00:00.0000000-07:00,0.000000,,,0,,NOAA,2013-03-29T15:47:48.0770000-06:00,in
37,USC00051772,Snow,1973-01-24T00:00:00.0000000-07:00,0.000000,,,0,,NOAA,2013-03-29T15:47:48.0770000-06:00,in
37,USC00051772,Snow,1973-01-25T00:00:00.0000000-07:00,0.000000,,,0,,NOAA,2013-03-29T15:47:48.0770000-06:00,in
37,USC00051772,Snow,1973-01-26T00:00:00.0000000-07:00,0.000000,,,0,,NOAA,2013-03-29T15:47:48.0770000-06:00,in
37,USC00051772,Snow,1973-01-27T00:00:00.0000000-07:00,0.000000,,,0,,NOAA,2013-03-29T15:47:48.0770000-06:00,in
37,USC00051772,Snow,1973-01-28T00:00:00.0000000-07:00,0.000000,,,0,,NOAA,2013-03-29T15:47:48.0770000-06:00,in
37,USC00051772,Snow,1973-01-29T00:00:00.0000000-07:00,0.000000,,,0,,NOAA,2013-03-29T15:47:48.0770000-06:00,in
37,USC00051772,Snow,1973-01-30T00:00:00.0000000-07:00,0.000000,,,0,,NOAA,2013-03-29T15:47:48.0770000-06:00,in
37,USC00051772,Snow,1973-01-31T00:00:00.0000000-07:00,0.000000,,,0,,NOAA,2013-03-29T15:47:48.0770000-06:00,in
37,USC00051772,Snow,1973-03-01T00:00:00.0000000-07:00,0.000000,,,0,,NOAA,2013-03-29T15:47:48.0770000-06:00,in
37,USC00051772,Snow,1973-03-02T00:00:00.0000000-07:00,0.000000,,,0,,NOAA,2013-03-29T15:47:48.0770000-06:00,in
37,USC00051772,Snow,1973-03-03T00:00:00.0000000-07:00,0.000000,,,0,,NOAA,2013-03-29T15:47:48.0770000-06:00,in
37,USC00051772,Snow,1973-03-04T00:00:00.0000000-07:00,0.000000,,,0,,NOAA,2013-03-29T15:47:48.0770000-06:00,in
37,USC00051772,Snow,1973-03-05T00:00:00.0000000-07:00,0.000000,,,0,,NOAA,2013-03-29T15:47:48.0770000-06:00,in
37,USC00051772,Snow,1973-03-06T00:00:00.0000000-07:00,0.000000,,,0,,NOAA,2013-03-29T15:47:48.0770000-06:00,in
37,USC00051772,Snow,1973-03-07T00:00:00.0000000-07:00,0.000000,,,0,,NOAA,2013-03-29T15:47:48.0770000-06:00,in
37,USC00051772,Snow,1973-03-08T00:00:00.0000000-07:00,0.000000,,,0,,NOAA,2013-03-29T15:47:48.0770000-06:00,in
37,USC00051772,Snow,1973-03-09T00:00:00.0000000-07:00,0.000000,,,0,,NOAA,2013-03-29T15:47:48.0770000-06:00,in
37,USC00051772,Snow,1973-03-10T00:00:00.0000000-07:00,0.000000,,,0,,NOAA,2013-03-29T15:47:48.0770000-06:00,in
37,USC00051772,Snow,1973-03-11T00:00:00.0000000-07:00,0.000000,,,0,,NOAA,2013-03-29T15:47:48.0770000-06:00,in
37,USC00051772,Snow,1973-03-12T00:00:00.0000000-07:00,0.000000,,,0,,NOAA,2013-03-29T15:47:48.0770000-06:00,in
37,USC00051772,Snow,1973-03-13T00:00:00.0000000-07:00,0.000000,,,0,,NOAA,2013-03-29T15:47:48.0770000-06:00,in
37,USC00051772,Snow,1973-03-14T00:00:00.0000000-07:00,0.511811,,,0,,NOAA,2013-03-29T15:47:48.0770000-06:00,in
37,USC00051772,Snow,1973-03-15T00:00:00.0000000-07:00,0.000000,,,0,,NOAA,2013-03-29T15:47:48.0770000-06:00,in
37,USC00051772,Snow,1973-03-16T00:00:00.0000000-07:00,0.000000,,,0,,NOAA,2013-03-29T15:47:48.0770000-06:00,in
37,USC00051772,Snow,1973-03-17T00:00:00.0000000-07:00,0.000000,,,0,,NOAA,2013-03-29T15:47:48.0770000-06:00,in
37,USC00051772,Snow,1973-03-18T00:00:00.0000000-07:00,0.000000,,,0,,NOAA,2013-03-29T15:47:48.0770000-06:00,in
37,USC00051772,Snow,1973-03-19T00:00:00.0000000-07:00,0.000000,,,0,,NOAA,2013-03-29T15:47:48.0770000-06:00,in
37,USC00051772,Snow,1973-03-20T00:00:00.0000000-07:00,0.000000,,,0,,NOAA,2013-03-29T15:47:48.0770000-06:00,in
37,USC00051772,Snow,1973-03-21T00:00:00.0000000-07:00,0.000000,,,0,,NOAA,2013-03-29T15:47:48.0770000-06:00,in
37,USC00051772,Snow,1973-03-22T00:00:00.0000000-07:00,0.000000,,,0,,NOAA,2013-03-29T15:47:48.0770000-06:00,in
37,USC00051772,Snow,1973-03-23T00:00:00.0000000-07:00,0.000000,,,0,,NOAA,2013-03-29T15:47:48.0770000-06:00,in
37,USC00051772,Snow,1973-03-24T00:00:00.0000000-07:00,0.000000,,,0,,NOAA,2013-03-29T15:47:48.0770000-06:00,in
37,USC00051772,Snow,1973-03-25T00:00:00.0000000-07:00,0.000000,,,0,,NOAA,2013-03-29T15:47:48.0770000-06:00,in
37,USC00051772,Snow,1973-03-26T00:00:00.0000000-07:00,0.000000,,,0,,NOAA,2013-03-29T15:47:48.0770000-06:00,in
37,USC00051772,Snow,1973-03-27T00:00:00.0000000-07:00,0.000000,,,0,,NOAA,2013-03-29T15:47:48.0770000-06:00,in
37,USC00051772,Snow,1973-03-28T00:00:00.0000000-07:00,0.000000,,,0,,NOAA,2013-03-29T15:47:48.0770000-06:00,in
37,USC00051772,Snow,1973-03-29T00:00:00.0000000-07:00,0.000000,,,0,,NOAA,2013-03-29T15:47:48.0770000-06:00,in
37,USC00051772,Snow,1973-03-30T00:00:00.0000000-07:00,0.511811,,,0,,NOAA,2013-03-29T15:47:48.0770000-06:00,in
37,USC00051772,Snow,1973-03-31T00:00:00.0000000-07:00,0.000000,,,0,,NOAA,2013-03-29T15:47:48.0770000-06:00,in
37,USC00051772,Snow,1973-06-01T00:00:00.0000000-06:00,0.000000,,,0,,NOAA,2013-03-29T15:47:48.0770000-06:00,in
37,USC00051772,Snow,1973-06-02T00:00:00.0000000-06:00,0.000000,,,0,,NOAA,2013-03-29T15:47:48.0770000-06:00,in
37,USC00051772,Snow,1973-06-03T00:00:00.0000000-06:00,0.000000,,,0,,NOAA,2013-03-29T15:47:48.0770000-06:00,in
37,USC00051772,Snow,1973-06-04T00:00:00.0000000-06:00,0.000000,,,0,,NOAA,2013-03-29T15:47:48.0770000-06:00,in
37,USC00051772,Snow,1973-06-05T00:00:00.0000000-06:00,0.000000,,,0,,NOAA,2013-03-29T15:47:48.0770000-06:00,in
37,USC00051772,Snow,1973-06-06T00:00:00.0000000-06:00,0.000000,,,0,,NOAA,2013-03-29T15:47:48.0770000-06:00,in
37,USC00051772,Snow,1973-06-07T00:00:00.0000000-06:00,0.000000,,,0,,NOAA,2013-03-29T15:47:48.0770000-06:00,in
37,USC00051772,Snow,1973-06-08T00:00:00.0000000-06:00,0.000000,,,0,,NOAA,2013-03-29T15:47:48.0770000-06:00,in
37,USC00051772,Snow,1973-06-09T00:00:00.0000000-06:00,0.000000,,,0,,NOAA,2013-03-29T15:47:48.0770000-06:00,in
37,USC00051772,Snow,1973-06-10T00:00:00.0000000-06:00,0.000000,,,0,,NOAA,2013-03-29T15:47:48.0770000-06:00,in
37,USC00051772,Snow,1973-06-11T00:00:00.0000000-06:00,0.000000,,,0,,NOAA,2013-03-29T15:47:48.0770000-06:00,in
37,USC00051772,Snow,1973-06-12T00:00:00.0000000-06:00,0.000000,,,0,,NOAA,2013-03-29T15:47:48.0770000-06:00,in
37,USC00051772,Snow,1973-06-13T00:00:00.0000000-06:00,0.000000,,,0,,NOAA,2013-03-29T15:47:48.0770000-06:00,in
37,USC00051772,Snow,1973-06-14T00:00:00.0000000-06:00,0.000000,,,0,,NOAA,2013-03-29T15:47:48.0770000-06:00,in
37,USC00051772,Snow,1973-06-15T00:00:00.0000000-06:00,0.000000,,,0,,NOAA,2013-03-29T15:47:48.0770000-06:00,in
37,USC00051772,Snow,1973-06-16T00:00:00.0000000-06:00,0.000000,,,0,,NOAA,2013-03-29T15:47:48.0770000-06:00,in
37,USC00051772,Snow,1973-06-17T00:00:00.0000000-06:00,0.000000,,,0,,NOAA,2013-03-29T15:47:48.0770000-06:00,in
37,USC00051772,Snow,1973-06-18T00:00:00.0000000-06:00,0.000000,,,0,,NOAA,2013-03-29T15:47:48.0770000-06:00,in
37,USC00051772,Snow,1973-06-19T00:00:00.0000000-06:00,0.000000,,,0,,NOAA,2013-03-29T15:47:48.0770000-06:00,in
37,USC00051772,Snow,1973-06-20T00:00:00.0000000-06:00,0.000000,,,0,,NOAA,2013-03-29T15:47:48.0770000-06:00,in
37,USC00051772,Snow,1973-06-21T00:00:00.0000000-06:00,0.000000,,,0,,NOAA,2013-03-29T15:47:48.0770000-06:00,in
37,USC00051772,Snow,1973-06-22T00:00:00.0000000-06:00,0.000000,,,0,,NOAA,2013-03-29T15:47:48.0770000-06:00,in
37,USC00051772,Snow,1973-06-23T00:00:00.0000000-06:00,0.000000,,,0,,NOAA,2013-03-29T15:47:48.0770000-06:00,in
37,USC00051772,Snow,1973-06-24T00:00:00.0000000-06:00,0.000000,,,0,,NOAA,2013-03-29T15:47:48.0770000-06:00,in
37,USC00051772,Snow,1973-06-25T00:00:00.0000000-06:00,0.000000,,,0,,NOAA,2013-03-29T15:47:48.0770000-06:00,in
37,USC00051772,Snow,1973-06-26T00:00:00.0000000-06:00,0.000000,,,0,,NOAA,2013-03-29T15:47:48.0770000-06:00,in
37,USC00051772,Snow,1973-06-27T00:00:00.0000000-06:00,0.000000,,,0,,NOAA,2013-03-29T15:47:48.0770000-06:00,in
37,USC00051772,Snow,1973-06-28T00:00:00.0000000-06:00,0.000000,,,0,,NOAA,2013-03-29T15:47:48.0770000-06:00,in
37,USC00051772,Snow,1973-06-29T00:00:00.0000000-06:00,0.000000,,,0,,NOAA,2013-03-29T15:47:48.0770000-06:00,in
37,USC00051772,Snow,1973-06-30T00:00:00.0000000-06:00,0.000000,,,0,,NOAA,2013-03-29T15:47:48.0770000-06:00,in
37,USC00051772,Snow,1973-07-01T00:00:00.0000000-06:00,0.000000,,,0,,NOAA,2013-03-29T15:47:48.0770000-06:00,in
37,USC00051772,Snow,1973-07-02T00:00:00.0000000-06:00,0.000000,,,0,,NOAA,2013-03-29T15:47:48.0770000-06:00,in
37,USC00051772,Snow,1973-07-03T00:00:00.0000000-06:00,0.000000,,,0,,NOAA,2013-03-29T15:47:48.0770000-06:00,in
37,USC00051772,Snow,1973-07-04T00:00:00.0000000-06:00,0.000000,,,0,,NOAA,2013-03-29T15:47:48.0770000-06:00,in
37,USC00051772,Snow,1973-07-05T00:00:00.0000000-06:00,0.000000,,,0,,NOAA,2013-03-29T15:47:48.0770000-06:00,in
37,USC00051772,Snow,1973-07-06T00:00:00.0000000-06:00,0.000000,,,0,,NOAA,2013-03-29T15:47:48.0770000-06:00,in
37,USC00051772,Snow,1973-07-07T00:00:00.0000000-06:00,0.000000,,,0,,NOAA,2013-03-29T15:47:48.0770000-06:00,in
37,USC00051772,Snow,1973-07-08T00:00:00.0000000-06:00,0.000000,,,0,,NOAA,2013-03-29T15:47:48.0770000-06:00,in
37,USC00051772,Snow,1973-07-09T00:00:00.0000000-06:00,0.000000,,,0,,NOAA,2013-03-29T15:47:48.0770000-06:00,in
37,USC00051772,Snow,1973-07-10T00:00:00.0000000-06:00,0.000000,,,0,,NOAA,2013-03-29T15:47:48.0770000-06:00,in
37,USC00051772,Snow,1973-07-11T00:00:00.0000000-06:00,0.000000,,,0,,NOAA,2013-03-29T15:47:48.0770000-06:00,in
37,USC00051772,Snow,1973-07-12T00:00:00.0000000-06:00,0.000000,,,0,,NOAA,2013-03-29T15:47:48.0770000-06:00,in
37,USC00051772,Snow,1973-07-13T00:00:00.0000000-06:00,0.000000,,,0,,NOAA,2013-03-29T15:47:48.0770000-06:00,in
37,USC00051772,Snow,1973-07-14T00:00:00.0000000-06:00,0.000000,,,0,,NOAA,2013-03-29T15:47:48.0770000-06:00,in
37,USC00051772,Snow,1973-07-15T00:00:00.0000000-06:00,0.000000,,,0,,NOAA,2013-03-29T15:47:48.0770000-06:00,in
37,USC00051772,Snow,1973-07-16T00:00:00.0000000-06:00,0.000000,,,0,,NOAA,2013-03-29T15:47:48.0770000-06:00,in
37,USC00051772,Snow,1973-07-17T00:00:00.0000000-06:00,0.000000,,,0,,NOAA,2013-03-29T15:47:48.0770000-06:00,in
37,USC00051772,Snow,1973-07-18T00:00:00.0000000-06:00,0.000000,,,0,,NOAA,2013-03-29T15:47:48.0770000-06:00,in
37,USC00051772,Snow,1973-07-19T00:00:00.0000000-06:00,0.000000,,,0,,NOAA,2013-03-29T15:47:48.0770000-06:00,in
37,USC00051772,Snow,1973-07-20T00:00:00.0000000-06:00,0.000000,,,0,,NOAA,2013-03-29T15:47:48.0770000-06:00,in
37,USC00051772,Snow,1973-07-21T00:00:00.0000000-06:00,0.000000,,,0,,NOAA,2013-03-29T15:47:48.0770000-06:00,in
37,USC00051772,Snow,1973-07-22T00:00:00.0000000-06:00,0.000000,,,0,,NOAA,2013-03-29T15:47:48.0770000-06:00,in
37,USC00051772,Snow,1973-07-23T00:00:00.0000000-06:00,0.000000,,,0,,NOAA,2013-03-29T15:47:48.0770000-06:00,in
37,USC00051772,Snow,1973-07-24T00:00:00.0000000-06:00,0.000000,,,0,,NOAA,2013-03-29T15:47:48.0770000-06:00,in
37,USC00051772,Snow,1973-07-25T00:00:00.0000000-06:00,0.000000,,,0,,NOAA,2013-03-29T15:47:48.0770000-06:00,in
37,USC00051772,Snow,1973-07-26T00:00:00.0000000-06:00,0.000000,,,0,,NOAA,2013-03-29T15:47:48.0770000-06:00,in
37,USC00051772,Snow,1973-07-27T00:00:00.0000000-06:00,0.000000,,,0,,NOAA,2013-03-29T15:47:48.0770000-06:00,in
37,USC00051772,Snow,1973-07-28T00:00:00.0000000-06:00,0.000000,,,0,,NOAA,2013-03-29T15:47:48.0770000-06:00,in
37,USC00051772,Snow,1973-07-29T00:00:00.0000000-06:00,0.000000,,,0,,NOAA,2013-03-29T15:47:48.0770000-06:00,in
37,USC00051772,Snow,1973-07-30T00:00:00.0000000-06:00,0.000000,,,0,,NOAA,2013-03-29T15:47:48.0770000-06:00,in
37,USC00051772,Snow,1973-07-31T00:00:00.0000000-06:00,0.000000,,,0,,NOAA,2013-03-29T15:47:48.0770000-06:00,in
37,USC00051772,Snow,1973-08-01T00:00:00.0000000-06:00,0.000000,,,0,,NOAA,2013-03-29T15:47:48.0770000-06:00,in
37,USC00051772,Snow,1973-08-02T00:00:00.0000000-06:00,0.000000,,,0,,NOAA,2013-03-29T15:47:48.0770000-06:00,in
37,USC00051772,Snow,1973-08-03T00:00:00.0000000-06:00,0.000000,,,0,,NOAA,2013-03-29T15:47:48.0770000-06:00,in
37,USC00051772,Snow,1973-08-04T00:00:00.0000000-06:00,0.000000,,,0,,NOAA,2013-03-29T15:47:48.0770000-06:00,in
37,USC00051772,Snow,1973-08-05T00:00:00.0000000-06:00,0.000000,,,0,,NOAA,2013-03-29T15:47:48.0770000-06:00,in
37,USC00051772,Snow,1973-08-06T00:00:00.0000000-06:00,0.000000,,,0,,NOAA,2013-03-29T15:47:48.0770000-06:00,in
37,USC00051772,Snow,1973-08-07T00:00:00.0000000-06:00,0.000000,,,0,,NOAA,2013-03-29T15:47:48.0770000-06:00,in
37,USC00051772,Snow,1973-08-08T00:00:00.0000000-06:00,0.000000,,,0,,NOAA,2013-03-29T15:47:48.0770000-06:00,in
37,USC00051772,Snow,1973-08-09T00:00:00.0000000-06:00,0.000000,,,0,,NOAA,2013-03-29T15:47:48.0770000-06:00,in
37,USC00051772,Snow,1973-08-10T00:00:00.0000000-06:00,0.000000,,,0,,NOAA,2013-03-29T15:47:48.0770000-06:00,in
37,USC00051772,Snow,1973-08-11T00:00:00.0000000-06:00,0.000000,,,0,,NOAA,2013-03-29T15:47:48.0770000-06:00,in
37,USC00051772,Snow,1973-08-12T00:00:00.0000000-06:00,0.000000,,,0,,NOAA,2013-03-29T15:47:48.0770000-06:00,in
37,USC00051772,Snow,1973-08-13T00:00:00.0000000-06:00,0.000000,,,0,,NOAA,2013-03-29T15:47:48.0770000-06:00,in
37,USC00051772,Snow,1973-08-14T00:00:00.0000000-06:00,0.000000,,,0,,NOAA,2013-03-29T15:47:48.0770000-06:00,in
37,USC00051772,Snow,1973-08-15T00:00:00.0000000-06:00,0.000000,,,0,,NOAA,2013-03-29T15:47:48.0770000-06:00,in
37,USC00051772,Snow,1973-08-16T00:00:00.0000000-06:00,0.000000,,,0,,NOAA,2013-03-29T15:47:48.0770000-06:00,in
37,USC00051772,Snow,1973-08-17T00:00:00.0000000-06:00,0.000000,,,0,,NOAA,2013-03-29T15:47:48.0770000-06:00,in
37,USC00051772,Snow,1973-08-18T00:00:00.0000000-06:00,0.000000,,,0,,NOAA,2013-03-29T15:47:48.0770000-06:00,in
37,USC00051772,Snow,1973-08-19T00:00:00.0000000-06:00,0.000000,,,0,,NOAA,2013-03-29T15:47:48.0770000-06:00,in
37,USC00051772,Snow,1973-08-20T00:00:00.0000000-06:00,0.000000,,,0,,NOAA,2013-03-29T15:47:48.0770000-06:00,in
37,USC00051772,Snow,1973-08-21T00:00:00.0000000-06:00,0.000000,,,0,,NOAA,2013-03-29T15:47:48.0770000-06:00,in
37,USC00051772,Snow,1973-08-22T00:00:00.0000000-06:00,0.000000,,,0,,NOAA,2013-03-29T15:47:48.0770000-06:00,in
37,USC00051772,Snow,1973-08-23T00:00:00.0000000-06:00,0.000000,,,0,,NOAA,2013-03-29T15:47:48.0770000-06:00,in
37,USC00051772,Snow,1973-08-24T00:00:00.0000000-06:00,0.000000,,,0,,NOAA,2013-03-29T15:47:48.0770000-06:00,in
37,USC00051772,Snow,1973-08-25T00:00:00.0000000-06:00,0.000000,,,0,,NOAA,2013-03-29T15:47:48.0770000-06:00,in
37,USC00051772,Snow,1973-08-26T00:00:00.0000000-06:00,0.000000,,,0,,NOAA,2013-03-29T15:47:48.0770000-06:00,in
37,USC00051772,Snow,1973-08-27T00:00:00.0000000-06:00,0.000000,,,0,,NOAA,2013-03-29T15:47:48.0770000-06:00,in
37,USC00051772,Snow,1973-08-28T00:00:00.0000000-06:00,0.000000,,,0,,NOAA,2013-03-29T15:47:48.0770000-06:00,in
37,USC00051772,Snow,1973-08-29T00:00:00.0000000-06:00,0.000000,,,0,,NOAA,2013-03-29T15:47:48.0770000-06:00,in
37,USC00051772,Snow,1973-08-30T00:00:00.0000000-06:00,0.000000,,,0,,NOAA,2013-03-29T15:47:48.0770000-06:00,in
37,USC00051772,Snow,1973-08-31T00:00:00.0000000-06:00,0.000000,,,0,,NOAA,2013-03-29T15:47:48.0770000-06:00,in
37,USC00051772,Snow,1973-09-01T00:00:00.0000000-06:00,0.000000,,,0,,NOAA,2013-03-29T15:47:48.0770000-06:00,in
37,USC00051772,Snow,1973-09-02T00:00:00.0000000-06:00,0.000000,,,0,,NOAA,2013-03-29T15:47:48.0770000-06:00,in
37,USC00051772,Snow,1973-09-03T00:00:00.0000000-06:00,0.000000,,,0,,NOAA,2013-03-29T15:47:48.0770000-06:00,in
37,USC00051772,Snow,1973-09-04T00:00:00.0000000-06:00,0.000000,,,0,,NOAA,2013-03-29T15:47:48.0770000-06:00,in
37,USC00051772,Snow,1973-09-05T00:00:00.0000000-06:00,0.000000,,,0,,NOAA,2013-03-29T15:47:48.0770000-06:00,in
37,USC00051772,Snow,1973-09-06T00:00:00.0000000-06:00,0.000000,,,0,,NOAA,2013-03-29T15:47:48.0770000-06:00,in
37,USC00051772,Snow,1973-09-07T00:00:00.0000000-06:00,0.000000,,,0,,NOAA,2013-03-29T15:47:48.0770000-06:00,in
37,USC00051772,Snow,1973-09-08T00:00:00.0000000-06:00,0.000000,,,0,,NOAA,2013-03-29T15:47:48.0770000-06:00,in
37,USC00051772,Snow,1973-09-09T00:00:00.0000000-06:00,0.000000,,,0,,NOAA,2013-03-29T15:47:48.0770000-06:00,in
37,USC00051772,Snow,1973-09-10T00:00:00.0000000-06:00,0.000000,,,0,,NOAA,2013-03-29T15:47:48.0770000-06:00,in
37,USC00051772,Snow,1973-09-11T00:00:00.0000000-06:00,0.000000,,,0,,NOAA,2013-03-29T15:47:48.0770000-06:00,in
37,USC00051772,Snow,1973-09-12T00:00:00.0000000-06:00,0.000000,,,0,,NOAA,2013-03-29T15:47:48.0770000-06:00,in
37,USC00051772,Snow,1973-09-13T00:00:00.0000000-06:00,0.000000,,,0,,NOAA,2013-03-29T15:47:48.0770000-06:00,in
37,USC00051772,Snow,1973-09-14T00:00:00.0000000-06:00,0.000000,,,0,,NOAA,2013-03-29T15:47:48.0770000-06:00,in
37,USC00051772,Snow,1973-09-15T00:00:00.0000000-06:00,0.000000,,,0,,NOAA,2013-03-29T15:47:48.0770000-06:00,in
37,USC00051772,Snow,1973-09-16T00:00:00.0000000-06:00,0.000000,,,0,,NOAA,2013-03-29T15:47:48.0770000-06:00,in
37,USC00051772,Snow,1973-09-17T00:00:00.0000000-06:00,0.000000,,,0,,NOAA,2013-03-29T15:47:48.0770000-06:00,in
37,USC00051772,Snow,1973-09-18T00:00:00.0000000-06:00,0.000000,,,0,,NOAA,2013-03-29T15:47:48.0770000-06:00,in
37,USC00051772,Snow,1973-09-19T00:00:00.0000000-06:00,0.000000,,,0,,NOAA,2013-03-29T15:47:48.0770000-06:00,in
37,USC00051772,Snow,1973-09-20T00:00:00.0000000-06:00,0.000000,,,0,,NOAA,2013-03-29T15:47:48.0770000-06:00,in
37,USC00051772,Snow,1973-09-21T00:00:00.0000000-06:00,0.000000,,,0,,NOAA,2013-03-29T15:47:48.0770000-06:00,in
37,USC00051772,Snow,1973-09-22T00:00:00.0000000-06:00,0.000000,,,0,,NOAA,2013-03-29T15:47:48.0770000-06:00,in
37,USC00051772,Snow,1973-09-23T00:00:00.0000000-06:00,0.000000,,,0,,NOAA,2013-03-29T15:47:48.0770000-06:00,in
37,USC00051772,Snow,1973-09-24T00:00:00.0000000-06:00,0.000000,,,0,,NOAA,2013-03-29T15:47:48.0770000-06:00,in
37,USC00051772,Snow,1973-09-25T00:00:00.0000000-06:00,0.000000,,,0,,NOAA,2013-03-29T15:47:48.0770000-06:00,in
37,USC00051772,Snow,1973-09-26T00:00:00.0000000-06:00,0.000000,,,0,,NOAA,2013-03-29T15:47:48.0770000-06:00,in
37,USC00051772,Snow,1973-09-27T00:00:00.0000000-06:00,0.000000,,,0,,NOAA,2013-03-29T15:47:48.0770000-06:00,in
37,USC00051772,Snow,1973-09-28T00:00:00.0000000-06:00,0.000000,,,0,,NOAA,2013-03-29T15:47:48.0770000-06:00,in
37,USC00051772,Snow,1973-09-29T00:00:00.0000000-06:00,0.000000,,,0,,NOAA,2013-03-29T15:47:48.0770000-06:00,in
37,USC00051772,Snow,1973-09-30T00:00:00.0000000-06:00,0.000000,,,0,,NOAA,2013-03-29T15:47:48.0770000-06:00,in
37,USC00051772,Snow,1973-10-01T00:00:00.0000000-06:00,0.000000,,,0,,NOAA,2013-03-29T15:47:48.0770000-06:00,in
37,USC00051772,Snow,1973-10-02T00:00:00.0000000-06:00,0.000000,,,0,,NOAA,2013-03-29T15:47:48.0770000-06:00,in
37,USC00051772,Snow,1973-10-03T00:00:00.0000000-06:00,0.000000,,,0,,NOAA,2013-03-29T15:47:48.0770000-06:00,in
37,USC00051772,Snow,1973-10-04T00:00:00.0000000-06:00,0.000000,,,0,,NOAA,2013-03-29T15:47:48.0770000-06:00,in
37,USC00051772,Snow,1973-10-05T00:00:00.0000000-06:00,0.000000,,,0,,NOAA,2013-03-29T15:47:48.0770000-06:00,in
37,USC00051772,Snow,1973-10-06T00:00:00.0000000-06:00,0.000000,,,0,,NOAA,2013-03-29T15:47:48.0770000-06:00,in
37,USC00051772,Snow,1973-10-07T00:00:00.0000000-06:00,0.000000,,,0,,NOAA,2013-03-29T15:47:48.0770000-06:00,in
37,USC00051772,Snow,1973-10-08T00:00:00.0000000-06:00,0.000000,,,0,,NOAA,2013-03-29T15:47:48.0770000-06:00,in
37,USC00051772,Snow,1973-10-09T00:00:00.0000000-06:00,0.000000,,,0,,NOAA,2013-03-29T15:47:48.0770000-06:00,in
37,USC00051772,Snow,1973-10-10T00:00:00.0000000-06:00,0.000000,,,0,,NOAA,2013-03-29T15:47:48.0770000-06:00,in
37,USC00051772,Snow,1973-10-11T00:00:00.0000000-06:00,0.000000,,,0,,NOAA,2013-03-29T15:47:48.0770000-06:00,in
37,USC00051772,Snow,1973-10-12T00:00:00.0000000-06:00,0.000000,,,0,,NOAA,2013-03-29T15:47:48.0770000-06:00,in
37,USC00051772,Snow,1973-10-13T00:00:00.0000000-06:00,0.000000,,,0,,NOAA,2013-03-29T15:47:48.0770000-06:00,in
37,USC00051772,Snow,1973-10-14T00:00:00.0000000-06:00,0.000000,,,0,,NOAA,2013-03-29T15:47:48.0770000-06:00,in
37,USC00051772,Snow,1973-10-15T00:00:00.0000000-06:00,0.000000,,,0,,NOAA,2013-03-29T15:47:48.0770000-06:00,in
37,USC00051772,Snow,1973-10-16T00:00:00.0000000-06:00,0.000000,,,0,,NOAA,2013-03-29T15:47:48.0770000-06:00,in
37,USC00051772,Snow,1973-10-17T00:00:00.0000000-06:00,0.000000,,,0,,NOAA,2013-03-29T15:47:48.0770000-06:00,in
37,USC00051772,Snow,1973-10-18T00:00:00.0000000-06:00,0.000000,,,0,,NOAA,2013-03-29T15:47:48.0770000-06:00,in
37,USC00051772,Snow,1973-10-19T00:00:00.0000000-06:00,0.000000,,,0,,NOAA,2013-03-29T15:47:48.0770000-06:00,in
37,USC00051772,Snow,1973-10-20T00:00:00.0000000-06:00,0.000000,,,0,,NOAA,2013-03-29T15:47:48.0770000-06:00,in
37,USC00051772,Snow,1973-10-21T00:00:00.0000000-06:00,0.000000,,,0,,NOAA,2013-03-29T15:47:48.0770000-06:00,in
37,USC00051772,Snow,1973-10-22T00:00:00.0000000-06:00,0.000000,,,0,,NOAA,2013-03-29T15:47:48.0770000-06:00,in
37,USC00051772,Snow,1973-10-23T00:00:00.0000000-06:00,0.000000,,,0,,NOAA,2013-03-29T15:47:48.0770000-06:00,in
37,USC00051772,Snow,1973-10-24T00:00:00.0000000-06:00,0.000000,,,0,,NOAA,2013-03-29T15:47:48.0770000-06:00,in
37,USC00051772,Snow,1973-10-25T00:00:00.0000000-06:00,0.000000,,,0,,NOAA,2013-03-29T15:47:48.0770000-06:00,in
37,USC00051772,Snow,1973-10-26T00:00:00.0000000-06:00,0.000000,,,0,,NOAA,2013-03-29T15:47:48.0770000-06:00,in
37,USC00051772,Snow,1973-10-27T00:00:00.0000000-06:00,0.000000,,,0,,NOAA,2013-03-29T15:47:48.0770000-06:00,in
37,USC00051772,Snow,1973-10-28T00:00:00.0000000-06:00,0.000000,,,0,,NOAA,2013-03-29T15:47:48.0770000-06:00,in
37,USC00051772,Snow,1973-10-29T00:00:00.0000000-07:00,0.000000,,,0,,NOAA,2013-03-29T15:47:48.0770000-06:00,in
37,USC00051772,Snow,1973-10-30T00:00:00.0000000-07:00,0.000000,,,0,,NOAA,2013-03-29T15:47:48.0770000-06:00,in
37,USC00051772,Snow,1973-10-31T00:00:00.0000000-07:00,0.000000,,,0,,NOAA,2013-03-29T15:47:48.0770000-06:00,in
37,USC00051772,Snow,1973-12-01T00:00:00.0000000-07:00,0.000000,,,0,,NOAA,2013-03-29T15:47:48.0770000-06:00,in
37,USC00051772,Snow,1973-12-02T00:00:00.0000000-07:00,2.007874,,,0,,NOAA,2013-03-29T15:47:48.0770000-06:00,in
37,USC00051772,Snow,1973-12-03T00:00:00.0000000-07:00,0.000000,,,0,,NOAA,2013-03-29T15:47:48.0770000-06:00,in
37,USC00051772,Snow,1973-12-04T00:00:00.0000000-07:00,0.000000,,,0,,NOAA,2013-03-29T15:47:48.0770000-06:00,in
37,USC00051772,Snow,1973-12-05T00:00:00.0000000-07:00,0.000000,,,0,,NOAA,2013-03-29T15:47:48.0770000-06:00,in
37,USC00051772,Snow,1973-12-06T00:00:00.0000000-07:00,0.000000,,,0,,NOAA,2013-03-29T15:47:48.0770000-06:00,in
37,USC00051772,Snow,1973-12-07T00:00:00.0000000-07:00,0.000000,,,0,,NOAA,2013-03-29T15:47:48.0770000-06:00,in
37,USC00051772,Snow,1973-12-08T00:00:00.0000000-07:00,0.000000,,,0,,NOAA,2013-03-29T15:47:48.0770000-06:00,in
37,USC00051772,Snow,1973-12-09T00:00:00.0000000-07:00,0.000000,,,0,,NOAA,2013-03-29T15:47:48.0770000-06:00,in
37,USC00051772,Snow,1973-12-10T00:00:00.0000000-07:00,0.000000,,,0,,NOAA,2013-03-29T15:47:48.0770000-06:00,in
37,USC00051772,Snow,1973-12-11T00:00:00.0000000-07:00,0.000000,,,0,,NOAA,2013-03-29T15:47:48.0770000-06:00,in
37,USC00051772,Snow,1973-12-12T00:00:00.0000000-07:00,0.000000,,,0,,NOAA,2013-03-29T15:47:48.0770000-06:00,in
37,USC00051772,Snow,1973-12-13T00:00:00.0000000-07:00,0.984252,,,0,,NOAA,2013-03-29T15:47:48.0770000-06:00,in
37,USC00051772,Snow,1973-12-14T00:00:00.0000000-07:00,0.000000,,,0,,NOAA,2013-03-29T15:47:48.0770000-06:00,in
37,USC00051772,Snow,1973-12-15T00:00:00.0000000-07:00,0.000000,,,0,,NOAA,2013-03-29T15:47:48.0770000-06:00,in
37,USC00051772,Snow,1973-12-16T00:00:00.0000000-07:00,0.000000,,,0,,NOAA,2013-03-29T15:47:48.0770000-06:00,in
37,USC00051772,Snow,1973-12-17T00:00:00.0000000-07:00,0.000000,,,0,,NOAA,2013-03-29T15:47:48.0770000-06:00,in
37,USC00051772,Snow,1973-12-18T00:00:00.0000000-07:00,0.000000,,,0,,NOAA,2013-03-29T15:47:48.0770000-06:00,in
37,USC00051772,Snow,1973-12-19T00:00:00.0000000-07:00,0.000000,,,0,,NOAA,2013-03-29T15:47:48.0770000-06:00,in
37,USC00051772,Snow,1973-12-20T00:00:00.0000000-07:00,0.000000,,,0,,NOAA,2013-03-29T15:47:48.0770000-06:00,in
37,USC00051772,Snow,1973-12-21T00:00:00.0000000-07:00,0.000000,,,0,,NOAA,2013-03-29T15:47:48.0770000-06:00,in
37,USC00051772,Snow,1973-12-22T00:00:00.0000000-07:00,0.000000,,,0,,NOAA,2013-03-29T15:47:48.0770000-06:00,in
37,USC00051772,Snow,1973-12-23T00:00:00.0000000-07:00,0.000000,,,0,,NOAA,2013-03-29T15:47:48.0770000-06:00,in
37,USC00051772,Snow,1973-12-24T00:00:00.0000000-07:00,0.000000,,,0,,NOAA,2013-03-29T15:47:48.0770000-06:00,in
37,USC00051772,Snow,1973-12-25T00:00:00.0000000-07:00,0.000000,,,0,,NOAA,2013-03-29T15:47:48.0770000-06:00,in
37,USC00051772,Snow,1973-12-26T00:00:00.0000000-07:00,0.000000,,,0,,NOAA,2013-03-29T15:47:48.0770000-06:00,in
37,USC00051772,Snow,1973-12-27T00:00:00.0000000-07:00,0.000000,,,0,,NOAA,2013-03-29T15:47:48.0770000-06:00,in
37,USC00051772,Snow,1973-12-28T00:00:00.0000000-07:00,0.000000,,,0,,NOAA,2013-03-29T15:47:48.0770000-06:00,in
37,USC00051772,Snow,1973-12-29T00:00:00.0000000-07:00,0.000000,T,,0,,NOAA,2013-03-29T15:47:48.0770000-06:00,in
37,USC00051772,Snow,1973-12-31T00:00:00.0000000-07:00,0.000000,,,0,,NOAA,2013-03-29T15:47:48.0770000-06:00,in
37,USC00051772,Snow,1974-03-01T00:00:00.0000000-07:00,0.000000,,,0,,NOAA,2013-03-29T15:47:48.0770000-06:00,in
37,USC00051772,Snow,1974-03-02T00:00:00.0000000-07:00,0.000000,,,0,,NOAA,2013-03-29T15:47:48.0770000-06:00,in
37,USC00051772,Snow,1974-03-03T00:00:00.0000000-07:00,0.000000,,,0,,NOAA,2013-03-29T15:47:48.0770000-06:00,in
37,USC00051772,Snow,1974-03-04T00:00:00.0000000-07:00,0.000000,,,0,,NOAA,2013-03-29T15:47:48.0770000-06:00,in
37,USC00051772,Snow,1974-03-05T00:00:00.0000000-07:00,0.000000,,,0,,NOAA,2013-03-29T15:47:48.0770000-06:00,in
37,USC00051772,Snow,1974-03-06T00:00:00.0000000-07:00,0.000000,,,0,,NOAA,2013-03-29T15:47:48.0770000-06:00,in
37,USC00051772,Snow,1974-03-07T00:00:00.0000000-07:00,0.000000,,,0,,NOAA,2013-03-29T15:47:48.0770000-06:00,in
37,USC00051772,Snow,1974-03-08T00:00:00.0000000-07:00,0.000000,,,0,,NOAA,2013-03-29T15:47:48.0770000-06:00,in
37,USC00051772,Snow,1974-03-09T00:00:00.0000000-07:00,0.000000,,,0,,NOAA,2013-03-29T15:47:48.0770000-06:00,in
37,USC00051772,Snow,1974-03-10T00:00:00.0000000-07:00,0.000000,,,0,,NOAA,2013-03-29T15:47:48.0770000-06:00,in
37,USC00051772,Snow,1974-03-11T00:00:00.0000000-07:00,0.000000,,,0,,NOAA,2013-03-29T15:47:48.0770000-06:00,in
37,USC00051772,Snow,1974-03-12T00:00:00.0000000-07:00,0.000000,,,0,,NOAA,2013-03-29T15:47:48.0770000-06:00,in
37,USC00051772,Snow,1974-03-13T00:00:00.0000000-07:00,0.000000,,,0,,NOAA,2013-03-29T15:47:48.0770000-06:00,in
37,USC00051772,Snow,1974-03-14T00:00:00.0000000-07:00,0.000000,,,0,,NOAA,2013-03-29T15:47:48.0770000-06:00,in
37,USC00051772,Snow,1974-03-15T00:00:00.0000000-07:00,0.000000,,,0,,NOAA,2013-03-29T15:47:48.0770000-06:00,in
37,USC00051772,Snow,1974-03-16T00:00:00.0000000-07:00,0.000000,,,0,,NOAA,2013-03-29T15:47:48.0770000-06:00,in
37,USC00051772,Snow,1974-03-17T00:00:00.0000000-07:00,0.000000,,,0,,NOAA,2013-03-29T15:47:48.0770000-06:00,in
37,USC00051772,Snow,1974-03-18T00:00:00.0000000-07:00,0.000000,,,0,,NOAA,2013-03-29T15:47:48.0770000-06:00,in
37,USC00051772,Snow,1974-03-19T00:00:00.0000000-07:00,0.000000,,,0,,NOAA,2013-03-29T15:47:48.0770000-06:00,in
37,USC00051772,Snow,1974-03-20T00:00:00.0000000-07:00,0.000000,,,0,,NOAA,2013-03-29T15:47:48.0770000-06:00,in
37,USC00051772,Snow,1974-03-21T00:00:00.0000000-07:00,0.000000,,,0,,NOAA,2013-03-29T15:47:48.0770000-06:00,in
37,USC00051772,Snow,1974-03-22T00:00:00.0000000-07:00,0.000000,,,0,,NOAA,2013-03-29T15:47:48.0770000-06:00,in
37,USC00051772,Snow,1974-03-23T00:00:00.0000000-07:00,0.000000,,,0,,NOAA,2013-03-29T15:47:48.0770000-06:00,in
37,USC00051772,Snow,1974-03-24T00:00:00.0000000-07:00,0.000000,,,0,,NOAA,2013-03-29T15:47:48.0770000-06:00,in
37,USC00051772,Snow,1974-03-25T00:00:00.0000000-07:00,0.000000,,,0,,NOAA,2013-03-29T15:47:48.0770000-06:00,in
37,USC00051772,Snow,1974-03-26T00:00:00.0000000-07:00,0.000000,,,0,,NOAA,2013-03-29T15:47:48.0770000-06:00,in
37,USC00051772,Snow,1974-03-27T00:00:00.0000000-07:00,0.000000,,,0,,NOAA,2013-03-29T15:47:48.0770000-06:00,in
37,USC00051772,Snow,1974-03-28T00:00:00.0000000-07:00,0.000000,,,0,,NOAA,2013-03-29T15:47:48.0770000-06:00,in
37,USC00051772,Snow,1974-03-29T00:00:00.0000000-07:00,0.000000,,,0,,NOAA,2013-03-29T15:47:48.0770000-06:00,in
37,USC00051772,Snow,1974-03-30T00:00:00.0000000-07:00,0.000000,,,0,,NOAA,2013-03-29T15:47:48.0770000-06:00,in
37,USC00051772,Snow,1974-03-31T00:00:00.0000000-07:00,0.984252,,,0,,NOAA,2013-03-29T15:47:48.0770000-06:00,in
37,USC00051772,Snow,1974-05-01T00:00:00.0000000-06:00,0.000000,,,0,,NOAA,2013-03-29T15:47:48.0770000-06:00,in
37,USC00051772,Snow,1974-05-02T00:00:00.0000000-06:00,0.000000,,,0,,NOAA,2013-03-29T15:47:48.0770000-06:00,in
37,USC00051772,Snow,1974-05-03T00:00:00.0000000-06:00,0.000000,,,0,,NOAA,2013-03-29T15:47:48.0770000-06:00,in
37,USC00051772,Snow,1974-05-04T00:00:00.0000000-06:00,0.000000,,,0,,NOAA,2013-03-29T15:47:48.0770000-06:00,in
37,USC00051772,Snow,1974-05-05T00:00:00.0000000-06:00,0.000000,,,0,,NOAA,2013-03-29T15:47:48.0770000-06:00,in
37,USC00051772,Snow,1974-05-06T00:00:00.0000000-06:00,0.000000,,,0,,NOAA,2013-03-29T15:47:48.0770000-06:00,in
37,USC00051772,Snow,1974-05-07T00:00:00.0000000-06:00,0.000000,,,0,,NOAA,2013-03-29T15:47:48.0770000-06:00,in
37,USC00051772,Snow,1974-05-08T00:00:00.0000000-06:00,0.000000,,,0,,NOAA,2013-03-29T15:47:48.0770000-06:00,in
37,USC00051772,Snow,1974-05-09T00:00:00.0000000-06:00,0.000000,,,0,,NOAA,2013-03-29T15:47:48.0770000-06:00,in
37,USC00051772,Snow,1974-05-10T00:00:00.0000000-06:00,0.000000,,,0,,NOAA,2013-03-29T15:47:48.0770000-06:00,in
37,USC00051772,Snow,1974-05-11T00:00:00.0000000-06:00,0.000000,,,0,,NOAA,2013-03-29T15:47:48.0770000-06:00,in
37,USC00051772,Snow,1974-05-12T00:00:00.0000000-06:00,0.000000,,,0,,NOAA,2013-03-29T15:47:48.0770000-06:00,in
37,USC00051772,Snow,1974-05-13T00:00:00.0000000-06:00,0.000000,,,0,,NOAA,2013-03-29T15:47:48.0770000-06:00,in
37,USC00051772,Snow,1974-05-14T00:00:00.0000000-06:00,0.000000,,,0,,NOAA,2013-03-29T15:47:48.0770000-06:00,in
37,USC00051772,Snow,1974-05-15T00:00:00.0000000-06:00,0.000000,,,0,,NOAA,2013-03-29T15:47:48.0770000-06:00,in
37,USC00051772,Snow,1974-05-16T00:00:00.0000000-06:00,0.000000,,,0,,NOAA,2013-03-29T15:47:48.0770000-06:00,in
37,USC00051772,Snow,1974-05-17T00:00:00.0000000-06:00,0.000000,,,0,,NOAA,2013-03-29T15:47:48.0770000-06:00,in
37,USC00051772,Snow,1974-05-18T00:00:00.0000000-06:00,0.000000,,,0,,NOAA,2013-03-29T15:47:48.0770000-06:00,in
37,USC00051772,Snow,1974-05-19T00:00:00.0000000-06:00,0.000000,,,0,,NOAA,2013-03-29T15:47:48.0770000-06:00,in
37,USC00051772,Snow,1974-05-20T00:00:00.0000000-06:00,0.000000,,,0,,NOAA,2013-03-29T15:47:48.0770000-06:00,in
37,USC00051772,Snow,1974-05-21T00:00:00.0000000-06:00,0.000000,,,0,,NOAA,2013-03-29T15:47:48.0770000-06:00,in
37,USC00051772,Snow,1974-05-22T00:00:00.0000000-06:00,0.000000,,,0,,NOAA,2013-03-29T15:47:48.0770000-06:00,in
37,USC00051772,Snow,1974-05-23T00:00:00.0000000-06:00,0.000000,,,0,,NOAA,2013-03-29T15:47:48.0770000-06:00,in
37,USC00051772,Snow,1974-05-24T00:00:00.0000000-06:00,0.000000,,,0,,NOAA,2013-03-29T15:47:48.0770000-06:00,in
37,USC00051772,Snow,1974-05-25T00:00:00.0000000-06:00,0.000000,,,0,,NOAA,2013-03-29T15:47:48.0770000-06:00,in
37,USC00051772,Snow,1974-05-26T00:00:00.0000000-06:00,0.000000,,,0,,NOAA,2013-03-29T15:47:48.0770000-06:00,in
37,USC00051772,Snow,1974-05-27T00:00:00.0000000-06:00,0.000000,,,0,,NOAA,2013-03-29T15:47:48.0770000-06:00,in
37,USC00051772,Snow,1974-05-28T00:00:00.0000000-06:00,0.000000,,,0,,NOAA,2013-03-29T15:47:48.0770000-06:00,in
37,USC00051772,Snow,1974-05-29T00:00:00.0000000-06:00,0.000000,,,0,,NOAA,2013-03-29T15:47:48.0770000-06:00,in
37,USC00051772,Snow,1974-05-30T00:00:00.0000000-06:00,0.000000,,,0,,NOAA,2013-03-29T15:47:48.0770000-06:00,in
37,USC00051772,Snow,1974-05-31T00:00:00.0000000-06:00,0.000000,,,0,,NOAA,2013-03-29T15:47:48.0770000-06:00,in
37,USC00051772,Snow,1974-06-01T00:00:00.0000000-06:00,0.000000,,,0,,NOAA,2013-03-29T15:47:48.0770000-06:00,in
37,USC00051772,Snow,1974-06-02T00:00:00.0000000-06:00,0.000000,,,0,,NOAA,2013-03-29T15:47:48.0770000-06:00,in
37,USC00051772,Snow,1974-06-03T00:00:00.0000000-06:00,0.000000,,,0,,NOAA,2013-03-29T15:47:48.0770000-06:00,in
37,USC00051772,Snow,1974-06-04T00:00:00.0000000-06:00,0.000000,,,0,,NOAA,2013-03-29T15:47:48.0770000-06:00,in
37,USC00051772,Snow,1974-06-05T00:00:00.0000000-06:00,0.000000,,,0,,NOAA,2013-03-29T15:47:48.0770000-06:00,in
37,USC00051772,Snow,1974-06-06T00:00:00.0000000-06:00,0.000000,,,0,,NOAA,2013-03-29T15:47:48.0770000-06:00,in
37,USC00051772,Snow,1974-06-07T00:00:00.0000000-06:00,0.000000,,,0,,NOAA,2013-03-29T15:47:48.0770000-06:00,in
37,USC00051772,Snow,1974-06-08T00:00:00.0000000-06:00,0.000000,,,0,,NOAA,2013-03-29T15:47:48.0770000-06:00,in
37,USC00051772,Snow,1974-06-09T00:00:00.0000000-06:00,0.000000,,,0,,NOAA,2013-03-29T15:47:48.0770000-06:00,in
37,USC00051772,Snow,1974-06-10T00:00:00.0000000-06:00,0.000000,,,0,,NOAA,2013-03-29T15:47:48.0770000-06:00,in
37,USC00051772,Snow,1974-06-11T00:00:00.0000000-06:00,0.000000,,,0,,NOAA,2013-03-29T15:47:48.0770000-06:00,in
37,USC00051772,Snow,1974-06-12T00:00:00.0000000-06:00,0.000000,,,0,,NOAA,2013-03-29T15:47:48.0770000-06:00,in
37,USC00051772,Snow,1974-06-13T00:00:00.0000000-06:00,0.000000,,,0,,NOAA,2013-03-29T15:47:48.0770000-06:00,in
37,USC00051772,Snow,1974-06-14T00:00:00.0000000-06:00,0.000000,,,0,,NOAA,2013-03-29T15:47:48.0770000-06:00,in
37,USC00051772,Snow,1974-06-15T00:00:00.0000000-06:00,0.000000,,,0,,NOAA,2013-03-29T15:47:48.0770000-06:00,in
37,USC00051772,Snow,1974-06-16T00:00:00.0000000-06:00,0.000000,,,0,,NOAA,2013-03-29T15:47:48.0770000-06:00,in
37,USC00051772,Snow,1974-06-17T00:00:00.0000000-06:00,0.000000,,,0,,NOAA,2013-03-29T15:47:48.0770000-06:00,in
37,USC00051772,Snow,1974-06-18T00:00:00.0000000-06:00,0.000000,,,0,,NOAA,2013-03-29T15:47:48.0770000-06:00,in
37,USC00051772,Snow,1974-06-19T00:00:00.0000000-06:00,0.000000,,,0,,NOAA,2013-03-29T15:47:48.0770000-06:00,in
37,USC00051772,Snow,1974-06-20T00:00:00.0000000-06:00,0.000000,,,0,,NOAA,2013-03-29T15:47:48.0770000-06:00,in
37,USC00051772,Snow,1974-06-21T00:00:00.0000000-06:00,0.000000,,,0,,NOAA,2013-03-29T15:47:48.0770000-06:00,in
37,USC00051772,Snow,1974-06-22T00:00:00.0000000-06:00,0.000000,,,0,,NOAA,2013-03-29T15:47:48.0770000-06:00,in
37,USC00051772,Snow,1974-06-23T00:00:00.0000000-06:00,0.000000,,,0,,NOAA,2013-03-29T15:47:48.0770000-06:00,in
37,USC00051772,Snow,1974-06-24T00:00:00.0000000-06:00,0.000000,,,0,,NOAA,2013-03-29T15:47:48.0770000-06:00,in
37,USC00051772,Snow,1974-06-25T00:00:00.0000000-06:00,0.000000,,,0,,NOAA,2013-03-29T15:47:48.0770000-06:00,in
37,USC00051772,Snow,1974-06-26T00:00:00.0000000-06:00,0.000000,,,0,,NOAA,2013-03-29T15:47:48.0770000-06:00,in
37,USC00051772,Snow,1974-06-27T00:00:00.0000000-06:00,0.000000,,,0,,NOAA,2013-03-29T15:47:48.0770000-06:00,in
37,USC00051772,Snow,1974-06-28T00:00:00.0000000-06:00,0.000000,,,0,,NOAA,2013-03-29T15:47:48.0770000-06:00,in
37,USC00051772,Snow,1974-06-29T00:00:00.0000000-06:00,0.000000,,,0,,NOAA,2013-03-29T15:47:48.0770000-06:00,in
37,USC00051772,Snow,1974-06-30T00:00:00.0000000-06:00,0.000000,,,0,,NOAA,2013-03-29T15:47:48.0770000-06:00,in
37,USC00051772,Snow,1974-07-01T00:00:00.0000000-06:00,0.000000,,,0,,NOAA,2013-03-29T15:47:48.0770000-06:00,in
37,USC00051772,Snow,1974-07-02T00:00:00.0000000-06:00,0.000000,,,0,,NOAA,2013-03-29T15:47:48.0770000-06:00,in
37,USC00051772,Snow,1974-07-03T00:00:00.0000000-06:00,0.000000,,,0,,NOAA,2013-03-29T15:47:48.0770000-06:00,in
37,USC00051772,Snow,1974-07-04T00:00:00.0000000-06:00,0.000000,,,0,,NOAA,2013-03-29T15:47:48.0770000-06:00,in
37,USC00051772,Snow,1974-07-05T00:00:00.0000000-06:00,0.000000,,,0,,NOAA,2013-03-29T15:47:48.0770000-06:00,in
37,USC00051772,Snow,1974-07-06T00:00:00.0000000-06:00,0.000000,,,0,,NOAA,2013-03-29T15:47:48.0770000-06:00,in
37,USC00051772,Snow,1974-07-07T00:00:00.0000000-06:00,0.000000,,,0,,NOAA,2013-03-29T15:47:48.0770000-06:00,in
37,USC00051772,Snow,1974-07-08T00:00:00.0000000-06:00,0.000000,,,0,,NOAA,2013-03-29T15:47:48.0770000-06:00,in
37,USC00051772,Snow,1974-07-09T00:00:00.0000000-06:00,0.000000,,,0,,NOAA,2013-03-29T15:47:48.0770000-06:00,in
37,USC00051772,Snow,1974-07-10T00:00:00.0000000-06:00,0.000000,,,0,,NOAA,2013-03-29T15:47:48.0770000-06:00,in
37,USC00051772,Snow,1974-07-11T00:00:00.0000000-06:00,0.000000,,,0,,NOAA,2013-03-29T15:47:48.0770000-06:00,in
37,USC00051772,Snow,1974-07-12T00:00:00.0000000-06:00,0.000000,,,0,,NOAA,2013-03-29T15:47:48.0770000-06:00,in
37,USC00051772,Snow,1974-07-13T00:00:00.0000000-06:00,0.000000,,,0,,NOAA,2013-03-29T15:47:48.0770000-06:00,in
37,USC00051772,Snow,1974-07-14T00:00:00.0000000-06:00,0.000000,,,0,,NOAA,2013-03-29T15:47:48.0770000-06:00,in
37,USC00051772,Snow,1974-07-15T00:00:00.0000000-06:00,0.000000,,,0,,NOAA,2013-03-29T15:47:48.0770000-06:00,in
37,USC00051772,Snow,1974-07-16T00:00:00.0000000-06:00,0.000000,,,0,,NOAA,2013-03-29T15:47:48.0770000-06:00,in
37,USC00051772,Snow,1974-07-17T00:00:00.0000000-06:00,0.000000,,,0,,NOAA,2013-03-29T15:47:48.0770000-06:00,in
37,USC00051772,Snow,1974-07-18T00:00:00.0000000-06:00,0.000000,,,0,,NOAA,2013-03-29T15:47:48.0770000-06:00,in
37,USC00051772,Snow,1974-07-19T00:00:00.0000000-06:00,0.000000,,,0,,NOAA,2013-03-29T15:47:48.0770000-06:00,in
37,USC00051772,Snow,1974-07-20T00:00:00.0000000-06:00,0.000000,,,0,,NOAA,2013-03-29T15:47:48.0770000-06:00,in
37,USC00051772,Snow,1974-07-21T00:00:00.0000000-06:00,0.000000,,,0,,NOAA,2013-03-29T15:47:48.0770000-06:00,in
37,USC00051772,Snow,1974-07-22T00:00:00.0000000-06:00,0.000000,,,0,,NOAA,2013-03-29T15:47:48.0770000-06:00,in
37,USC00051772,Snow,1974-07-23T00:00:00.0000000-06:00,0.000000,,,0,,NOAA,2013-03-29T15:47:48.0770000-06:00,in
37,USC00051772,Snow,1974-07-24T00:00:00.0000000-06:00,0.000000,,,0,,NOAA,2013-03-29T15:47:48.0770000-06:00,in
37,USC00051772,Snow,1974-07-25T00:00:00.0000000-06:00,0.000000,,,0,,NOAA,2013-03-29T15:47:48.0770000-06:00,in
37,USC00051772,Snow,1974-07-26T00:00:00.0000000-06:00,0.000000,,,0,,NOAA,2013-03-29T15:47:48.0770000-06:00,in
37,USC00051772,Snow,1974-07-27T00:00:00.0000000-06:00,0.000000,,,0,,NOAA,2013-03-29T15:47:48.0770000-06:00,in
37,USC00051772,Snow,1974-07-28T00:00:00.0000000-06:00,0.000000,,,0,,NOAA,2013-03-29T15:47:48.0770000-06:00,in
37,USC00051772,Snow,1974-07-29T00:00:00.0000000-06:00,0.000000,,,0,,NOAA,2013-03-29T15:47:48.0770000-06:00,in
37,USC00051772,Snow,1974-07-30T00:00:00.0000000-06:00,0.000000,,,0,,NOAA,2013-03-29T15:47:48.0770000-06:00,in
37,USC00051772,Snow,1974-07-31T00:00:00.0000000-06:00,0.000000,,,0,,NOAA,2013-03-29T15:47:48.0770000-06:00,in
37,USC00051772,Snow,1974-08-01T00:00:00.0000000-06:00,0.000000,,,0,,NOAA,2013-03-29T15:47:48.0770000-06:00,in
37,USC00051772,Snow,1974-08-02T00:00:00.0000000-06:00,0.000000,,,0,,NOAA,2013-03-29T15:47:48.0770000-06:00,in
37,USC00051772,Snow,1974-08-03T00:00:00.0000000-06:00,0.000000,,,0,,NOAA,2013-03-29T15:47:48.0770000-06:00,in
37,USC00051772,Snow,1974-08-04T00:00:00.0000000-06:00,0.000000,,,0,,NOAA,2013-03-29T15:47:48.0770000-06:00,in
37,USC00051772,Snow,1974-08-05T00:00:00.0000000-06:00,0.000000,,,0,,NOAA,2013-03-29T15:47:48.0770000-06:00,in
37,USC00051772,Snow,1974-08-06T00:00:00.0000000-06:00,0.000000,,,0,,NOAA,2013-03-29T15:47:48.0770000-06:00,in
37,USC00051772,Snow,1974-08-07T00:00:00.0000000-06:00,0.000000,,,0,,NOAA,2013-03-29T15:47:48.0770000-06:00,in
37,USC00051772,Snow,1974-08-08T00:00:00.0000000-06:00,0.000000,,,0,,NOAA,2013-03-29T15:47:48.0770000-06:00,in
37,USC00051772,Snow,1974-08-09T00:00:00.0000000-06:00,0.000000,,,0,,NOAA,2013-03-29T15:47:48.0770000-06:00,in
37,USC00051772,Snow,1974-08-10T00:00:00.0000000-06:00,0.000000,,,0,,NOAA,2013-03-29T15:47:48.0770000-06:00,in
37,USC00051772,Snow,1974-08-11T00:00:00.0000000-06:00,0.000000,,,0,,NOAA,2013-03-29T15:47:48.0770000-06:00,in
37,USC00051772,Snow,1974-08-12T00:00:00.0000000-06:00,0.000000,,,0,,NOAA,2013-03-29T15:47:48.0770000-06:00,in
37,USC00051772,Snow,1974-08-13T00:00:00.0000000-06:00,0.000000,,,0,,NOAA,2013-03-29T15:47:48.0770000-06:00,in
37,USC00051772,Snow,1974-08-14T00:00:00.0000000-06:00,0.000000,,,0,,NOAA,2013-03-29T15:47:48.0770000-06:00,in
37,USC00051772,Snow,1974-08-15T00:00:00.0000000-06:00,0.000000,,,0,,NOAA,2013-03-29T15:47:48.0770000-06:00,in
37,USC00051772,Snow,1974-08-16T00:00:00.0000000-06:00,0.000000,,,0,,NOAA,2013-03-29T15:47:48.0770000-06:00,in
37,USC00051772,Snow,1974-08-17T00:00:00.0000000-06:00,0.000000,,,0,,NOAA,2013-03-29T15:47:48.0770000-06:00,in
37,USC00051772,Snow,1974-08-18T00:00:00.0000000-06:00,0.000000,,,0,,NOAA,2013-03-29T15:47:48.0770000-06:00,in
37,USC00051772,Snow,1974-08-19T00:00:00.0000000-06:00,0.000000,,,0,,NOAA,2013-03-29T15:47:48.0770000-06:00,in
37,USC00051772,Snow,1974-08-20T00:00:00.0000000-06:00,0.000000,,,0,,NOAA,2013-03-29T15:47:48.0770000-06:00,in
37,USC00051772,Snow,1974-08-21T00:00:00.0000000-06:00,0.000000,,,0,,NOAA,2013-03-29T15:47:48.0770000-06:00,in
37,USC00051772,Snow,1974-08-22T00:00:00.0000000-06:00,0.000000,,,0,,NOAA,2013-03-29T15:47:48.0770000-06:00,in
37,USC00051772,Snow,1974-08-23T00:00:00.0000000-06:00,0.000000,,,0,,NOAA,2013-03-29T15:47:48.0770000-06:00,in
37,USC00051772,Snow,1974-08-24T00:00:00.0000000-06:00,0.000000,,,0,,NOAA,2013-03-29T15:47:48.0770000-06:00,in
37,USC00051772,Snow,1974-08-25T00:00:00.0000000-06:00,0.000000,,,0,,NOAA,2013-03-29T15:47:48.0770000-06:00,in
37,USC00051772,Snow,1974-08-26T00:00:00.0000000-06:00,0.000000,,,0,,NOAA,2013-03-29T15:47:48.0770000-06:00,in
37,USC00051772,Snow,1974-08-27T00:00:00.0000000-06:00,0.000000,,,0,,NOAA,2013-03-29T15:47:48.0770000-06:00,in
37,USC00051772,Snow,1974-08-28T00:00:00.0000000-06:00,0.000000,,,0,,NOAA,2013-03-29T15:47:48.0770000-06:00,in
37,USC00051772,Snow,1974-08-29T00:00:00.0000000-06:00,0.000000,,,0,,NOAA,2013-03-29T15:47:48.0770000-06:00,in
37,USC00051772,Snow,1974-08-30T00:00:00.0000000-06:00,0.000000,,,0,,NOAA,2013-03-29T15:47:48.0770000-06:00,in
37,USC00051772,Snow,1974-08-31T00:00:00.0000000-06:00,0.000000,,,0,,NOAA,2013-03-29T15:47:48.0770000-06:00,in
37,USC00051772,Snow,1974-09-01T00:00:00.0000000-06:00,0.000000,,,0,,NOAA,2013-03-29T15:47:48.0770000-06:00,in
37,USC00051772,Snow,1974-09-02T00:00:00.0000000-06:00,0.000000,,,0,,NOAA,2013-03-29T15:47:48.0770000-06:00,in
37,USC00051772,Snow,1974-09-03T00:00:00.0000000-06:00,0.000000,,,0,,NOAA,2013-03-29T15:47:48.0770000-06:00,in
37,USC00051772,Snow,1974-09-04T00:00:00.0000000-06:00,0.000000,,,0,,NOAA,2013-03-29T15:47:48.0770000-06:00,in
37,USC00051772,Snow,1974-09-05T00:00:00.0000000-06:00,0.000000,,,0,,NOAA,2013-03-29T15:47:48.0770000-06:00,in
37,USC00051772,Snow,1974-09-06T00:00:00.0000000-06:00,0.000000,,,0,,NOAA,2013-03-29T15:47:48.0770000-06:00,in
37,USC00051772,Snow,1974-09-07T00:00:00.0000000-06:00,0.000000,,,0,,NOAA,2013-03-29T15:47:48.0770000-06:00,in
37,USC00051772,Snow,1974-09-08T00:00:00.0000000-06:00,0.000000,,,0,,NOAA,2013-03-29T15:47:48.0770000-06:00,in
37,USC00051772,Snow,1974-09-09T00:00:00.0000000-06:00,0.000000,,,0,,NOAA,2013-03-29T15:47:48.0770000-06:00,in
37,USC00051772,Snow,1974-09-10T00:00:00.0000000-06:00,0.000000,,,0,,NOAA,2013-03-29T15:47:48.0770000-06:00,in
37,USC00051772,Snow,1974-09-11T00:00:00.0000000-06:00,0.000000,,,0,,NOAA,2013-03-29T15:47:48.0770000-06:00,in
37,USC00051772,Snow,1974-09-12T00:00:00.0000000-06:00,0.000000,,,0,,NOAA,2013-03-29T15:47:48.0770000-06:00,in
37,USC00051772,Snow,1974-09-13T00:00:00.0000000-06:00,0.000000,,,0,,NOAA,2013-03-29T15:47:48.0770000-06:00,in
37,USC00051772,Snow,1974-09-14T00:00:00.0000000-06:00,0.000000,,,0,,NOAA,2013-03-29T15:47:48.0770000-06:00,in
37,USC00051772,Snow,1974-09-15T00:00:00.0000000-06:00,0.000000,,,0,,NOAA,2013-03-29T15:47:48.0770000-06:00,in
37,USC00051772,Snow,1974-09-16T00:00:00.0000000-06:00,0.000000,,,0,,NOAA,2013-03-29T15:47:48.0770000-06:00,in
37,USC00051772,Snow,1974-09-17T00:00:00.0000000-06:00,0.000000,,,0,,NOAA,2013-03-29T15:47:48.0770000-06:00,in
37,USC00051772,Snow,1974-09-18T00:00:00.0000000-06:00,0.000000,,,0,,NOAA,2013-03-29T15:47:48.0770000-06:00,in
37,USC00051772,Snow,1974-09-19T00:00:00.0000000-06:00,0.000000,,,0,,NOAA,2013-03-29T15:47:48.0770000-06:00,in
37,USC00051772,Snow,1974-09-20T00:00:00.0000000-06:00,0.000000,,,0,,NOAA,2013-03-29T15:47:48.0770000-06:00,in
37,USC00051772,Snow,1974-09-21T00:00:00.0000000-06:00,0.000000,,,0,,NOAA,2013-03-29T15:47:48.0770000-06:00,in
37,USC00051772,Snow,1974-09-22T00:00:00.0000000-06:00,0.000000,,,0,,NOAA,2013-03-29T15:47:48.0770000-06:00,in
37,USC00051772,Snow,1974-09-23T00:00:00.0000000-06:00,0.000000,,,0,,NOAA,2013-03-29T15:47:48.0770000-06:00,in
37,USC00051772,Snow,1974-09-24T00:00:00.0000000-06:00,0.000000,,,0,,NOAA,2013-03-29T15:47:48.0770000-06:00,in
37,USC00051772,Snow,1974-09-25T00:00:00.0000000-06:00,0.000000,,,0,,NOAA,2013-03-29T15:47:48.0770000-06:00,in
37,USC00051772,Snow,1974-09-26T00:00:00.0000000-06:00,0.000000,,,0,,NOAA,2013-03-29T15:47:48.0770000-06:00,in
37,USC00051772,Snow,1974-09-27T00:00:00.0000000-06:00,0.000000,,,0,,NOAA,2013-03-29T15:47:48.0770000-06:00,in
37,USC00051772,Snow,1974-09-28T00:00:00.0000000-06:00,0.000000,,,0,,NOAA,2013-03-29T15:47:48.0770000-06:00,in
37,USC00051772,Snow,1974-09-29T00:00:00.0000000-06:00,0.000000,,,0,,NOAA,2013-03-29T15:47:48.0770000-06:00,in
37,USC00051772,Snow,1974-09-30T00:00:00.0000000-06:00,0.000000,,,0,,NOAA,2013-03-29T15:47:48.0770000-06:00,in
37,USC00051772,Snow,1974-10-01T00:00:00.0000000-06:00,0.000000,,,0,,NOAA,2013-03-29T15:47:48.0770000-06:00,in
37,USC00051772,Snow,1974-10-02T00:00:00.0000000-06:00,0.000000,,,0,,NOAA,2013-03-29T15:47:48.0770000-06:00,in
37,USC00051772,Snow,1974-10-03T00:00:00.0000000-06:00,0.000000,,,0,,NOAA,2013-03-29T15:47:48.0770000-06:00,in
37,USC00051772,Snow,1974-10-04T00:00:00.0000000-06:00,0.000000,,,0,,NOAA,2013-03-29T15:47:48.0770000-06:00,in
37,USC00051772,Snow,1974-10-05T00:00:00.0000000-06:00,0.000000,,,0,,NOAA,2013-03-29T15:47:48.0770000-06:00,in
37,USC00051772,Snow,1974-10-06T00:00:00.0000000-06:00,0.000000,,,0,,NOAA,2013-03-29T15:47:48.0770000-06:00,in
37,USC00051772,Snow,1974-10-07T00:00:00.0000000-06:00,0.000000,,,0,,NOAA,2013-03-29T15:47:48.0770000-06:00,in
37,USC00051772,Snow,1974-10-08T00:00:00.0000000-06:00,0.000000,,,0,,NOAA,2013-03-29T15:47:48.0770000-06:00,in
37,USC00051772,Snow,1974-10-09T00:00:00.0000000-06:00,0.000000,,,0,,NOAA,2013-03-29T15:47:48.0770000-06:00,in
37,USC00051772,Snow,1974-10-10T00:00:00.0000000-06:00,0.000000,,,0,,NOAA,2013-03-29T15:47:48.0770000-06:00,in
37,USC00051772,Snow,1974-10-11T00:00:00.0000000-06:00,0.000000,,,0,,NOAA,2013-03-29T15:47:48.0770000-06:00,in
37,USC00051772,Snow,1974-10-12T00:00:00.0000000-06:00,0.000000,,,0,,NOAA,2013-03-29T15:47:48.0770000-06:00,in
37,USC00051772,Snow,1974-10-13T00:00:00.0000000-06:00,0.000000,,,0,,NOAA,2013-03-29T15:47:48.0770000-06:00,in
37,USC00051772,Snow,1974-10-14T00:00:00.0000000-06:00,0.000000,,,0,,NOAA,2013-03-29T15:47:48.0770000-06:00,in
37,USC00051772,Snow,1974-10-15T00:00:00.0000000-06:00,0.000000,,,0,,NOAA,2013-03-29T15:47:48.0770000-06:00,in
37,USC00051772,Snow,1974-10-16T00:00:00.0000000-06:00,0.000000,,,0,,NOAA,2013-03-29T15:47:48.0770000-06:00,in
37,USC00051772,Snow,1974-10-17T00:00:00.0000000-06:00,0.000000,,,0,,NOAA,2013-03-29T15:47:48.0770000-06:00,in
37,USC00051772,Snow,1974-10-18T00:00:00.0000000-06:00,0.000000,,,0,,NOAA,2013-03-29T15:47:48.0770000-06:00,in
37,USC00051772,Snow,1974-10-19T00:00:00.0000000-06:00,0.000000,,,0,,NOAA,2013-03-29T15:47:48.0770000-06:00,in
37,USC00051772,Snow,1974-10-20T00:00:00.0000000-06:00,0.000000,,,0,,NOAA,2013-03-29T15:47:48.0770000-06:00,in
37,USC00051772,Snow,1974-10-21T00:00:00.0000000-06:00,0.000000,,,0,,NOAA,2013-03-29T15:47:48.0770000-06:00,in
37,USC00051772,Snow,1974-10-22T00:00:00.0000000-06:00,0.000000,,,0,,NOAA,2013-03-29T15:47:48.0770000-06:00,in
37,USC00051772,Snow,1974-10-23T00:00:00.0000000-06:00,0.000000,,,0,,NOAA,2013-03-29T15:47:48.0770000-06:00,in
37,USC00051772,Snow,1974-10-24T00:00:00.0000000-06:00,0.000000,,,0,,NOAA,2013-03-29T15:47:48.0770000-06:00,in
37,USC00051772,Snow,1974-10-25T00:00:00.0000000-06:00,0.000000,,,0,,NOAA,2013-03-29T15:47:48.0770000-06:00,in
37,USC00051772,Snow,1974-10-26T00:00:00.0000000-06:00,0.000000,,,0,,NOAA,2013-03-29T15:47:48.0770000-06:00,in
37,USC00051772,Snow,1974-10-27T00:00:00.0000000-06:00,0.000000,,,0,,NOAA,2013-03-29T15:47:48.0770000-06:00,in
37,USC00051772,Snow,1974-10-28T00:00:00.0000000-07:00,0.000000,,,0,,NOAA,2013-03-29T15:47:48.0770000-06:00,in
37,USC00051772,Snow,1974-10-29T00:00:00.0000000-07:00,0.000000,,,0,,NOAA,2013-03-29T15:47:48.0770000-06:00,in
37,USC00051772,Snow,1974-10-30T00:00:00.0000000-07:00,0.000000,,,0,,NOAA,2013-03-29T15:47:48.0770000-06:00,in
37,USC00051772,Snow,1974-10-31T00:00:00.0000000-07:00,0.000000,,,0,,NOAA,2013-03-29T15:47:48.0770000-06:00,in
37,USC00051772,Snow,1974-11-01T00:00:00.0000000-07:00,0.000000,,,0,,NOAA,2013-03-29T15:47:48.0770000-06:00,in
37,USC00051772,Snow,1974-11-02T00:00:00.0000000-07:00,0.000000,,,0,,NOAA,2013-03-29T15:47:48.0770000-06:00,in
37,USC00051772,Snow,1974-11-03T00:00:00.0000000-07:00,0.000000,,,0,,NOAA,2013-03-29T15:47:48.0770000-06:00,in
37,USC00051772,Snow,1974-11-04T00:00:00.0000000-07:00,0.000000,,,0,,NOAA,2013-03-29T15:47:48.0770000-06:00,in
37,USC00051772,Snow,1974-11-05T00:00:00.0000000-07:00,0.000000,,,0,,NOAA,2013-03-29T15:47:48.0770000-06:00,in
37,USC00051772,Snow,1974-11-06T00:00:00.0000000-07:00,0.000000,,,0,,NOAA,2013-03-29T15:47:48.0770000-06:00,in
37,USC00051772,Snow,1974-11-07T00:00:00.0000000-07:00,0.000000,,,0,,NOAA,2013-03-29T15:47:48.0770000-06:00,in
37,USC00051772,Snow,1974-11-08T00:00:00.0000000-07:00,0.000000,,,0,,NOAA,2013-03-29T15:47:48.0770000-06:00,in
37,USC00051772,Snow,1974-11-09T00:00:00.0000000-07:00,0.000000,,,0,,NOAA,2013-03-29T15:47:48.0770000-06:00,in
37,USC00051772,Snow,1974-11-10T00:00:00.0000000-07:00,0.000000,,,0,,NOAA,2013-03-29T15:47:48.0770000-06:00,in
37,USC00051772,Snow,1974-11-11T00:00:00.0000000-07:00,0.000000,,,0,,NOAA,2013-03-29T15:47:48.0770000-06:00,in
37,USC00051772,Snow,1974-11-12T00:00:00.0000000-07:00,0.000000,,,0,,NOAA,2013-03-29T15:47:48.0770000-06:00,in
37,USC00051772,Snow,1974-11-13T00:00:00.0000000-07:00,0.000000,,,0,,NOAA,2013-03-29T15:47:48.0770000-06:00,in
37,USC00051772,Snow,1974-11-14T00:00:00.0000000-07:00,0.000000,,,0,,NOAA,2013-03-29T15:47:48.0770000-06:00,in
37,USC00051772,Snow,1974-11-15T00:00:00.0000000-07:00,0.000000,,,0,,NOAA,2013-03-29T15:47:48.0770000-06:00,in
37,USC00051772,Snow,1974-11-16T00:00:00.0000000-07:00,0.000000,,,0,,NOAA,2013-03-29T15:47:48.0770000-06:00,in
37,USC00051772,Snow,1974-11-17T00:00:00.0000000-07:00,0.000000,,,0,,NOAA,2013-03-29T15:47:48.0770000-06:00,in
37,USC00051772,Snow,1974-11-18T00:00:00.0000000-07:00,0.000000,,,0,,NOAA,2013-03-29T15:47:48.0770000-06:00,in
37,USC00051772,Snow,1974-11-19T00:00:00.0000000-07:00,0.000000,,,0,,NOAA,2013-03-29T15:47:48.0770000-06:00,in
37,USC00051772,Snow,1974-11-20T00:00:00.0000000-07:00,0.000000,,,0,,NOAA,2013-03-29T15:47:48.0770000-06:00,in
37,USC00051772,Snow,1974-11-21T00:00:00.0000000-07:00,0.000000,,,0,,NOAA,2013-03-29T15:47:48.0770000-06:00,in
37,USC00051772,Snow,1974-11-22T00:00:00.0000000-07:00,0.000000,,,0,,NOAA,2013-03-29T15:47:48.0770000-06:00,in
37,USC00051772,Snow,1974-11-23T00:00:00.0000000-07:00,0.000000,,,0,,NOAA,2013-03-29T15:47:48.0770000-06:00,in
37,USC00051772,Snow,1974-11-24T00:00:00.0000000-07:00,0.000000,,,0,,NOAA,2013-03-29T15:47:48.0770000-06:00,in
37,USC00051772,Snow,1974-11-25T00:00:00.0000000-07:00,0.000000,,,0,,NOAA,2013-03-29T15:47:48.0770000-06:00,in
37,USC00051772,Snow,1974-11-26T00:00:00.0000000-07:00,0.000000,,,0,,NOAA,2013-03-29T15:47:48.0770000-06:00,in
37,USC00051772,Snow,1974-11-27T00:00:00.0000000-07:00,0.000000,,,0,,NOAA,2013-03-29T15:47:48.0770000-06:00,in
37,USC00051772,Snow,1974-11-28T00:00:00.0000000-07:00,0.000000,,,0,,NOAA,2013-03-29T15:47:48.0770000-06:00,in
37,USC00051772,Snow,1974-11-29T00:00:00.0000000-07:00,0.000000,,,0,,NOAA,2013-03-29T15:47:48.0770000-06:00,in
37,USC00051772,Snow,1974-11-30T00:00:00.0000000-07:00,0.000000,,,0,,NOAA,2013-03-29T15:47:48.0770000-06:00,in
37,USC00051772,Snow,1974-12-01T00:00:00.0000000-07:00,0.000000,,,0,,NOAA,2013-03-29T15:47:48.0770000-06:00,in
37,USC00051772,Snow,1974-12-02T00:00:00.0000000-07:00,0.000000,,,0,,NOAA,2013-03-29T15:47:48.0770000-06:00,in
37,USC00051772,Snow,1974-12-03T00:00:00.0000000-07:00,0.000000,,,0,,NOAA,2013-03-29T15:47:48.0770000-06:00,in
37,USC00051772,Snow,1974-12-04T00:00:00.0000000-07:00,0.000000,,,0,,NOAA,2013-03-29T15:47:48.0770000-06:00,in
37,USC00051772,Snow,1974-12-05T00:00:00.0000000-07:00,0.000000,,,0,,NOAA,2013-03-29T15:47:48.0770000-06:00,in
37,USC00051772,Snow,1974-12-06T00:00:00.0000000-07:00,0.000000,,,0,,NOAA,2013-03-29T15:47:48.0770000-06:00,in
37,USC00051772,Snow,1974-12-07T00:00:00.0000000-07:00,0.000000,,,0,,NOAA,2013-03-29T15:47:48.0770000-06:00,in
37,USC00051772,Snow,1974-12-08T00:00:00.0000000-07:00,0.000000,,,0,,NOAA,2013-03-29T15:47:48.0770000-06:00,in
37,USC00051772,Snow,1974-12-09T00:00:00.0000000-07:00,0.000000,,,0,,NOAA,2013-03-29T15:47:48.0770000-06:00,in
37,USC00051772,Snow,1974-12-10T00:00:00.0000000-07:00,0.000000,,,0,,NOAA,2013-03-29T15:47:48.0770000-06:00,in
37,USC00051772,Snow,1974-12-11T00:00:00.0000000-07:00,0.000000,,,0,,NOAA,2013-03-29T15:47:48.0770000-06:00,in
37,USC00051772,Snow,1974-12-12T00:00:00.0000000-07:00,0.000000,,,0,,NOAA,2013-03-29T15:47:48.0770000-06:00,in
37,USC00051772,Snow,1974-12-13T00:00:00.0000000-07:00,0.511811,,,0,,NOAA,2013-03-29T15:47:48.0770000-06:00,in
37,USC00051772,Snow,1974-12-14T00:00:00.0000000-07:00,0.000000,,,0,,NOAA,2013-03-29T15:47:48.0770000-06:00,in
37,USC00051772,Snow,1974-12-15T00:00:00.0000000-07:00,0.000000,,,0,,NOAA,2013-03-29T15:47:48.0770000-06:00,in
37,USC00051772,Snow,1974-12-16T00:00:00.0000000-07:00,0.000000,,,0,,NOAA,2013-03-29T15:47:48.0770000-06:00,in
37,USC00051772,Snow,1974-12-17T00:00:00.0000000-07:00,0.000000,,,0,,NOAA,2013-03-29T15:47:48.0770000-06:00,in
37,USC00051772,Snow,1974-12-18T00:00:00.0000000-07:00,0.000000,,,0,,NOAA,2013-03-29T15:47:48.0770000-06:00,in
37,USC00051772,Snow,1974-12-19T00:00:00.0000000-07:00,0.000000,,,0,,NOAA,2013-03-29T15:47:48.0770000-06:00,in
37,USC00051772,Snow,1974-12-20T00:00:00.0000000-07:00,0.000000,,,0,,NOAA,2013-03-29T15:47:48.0770000-06:00,in
37,USC00051772,Snow,1974-12-21T00:00:00.0000000-07:00,0.000000,,,0,,NOAA,2013-03-29T15:47:48.0770000-06:00,in
37,USC00051772,Snow,1974-12-22T00:00:00.0000000-07:00,0.000000,,,0,,NOAA,2013-03-29T15:47:48.0770000-06:00,in
37,USC00051772,Snow,1974-12-23T00:00:00.0000000-07:00,0.000000,,,0,,NOAA,2013-03-29T15:47:48.0770000-06:00,in
37,USC00051772,Snow,1974-12-24T00:00:00.0000000-07:00,0.000000,,,0,,NOAA,2013-03-29T15:47:48.0770000-06:00,in
37,USC00051772,Snow,1974-12-25T00:00:00.0000000-07:00,0.000000,,,0,,NOAA,2013-03-29T15:47:48.0770000-06:00,in
37,USC00051772,Snow,1974-12-26T00:00:00.0000000-07:00,0.000000,,,0,,NOAA,2013-03-29T15:47:48.0770000-06:00,in
37,USC00051772,Snow,1974-12-27T00:00:00.0000000-07:00,0.000000,,,0,,NOAA,2013-03-29T15:47:48.0770000-06:00,in
37,USC00051772,Snow,1974-12-28T00:00:00.0000000-07:00,0.000000,,,0,,NOAA,2013-03-29T15:47:48.0770000-06:00,in
37,USC00051772,Snow,1974-12-29T00:00:00.0000000-07:00,2.007874,,,0,,NOAA,2013-03-29T15:47:48.0770000-06:00,in
37,USC00051772,Snow,1974-12-30T00:00:00.0000000-07:00,0.000000,,,0,,NOAA,2013-03-29T15:47:48.0770000-06:00,in
37,USC00051772,Snow,1974-12-31T00:00:00.0000000-07:00,0.000000,,,0,,NOAA,2013-03-29T15:47:48.0770000-06:00,in
37,USC00051772,Snow,1975-02-01T00:00:00.0000000-07:00,2.007874,,,0,,NOAA,2013-03-29T15:47:48.0770000-06:00,in
37,USC00051772,Snow,1975-02-02T00:00:00.0000000-07:00,0.000000,,,0,,NOAA,2013-03-29T15:47:48.0770000-06:00,in
37,USC00051772,Snow,1975-02-03T00:00:00.0000000-07:00,0.000000,,,0,,NOAA,2013-03-29T15:47:48.0770000-06:00,in
37,USC00051772,Snow,1975-02-04T00:00:00.0000000-07:00,2.992126,,,0,,NOAA,2013-03-29T15:47:48.0770000-06:00,in
37,USC00051772,Snow,1975-02-05T00:00:00.0000000-07:00,0.000000,,,0,,NOAA,2013-03-29T15:47:48.0770000-06:00,in
37,USC00051772,Snow,1975-02-06T00:00:00.0000000-07:00,0.000000,,,0,,NOAA,2013-03-29T15:47:48.0770000-06:00,in
37,USC00051772,Snow,1975-02-07T00:00:00.0000000-07:00,0.000000,,,0,,NOAA,2013-03-29T15:47:48.0770000-06:00,in
37,USC00051772,Snow,1975-02-08T00:00:00.0000000-07:00,0.000000,,,0,,NOAA,2013-03-29T15:47:48.0770000-06:00,in
37,USC00051772,Snow,1975-02-09T00:00:00.0000000-07:00,0.000000,,,0,,NOAA,2013-03-29T15:47:48.0770000-06:00,in
37,USC00051772,Snow,1975-02-10T00:00:00.0000000-07:00,0.000000,,,0,,NOAA,2013-03-29T15:47:48.0770000-06:00,in
37,USC00051772,Snow,1975-02-11T00:00:00.0000000-07:00,0.000000,,,0,,NOAA,2013-03-29T15:47:48.0770000-06:00,in
37,USC00051772,Snow,1975-02-12T00:00:00.0000000-07:00,0.000000,,,0,,NOAA,2013-03-29T15:47:48.0770000-06:00,in
37,USC00051772,Snow,1975-02-13T00:00:00.0000000-07:00,0.000000,,,0,,NOAA,2013-03-29T15:47:48.0770000-06:00,in
37,USC00051772,Snow,1975-02-14T00:00:00.0000000-07:00,0.984252,,,0,,NOAA,2013-03-29T15:47:48.0770000-06:00,in
37,USC00051772,Snow,1975-02-15T00:00:00.0000000-07:00,0.000000,,,0,,NOAA,2013-03-29T15:47:48.0770000-06:00,in
37,USC00051772,Snow,1975-02-16T00:00:00.0000000-07:00,0.000000,,,0,,NOAA,2013-03-29T15:47:48.0770000-06:00,in
37,USC00051772,Snow,1975-02-17T00:00:00.0000000-07:00,0.000000,,,0,,NOAA,2013-03-29T15:47:48.0770000-06:00,in
37,USC00051772,Snow,1975-02-18T00:00:00.0000000-07:00,0.000000,,,0,,NOAA,2013-03-29T15:47:48.0770000-06:00,in
37,USC00051772,Snow,1975-02-19T00:00:00.0000000-07:00,0.000000,,,0,,NOAA,2013-03-29T15:47:48.0770000-06:00,in
37,USC00051772,Snow,1975-02-20T00:00:00.0000000-07:00,0.000000,,,0,,NOAA,2013-03-29T15:47:48.0770000-06:00,in
37,USC00051772,Snow,1975-02-21T00:00:00.0000000-07:00,0.000000,,,0,,NOAA,2013-03-29T15:47:48.0770000-06:00,in
37,USC00051772,Snow,1975-02-22T00:00:00.0000000-07:00,0.000000,,,0,,NOAA,2013-03-29T15:47:48.0770000-06:00,in
37,USC00051772,Snow,1975-02-23T00:00:00.0000000-07:00,0.000000,,,0,,NOAA,2013-03-29T15:47:48.0770000-06:00,in
37,USC00051772,Snow,1975-02-24T00:00:00.0000000-07:00,0.000000,,,0,,NOAA,2013-03-29T15:47:48.0770000-06:00,in
37,USC00051772,Snow,1975-02-25T00:00:00.0000000-07:00,0.000000,,,0,,NOAA,2013-03-29T15:47:48.0770000-06:00,in
37,USC00051772,Snow,1975-02-26T00:00:00.0000000-07:00,0.000000,,,0,,NOAA,2013-03-29T15:47:48.0770000-06:00,in
37,USC00051772,Snow,1975-02-27T00:00:00.0000000-07:00,0.000000,,,0,,NOAA,2013-03-29T15:47:48.0770000-06:00,in
37,USC00051772,Snow,1975-02-28T00:00:00.0000000-07:00,0.000000,,,0,,NOAA,2013-03-29T15:47:48.0770000-06:00,in
37,USC00051772,Snow,1975-03-01T00:00:00.0000000-07:00,0.000000,,,0,,NOAA,2013-03-29T15:47:48.0770000-06:00,in
37,USC00051772,Snow,1975-03-02T00:00:00.0000000-07:00,0.000000,,,0,,NOAA,2013-03-29T15:47:48.0770000-06:00,in
37,USC00051772,Snow,1975-03-03T00:00:00.0000000-07:00,0.000000,,,0,,NOAA,2013-03-29T15:47:48.0770000-06:00,in
37,USC00051772,Snow,1975-03-04T00:00:00.0000000-07:00,0.000000,,,0,,NOAA,2013-03-29T15:47:48.0770000-06:00,in
37,USC00051772,Snow,1975-03-05T00:00:00.0000000-07:00,0.000000,,,0,,NOAA,2013-03-29T15:47:48.0770000-06:00,in
37,USC00051772,Snow,1975-03-06T00:00:00.0000000-07:00,0.000000,T,,0,,NOAA,2013-03-29T15:47:48.0770000-06:00,in
37,USC00051772,Snow,1975-03-07T00:00:00.0000000-07:00,0.000000,T,,0,,NOAA,2013-03-29T15:47:48.0770000-06:00,in
37,USC00051772,Snow,1975-03-08T00:00:00.0000000-07:00,0.000000,,,0,,NOAA,2013-03-29T15:47:48.0770000-06:00,in
37,USC00051772,Snow,1975-03-09T00:00:00.0000000-07:00,0.984252,,,0,,NOAA,2013-03-29T15:47:48.0770000-06:00,in
37,USC00051772,Snow,1975-03-10T00:00:00.0000000-07:00,0.984252,,,0,,NOAA,2013-03-29T15:47:48.0770000-06:00,in
37,USC00051772,Snow,1975-03-11T00:00:00.0000000-07:00,0.000000,,,0,,NOAA,2013-03-29T15:47:48.0770000-06:00,in
37,USC00051772,Snow,1975-03-12T00:00:00.0000000-07:00,0.000000,,,0,,NOAA,2013-03-29T15:47:48.0770000-06:00,in
37,USC00051772,Snow,1975-03-13T00:00:00.0000000-07:00,0.000000,,,0,,NOAA,2013-03-29T15:47:48.0770000-06:00,in
37,USC00051772,Snow,1975-03-14T00:00:00.0000000-07:00,0.000000,,,0,,NOAA,2013-03-29T15:47:48.0770000-06:00,in
37,USC00051772,Snow,1975-03-15T00:00:00.0000000-07:00,0.000000,,,0,,NOAA,2013-03-29T15:47:48.0770000-06:00,in
37,USC00051772,Snow,1975-03-16T00:00:00.0000000-07:00,0.000000,,,0,,NOAA,2013-03-29T15:47:48.0770000-06:00,in
37,USC00051772,Snow,1975-03-17T00:00:00.0000000-07:00,2.992126,,,0,,NOAA,2013-03-29T15:47:48.0770000-06:00,in
37,USC00051772,Snow,1975-03-18T00:00:00.0000000-07:00,0.000000,,,0,,NOAA,2013-03-29T15:47:48.0770000-06:00,in
37,USC00051772,Snow,1975-03-19T00:00:00.0000000-07:00,0.000000,,,0,,NOAA,2013-03-29T15:47:48.0770000-06:00,in
37,USC00051772,Snow,1975-03-20T00:00:00.0000000-07:00,0.000000,,,0,,NOAA,2013-03-29T15:47:48.0770000-06:00,in
37,USC00051772,Snow,1975-03-21T00:00:00.0000000-07:00,0.984252,,,0,,NOAA,2013-03-29T15:47:48.0770000-06:00,in
37,USC00051772,Snow,1975-03-22T00:00:00.0000000-07:00,0.000000,,,0,,NOAA,2013-03-29T15:47:48.0770000-06:00,in
37,USC00051772,Snow,1975-03-23T00:00:00.0000000-07:00,0.000000,,,0,,NOAA,2013-03-29T15:47:48.0770000-06:00,in
37,USC00051772,Snow,1975-03-24T00:00:00.0000000-07:00,0.000000,,,0,,NOAA,2013-03-29T15:47:48.0770000-06:00,in
37,USC00051772,Snow,1975-03-25T00:00:00.0000000-07:00,0.000000,,,0,,NOAA,2013-03-29T15:47:48.0770000-06:00,in
37,USC00051772,Snow,1975-03-26T00:00:00.0000000-07:00,0.000000,,,0,,NOAA,2013-03-29T15:47:48.0770000-06:00,in
37,USC00051772,Snow,1975-03-27T00:00:00.0000000-07:00,4.015748,,,0,,NOAA,2013-03-29T15:47:48.0770000-06:00,in
37,USC00051772,Snow,1975-03-28T00:00:00.0000000-07:00,0.000000,,,0,,NOAA,2013-03-29T15:47:48.0770000-06:00,in
37,USC00051772,Snow,1975-03-29T00:00:00.0000000-07:00,0.000000,,,0,,NOAA,2013-03-29T15:47:48.0770000-06:00,in
37,USC00051772,Snow,1975-03-30T00:00:00.0000000-07:00,0.000000,,,0,,NOAA,2013-03-29T15:47:48.0770000-06:00,in
37,USC00051772,Snow,1975-03-31T00:00:00.0000000-07:00,0.000000,,,0,,NOAA,2013-03-29T15:47:48.0770000-06:00,in
37,USC00051772,Snow,1975-04-01T00:00:00.0000000-07:00,0.000000,,,0,,NOAA,2013-03-29T15:47:48.0770000-06:00,in
37,USC00051772,Snow,1975-04-02T00:00:00.0000000-07:00,0.000000,,,0,,NOAA,2013-03-29T15:47:48.0770000-06:00,in
37,USC00051772,Snow,1975-04-03T00:00:00.0000000-07:00,0.000000,,,0,,NOAA,2013-03-29T15:47:48.0770000-06:00,in
37,USC00051772,Snow,1975-04-04T00:00:00.0000000-07:00,0.000000,,,0,,NOAA,2013-03-29T15:47:48.0770000-06:00,in
37,USC00051772,Snow,1975-04-05T00:00:00.0000000-07:00,0.000000,,,0,,NOAA,2013-03-29T15:47:48.0770000-06:00,in
37,USC00051772,Snow,1975-04-06T00:00:00.0000000-07:00,0.000000,,,0,,NOAA,2013-03-29T15:47:48.0770000-06:00,in
37,USC00051772,Snow,1975-04-07T00:00:00.0000000-06:00,0.000000,,,0,,NOAA,2013-03-29T15:47:48.0770000-06:00,in
37,USC00051772,Snow,1975-04-08T00:00:00.0000000-06:00,0.000000,,,0,,NOAA,2013-03-29T15:47:48.0770000-06:00,in
37,USC00051772,Snow,1975-04-09T00:00:00.0000000-06:00,0.000000,,,0,,NOAA,2013-03-29T15:47:48.0770000-06:00,in
37,USC00051772,Snow,1975-04-10T00:00:00.0000000-06:00,0.000000,,,0,,NOAA,2013-03-29T15:47:48.0770000-06:00,in
37,USC00051772,Snow,1975-04-11T00:00:00.0000000-06:00,0.000000,,,0,,NOAA,2013-03-29T15:47:48.0770000-06:00,in
37,USC00051772,Snow,1975-04-12T00:00:00.0000000-06:00,0.000000,,,0,,NOAA,2013-03-29T15:47:48.0770000-06:00,in
37,USC00051772,Snow,1975-04-13T00:00:00.0000000-06:00,0.000000,,,0,,NOAA,2013-03-29T15:47:48.0770000-06:00,in
37,USC00051772,Snow,1975-04-14T00:00:00.0000000-06:00,0.000000,,,0,,NOAA,2013-03-29T15:47:48.0770000-06:00,in
37,USC00051772,Snow,1975-04-15T00:00:00.0000000-06:00,0.000000,,,0,,NOAA,2013-03-29T15:47:48.0770000-06:00,in
37,USC00051772,Snow,1975-04-16T00:00:00.0000000-06:00,0.000000,,,0,,NOAA,2013-03-29T15:47:48.0770000-06:00,in
37,USC00051772,Snow,1975-04-17T00:00:00.0000000-06:00,0.000000,,,0,,NOAA,2013-03-29T15:47:48.0770000-06:00,in
37,USC00051772,Snow,1975-04-18T00:00:00.0000000-06:00,5.000000,,,0,,NOAA,2013-03-29T15:47:48.0770000-06:00,in
37,USC00051772,Snow,1975-04-19T00:00:00.0000000-06:00,0.000000,,,0,,NOAA,2013-03-29T15:47:48.0770000-06:00,in
37,USC00051772,Snow,1975-04-20T00:00:00.0000000-06:00,0.000000,,,0,,NOAA,2013-03-29T15:47:48.0770000-06:00,in
37,USC00051772,Snow,1975-04-21T00:00:00.0000000-06:00,0.000000,,,0,,NOAA,2013-03-29T15:47:48.0770000-06:00,in
37,USC00051772,Snow,1975-04-22T00:00:00.0000000-06:00,0.000000,,,0,,NOAA,2013-03-29T15:47:48.0770000-06:00,in
37,USC00051772,Snow,1975-04-23T00:00:00.0000000-06:00,0.000000,,,0,,NOAA,2013-03-29T15:47:48.0770000-06:00,in
37,USC00051772,Snow,1975-04-24T00:00:00.0000000-06:00,0.000000,,,0,,NOAA,2013-03-29T15:47:48.0770000-06:00,in
37,USC00051772,Snow,1975-04-25T00:00:00.0000000-06:00,0.000000,,,0,,NOAA,2013-03-29T15:47:48.0770000-06:00,in
37,USC00051772,Snow,1975-04-26T00:00:00.0000000-06:00,0.000000,,,0,,NOAA,2013-03-29T15:47:48.0770000-06:00,in
37,USC00051772,Snow,1975-04-27T00:00:00.0000000-06:00,0.000000,,,0,,NOAA,2013-03-29T15:47:48.0770000-06:00,in
37,USC00051772,Snow,1975-04-28T00:00:00.0000000-06:00,0.000000,,,0,,NOAA,2013-03-29T15:47:48.0770000-06:00,in
37,USC00051772,Snow,1975-04-29T00:00:00.0000000-06:00,0.000000,,,0,,NOAA,2013-03-29T15:47:48.0770000-06:00,in
37,USC00051772,Snow,1975-04-30T00:00:00.0000000-06:00,0.000000,,,0,,NOAA,2013-03-29T15:47:48.0770000-06:00,in
37,USC00051772,Snow,1975-06-01T00:00:00.0000000-06:00,0.000000,,,0,,NOAA,2013-03-29T15:47:48.0770000-06:00,in
37,USC00051772,Snow,1975-06-02T00:00:00.0000000-06:00,0.000000,,,0,,NOAA,2013-03-29T15:47:48.0770000-06:00,in
37,USC00051772,Snow,1975-06-03T00:00:00.0000000-06:00,0.000000,,,0,,NOAA,2013-03-29T15:47:48.0770000-06:00,in
37,USC00051772,Snow,1975-06-04T00:00:00.0000000-06:00,0.000000,,,0,,NOAA,2013-03-29T15:47:48.0770000-06:00,in
37,USC00051772,Snow,1975-06-05T00:00:00.0000000-06:00,0.000000,,,0,,NOAA,2013-03-29T15:47:48.0770000-06:00,in
37,USC00051772,Snow,1975-06-06T00:00:00.0000000-06:00,0.000000,,,0,,NOAA,2013-03-29T15:47:48.0770000-06:00,in
37,USC00051772,Snow,1975-06-07T00:00:00.0000000-06:00,0.000000,,,0,,NOAA,2013-03-29T15:47:48.0770000-06:00,in
37,USC00051772,Snow,1975-06-08T00:00:00.0000000-06:00,0.000000,,,0,,NOAA,2013-03-29T15:47:48.0770000-06:00,in
37,USC00051772,Snow,1975-06-09T00:00:00.0000000-06:00,0.000000,,,0,,NOAA,2013-03-29T15:47:48.0770000-06:00,in
37,USC00051772,Snow,1975-06-10T00:00:00.0000000-06:00,0.000000,,,0,,NOAA,2013-03-29T15:47:48.0770000-06:00,in
37,USC00051772,Snow,1975-06-11T00:00:00.0000000-06:00,0.000000,,,0,,NOAA,2013-03-29T15:47:48.0770000-06:00,in
37,USC00051772,Snow,1975-06-12T00:00:00.0000000-06:00,0.000000,,,0,,NOAA,2013-03-29T15:47:48.0770000-06:00,in
37,USC00051772,Snow,1975-06-13T00:00:00.0000000-06:00,0.000000,,,0,,NOAA,2013-03-29T15:47:48.0770000-06:00,in
37,USC00051772,Snow,1975-06-14T00:00:00.0000000-06:00,0.000000,,,0,,NOAA,2013-03-29T15:47:48.0770000-06:00,in
37,USC00051772,Snow,1975-06-15T00:00:00.0000000-06:00,0.000000,,,0,,NOAA,2013-03-29T15:47:48.0770000-06:00,in
37,USC00051772,Snow,1975-06-16T00:00:00.0000000-06:00,0.000000,,,0,,NOAA,2013-03-29T15:47:48.0770000-06:00,in
37,USC00051772,Snow,1975-06-17T00:00:00.0000000-06:00,0.000000,,,0,,NOAA,2013-03-29T15:47:48.0770000-06:00,in
37,USC00051772,Snow,1975-06-18T00:00:00.0000000-06:00,0.000000,,,0,,NOAA,2013-03-29T15:47:48.0770000-06:00,in
37,USC00051772,Snow,1975-06-19T00:00:00.0000000-06:00,0.000000,,,0,,NOAA,2013-03-29T15:47:48.0770000-06:00,in
37,USC00051772,Snow,1975-06-20T00:00:00.0000000-06:00,0.000000,,,0,,NOAA,2013-03-29T15:47:48.0770000-06:00,in
37,USC00051772,Snow,1975-06-21T00:00:00.0000000-06:00,0.000000,,,0,,NOAA,2013-03-29T15:47:48.0770000-06:00,in
37,USC00051772,Snow,1975-06-22T00:00:00.0000000-06:00,0.000000,,,0,,NOAA,2013-03-29T15:47:48.0770000-06:00,in
37,USC00051772,Snow,1975-06-23T00:00:00.0000000-06:00,0.000000,,,0,,NOAA,2013-03-29T15:47:48.0770000-06:00,in
37,USC00051772,Snow,1975-06-24T00:00:00.0000000-06:00,0.000000,,,0,,NOAA,2013-03-29T15:47:48.0770000-06:00,in
37,USC00051772,Snow,1975-06-25T00:00:00.0000000-06:00,0.000000,,,0,,NOAA,2013-03-29T15:47:48.0770000-06:00,in
37,USC00051772,Snow,1975-06-26T00:00:00.0000000-06:00,0.000000,,,0,,NOAA,2013-03-29T15:47:48.0770000-06:00,in
37,USC00051772,Snow,1975-06-27T00:00:00.0000000-06:00,0.000000,,,0,,NOAA,2013-03-29T15:47:48.0770000-06:00,in
37,USC00051772,Snow,1975-06-28T00:00:00.0000000-06:00,0.000000,,,0,,NOAA,2013-03-29T15:47:48.0770000-06:00,in
37,USC00051772,Snow,1975-06-29T00:00:00.0000000-06:00,0.000000,,,0,,NOAA,2013-03-29T15:47:48.0770000-06:00,in
37,USC00051772,Snow,1975-06-30T00:00:00.0000000-06:00,0.000000,,,0,,NOAA,2013-03-29T15:47:48.0770000-06:00,in
37,USC00051772,Snow,1975-07-01T00:00:00.0000000-06:00,0.000000,,,0,,NOAA,2013-03-29T15:47:48.0770000-06:00,in
37,USC00051772,Snow,1975-07-02T00:00:00.0000000-06:00,0.000000,,,0,,NOAA,2013-03-29T15:47:48.0770000-06:00,in
37,USC00051772,Snow,1975-07-03T00:00:00.0000000-06:00,0.000000,,,0,,NOAA,2013-03-29T15:47:48.0770000-06:00,in
37,USC00051772,Snow,1975-07-04T00:00:00.0000000-06:00,0.000000,,,0,,NOAA,2013-03-29T15:47:48.0770000-06:00,in
37,USC00051772,Snow,1975-07-05T00:00:00.0000000-06:00,0.000000,,,0,,NOAA,2013-03-29T15:47:48.0770000-06:00,in
37,USC00051772,Snow,1975-07-06T00:00:00.0000000-06:00,0.000000,,,0,,NOAA,2013-03-29T15:47:48.0770000-06:00,in
37,USC00051772,Snow,1975-07-07T00:00:00.0000000-06:00,0.000000,,,0,,NOAA,2013-03-29T15:47:48.0770000-06:00,in
37,USC00051772,Snow,1975-07-08T00:00:00.0000000-06:00,0.000000,,,0,,NOAA,2013-03-29T15:47:48.0770000-06:00,in
37,USC00051772,Snow,1975-07-09T00:00:00.0000000-06:00,0.000000,,,0,,NOAA,2013-03-29T15:47:48.0770000-06:00,in
37,USC00051772,Snow,1975-07-10T00:00:00.0000000-06:00,0.000000,,,0,,NOAA,2013-03-29T15:47:48.0770000-06:00,in
37,USC00051772,Snow,1975-07-11T00:00:00.0000000-06:00,0.000000,,,0,,NOAA,2013-03-29T15:47:48.0770000-06:00,in
37,USC00051772,Snow,1975-07-12T00:00:00.0000000-06:00,0.000000,,,0,,NOAA,2013-03-29T15:47:48.0770000-06:00,in
37,USC00051772,Snow,1975-07-13T00:00:00.0000000-06:00,0.000000,,,0,,NOAA,2013-03-29T15:47:48.0770000-06:00,in
37,USC00051772,Snow,1975-07-14T00:00:00.0000000-06:00,0.000000,,,0,,NOAA,2013-03-29T15:47:48.0770000-06:00,in
37,USC00051772,Snow,1975-07-15T00:00:00.0000000-06:00,0.000000,,,0,,NOAA,2013-03-29T15:47:48.0770000-06:00,in
37,USC00051772,Snow,1975-07-16T00:00:00.0000000-06:00,0.000000,,,0,,NOAA,2013-03-29T15:47:48.0770000-06:00,in
37,USC00051772,Snow,1975-07-17T00:00:00.0000000-06:00,0.000000,,,0,,NOAA,2013-03-29T15:47:48.0770000-06:00,in
37,USC00051772,Snow,1975-07-18T00:00:00.0000000-06:00,0.000000,,,0,,NOAA,2013-03-29T15:47:48.0770000-06:00,in
37,USC00051772,Snow,1975-07-19T00:00:00.0000000-06:00,0.000000,,,0,,NOAA,2013-03-29T15:47:48.0770000-06:00,in
37,USC00051772,Snow,1975-07-20T00:00:00.0000000-06:00,0.000000,,,0,,NOAA,2013-03-29T15:47:48.0770000-06:00,in
37,USC00051772,Snow,1975-07-21T00:00:00.0000000-06:00,0.000000,,,0,,NOAA,2013-03-29T15:47:48.0770000-06:00,in
37,USC00051772,Snow,1975-07-22T00:00:00.0000000-06:00,0.000000,,,0,,NOAA,2013-03-29T15:47:48.0770000-06:00,in
37,USC00051772,Snow,1975-07-23T00:00:00.0000000-06:00,0.000000,,,0,,NOAA,2013-03-29T15:47:48.0770000-06:00,in
37,USC00051772,Snow,1975-07-24T00:00:00.0000000-06:00,0.000000,,,0,,NOAA,2013-03-29T15:47:48.0770000-06:00,in
37,USC00051772,Snow,1975-07-25T00:00:00.0000000-06:00,0.000000,,,0,,NOAA,2013-03-29T15:47:48.0770000-06:00,in
37,USC00051772,Snow,1975-07-26T00:00:00.0000000-06:00,0.000000,,,0,,NOAA,2013-03-29T15:47:48.0770000-06:00,in
37,USC00051772,Snow,1975-07-27T00:00:00.0000000-06:00,0.000000,,,0,,NOAA,2013-03-29T15:47:48.0770000-06:00,in
37,USC00051772,Snow,1975-07-28T00:00:00.0000000-06:00,0.000000,,,0,,NOAA,2013-03-29T15:47:48.0770000-06:00,in
37,USC00051772,Snow,1975-07-29T00:00:00.0000000-06:00,0.000000,,,0,,NOAA,2013-03-29T15:47:48.0770000-06:00,in
37,USC00051772,Snow,1975-07-30T00:00:00.0000000-06:00,0.000000,,,0,,NOAA,2013-03-29T15:47:48.0770000-06:00,in
37,USC00051772,Snow,1975-07-31T00:00:00.0000000-06:00,0.000000,,,0,,NOAA,2013-03-29T15:47:48.0770000-06:00,in
37,USC00051772,Snow,1975-08-01T00:00:00.0000000-06:00,0.000000,,,0,,NOAA,2013-03-29T15:47:48.0770000-06:00,in
37,USC00051772,Snow,1975-08-02T00:00:00.0000000-06:00,0.000000,,,0,,NOAA,2013-03-29T15:47:48.0770000-06:00,in
37,USC00051772,Snow,1975-08-03T00:00:00.0000000-06:00,0.000000,,,0,,NOAA,2013-03-29T15:47:48.0770000-06:00,in
37,USC00051772,Snow,1975-08-04T00:00:00.0000000-06:00,0.000000,,,0,,NOAA,2013-03-29T15:47:48.0770000-06:00,in
37,USC00051772,Snow,1975-08-05T00:00:00.0000000-06:00,0.000000,,,0,,NOAA,2013-03-29T15:47:48.0770000-06:00,in
37,USC00051772,Snow,1975-08-06T00:00:00.0000000-06:00,0.000000,,,0,,NOAA,2013-03-29T15:47:48.0770000-06:00,in
37,USC00051772,Snow,1975-08-07T00:00:00.0000000-06:00,0.000000,,,0,,NOAA,2013-03-29T15:47:48.0770000-06:00,in
37,USC00051772,Snow,1975-08-08T00:00:00.0000000-06:00,0.000000,,,0,,NOAA,2013-03-29T15:47:48.0770000-06:00,in
37,USC00051772,Snow,1975-08-09T00:00:00.0000000-06:00,0.000000,,,0,,NOAA,2013-03-29T15:47:48.0770000-06:00,in
37,USC00051772,Snow,1975-08-10T00:00:00.0000000-06:00,0.000000,,,0,,NOAA,2013-03-29T15:47:48.0770000-06:00,in
37,USC00051772,Snow,1975-08-11T00:00:00.0000000-06:00,0.000000,,,0,,NOAA,2013-03-29T15:47:48.0770000-06:00,in
37,USC00051772,Snow,1975-08-12T00:00:00.0000000-06:00,0.000000,,,0,,NOAA,2013-03-29T15:47:48.0770000-06:00,in
37,USC00051772,Snow,1975-08-13T00:00:00.0000000-06:00,0.000000,,,0,,NOAA,2013-03-29T15:47:48.0770000-06:00,in
37,USC00051772,Snow,1975-08-14T00:00:00.0000000-06:00,0.000000,,,0,,NOAA,2013-03-29T15:47:48.0770000-06:00,in
37,USC00051772,Snow,1975-08-15T00:00:00.0000000-06:00,0.000000,,,0,,NOAA,2013-03-29T15:47:48.0770000-06:00,in
37,USC00051772,Snow,1975-08-16T00:00:00.0000000-06:00,0.000000,,,0,,NOAA,2013-03-29T15:47:48.0770000-06:00,in
37,USC00051772,Snow,1975-08-17T00:00:00.0000000-06:00,0.000000,,,0,,NOAA,2013-03-29T15:47:48.0770000-06:00,in
37,USC00051772,Snow,1975-08-18T00:00:00.0000000-06:00,0.000000,,,0,,NOAA,2013-03-29T15:47:48.0770000-06:00,in
37,USC00051772,Snow,1975-08-19T00:00:00.0000000-06:00,0.000000,,,0,,NOAA,2013-03-29T15:47:48.0770000-06:00,in
37,USC00051772,Snow,1975-08-20T00:00:00.0000000-06:00,0.000000,,,0,,NOAA,2013-03-29T15:47:48.0770000-06:00,in
37,USC00051772,Snow,1975-08-21T00:00:00.0000000-06:00,0.000000,,,0,,NOAA,2013-03-29T15:47:48.0770000-06:00,in
37,USC00051772,Snow,1975-08-22T00:00:00.0000000-06:00,0.000000,,,0,,NOAA,2013-03-29T15:47:48.0770000-06:00,in
37,USC00051772,Snow,1975-08-23T00:00:00.0000000-06:00,0.000000,,,0,,NOAA,2013-03-29T15:47:48.0770000-06:00,in
37,USC00051772,Snow,1975-08-24T00:00:00.0000000-06:00,0.000000,,,0,,NOAA,2013-03-29T15:47:48.0770000-06:00,in
37,USC00051772,Snow,1975-08-25T00:00:00.0000000-06:00,0.000000,,,0,,NOAA,2013-03-29T15:47:48.0770000-06:00,in
37,USC00051772,Snow,1975-08-26T00:00:00.0000000-06:00,0.000000,,,0,,NOAA,2013-03-29T15:47:48.0770000-06:00,in
37,USC00051772,Snow,1975-08-27T00:00:00.0000000-06:00,0.000000,,,0,,NOAA,2013-03-29T15:47:48.0770000-06:00,in
37,USC00051772,Snow,1975-08-28T00:00:00.0000000-06:00,0.000000,,,0,,NOAA,2013-03-29T15:47:48.0770000-06:00,in
37,USC00051772,Snow,1975-08-29T00:00:00.0000000-06:00,0.000000,,,0,,NOAA,2013-03-29T15:47:48.0770000-06:00,in
37,USC00051772,Snow,1975-08-30T00:00:00.0000000-06:00,0.000000,,,0,,NOAA,2013-03-29T15:47:48.0770000-06:00,in
37,USC00051772,Snow,1975-08-31T00:00:00.0000000-06:00,0.000000,,,0,,NOAA,2013-03-29T15:47:48.0770000-06:00,in
37,USC00051772,Snow,1975-10-01T00:00:00.0000000-06:00,0.000000,,,0,,NOAA,2013-03-29T15:47:48.0770000-06:00,in
37,USC00051772,Snow,1975-10-02T00:00:00.0000000-06:00,0.000000,,,0,,NOAA,2013-03-29T15:47:48.0770000-06:00,in
37,USC00051772,Snow,1975-10-03T00:00:00.0000000-06:00,0.000000,,,0,,NOAA,2013-03-29T15:47:48.0770000-06:00,in
37,USC00051772,Snow,1975-10-04T00:00:00.0000000-06:00,0.000000,,,0,,NOAA,2013-03-29T15:47:48.0770000-06:00,in
37,USC00051772,Snow,1975-10-05T00:00:00.0000000-06:00,0.000000,,,0,,NOAA,2013-03-29T15:47:48.0770000-06:00,in
37,USC00051772,Snow,1975-10-06T00:00:00.0000000-06:00,0.000000,,,0,,NOAA,2013-03-29T15:47:48.0770000-06:00,in
37,USC00051772,Snow,1975-10-07T00:00:00.0000000-06:00,0.000000,,,0,,NOAA,2013-03-29T15:47:48.0770000-06:00,in
37,USC00051772,Snow,1975-10-08T00:00:00.0000000-06:00,0.000000,,,0,,NOAA,2013-03-29T15:47:48.0770000-06:00,in
37,USC00051772,Snow,1975-10-09T00:00:00.0000000-06:00,0.000000,,,0,,NOAA,2013-03-29T15:47:48.0770000-06:00,in
37,USC00051772,Snow,1975-10-10T00:00:00.0000000-06:00,0.000000,,,0,,NOAA,2013-03-29T15:47:48.0770000-06:00,in
37,USC00051772,Snow,1975-10-11T00:00:00.0000000-06:00,0.000000,,,0,,NOAA,2013-03-29T15:47:48.0770000-06:00,in
37,USC00051772,Snow,1975-10-12T00:00:00.0000000-06:00,0.000000,,,0,,NOAA,2013-03-29T15:47:48.0770000-06:00,in
37,USC00051772,Snow,1975-10-13T00:00:00.0000000-06:00,0.000000,,,0,,NOAA,2013-03-29T15:47:48.0770000-06:00,in
37,USC00051772,Snow,1975-10-14T00:00:00.0000000-06:00,0.000000,,,0,,NOAA,2013-03-29T15:47:48.0770000-06:00,in
37,USC00051772,Snow,1975-10-15T00:00:00.0000000-06:00,0.000000,,,0,,NOAA,2013-03-29T15:47:48.0770000-06:00,in
37,USC00051772,Snow,1975-10-16T00:00:00.0000000-06:00,0.000000,,,0,,NOAA,2013-03-29T15:47:48.0770000-06:00,in
37,USC00051772,Snow,1975-10-17T00:00:00.0000000-06:00,0.000000,,,0,,NOAA,2013-03-29T15:47:48.0770000-06:00,in
37,USC00051772,Snow,1975-10-18T00:00:00.0000000-06:00,0.000000,,,0,,NOAA,2013-03-29T15:47:48.0770000-06:00,in
37,USC00051772,Snow,1975-10-19T00:00:00.0000000-06:00,0.000000,,,0,,NOAA,2013-03-29T15:47:48.0770000-06:00,in
37,USC00051772,Snow,1975-10-20T00:00:00.0000000-06:00,0.000000,,,0,,NOAA,2013-03-29T15:47:48.0770000-06:00,in
37,USC00051772,Snow,1975-10-21T00:00:00.0000000-06:00,0.000000,,,0,,NOAA,2013-03-29T15:47:48.0770000-06:00,in
37,USC00051772,Snow,1975-10-22T00:00:00.0000000-06:00,0.000000,,,0,,NOAA,2013-03-29T15:47:48.0770000-06:00,in
37,USC00051772,Snow,1975-10-23T00:00:00.0000000-06:00,5.000000,,,0,,NOAA,2013-03-29T15:47:48.0770000-06:00,in
37,USC00051772,Snow,1975-10-24T00:00:00.0000000-06:00,2.007874,,,0,,NOAA,2013-03-29T15:47:48.0770000-06:00,in
37,USC00051772,Snow,1975-10-25T00:00:00.0000000-06:00,0.000000,,,0,,NOAA,2013-03-29T15:47:48.0770000-06:00,in
37,USC00051772,Snow,1975-10-26T00:00:00.0000000-06:00,0.000000,,,0,,NOAA,2013-03-29T15:47:48.0770000-06:00,in
37,USC00051772,Snow,1975-10-27T00:00:00.0000000-07:00,0.000000,,,0,,NOAA,2013-03-29T15:47:48.0770000-06:00,in
37,USC00051772,Snow,1975-10-28T00:00:00.0000000-07:00,0.000000,,,0,,NOAA,2013-03-29T15:47:48.0770000-06:00,in
37,USC00051772,Snow,1975-10-29T00:00:00.0000000-07:00,0.000000,,,0,,NOAA,2013-03-29T15:47:48.0770000-06:00,in
37,USC00051772,Snow,1975-10-30T00:00:00.0000000-07:00,0.000000,,,0,,NOAA,2013-03-29T15:47:48.0770000-06:00,in
37,USC00051772,Snow,1975-10-31T00:00:00.0000000-07:00,0.000000,,,0,,NOAA,2013-03-29T15:47:48.0770000-06:00,in
37,USC00051772,Snow,1975-11-01T00:00:00.0000000-07:00,0.000000,,,0,,NOAA,2013-03-29T15:47:48.0770000-06:00,in
37,USC00051772,Snow,1975-11-02T00:00:00.0000000-07:00,0.000000,,,0,,NOAA,2013-03-29T15:47:48.0770000-06:00,in
37,USC00051772,Snow,1975-11-03T00:00:00.0000000-07:00,0.000000,,,0,,NOAA,2013-03-29T15:47:48.0770000-06:00,in
37,USC00051772,Snow,1975-11-04T00:00:00.0000000-07:00,0.000000,,,0,,NOAA,2013-03-29T15:47:48.0770000-06:00,in
37,USC00051772,Snow,1975-11-05T00:00:00.0000000-07:00,0.000000,,,0,,NOAA,2013-03-29T15:47:48.0770000-06:00,in
37,USC00051772,Snow,1975-11-06T00:00:00.0000000-07:00,0.000000,,,0,,NOAA,2013-03-29T15:47:48.0770000-06:00,in
37,USC00051772,Snow,1975-11-07T00:00:00.0000000-07:00,0.000000,,,0,,NOAA,2013-03-29T15:47:48.0770000-06:00,in
37,USC00051772,Snow,1975-11-08T00:00:00.0000000-07:00,0.000000,,,0,,NOAA,2013-03-29T15:47:48.0770000-06:00,in
37,USC00051772,Snow,1975-11-09T00:00:00.0000000-07:00,0.000000,,,0,,NOAA,2013-03-29T15:47:48.0770000-06:00,in
37,USC00051772,Snow,1975-11-10T00:00:00.0000000-07:00,0.000000,,,0,,NOAA,2013-03-29T15:47:48.0770000-06:00,in
37,USC00051772,Snow,1975-11-11T00:00:00.0000000-07:00,0.314961,,,0,,NOAA,2013-03-29T15:47:48.0770000-06:00,in
37,USC00051772,Snow,1975-11-12T00:00:00.0000000-07:00,0.000000,,,0,,NOAA,2013-03-29T15:47:48.0770000-06:00,in
37,USC00051772,Snow,1975-11-13T00:00:00.0000000-07:00,0.000000,,,0,,NOAA,2013-03-29T15:47:48.0770000-06:00,in
37,USC00051772,Snow,1975-11-14T00:00:00.0000000-07:00,0.000000,,,0,,NOAA,2013-03-29T15:47:48.0770000-06:00,in
37,USC00051772,Snow,1975-11-15T00:00:00.0000000-07:00,0.000000,,,0,,NOAA,2013-03-29T15:47:48.0770000-06:00,in
37,USC00051772,Snow,1975-11-16T00:00:00.0000000-07:00,0.000000,,,0,,NOAA,2013-03-29T15:47:48.0770000-06:00,in
37,USC00051772,Snow,1975-11-17T00:00:00.0000000-07:00,0.000000,,,0,,NOAA,2013-03-29T15:47:48.0770000-06:00,in
37,USC00051772,Snow,1975-11-18T00:00:00.0000000-07:00,0.000000,,,0,,NOAA,2013-03-29T15:47:48.0770000-06:00,in
37,USC00051772,Snow,1975-11-19T00:00:00.0000000-07:00,0.314961,,,0,,NOAA,2013-03-29T15:47:48.0770000-06:00,in
37,USC00051772,Snow,1975-11-20T00:00:00.0000000-07:00,0.000000,,,0,,NOAA,2013-03-29T15:47:48.0770000-06:00,in
37,USC00051772,Snow,1975-11-21T00:00:00.0000000-07:00,0.314961,,,0,,NOAA,2013-03-29T15:47:48.0770000-06:00,in
37,USC00051772,Snow,1975-11-22T00:00:00.0000000-07:00,0.000000,,,0,,NOAA,2013-03-29T15:47:48.0770000-06:00,in
37,USC00051772,Snow,1975-11-23T00:00:00.0000000-07:00,0.000000,,,0,,NOAA,2013-03-29T15:47:48.0770000-06:00,in
37,USC00051772,Snow,1975-11-24T00:00:00.0000000-07:00,0.000000,,,0,,NOAA,2013-03-29T15:47:48.0770000-06:00,in
37,USC00051772,Snow,1975-11-25T00:00:00.0000000-07:00,0.000000,,,0,,NOAA,2013-03-29T15:47:48.0770000-06:00,in
37,USC00051772,Snow,1975-11-26T00:00:00.0000000-07:00,0.000000,,,0,,NOAA,2013-03-29T15:47:48.0770000-06:00,in
37,USC00051772,Snow,1975-11-27T00:00:00.0000000-07:00,0.984252,,,0,,NOAA,2013-03-29T15:47:48.0770000-06:00,in
37,USC00051772,Snow,1975-11-28T00:00:00.0000000-07:00,2.007874,,,0,,NOAA,2013-03-29T15:47:48.0770000-06:00,in
37,USC00051772,Snow,1975-11-29T00:00:00.0000000-07:00,2.992126,,,0,,NOAA,2013-03-29T15:47:48.0770000-06:00,in
37,USC00051772,Snow,1975-11-30T00:00:00.0000000-07:00,0.000000,,,0,,NOAA,2013-03-29T15:47:48.0770000-06:00,in
37,USC00051772,Snow,1975-12-01T00:00:00.0000000-07:00,0.000000,,,0,,NOAA,2013-03-29T15:47:48.0770000-06:00,in
37,USC00051772,Snow,1975-12-02T00:00:00.0000000-07:00,0.000000,,,0,,NOAA,2013-03-29T15:47:48.0770000-06:00,in
37,USC00051772,Snow,1975-12-03T00:00:00.0000000-07:00,0.000000,,,0,,NOAA,2013-03-29T15:47:48.0770000-06:00,in
37,USC00051772,Snow,1975-12-04T00:00:00.0000000-07:00,0.000000,,,0,,NOAA,2013-03-29T15:47:48.0770000-06:00,in
37,USC00051772,Snow,1975-12-05T00:00:00.0000000-07:00,0.000000,,,0,,NOAA,2013-03-29T15:47:48.0770000-06:00,in
37,USC00051772,Snow,1975-12-06T00:00:00.0000000-07:00,0.000000,,,0,,NOAA,2013-03-29T15:47:48.0770000-06:00,in
37,USC00051772,Snow,1975-12-07T00:00:00.0000000-07:00,0.000000,,,0,,NOAA,2013-03-29T15:47:48.0770000-06:00,in
37,USC00051772,Snow,1975-12-08T00:00:00.0000000-07:00,0.000000,,,0,,NOAA,2013-03-29T15:47:48.0770000-06:00,in
37,USC00051772,Snow,1975-12-09T00:00:00.0000000-07:00,0.000000,,,0,,NOAA,2013-03-29T15:47:48.0770000-06:00,in
37,USC00051772,Snow,1975-12-10T00:00:00.0000000-07:00,0.000000,,,0,,NOAA,2013-03-29T15:47:48.0770000-06:00,in
37,USC00051772,Snow,1975-12-11T00:00:00.0000000-07:00,0.000000,,,0,,NOAA,2013-03-29T15:47:48.0770000-06:00,in
37,USC00051772,Snow,1975-12-12T00:00:00.0000000-07:00,0.000000,,,0,,NOAA,2013-03-29T15:47:48.0770000-06:00,in
37,USC00051772,Snow,1975-12-13T00:00:00.0000000-07:00,0.000000,T,,0,,NOAA,2013-03-29T15:47:48.0770000-06:00,in
37,USC00051772,Snow,1975-12-14T00:00:00.0000000-07:00,5.984252,,,0,,NOAA,2013-03-29T15:47:48.0770000-06:00,in
37,USC00051772,Snow,1975-12-15T00:00:00.0000000-07:00,0.000000,,,0,,NOAA,2013-03-29T15:47:48.0770000-06:00,in
37,USC00051772,Snow,1975-12-16T00:00:00.0000000-07:00,0.000000,,,0,,NOAA,2013-03-29T15:47:48.0770000-06:00,in
37,USC00051772,Snow,1975-12-17T00:00:00.0000000-07:00,0.000000,,,0,,NOAA,2013-03-29T15:47:48.0770000-06:00,in
37,USC00051772,Snow,1975-12-18T00:00:00.0000000-07:00,0.000000,,,0,,NOAA,2013-03-29T15:47:48.0770000-06:00,in
37,USC00051772,Snow,1975-12-19T00:00:00.0000000-07:00,0.000000,,,0,,NOAA,2013-03-29T15:47:48.0770000-06:00,in
37,USC00051772,Snow,1975-12-20T00:00:00.0000000-07:00,0.000000,,,0,,NOAA,2013-03-29T15:47:48.0770000-06:00,in
37,USC00051772,Snow,1975-12-21T00:00:00.0000000-07:00,0.000000,,,0,,NOAA,2013-03-29T15:47:48.0770000-06:00,in
37,USC00051772,Snow,1975-12-22T00:00:00.0000000-07:00,0.000000,,,0,,NOAA,2013-03-29T15:47:48.0770000-06:00,in
37,USC00051772,Snow,1975-12-23T00:00:00.0000000-07:00,0.000000,,,0,,NOAA,2013-03-29T15:47:48.0770000-06:00,in
37,USC00051772,Snow,1975-12-24T00:00:00.0000000-07:00,0.000000,,,0,,NOAA,2013-03-29T15:47:48.0770000-06:00,in
37,USC00051772,Snow,1975-12-25T00:00:00.0000000-07:00,0.000000,,,0,,NOAA,2013-03-29T15:47:48.0770000-06:00,in
37,USC00051772,Snow,1975-12-26T00:00:00.0000000-07:00,0.000000,,,0,,NOAA,2013-03-29T15:47:48.0770000-06:00,in
37,USC00051772,Snow,1975-12-27T00:00:00.0000000-07:00,0.000000,,,0,,NOAA,2013-03-29T15:47:48.0770000-06:00,in
37,USC00051772,Snow,1975-12-28T00:00:00.0000000-07:00,0.000000,,,0,,NOAA,2013-03-29T15:47:48.0770000-06:00,in
37,USC00051772,Snow,1975-12-29T00:00:00.0000000-07:00,0.000000,,,0,,NOAA,2013-03-29T15:47:48.0770000-06:00,in
37,USC00051772,Snow,1975-12-30T00:00:00.0000000-07:00,0.000000,,,0,,NOAA,2013-03-29T15:47:48.0770000-06:00,in
37,USC00051772,Snow,1975-12-31T00:00:00.0000000-07:00,4.015748,,,0,,NOAA,2013-03-29T15:47:48.0770000-06:00,in
37,USC00051772,Snow,1976-01-01T00:00:00.0000000-07:00,0.000000,,,0,,NOAA,2013-03-29T15:47:48.0770000-06:00,in
37,USC00051772,Snow,1976-01-02T00:00:00.0000000-07:00,0.000000,,,0,,NOAA,2013-03-29T15:47:48.0770000-06:00,in
37,USC00051772,Snow,1976-01-03T00:00:00.0000000-07:00,0.000000,,,0,,NOAA,2013-03-29T15:47:48.0770000-06:00,in
37,USC00051772,Snow,1976-01-04T00:00:00.0000000-07:00,0.000000,,,0,,NOAA,2013-03-29T15:47:48.0770000-06:00,in
37,USC00051772,Snow,1976-01-05T00:00:00.0000000-07:00,0.000000,,,0,,NOAA,2013-03-29T15:47:48.0770000-06:00,in
37,USC00051772,Snow,1976-01-06T00:00:00.0000000-07:00,0.984252,,,0,,NOAA,2013-03-29T15:47:48.0770000-06:00,in
37,USC00051772,Snow,1976-01-07T00:00:00.0000000-07:00,0.000000,,,0,,NOAA,2013-03-29T15:47:48.0770000-06:00,in
37,USC00051772,Snow,1976-01-08T00:00:00.0000000-07:00,0.000000,,,0,,NOAA,2013-03-29T15:47:48.0770000-06:00,in
37,USC00051772,Snow,1976-01-09T00:00:00.0000000-07:00,0.000000,,,0,,NOAA,2013-03-29T15:47:48.0770000-06:00,in
37,USC00051772,Snow,1976-01-10T00:00:00.0000000-07:00,0.000000,,,0,,NOAA,2013-03-29T15:47:48.0770000-06:00,in
37,USC00051772,Snow,1976-01-11T00:00:00.0000000-07:00,0.000000,,,0,,NOAA,2013-03-29T15:47:48.0770000-06:00,in
37,USC00051772,Snow,1976-01-12T00:00:00.0000000-07:00,0.000000,,,0,,NOAA,2013-03-29T15:47:48.0770000-06:00,in
37,USC00051772,Snow,1976-01-13T00:00:00.0000000-07:00,0.000000,,,0,,NOAA,2013-03-29T15:47:48.0770000-06:00,in
37,USC00051772,Snow,1976-01-14T00:00:00.0000000-07:00,0.000000,,,0,,NOAA,2013-03-29T15:47:48.0770000-06:00,in
37,USC00051772,Snow,1976-01-15T00:00:00.0000000-07:00,0.000000,,,0,,NOAA,2013-03-29T15:47:48.0770000-06:00,in
37,USC00051772,Snow,1976-01-16T00:00:00.0000000-07:00,0.000000,,,0,,NOAA,2013-03-29T15:47:48.0770000-06:00,in
37,USC00051772,Snow,1976-01-17T00:00:00.0000000-07:00,0.000000,,,0,,NOAA,2013-03-29T15:47:48.0770000-06:00,in
37,USC00051772,Snow,1976-01-18T00:00:00.0000000-07:00,0.000000,,,0,,NOAA,2013-03-29T15:47:48.0770000-06:00,in
37,USC00051772,Snow,1976-01-19T00:00:00.0000000-07:00,0.000000,,,0,,NOAA,2013-03-29T15:47:48.0770000-06:00,in
37,USC00051772,Snow,1976-01-20T00:00:00.0000000-07:00,0.000000,,,0,,NOAA,2013-03-29T15:47:48.0770000-06:00,in
37,USC00051772,Snow,1976-01-21T00:00:00.0000000-07:00,0.000000,,,0,,NOAA,2013-03-29T15:47:48.0770000-06:00,in
37,USC00051772,Snow,1976-01-22T00:00:00.0000000-07:00,0.000000,,,0,,NOAA,2013-03-29T15:47:48.0770000-06:00,in
37,USC00051772,Snow,1976-01-23T00:00:00.0000000-07:00,0.000000,,,0,,NOAA,2013-03-29T15:47:48.0770000-06:00,in
37,USC00051772,Snow,1976-01-24T00:00:00.0000000-07:00,0.000000,,,0,,NOAA,2013-03-29T15:47:48.0770000-06:00,in
37,USC00051772,Snow,1976-01-25T00:00:00.0000000-07:00,0.000000,,,0,,NOAA,2013-03-29T15:47:48.0770000-06:00,in
37,USC00051772,Snow,1976-01-26T00:00:00.0000000-07:00,0.000000,,,0,,NOAA,2013-03-29T15:47:48.0770000-06:00,in
37,USC00051772,Snow,1976-01-27T00:00:00.0000000-07:00,0.000000,,,0,,NOAA,2013-03-29T15:47:48.0770000-06:00,in
37,USC00051772,Snow,1976-01-28T00:00:00.0000000-07:00,0.000000,,,0,,NOAA,2013-03-29T15:47:48.0770000-06:00,in
37,USC00051772,Snow,1976-01-29T00:00:00.0000000-07:00,0.000000,,,0,,NOAA,2013-03-29T15:47:48.0770000-06:00,in
37,USC00051772,Snow,1976-01-30T00:00:00.0000000-07:00,0.000000,,,0,,NOAA,2013-03-29T15:47:48.0770000-06:00,in
37,USC00051772,Snow,1976-01-31T00:00:00.0000000-07:00,0.000000,,,0,,NOAA,2013-03-29T15:47:48.0770000-06:00,in
37,USC00051772,Snow,1976-02-01T00:00:00.0000000-07:00,0.000000,,,0,,NOAA,2013-03-29T15:47:48.0770000-06:00,in
37,USC00051772,Snow,1976-02-02T00:00:00.0000000-07:00,0.000000,,,0,,NOAA,2013-03-29T15:47:48.0770000-06:00,in
37,USC00051772,Snow,1976-02-03T00:00:00.0000000-07:00,0.000000,,,0,,NOAA,2013-03-29T15:47:48.0770000-06:00,in
37,USC00051772,Snow,1976-02-04T00:00:00.0000000-07:00,0.000000,,,0,,NOAA,2013-03-29T15:47:48.0770000-06:00,in
37,USC00051772,Snow,1976-02-05T00:00:00.0000000-07:00,0.000000,,,0,,NOAA,2013-03-29T15:47:48.0770000-06:00,in
37,USC00051772,Snow,1976-02-06T00:00:00.0000000-07:00,0.000000,,,0,,NOAA,2013-03-29T15:47:48.0770000-06:00,in
37,USC00051772,Snow,1976-02-07T00:00:00.0000000-07:00,0.000000,,,0,,NOAA,2013-03-29T15:47:48.0770000-06:00,in
37,USC00051772,Snow,1976-02-08T00:00:00.0000000-07:00,0.000000,,,0,,NOAA,2013-03-29T15:47:48.0770000-06:00,in
37,USC00051772,Snow,1976-02-10T00:00:00.0000000-07:00,0.000000,,,0,,NOAA,2013-03-29T15:47:48.0770000-06:00,in
37,USC00051772,Snow,1976-02-11T00:00:00.0000000-07:00,0.000000,,,0,,NOAA,2013-03-29T15:47:48.0770000-06:00,in
37,USC00051772,Snow,1976-02-12T00:00:00.0000000-07:00,0.000000,,,0,,NOAA,2013-03-29T15:47:48.0770000-06:00,in
37,USC00051772,Snow,1976-02-13T00:00:00.0000000-07:00,0.000000,,,0,,NOAA,2013-03-29T15:47:48.0770000-06:00,in
37,USC00051772,Snow,1976-02-14T00:00:00.0000000-07:00,0.000000,,,0,,NOAA,2013-03-29T15:47:48.0770000-06:00,in
37,USC00051772,Snow,1976-02-15T00:00:00.0000000-07:00,0.000000,,,0,,NOAA,2013-03-29T15:47:48.0770000-06:00,in
37,USC00051772,Snow,1976-02-16T00:00:00.0000000-07:00,0.000000,,,0,,NOAA,2013-03-29T15:47:48.0770000-06:00,in
37,USC00051772,Snow,1976-02-18T00:00:00.0000000-07:00,0.000000,,,0,,NOAA,2013-03-29T15:47:48.0770000-06:00,in
37,USC00051772,Snow,1976-02-19T00:00:00.0000000-07:00,0.000000,,,0,,NOAA,2013-03-29T15:47:48.0770000-06:00,in
37,USC00051772,Snow,1976-02-20T00:00:00.0000000-07:00,0.000000,,,0,,NOAA,2013-03-29T15:47:48.0770000-06:00,in
37,USC00051772,Snow,1976-02-21T00:00:00.0000000-07:00,0.000000,,,0,,NOAA,2013-03-29T15:47:48.0770000-06:00,in
37,USC00051772,Snow,1976-02-22T00:00:00.0000000-07:00,0.000000,,,0,,NOAA,2013-03-29T15:47:48.0770000-06:00,in
37,USC00051772,Snow,1976-02-23T00:00:00.0000000-07:00,0.000000,,,0,,NOAA,2013-03-29T15:47:48.0770000-06:00,in
37,USC00051772,Snow,1976-02-24T00:00:00.0000000-07:00,0.000000,,,0,,NOAA,2013-03-29T15:47:48.0770000-06:00,in
37,USC00051772,Snow,1976-02-25T00:00:00.0000000-07:00,0.000000,,,0,,NOAA,2013-03-29T15:47:48.0770000-06:00,in
37,USC00051772,Snow,1976-02-26T00:00:00.0000000-07:00,0.000000,,,0,,NOAA,2013-03-29T15:47:48.0770000-06:00,in
37,USC00051772,Snow,1976-02-27T00:00:00.0000000-07:00,0.000000,,,0,,NOAA,2013-03-29T15:47:48.0770000-06:00,in
37,USC00051772,Snow,1976-02-28T00:00:00.0000000-07:00,0.000000,,,0,,NOAA,2013-03-29T15:47:48.0770000-06:00,in
37,USC00051772,Snow,1976-02-29T00:00:00.0000000-07:00,0.000000,,,0,,NOAA,2013-03-29T15:47:48.0770000-06:00,in
37,USC00051772,Snow,1976-03-01T00:00:00.0000000-07:00,0.000000,,,0,,NOAA,2013-03-29T15:47:48.0770000-06:00,in
37,USC00051772,Snow,1976-03-02T00:00:00.0000000-07:00,0.511811,,,0,,NOAA,2013-03-29T15:47:48.0770000-06:00,in
37,USC00051772,Snow,1976-03-03T00:00:00.0000000-07:00,0.511811,,,0,,NOAA,2013-03-29T15:47:48.0770000-06:00,in
37,USC00051772,Snow,1976-03-04T00:00:00.0000000-07:00,1.496063,,,0,,NOAA,2013-03-29T15:47:48.0770000-06:00,in
37,USC00051772,Snow,1976-03-05T00:00:00.0000000-07:00,0.000000,T,,0,,NOAA,2013-03-29T15:47:48.0770000-06:00,in
37,USC00051772,Snow,1976-03-06T00:00:00.0000000-07:00,0.000000,,,0,,NOAA,2013-03-29T15:47:48.0770000-06:00,in
37,USC00051772,Snow,1976-03-07T00:00:00.0000000-07:00,0.000000,,,0,,NOAA,2013-03-29T15:47:48.0770000-06:00,in
37,USC00051772,Snow,1976-03-08T00:00:00.0000000-07:00,0.000000,,,0,,NOAA,2013-03-29T15:47:48.0770000-06:00,in
37,USC00051772,Snow,1976-03-09T00:00:00.0000000-07:00,0.000000,,,0,,NOAA,2013-03-29T15:47:48.0770000-06:00,in
37,USC00051772,Snow,1976-03-10T00:00:00.0000000-07:00,0.000000,,,0,,NOAA,2013-03-29T15:47:48.0770000-06:00,in
37,USC00051772,Snow,1976-03-11T00:00:00.0000000-07:00,0.000000,T,,0,,NOAA,2013-03-29T15:47:48.0770000-06:00,in
37,USC00051772,Snow,1976-03-12T00:00:00.0000000-07:00,2.007874,,,0,,NOAA,2013-03-29T15:47:48.0770000-06:00,in
37,USC00051772,Snow,1976-03-13T00:00:00.0000000-07:00,0.000000,,,0,,NOAA,2013-03-29T15:47:48.0770000-06:00,in
37,USC00051772,Snow,1976-03-14T00:00:00.0000000-07:00,0.000000,,,0,,NOAA,2013-03-29T15:47:48.0770000-06:00,in
37,USC00051772,Snow,1976-03-15T00:00:00.0000000-07:00,0.000000,,,0,,NOAA,2013-03-29T15:47:48.0770000-06:00,in
37,USC00051772,Snow,1976-03-16T00:00:00.0000000-07:00,0.000000,,,0,,NOAA,2013-03-29T15:47:48.0770000-06:00,in
37,USC00051772,Snow,1976-03-17T00:00:00.0000000-07:00,0.000000,,,0,,NOAA,2013-03-29T15:47:48.0770000-06:00,in
37,USC00051772,Snow,1976-03-18T00:00:00.0000000-07:00,0.000000,,,0,,NOAA,2013-03-29T15:47:48.0770000-06:00,in
37,USC00051772,Snow,1976-03-19T00:00:00.0000000-07:00,0.000000,,,0,,NOAA,2013-03-29T15:47:48.0770000-06:00,in
37,USC00051772,Snow,1976-03-20T00:00:00.0000000-07:00,0.000000,,,0,,NOAA,2013-03-29T15:47:48.0770000-06:00,in
37,USC00051772,Snow,1976-03-21T00:00:00.0000000-07:00,0.000000,,,0,,NOAA,2013-03-29T15:47:48.0770000-06:00,in
37,USC00051772,Snow,1976-03-22T00:00:00.0000000-07:00,0.000000,,,0,,NOAA,2013-03-29T15:47:48.0770000-06:00,in
37,USC00051772,Snow,1976-03-23T00:00:00.0000000-07:00,0.000000,,,0,,NOAA,2013-03-29T15:47:48.0770000-06:00,in
37,USC00051772,Snow,1976-03-24T00:00:00.0000000-07:00,0.000000,,,0,,NOAA,2013-03-29T15:47:48.0770000-06:00,in
37,USC00051772,Snow,1976-03-25T00:00:00.0000000-07:00,0.000000,,,0,,NOAA,2013-03-29T15:47:48.0770000-06:00,in
37,USC00051772,Snow,1976-03-26T00:00:00.0000000-07:00,0.984252,,,0,,NOAA,2013-03-29T15:47:48.0770000-06:00,in
37,USC00051772,Snow,1976-03-27T00:00:00.0000000-07:00,0.000000,,,0,,NOAA,2013-03-29T15:47:48.0770000-06:00,in
37,USC00051772,Snow,1976-03-28T00:00:00.0000000-07:00,0.000000,,,0,,NOAA,2013-03-29T15:47:48.0770000-06:00,in
37,USC00051772,Snow,1976-03-29T00:00:00.0000000-07:00,0.000000,,,0,,NOAA,2013-03-29T15:47:48.0770000-06:00,in
37,USC00051772,Snow,1976-03-30T00:00:00.0000000-07:00,0.000000,,,0,,NOAA,2013-03-29T15:47:48.0770000-06:00,in
37,USC00051772,Snow,1976-03-31T00:00:00.0000000-07:00,0.000000,,,0,,NOAA,2013-03-29T15:47:48.0770000-06:00,in
37,USC00051772,Snow,1976-04-01T00:00:00.0000000-07:00,0.000000,,,0,,NOAA,2013-03-29T15:47:48.0770000-06:00,in
37,USC00051772,Snow,1976-04-02T00:00:00.0000000-07:00,0.000000,,,0,,NOAA,2013-03-29T15:47:48.0770000-06:00,in
37,USC00051772,Snow,1976-04-03T00:00:00.0000000-07:00,0.000000,,,0,,NOAA,2013-03-29T15:47:48.0770000-06:00,in
37,USC00051772,Snow,1976-04-04T00:00:00.0000000-07:00,0.000000,,,0,,NOAA,2013-03-29T15:47:48.0770000-06:00,in
37,USC00051772,Snow,1976-04-05T00:00:00.0000000-06:00,0.000000,,,0,,NOAA,2013-03-29T15:47:48.0770000-06:00,in
37,USC00051772,Snow,1976-04-06T00:00:00.0000000-06:00,0.000000,,,0,,NOAA,2013-03-29T15:47:48.0770000-06:00,in
37,USC00051772,Snow,1976-04-07T00:00:00.0000000-06:00,0.000000,,,0,,NOAA,2013-03-29T15:47:48.0770000-06:00,in
37,USC00051772,Snow,1976-04-08T00:00:00.0000000-06:00,0.000000,,,0,,NOAA,2013-03-29T15:47:48.0770000-06:00,in
37,USC00051772,Snow,1976-04-09T00:00:00.0000000-06:00,0.000000,,,0,,NOAA,2013-03-29T15:47:48.0770000-06:00,in
37,USC00051772,Snow,1976-04-10T00:00:00.0000000-06:00,0.000000,,,0,,NOAA,2013-03-29T15:47:48.0770000-06:00,in
37,USC00051772,Snow,1976-04-11T00:00:00.0000000-06:00,0.000000,,,0,,NOAA,2013-03-29T15:47:48.0770000-06:00,in
37,USC00051772,Snow,1976-04-12T00:00:00.0000000-06:00,0.000000,,,0,,NOAA,2013-03-29T15:47:48.0770000-06:00,in
37,USC00051772,Snow,1976-04-13T00:00:00.0000000-06:00,0.000000,,,0,,NOAA,2013-03-29T15:47:48.0770000-06:00,in
37,USC00051772,Snow,1976-04-14T00:00:00.0000000-06:00,0.000000,,,0,,NOAA,2013-03-29T15:47:48.0770000-06:00,in
37,USC00051772,Snow,1976-04-15T00:00:00.0000000-06:00,0.000000,,,0,,NOAA,2013-03-29T15:47:48.0770000-06:00,in
37,USC00051772,Snow,1976-04-16T00:00:00.0000000-06:00,0.000000,,,0,,NOAA,2013-03-29T15:47:48.0770000-06:00,in
37,USC00051772,Snow,1976-04-17T00:00:00.0000000-06:00,0.000000,,,0,,NOAA,2013-03-29T15:47:48.0770000-06:00,in
37,USC00051772,Snow,1976-04-18T00:00:00.0000000-06:00,0.000000,,,0,,NOAA,2013-03-29T15:47:48.0770000-06:00,in
37,USC00051772,Snow,1976-04-19T00:00:00.0000000-06:00,0.000000,,,0,,NOAA,2013-03-29T15:47:48.0770000-06:00,in
37,USC00051772,Snow,1976-04-20T00:00:00.0000000-06:00,0.000000,,,0,,NOAA,2013-03-29T15:47:48.0770000-06:00,in
37,USC00051772,Snow,1976-04-21T00:00:00.0000000-06:00,0.000000,,,0,,NOAA,2013-03-29T15:47:48.0770000-06:00,in
37,USC00051772,Snow,1976-04-22T00:00:00.0000000-06:00,0.000000,,,0,,NOAA,2013-03-29T15:47:48.0770000-06:00,in
37,USC00051772,Snow,1976-04-23T00:00:00.0000000-06:00,0.000000,,,0,,NOAA,2013-03-29T15:47:48.0770000-06:00,in
37,USC00051772,Snow,1976-04-24T00:00:00.0000000-06:00,0.000000,,,0,,NOAA,2013-03-29T15:47:48.0770000-06:00,in
37,USC00051772,Snow,1976-04-25T00:00:00.0000000-06:00,0.000000,,,0,,NOAA,2013-03-29T15:47:48.0770000-06:00,in
37,USC00051772,Snow,1976-04-26T00:00:00.0000000-06:00,0.000000,,,0,,NOAA,2013-03-29T15:47:48.0770000-06:00,in
37,USC00051772,Snow,1976-04-27T00:00:00.0000000-06:00,0.000000,,,0,,NOAA,2013-03-29T15:47:48.0770000-06:00,in
37,USC00051772,Snow,1976-04-28T00:00:00.0000000-06:00,0.000000,,,0,,NOAA,2013-03-29T15:47:48.0770000-06:00,in
37,USC00051772,Snow,1976-04-29T00:00:00.0000000-06:00,0.000000,,,0,,NOAA,2013-03-29T15:47:48.0770000-06:00,in
37,USC00051772,Snow,1976-04-30T00:00:00.0000000-06:00,0.000000,,,0,,NOAA,2013-03-29T15:47:48.0770000-06:00,in
37,USC00051772,Snow,1976-05-01T00:00:00.0000000-06:00,0.000000,,,0,,NOAA,2013-03-29T15:47:48.0770000-06:00,in
37,USC00051772,Snow,1976-05-02T00:00:00.0000000-06:00,0.000000,,,0,,NOAA,2013-03-29T15:47:48.0770000-06:00,in
37,USC00051772,Snow,1976-05-03T00:00:00.0000000-06:00,0.000000,,,0,,NOAA,2013-03-29T15:47:48.0770000-06:00,in
37,USC00051772,Snow,1976-05-04T00:00:00.0000000-06:00,0.000000,,,0,,NOAA,2013-03-29T15:47:48.0770000-06:00,in
37,USC00051772,Snow,1976-05-05T00:00:00.0000000-06:00,0.000000,,,0,,NOAA,2013-03-29T15:47:48.0770000-06:00,in
37,USC00051772,Snow,1976-05-06T00:00:00.0000000-06:00,0.000000,,,0,,NOAA,2013-03-29T15:47:48.0770000-06:00,in
37,USC00051772,Snow,1976-05-07T00:00:00.0000000-06:00,0.000000,,,0,,NOAA,2013-03-29T15:47:48.0770000-06:00,in
37,USC00051772,Snow,1976-05-08T00:00:00.0000000-06:00,0.000000,,,0,,NOAA,2013-03-29T15:47:48.0770000-06:00,in
37,USC00051772,Snow,1976-05-09T00:00:00.0000000-06:00,0.000000,,,0,,NOAA,2013-03-29T15:47:48.0770000-06:00,in
37,USC00051772,Snow,1976-05-10T00:00:00.0000000-06:00,0.000000,,,0,,NOAA,2013-03-29T15:47:48.0770000-06:00,in
37,USC00051772,Snow,1976-05-11T00:00:00.0000000-06:00,0.000000,,,0,,NOAA,2013-03-29T15:47:48.0770000-06:00,in
37,USC00051772,Snow,1976-05-12T00:00:00.0000000-06:00,0.000000,,,0,,NOAA,2013-03-29T15:47:48.0770000-06:00,in
37,USC00051772,Snow,1976-05-13T00:00:00.0000000-06:00,0.000000,,,0,,NOAA,2013-03-29T15:47:48.0770000-06:00,in
37,USC00051772,Snow,1976-05-14T00:00:00.0000000-06:00,0.000000,,,0,,NOAA,2013-03-29T15:47:48.0770000-06:00,in
37,USC00051772,Snow,1976-05-15T00:00:00.0000000-06:00,0.000000,,,0,,NOAA,2013-03-29T15:47:48.0770000-06:00,in
37,USC00051772,Snow,1976-05-16T00:00:00.0000000-06:00,0.000000,,,0,,NOAA,2013-03-29T15:47:48.0770000-06:00,in
37,USC00051772,Snow,1976-05-17T00:00:00.0000000-06:00,0.000000,,,0,,NOAA,2013-03-29T15:47:48.0770000-06:00,in
37,USC00051772,Snow,1976-05-18T00:00:00.0000000-06:00,0.000000,,,0,,NOAA,2013-03-29T15:47:48.0770000-06:00,in
37,USC00051772,Snow,1976-05-19T00:00:00.0000000-06:00,0.000000,,,0,,NOAA,2013-03-29T15:47:48.0770000-06:00,in
37,USC00051772,Snow,1976-05-20T00:00:00.0000000-06:00,0.000000,,,0,,NOAA,2013-03-29T15:47:48.0770000-06:00,in
37,USC00051772,Snow,1976-05-21T00:00:00.0000000-06:00,0.000000,,,0,,NOAA,2013-03-29T15:47:48.0770000-06:00,in
37,USC00051772,Snow,1976-05-22T00:00:00.0000000-06:00,0.000000,,,0,,NOAA,2013-03-29T15:47:48.0770000-06:00,in
37,USC00051772,Snow,1976-05-23T00:00:00.0000000-06:00,0.000000,,,0,,NOAA,2013-03-29T15:47:48.0770000-06:00,in
37,USC00051772,Snow,1976-05-24T00:00:00.0000000-06:00,0.000000,,,0,,NOAA,2013-03-29T15:47:48.0770000-06:00,in
37,USC00051772,Snow,1976-05-25T00:00:00.0000000-06:00,0.000000,,,0,,NOAA,2013-03-29T15:47:48.0770000-06:00,in
37,USC00051772,Snow,1976-05-26T00:00:00.0000000-06:00,0.000000,,,0,,NOAA,2013-03-29T15:47:48.0770000-06:00,in
37,USC00051772,Snow,1976-05-27T00:00:00.0000000-06:00,0.000000,,,0,,NOAA,2013-03-29T15:47:48.0770000-06:00,in
37,USC00051772,Snow,1976-05-28T00:00:00.0000000-06:00,0.000000,,,0,,NOAA,2013-03-29T15:47:48.0770000-06:00,in
37,USC00051772,Snow,1976-05-29T00:00:00.0000000-06:00,0.000000,,,0,,NOAA,2013-03-29T15:47:48.0770000-06:00,in
37,USC00051772,Snow,1976-05-30T00:00:00.0000000-06:00,0.000000,,,0,,NOAA,2013-03-29T15:47:48.0770000-06:00,in
37,USC00051772,Snow,1976-05-31T00:00:00.0000000-06:00,0.000000,,,0,,NOAA,2013-03-29T15:47:48.0770000-06:00,in
37,USC00051772,Snow,1976-06-01T00:00:00.0000000-06:00,0.000000,,,0,,NOAA,2013-03-29T15:47:48.0770000-06:00,in
37,USC00051772,Snow,1976-06-02T00:00:00.0000000-06:00,0.000000,,,0,,NOAA,2013-03-29T15:47:48.0770000-06:00,in
37,USC00051772,Snow,1976-06-03T00:00:00.0000000-06:00,0.000000,,,0,,NOAA,2013-03-29T15:47:48.0770000-06:00,in
37,USC00051772,Snow,1976-06-04T00:00:00.0000000-06:00,0.000000,,,0,,NOAA,2013-03-29T15:47:48.0770000-06:00,in
37,USC00051772,Snow,1976-06-05T00:00:00.0000000-06:00,0.000000,,,0,,NOAA,2013-03-29T15:47:48.0770000-06:00,in
37,USC00051772,Snow,1976-06-06T00:00:00.0000000-06:00,0.000000,,,0,,NOAA,2013-03-29T15:47:48.0770000-06:00,in
37,USC00051772,Snow,1976-06-07T00:00:00.0000000-06:00,0.000000,,,0,,NOAA,2013-03-29T15:47:48.0770000-06:00,in
37,USC00051772,Snow,1976-06-08T00:00:00.0000000-06:00,0.000000,,,0,,NOAA,2013-03-29T15:47:48.0770000-06:00,in
37,USC00051772,Snow,1976-06-09T00:00:00.0000000-06:00,0.000000,,,0,,NOAA,2013-03-29T15:47:48.0770000-06:00,in
37,USC00051772,Snow,1976-06-10T00:00:00.0000000-06:00,0.000000,,,0,,NOAA,2013-03-29T15:47:48.0770000-06:00,in
37,USC00051772,Snow,1976-06-11T00:00:00.0000000-06:00,0.000000,,,0,,NOAA,2013-03-29T15:47:48.0770000-06:00,in
37,USC00051772,Snow,1976-06-12T00:00:00.0000000-06:00,0.000000,,,0,,NOAA,2013-03-29T15:47:48.0770000-06:00,in
37,USC00051772,Snow,1976-06-13T00:00:00.0000000-06:00,0.000000,,,0,,NOAA,2013-03-29T15:47:48.0770000-06:00,in
37,USC00051772,Snow,1976-06-14T00:00:00.0000000-06:00,0.000000,,,0,,NOAA,2013-03-29T15:47:48.0770000-06:00,in
37,USC00051772,Snow,1976-06-15T00:00:00.0000000-06:00,0.000000,,,0,,NOAA,2013-03-29T15:47:48.0770000-06:00,in
37,USC00051772,Snow,1976-06-16T00:00:00.0000000-06:00,0.000000,,,0,,NOAA,2013-03-29T15:47:48.0770000-06:00,in
37,USC00051772,Snow,1976-06-17T00:00:00.0000000-06:00,0.000000,,,0,,NOAA,2013-03-29T15:47:48.0770000-06:00,in
37,USC00051772,Snow,1976-06-18T00:00:00.0000000-06:00,0.000000,,,0,,NOAA,2013-03-29T15:47:48.0770000-06:00,in
37,USC00051772,Snow,1976-06-19T00:00:00.0000000-06:00,0.000000,,,0,,NOAA,2013-03-29T15:47:48.0770000-06:00,in
37,USC00051772,Snow,1976-06-20T00:00:00.0000000-06:00,0.000000,,,0,,NOAA,2013-03-29T15:47:48.0770000-06:00,in
37,USC00051772,Snow,1976-06-21T00:00:00.0000000-06:00,0.000000,,,0,,NOAA,2013-03-29T15:47:48.0770000-06:00,in
37,USC00051772,Snow,1976-06-22T00:00:00.0000000-06:00,0.000000,,,0,,NOAA,2013-03-29T15:47:48.0770000-06:00,in
37,USC00051772,Snow,1976-06-23T00:00:00.0000000-06:00,0.000000,,,0,,NOAA,2013-03-29T15:47:48.0770000-06:00,in
37,USC00051772,Snow,1976-06-24T00:00:00.0000000-06:00,0.000000,,,0,,NOAA,2013-03-29T15:47:48.0770000-06:00,in
37,USC00051772,Snow,1976-06-25T00:00:00.0000000-06:00,0.000000,,,0,,NOAA,2013-03-29T15:47:48.0770000-06:00,in
37,USC00051772,Snow,1976-06-26T00:00:00.0000000-06:00,0.000000,,,0,,NOAA,2013-03-29T15:47:48.0770000-06:00,in
37,USC00051772,Snow,1976-06-27T00:00:00.0000000-06:00,0.000000,,,0,,NOAA,2013-03-29T15:47:48.0770000-06:00,in
37,USC00051772,Snow,1976-06-28T00:00:00.0000000-06:00,0.000000,,,0,,NOAA,2013-03-29T15:47:48.0770000-06:00,in
37,USC00051772,Snow,1976-06-29T00:00:00.0000000-06:00,0.000000,,,0,,NOAA,2013-03-29T15:47:48.0770000-06:00,in
37,USC00051772,Snow,1976-06-30T00:00:00.0000000-06:00,0.000000,,,0,,NOAA,2013-03-29T15:47:48.0770000-06:00,in
37,USC00051772,Snow,1976-07-01T00:00:00.0000000-06:00,0.000000,,,0,,NOAA,2013-03-29T15:47:48.0770000-06:00,in
37,USC00051772,Snow,1976-07-02T00:00:00.0000000-06:00,0.000000,,,0,,NOAA,2013-03-29T15:47:48.0770000-06:00,in
37,USC00051772,Snow,1976-07-03T00:00:00.0000000-06:00,0.000000,,,0,,NOAA,2013-03-29T15:47:48.0770000-06:00,in
37,USC00051772,Snow,1976-07-04T00:00:00.0000000-06:00,0.000000,,,0,,NOAA,2013-03-29T15:47:48.0770000-06:00,in
37,USC00051772,Snow,1976-07-05T00:00:00.0000000-06:00,0.000000,,,0,,NOAA,2013-03-29T15:47:48.0770000-06:00,in
37,USC00051772,Snow,1976-07-06T00:00:00.0000000-06:00,0.000000,,,0,,NOAA,2013-03-29T15:47:48.0770000-06:00,in
37,USC00051772,Snow,1976-07-07T00:00:00.0000000-06:00,0.000000,,,0,,NOAA,2013-03-29T15:47:48.0770000-06:00,in
37,USC00051772,Snow,1976-07-08T00:00:00.0000000-06:00,0.000000,,,0,,NOAA,2013-03-29T15:47:48.0770000-06:00,in
37,USC00051772,Snow,1976-07-09T00:00:00.0000000-06:00,0.000000,,,0,,NOAA,2013-03-29T15:47:48.0770000-06:00,in
37,USC00051772,Snow,1976-07-10T00:00:00.0000000-06:00,0.000000,,,0,,NOAA,2013-03-29T15:47:48.0770000-06:00,in
37,USC00051772,Snow,1976-07-11T00:00:00.0000000-06:00,0.000000,,,0,,NOAA,2013-03-29T15:47:48.0770000-06:00,in
37,USC00051772,Snow,1976-07-12T00:00:00.0000000-06:00,0.000000,,,0,,NOAA,2013-03-29T15:47:48.0770000-06:00,in
37,USC00051772,Snow,1976-07-13T00:00:00.0000000-06:00,0.000000,,,0,,NOAA,2013-03-29T15:47:48.0770000-06:00,in
37,USC00051772,Snow,1976-07-14T00:00:00.0000000-06:00,0.000000,,,0,,NOAA,2013-03-29T15:47:48.0770000-06:00,in
37,USC00051772,Snow,1976-07-15T00:00:00.0000000-06:00,0.000000,,,0,,NOAA,2013-03-29T15:47:48.0770000-06:00,in
37,USC00051772,Snow,1976-07-16T00:00:00.0000000-06:00,0.000000,,,0,,NOAA,2013-03-29T15:47:48.0770000-06:00,in
37,USC00051772,Snow,1976-07-17T00:00:00.0000000-06:00,0.000000,,,0,,NOAA,2013-03-29T15:47:48.0770000-06:00,in
37,USC00051772,Snow,1976-07-18T00:00:00.0000000-06:00,0.000000,,,0,,NOAA,2013-03-29T15:47:48.0770000-06:00,in
37,USC00051772,Snow,1976-07-19T00:00:00.0000000-06:00,0.000000,,,0,,NOAA,2013-03-29T15:47:48.0770000-06:00,in
37,USC00051772,Snow,1976-07-20T00:00:00.0000000-06:00,0.000000,,,0,,NOAA,2013-03-29T15:47:48.0770000-06:00,in
37,USC00051772,Snow,1976-07-21T00:00:00.0000000-06:00,0.000000,,,0,,NOAA,2013-03-29T15:47:48.0770000-06:00,in
37,USC00051772,Snow,1976-07-22T00:00:00.0000000-06:00,0.000000,,,0,,NOAA,2013-03-29T15:47:48.0770000-06:00,in
37,USC00051772,Snow,1976-07-23T00:00:00.0000000-06:00,0.000000,,,0,,NOAA,2013-03-29T15:47:48.0770000-06:00,in
37,USC00051772,Snow,1976-07-24T00:00:00.0000000-06:00,0.000000,,,0,,NOAA,2013-03-29T15:47:48.0770000-06:00,in
37,USC00051772,Snow,1976-07-25T00:00:00.0000000-06:00,0.000000,,,0,,NOAA,2013-03-29T15:47:48.0770000-06:00,in
37,USC00051772,Snow,1976-07-26T00:00:00.0000000-06:00,0.000000,,,0,,NOAA,2013-03-29T15:47:48.0770000-06:00,in
37,USC00051772,Snow,1976-07-27T00:00:00.0000000-06:00,0.000000,,,0,,NOAA,2013-03-29T15:47:48.0770000-06:00,in
37,USC00051772,Snow,1976-07-28T00:00:00.0000000-06:00,0.000000,,,0,,NOAA,2013-03-29T15:47:48.0770000-06:00,in
37,USC00051772,Snow,1976-07-29T00:00:00.0000000-06:00,0.000000,,,0,,NOAA,2013-03-29T15:47:48.0770000-06:00,in
37,USC00051772,Snow,1976-07-30T00:00:00.0000000-06:00,0.000000,,,0,,NOAA,2013-03-29T15:47:48.0770000-06:00,in
37,USC00051772,Snow,1976-07-31T00:00:00.0000000-06:00,0.000000,,,0,,NOAA,2013-03-29T15:47:48.0770000-06:00,in
37,USC00051772,Snow,1976-08-01T00:00:00.0000000-06:00,0.000000,,,0,,NOAA,2013-03-29T15:47:48.0770000-06:00,in
37,USC00051772,Snow,1976-08-02T00:00:00.0000000-06:00,0.000000,,,0,,NOAA,2013-03-29T15:47:48.0770000-06:00,in
37,USC00051772,Snow,1976-08-03T00:00:00.0000000-06:00,0.000000,,,0,,NOAA,2013-03-29T15:47:48.0770000-06:00,in
37,USC00051772,Snow,1976-08-04T00:00:00.0000000-06:00,0.000000,,,0,,NOAA,2013-03-29T15:47:48.0770000-06:00,in
37,USC00051772,Snow,1976-08-05T00:00:00.0000000-06:00,0.000000,,,0,,NOAA,2013-03-29T15:47:48.0770000-06:00,in
37,USC00051772,Snow,1976-08-06T00:00:00.0000000-06:00,0.000000,,,0,,NOAA,2013-03-29T15:47:48.0770000-06:00,in
37,USC00051772,Snow,1976-08-07T00:00:00.0000000-06:00,0.000000,,,0,,NOAA,2013-03-29T15:47:48.0770000-06:00,in
37,USC00051772,Snow,1976-08-08T00:00:00.0000000-06:00,0.000000,,,0,,NOAA,2013-03-29T15:47:48.0770000-06:00,in
37,USC00051772,Snow,1976-08-09T00:00:00.0000000-06:00,0.000000,,,0,,NOAA,2013-03-29T15:47:48.0770000-06:00,in
37,USC00051772,Snow,1976-08-10T00:00:00.0000000-06:00,0.000000,,,0,,NOAA,2013-03-29T15:47:48.0770000-06:00,in
37,USC00051772,Snow,1976-08-11T00:00:00.0000000-06:00,0.000000,,,0,,NOAA,2013-03-29T15:47:48.0770000-06:00,in
37,USC00051772,Snow,1976-08-12T00:00:00.0000000-06:00,0.000000,,,0,,NOAA,2013-03-29T15:47:48.0770000-06:00,in
37,USC00051772,Snow,1976-08-13T00:00:00.0000000-06:00,0.000000,,,0,,NOAA,2013-03-29T15:47:48.0770000-06:00,in
37,USC00051772,Snow,1976-08-14T00:00:00.0000000-06:00,0.000000,,,0,,NOAA,2013-03-29T15:47:48.0770000-06:00,in
37,USC00051772,Snow,1976-08-15T00:00:00.0000000-06:00,0.000000,,,0,,NOAA,2013-03-29T15:47:48.0770000-06:00,in
37,USC00051772,Snow,1976-08-16T00:00:00.0000000-06:00,0.000000,,,0,,NOAA,2013-03-29T15:47:48.0770000-06:00,in
37,USC00051772,Snow,1976-08-17T00:00:00.0000000-06:00,0.000000,,,0,,NOAA,2013-03-29T15:47:48.0770000-06:00,in
37,USC00051772,Snow,1976-08-18T00:00:00.0000000-06:00,0.000000,,,0,,NOAA,2013-03-29T15:47:48.0770000-06:00,in
37,USC00051772,Snow,1976-08-19T00:00:00.0000000-06:00,0.000000,,,0,,NOAA,2013-03-29T15:47:48.0770000-06:00,in
37,USC00051772,Snow,1976-08-20T00:00:00.0000000-06:00,0.000000,,,0,,NOAA,2013-03-29T15:47:48.0770000-06:00,in
37,USC00051772,Snow,1976-08-21T00:00:00.0000000-06:00,0.000000,,,0,,NOAA,2013-03-29T15:47:48.0770000-06:00,in
37,USC00051772,Snow,1976-08-22T00:00:00.0000000-06:00,0.000000,,,0,,NOAA,2013-03-29T15:47:48.0770000-06:00,in
37,USC00051772,Snow,1976-08-23T00:00:00.0000000-06:00,0.000000,,,0,,NOAA,2013-03-29T15:47:48.0770000-06:00,in
37,USC00051772,Snow,1976-08-24T00:00:00.0000000-06:00,0.000000,,,0,,NOAA,2013-03-29T15:47:48.0770000-06:00,in
37,USC00051772,Snow,1976-08-25T00:00:00.0000000-06:00,0.000000,,,0,,NOAA,2013-03-29T15:47:48.0770000-06:00,in
37,USC00051772,Snow,1976-08-26T00:00:00.0000000-06:00,0.000000,,,0,,NOAA,2013-03-29T15:47:48.0770000-06:00,in
37,USC00051772,Snow,1976-08-27T00:00:00.0000000-06:00,0.000000,,,0,,NOAA,2013-03-29T15:47:48.0770000-06:00,in
37,USC00051772,Snow,1976-08-28T00:00:00.0000000-06:00,0.000000,,,0,,NOAA,2013-03-29T15:47:48.0770000-06:00,in
37,USC00051772,Snow,1976-08-29T00:00:00.0000000-06:00,0.000000,,,0,,NOAA,2013-03-29T15:47:48.0770000-06:00,in
37,USC00051772,Snow,1976-08-30T00:00:00.0000000-06:00,0.000000,,,0,,NOAA,2013-03-29T15:47:48.0770000-06:00,in
37,USC00051772,Snow,1976-08-31T00:00:00.0000000-06:00,0.000000,,,0,,NOAA,2013-03-29T15:47:48.0770000-06:00,in
37,USC00051772,Snow,1976-09-01T00:00:00.0000000-06:00,0.000000,,,0,,NOAA,2013-03-29T15:47:48.0770000-06:00,in
37,USC00051772,Snow,1976-09-02T00:00:00.0000000-06:00,0.000000,,,0,,NOAA,2013-03-29T15:47:48.0770000-06:00,in
37,USC00051772,Snow,1976-09-03T00:00:00.0000000-06:00,0.000000,,,0,,NOAA,2013-03-29T15:47:48.0770000-06:00,in
37,USC00051772,Snow,1976-09-04T00:00:00.0000000-06:00,0.000000,,,0,,NOAA,2013-03-29T15:47:48.0770000-06:00,in
37,USC00051772,Snow,1976-09-05T00:00:00.0000000-06:00,0.000000,,,0,,NOAA,2013-03-29T15:47:48.0770000-06:00,in
37,USC00051772,Snow,1976-09-06T00:00:00.0000000-06:00,0.000000,,,0,,NOAA,2013-03-29T15:47:48.0770000-06:00,in
37,USC00051772,Snow,1976-09-07T00:00:00.0000000-06:00,0.000000,,,0,,NOAA,2013-03-29T15:47:48.0770000-06:00,in
37,USC00051772,Snow,1976-09-08T00:00:00.0000000-06:00,0.000000,,,0,,NOAA,2013-03-29T15:47:48.0770000-06:00,in
37,USC00051772,Snow,1976-09-09T00:00:00.0000000-06:00,0.000000,,,0,,NOAA,2013-03-29T15:47:48.0770000-06:00,in
37,USC00051772,Snow,1976-09-10T00:00:00.0000000-06:00,0.000000,,,0,,NOAA,2013-03-29T15:47:48.0770000-06:00,in
37,USC00051772,Snow,1976-09-11T00:00:00.0000000-06:00,0.000000,,,0,,NOAA,2013-03-29T15:47:48.0770000-06:00,in
37,USC00051772,Snow,1976-09-12T00:00:00.0000000-06:00,0.000000,,,0,,NOAA,2013-03-29T15:47:48.0770000-06:00,in
37,USC00051772,Snow,1976-09-13T00:00:00.0000000-06:00,0.000000,,,0,,NOAA,2013-03-29T15:47:48.0770000-06:00,in
37,USC00051772,Snow,1976-09-14T00:00:00.0000000-06:00,0.000000,,,0,,NOAA,2013-03-29T15:47:48.0770000-06:00,in
37,USC00051772,Snow,1976-09-15T00:00:00.0000000-06:00,0.000000,,,0,,NOAA,2013-03-29T15:47:48.0770000-06:00,in
37,USC00051772,Snow,1976-09-16T00:00:00.0000000-06:00,0.000000,,,0,,NOAA,2013-03-29T15:47:48.0770000-06:00,in
37,USC00051772,Snow,1976-09-17T00:00:00.0000000-06:00,0.000000,,,0,,NOAA,2013-03-29T15:47:48.0770000-06:00,in
37,USC00051772,Snow,1976-09-18T00:00:00.0000000-06:00,0.000000,,,0,,NOAA,2013-03-29T15:47:48.0770000-06:00,in
37,USC00051772,Snow,1976-09-19T00:00:00.0000000-06:00,0.000000,,,0,,NOAA,2013-03-29T15:47:48.0770000-06:00,in
37,USC00051772,Snow,1976-09-20T00:00:00.0000000-06:00,0.000000,,,0,,NOAA,2013-03-29T15:47:48.0770000-06:00,in
37,USC00051772,Snow,1976-09-21T00:00:00.0000000-06:00,0.000000,,,0,,NOAA,2013-03-29T15:47:48.0770000-06:00,in
37,USC00051772,Snow,1976-09-22T00:00:00.0000000-06:00,0.000000,,,0,,NOAA,2013-03-29T15:47:48.0770000-06:00,in
37,USC00051772,Snow,1976-09-23T00:00:00.0000000-06:00,0.000000,,,0,,NOAA,2013-03-29T15:47:48.0770000-06:00,in
37,USC00051772,Snow,1976-09-24T00:00:00.0000000-06:00,0.000000,,,0,,NOAA,2013-03-29T15:47:48.0770000-06:00,in
37,USC00051772,Snow,1976-09-25T00:00:00.0000000-06:00,0.000000,,,0,,NOAA,2013-03-29T15:47:48.0770000-06:00,in
37,USC00051772,Snow,1976-09-26T00:00:00.0000000-06:00,0.000000,,,0,,NOAA,2013-03-29T15:47:48.0770000-06:00,in
37,USC00051772,Snow,1976-09-27T00:00:00.0000000-06:00,0.000000,,,0,,NOAA,2013-03-29T15:47:48.0770000-06:00,in
37,USC00051772,Snow,1976-09-28T00:00:00.0000000-06:00,0.000000,,,0,,NOAA,2013-03-29T15:47:48.0770000-06:00,in
37,USC00051772,Snow,1976-09-29T00:00:00.0000000-06:00,0.000000,,,0,,NOAA,2013-03-29T15:47:48.0770000-06:00,in
37,USC00051772,Snow,1976-09-30T00:00:00.0000000-06:00,0.000000,,,0,,NOAA,2013-03-29T15:47:48.0770000-06:00,in
37,USC00051772,Snow,1976-10-01T00:00:00.0000000-06:00,0.000000,,,0,,NOAA,2013-03-29T15:47:48.0770000-06:00,in
37,USC00051772,Snow,1976-10-02T00:00:00.0000000-06:00,0.000000,,,0,,NOAA,2013-03-29T15:47:48.0770000-06:00,in
37,USC00051772,Snow,1976-10-03T00:00:00.0000000-06:00,0.000000,,,0,,NOAA,2013-03-29T15:47:48.0770000-06:00,in
37,USC00051772,Snow,1976-10-04T00:00:00.0000000-06:00,0.000000,,,0,,NOAA,2013-03-29T15:47:48.0770000-06:00,in
37,USC00051772,Snow,1976-10-05T00:00:00.0000000-06:00,0.000000,,,0,,NOAA,2013-03-29T15:47:48.0770000-06:00,in
37,USC00051772,Snow,1976-10-06T00:00:00.0000000-06:00,0.000000,,,0,,NOAA,2013-03-29T15:47:48.0770000-06:00,in
37,USC00051772,Snow,1976-10-07T00:00:00.0000000-06:00,0.000000,,,0,,NOAA,2013-03-29T15:47:48.0770000-06:00,in
37,USC00051772,Snow,1976-10-08T00:00:00.0000000-06:00,0.000000,,,0,,NOAA,2013-03-29T15:47:48.0770000-06:00,in
37,USC00051772,Snow,1976-10-09T00:00:00.0000000-06:00,0.000000,,,0,,NOAA,2013-03-29T15:47:48.0770000-06:00,in
37,USC00051772,Snow,1976-10-10T00:00:00.0000000-06:00,0.000000,,,0,,NOAA,2013-03-29T15:47:48.0770000-06:00,in
37,USC00051772,Snow,1976-10-11T00:00:00.0000000-06:00,0.000000,,,0,,NOAA,2013-03-29T15:47:48.0770000-06:00,in
37,USC00051772,Snow,1976-10-12T00:00:00.0000000-06:00,0.000000,,,0,,NOAA,2013-03-29T15:47:48.0770000-06:00,in
37,USC00051772,Snow,1976-10-13T00:00:00.0000000-06:00,0.000000,,,0,,NOAA,2013-03-29T15:47:48.0770000-06:00,in
37,USC00051772,Snow,1976-10-14T00:00:00.0000000-06:00,0.000000,,,0,,NOAA,2013-03-29T15:47:48.0770000-06:00,in
37,USC00051772,Snow,1976-10-15T00:00:00.0000000-06:00,0.000000,,,0,,NOAA,2013-03-29T15:47:48.0770000-06:00,in
37,USC00051772,Snow,1976-10-16T00:00:00.0000000-06:00,0.000000,,,0,,NOAA,2013-03-29T15:47:48.0770000-06:00,in
37,USC00051772,Snow,1976-10-17T00:00:00.0000000-06:00,0.000000,,,0,,NOAA,2013-03-29T15:47:48.0770000-06:00,in
37,USC00051772,Snow,1976-10-18T00:00:00.0000000-06:00,0.000000,,,0,,NOAA,2013-03-29T15:47:48.0770000-06:00,in
37,USC00051772,Snow,1976-10-19T00:00:00.0000000-06:00,0.000000,,,0,,NOAA,2013-03-29T15:47:48.0770000-06:00,in
37,USC00051772,Snow,1976-10-20T00:00:00.0000000-06:00,0.000000,,,0,,NOAA,2013-03-29T15:47:48.0770000-06:00,in
37,USC00051772,Snow,1976-10-21T00:00:00.0000000-06:00,0.000000,,,0,,NOAA,2013-03-29T15:47:48.0770000-06:00,in
37,USC00051772,Snow,1976-10-22T00:00:00.0000000-06:00,0.000000,,,0,,NOAA,2013-03-29T15:47:48.0770000-06:00,in
37,USC00051772,Snow,1976-10-23T00:00:00.0000000-06:00,0.000000,,,0,,NOAA,2013-03-29T15:47:48.0770000-06:00,in
37,USC00051772,Snow,1976-10-24T00:00:00.0000000-06:00,0.000000,,,0,,NOAA,2013-03-29T15:47:48.0770000-06:00,in
37,USC00051772,Snow,1976-10-25T00:00:00.0000000-06:00,0.000000,,,0,,NOAA,2013-03-29T15:47:48.0770000-06:00,in
37,USC00051772,Snow,1976-10-26T00:00:00.0000000-06:00,0.000000,,,0,,NOAA,2013-03-29T15:47:48.0770000-06:00,in
37,USC00051772,Snow,1976-10-27T00:00:00.0000000-06:00,0.000000,,,0,,NOAA,2013-03-29T15:47:48.0770000-06:00,in
37,USC00051772,Snow,1976-10-28T00:00:00.0000000-06:00,0.000000,,,0,,NOAA,2013-03-29T15:47:48.0770000-06:00,in
37,USC00051772,Snow,1976-10-29T00:00:00.0000000-06:00,0.000000,,,0,,NOAA,2013-03-29T15:47:48.0770000-06:00,in
37,USC00051772,Snow,1976-10-30T00:00:00.0000000-06:00,0.000000,,,0,,NOAA,2013-03-29T15:47:48.0770000-06:00,in
37,USC00051772,Snow,1976-10-31T00:00:00.0000000-06:00,0.000000,,,0,,NOAA,2013-03-29T15:47:48.0770000-06:00,in
37,USC00051772,Snow,1976-11-01T00:00:00.0000000-07:00,0.000000,,,0,,NOAA,2013-03-29T15:47:48.0770000-06:00,in
37,USC00051772,Snow,1976-11-02T00:00:00.0000000-07:00,0.000000,,,0,,NOAA,2013-03-29T15:47:48.0770000-06:00,in
37,USC00051772,Snow,1976-11-03T00:00:00.0000000-07:00,0.000000,,,0,,NOAA,2013-03-29T15:47:48.0770000-06:00,in
37,USC00051772,Snow,1976-11-04T00:00:00.0000000-07:00,0.000000,,,0,,NOAA,2013-03-29T15:47:48.0770000-06:00,in
37,USC00051772,Snow,1976-11-05T00:00:00.0000000-07:00,0.000000,,,0,,NOAA,2013-03-29T15:47:48.0770000-06:00,in
37,USC00051772,Snow,1976-11-06T00:00:00.0000000-07:00,0.000000,,,0,,NOAA,2013-03-29T15:47:48.0770000-06:00,in
37,USC00051772,Snow,1976-11-07T00:00:00.0000000-07:00,0.000000,,,0,,NOAA,2013-03-29T15:47:48.0770000-06:00,in
37,USC00051772,Snow,1976-11-08T00:00:00.0000000-07:00,0.000000,,,0,,NOAA,2013-03-29T15:47:48.0770000-06:00,in
37,USC00051772,Snow,1976-11-09T00:00:00.0000000-07:00,0.000000,,,0,,NOAA,2013-03-29T15:47:48.0770000-06:00,in
37,USC00051772,Snow,1976-11-10T00:00:00.0000000-07:00,0.000000,,,0,,NOAA,2013-03-29T15:47:48.0770000-06:00,in
37,USC00051772,Snow,1976-11-11T00:00:00.0000000-07:00,0.000000,,,0,,NOAA,2013-03-29T15:47:48.0770000-06:00,in
37,USC00051772,Snow,1976-11-12T00:00:00.0000000-07:00,0.000000,,,0,,NOAA,2013-03-29T15:47:48.0770000-06:00,in
37,USC00051772,Snow,1976-11-13T00:00:00.0000000-07:00,0.000000,,,0,,NOAA,2013-03-29T15:47:48.0770000-06:00,in
37,USC00051772,Snow,1976-11-14T00:00:00.0000000-07:00,0.000000,,,0,,NOAA,2013-03-29T15:47:48.0770000-06:00,in
37,USC00051772,Snow,1976-11-15T00:00:00.0000000-07:00,0.000000,T,,0,,NOAA,2013-03-29T15:47:48.0770000-06:00,in
37,USC00051772,Snow,1976-11-16T00:00:00.0000000-07:00,0.000000,,,0,,NOAA,2013-03-29T15:47:48.0770000-06:00,in
37,USC00051772,Snow,1976-11-17T00:00:00.0000000-07:00,0.000000,,,0,,NOAA,2013-03-29T15:47:48.0770000-06:00,in
37,USC00051772,Snow,1976-11-18T00:00:00.0000000-07:00,0.000000,,,0,,NOAA,2013-03-29T15:47:48.0770000-06:00,in
37,USC00051772,Snow,1976-11-19T00:00:00.0000000-07:00,0.000000,,,0,,NOAA,2013-03-29T15:47:48.0770000-06:00,in
37,USC00051772,Snow,1976-11-20T00:00:00.0000000-07:00,0.000000,,,0,,NOAA,2013-03-29T15:47:48.0770000-06:00,in
37,USC00051772,Snow,1976-11-21T00:00:00.0000000-07:00,0.000000,,,0,,NOAA,2013-03-29T15:47:48.0770000-06:00,in
37,USC00051772,Snow,1976-11-22T00:00:00.0000000-07:00,0.000000,,,0,,NOAA,2013-03-29T15:47:48.0770000-06:00,in
37,USC00051772,Snow,1976-11-23T00:00:00.0000000-07:00,0.000000,,,0,,NOAA,2013-03-29T15:47:48.0770000-06:00,in
37,USC00051772,Snow,1976-11-24T00:00:00.0000000-07:00,0.000000,,,0,,NOAA,2013-03-29T15:47:48.0770000-06:00,in
37,USC00051772,Snow,1976-11-25T00:00:00.0000000-07:00,0.000000,,,0,,NOAA,2013-03-29T15:47:48.0770000-06:00,in
37,USC00051772,Snow,1976-11-26T00:00:00.0000000-07:00,0.000000,,,0,,NOAA,2013-03-29T15:47:48.0770000-06:00,in
37,USC00051772,Snow,1976-11-27T00:00:00.0000000-07:00,0.000000,,,0,,NOAA,2013-03-29T15:47:48.0770000-06:00,in
37,USC00051772,Snow,1976-11-28T00:00:00.0000000-07:00,0.000000,,,0,,NOAA,2013-03-29T15:47:48.0770000-06:00,in
37,USC00051772,Snow,1976-11-29T00:00:00.0000000-07:00,0.000000,,,0,,NOAA,2013-03-29T15:47:48.0770000-06:00,in
37,USC00051772,Snow,1976-11-30T00:00:00.0000000-07:00,0.000000,,,0,,NOAA,2013-03-29T15:47:48.0770000-06:00,in
37,USC00051772,Snow,1976-12-01T00:00:00.0000000-07:00,0.000000,,,0,,NOAA,2013-03-29T15:47:48.0770000-06:00,in
37,USC00051772,Snow,1976-12-02T00:00:00.0000000-07:00,0.000000,,,0,,NOAA,2013-03-29T15:47:48.0770000-06:00,in
37,USC00051772,Snow,1976-12-03T00:00:00.0000000-07:00,0.000000,,,0,,NOAA,2013-03-29T15:47:48.0770000-06:00,in
37,USC00051772,Snow,1976-12-04T00:00:00.0000000-07:00,0.000000,,,0,,NOAA,2013-03-29T15:47:48.0770000-06:00,in
37,USC00051772,Snow,1976-12-05T00:00:00.0000000-07:00,0.000000,T,,0,,NOAA,2013-03-29T15:47:48.0770000-06:00,in
37,USC00051772,Snow,1976-12-06T00:00:00.0000000-07:00,0.000000,,,0,,NOAA,2013-03-29T15:47:48.0770000-06:00,in
37,USC00051772,Snow,1976-12-07T00:00:00.0000000-07:00,0.000000,,,0,,NOAA,2013-03-29T15:47:48.0770000-06:00,in
37,USC00051772,Snow,1976-12-08T00:00:00.0000000-07:00,0.000000,,,0,,NOAA,2013-03-29T15:47:48.0770000-06:00,in
37,USC00051772,Snow,1976-12-09T00:00:00.0000000-07:00,0.000000,,,0,,NOAA,2013-03-29T15:47:48.0770000-06:00,in
37,USC00051772,Snow,1976-12-10T00:00:00.0000000-07:00,0.000000,,,0,,NOAA,2013-03-29T15:47:48.0770000-06:00,in
37,USC00051772,Snow,1976-12-11T00:00:00.0000000-07:00,0.000000,,,0,,NOAA,2013-03-29T15:47:48.0770000-06:00,in
37,USC00051772,Snow,1976-12-12T00:00:00.0000000-07:00,0.000000,,,0,,NOAA,2013-03-29T15:47:48.0770000-06:00,in
37,USC00051772,Snow,1976-12-13T00:00:00.0000000-07:00,0.000000,,,0,,NOAA,2013-03-29T15:47:48.0770000-06:00,in
37,USC00051772,Snow,1976-12-14T00:00:00.0000000-07:00,0.000000,,,0,,NOAA,2013-03-29T15:47:48.0770000-06:00,in
37,USC00051772,Snow,1976-12-15T00:00:00.0000000-07:00,0.000000,,,0,,NOAA,2013-03-29T15:47:48.0770000-06:00,in
37,USC00051772,Snow,1976-12-16T00:00:00.0000000-07:00,0.000000,,,0,,NOAA,2013-03-29T15:47:48.0770000-06:00,in
37,USC00051772,Snow,1976-12-17T00:00:00.0000000-07:00,0.000000,,,0,,NOAA,2013-03-29T15:47:48.0770000-06:00,in
37,USC00051772,Snow,1976-12-18T00:00:00.0000000-07:00,0.000000,,,0,,NOAA,2013-03-29T15:47:48.0770000-06:00,in
37,USC00051772,Snow,1976-12-19T00:00:00.0000000-07:00,0.000000,,,0,,NOAA,2013-03-29T15:47:48.0770000-06:00,in
37,USC00051772,Snow,1976-12-20T00:00:00.0000000-07:00,0.000000,,,0,,NOAA,2013-03-29T15:47:48.0770000-06:00,in
37,USC00051772,Snow,1976-12-21T00:00:00.0000000-07:00,0.000000,,,0,,NOAA,2013-03-29T15:47:48.0770000-06:00,in
37,USC00051772,Snow,1976-12-22T00:00:00.0000000-07:00,0.000000,,,0,,NOAA,2013-03-29T15:47:48.0770000-06:00,in
37,USC00051772,Snow,1976-12-23T00:00:00.0000000-07:00,0.000000,,,0,,NOAA,2013-03-29T15:47:48.0770000-06:00,in
37,USC00051772,Snow,1976-12-24T00:00:00.0000000-07:00,0.000000,,,0,,NOAA,2013-03-29T15:47:48.0770000-06:00,in
37,USC00051772,Snow,1976-12-25T00:00:00.0000000-07:00,0.000000,,,0,,NOAA,2013-03-29T15:47:48.0770000-06:00,in
37,USC00051772,Snow,1976-12-26T00:00:00.0000000-07:00,0.000000,,,0,,NOAA,2013-03-29T15:47:48.0770000-06:00,in
37,USC00051772,Snow,1976-12-27T00:00:00.0000000-07:00,0.000000,,,0,,NOAA,2013-03-29T15:47:48.0770000-06:00,in
37,USC00051772,Snow,1976-12-28T00:00:00.0000000-07:00,0.000000,,,0,,NOAA,2013-03-29T15:47:48.0770000-06:00,in
37,USC00051772,Snow,1976-12-29T00:00:00.0000000-07:00,0.000000,,,0,,NOAA,2013-03-29T15:47:48.0770000-06:00,in
37,USC00051772,Snow,1976-12-30T00:00:00.0000000-07:00,0.000000,,,0,,NOAA,2013-03-29T15:47:48.0770000-06:00,in
37,USC00051772,Snow,1976-12-31T00:00:00.0000000-07:00,0.000000,T,,0,,NOAA,2013-03-29T15:47:48.0770000-06:00,in
37,USC00051772,Snow,1977-01-01T00:00:00.0000000-07:00,0.000000,,,0,,NOAA,2013-08-08T07:41:24.4230000-06:00,in
37,USC00051772,Snow,1977-01-02T00:00:00.0000000-07:00,0.000000,,,0,,NOAA,2013-08-08T07:41:24.4230000-06:00,in
37,USC00051772,Snow,1977-01-03T00:00:00.0000000-07:00,0.196850,,,0,,NOAA,2013-08-08T07:41:24.4230000-06:00,in
37,USC00051772,Snow,1977-01-04T00:00:00.0000000-07:00,2.007874,,,0,,NOAA,2013-08-08T07:41:24.4230000-06:00,in
37,USC00051772,Snow,1977-01-05T00:00:00.0000000-07:00,0.984252,,,0,,NOAA,2013-08-08T07:41:24.4230000-06:00,in
37,USC00051772,Snow,1977-01-06T00:00:00.0000000-07:00,0.000000,,,0,,NOAA,2013-08-08T07:41:24.4230000-06:00,in
37,USC00051772,Snow,1977-01-07T00:00:00.0000000-07:00,0.000000,T,,0,,NOAA,2013-08-08T07:41:24.4230000-06:00,in
37,USC00051772,Snow,1977-01-08T00:00:00.0000000-07:00,0.000000,T,,0,,NOAA,2013-08-08T07:41:24.4230000-06:00,in
37,USC00051772,Snow,1977-01-09T00:00:00.0000000-07:00,0.000000,,,0,,NOAA,2013-08-08T07:41:24.4230000-06:00,in
37,USC00051772,Snow,1977-01-10T00:00:00.0000000-07:00,0.314961,,,0,,NOAA,2013-08-08T07:41:24.4230000-06:00,in
37,USC00051772,Snow,1977-01-11T00:00:00.0000000-07:00,0.000000,,,0,,NOAA,2013-08-08T07:41:24.4230000-06:00,in
37,USC00051772,Snow,1977-01-12T00:00:00.0000000-07:00,0.000000,,,0,,NOAA,2013-08-08T07:41:24.4230000-06:00,in
37,USC00051772,Snow,1977-01-13T00:00:00.0000000-07:00,0.000000,,,0,,NOAA,2013-08-08T07:41:24.4230000-06:00,in
37,USC00051772,Snow,1977-01-14T00:00:00.0000000-07:00,0.000000,,,0,,NOAA,2013-08-08T07:41:24.4230000-06:00,in
37,USC00051772,Snow,1977-01-15T00:00:00.0000000-07:00,0.000000,,,0,,NOAA,2013-08-08T07:41:24.4230000-06:00,in
37,USC00051772,Snow,1977-01-16T00:00:00.0000000-07:00,0.000000,T,,0,,NOAA,2013-08-08T07:41:24.4230000-06:00,in
37,USC00051772,Snow,1977-01-17T00:00:00.0000000-07:00,0.000000,,,0,,NOAA,2013-08-08T07:41:24.4230000-06:00,in
37,USC00051772,Snow,1977-01-18T00:00:00.0000000-07:00,0.000000,,,0,,NOAA,2013-08-08T07:41:24.4230000-06:00,in
37,USC00051772,Snow,1977-01-19T00:00:00.0000000-07:00,0.000000,,,0,,NOAA,2013-08-08T07:41:24.4230000-06:00,in
37,USC00051772,Snow,1977-01-20T00:00:00.0000000-07:00,0.000000,,,0,,NOAA,2013-08-08T07:41:24.4230000-06:00,in
37,USC00051772,Snow,1977-01-21T00:00:00.0000000-07:00,0.000000,,,0,,NOAA,2013-08-08T07:41:24.4230000-06:00,in
37,USC00051772,Snow,1977-01-22T00:00:00.0000000-07:00,0.511811,,,0,,NOAA,2013-08-08T07:41:24.4230000-06:00,in
37,USC00051772,Snow,1977-01-23T00:00:00.0000000-07:00,1.496063,,,0,,NOAA,2013-08-08T07:41:24.4230000-06:00,in
37,USC00051772,Snow,1977-01-24T00:00:00.0000000-07:00,0.000000,T,,0,,NOAA,2013-08-08T07:41:24.4230000-06:00,in
37,USC00051772,Snow,1977-01-25T00:00:00.0000000-07:00,0.000000,,,0,,NOAA,2013-08-08T07:41:24.4230000-06:00,in
37,USC00051772,Snow,1977-01-26T00:00:00.0000000-07:00,0.000000,,,0,,NOAA,2013-08-08T07:41:24.4230000-06:00,in
37,USC00051772,Snow,1977-01-27T00:00:00.0000000-07:00,0.000000,,,0,,NOAA,2013-08-08T07:41:24.4230000-06:00,in
37,USC00051772,Snow,1977-01-28T00:00:00.0000000-07:00,0.000000,,,0,,NOAA,2013-08-08T07:41:24.4230000-06:00,in
37,USC00051772,Snow,1977-01-29T00:00:00.0000000-07:00,0.000000,,,0,,NOAA,2013-08-08T07:41:24.4230000-06:00,in
37,USC00051772,Snow,1977-01-30T00:00:00.0000000-07:00,0.000000,,,0,,NOAA,2013-08-08T07:41:24.4230000-06:00,in
37,USC00051772,Snow,1977-01-31T00:00:00.0000000-07:00,0.000000,,,0,,NOAA,2013-08-08T07:41:24.4230000-06:00,in
37,USC00051772,Snow,1977-02-01T00:00:00.0000000-07:00,0.000000,,,0,,NOAA,2013-08-08T07:41:24.4230000-06:00,in
37,USC00051772,Snow,1977-02-02T00:00:00.0000000-07:00,0.984252,,,0,,NOAA,2013-08-08T07:41:24.4230000-06:00,in
37,USC00051772,Snow,1977-02-03T00:00:00.0000000-07:00,0.000000,,,0,,NOAA,2013-08-08T07:41:24.4230000-06:00,in
37,USC00051772,Snow,1977-02-04T00:00:00.0000000-07:00,0.000000,,,0,,NOAA,2013-08-08T07:41:24.4230000-06:00,in
37,USC00051772,Snow,1977-02-05T00:00:00.0000000-07:00,0.000000,,,0,,NOAA,2013-08-08T07:41:24.4230000-06:00,in
37,USC00051772,Snow,1977-02-06T00:00:00.0000000-07:00,0.000000,,,0,,NOAA,2013-08-08T07:41:24.4230000-06:00,in
37,USC00051772,Snow,1977-02-07T00:00:00.0000000-07:00,0.000000,,,0,,NOAA,2013-08-08T07:41:24.4230000-06:00,in
37,USC00051772,Snow,1977-02-08T00:00:00.0000000-07:00,0.000000,,,0,,NOAA,2013-08-08T07:41:24.4230000-06:00,in
37,USC00051772,Snow,1977-02-09T00:00:00.0000000-07:00,0.000000,,,0,,NOAA,2013-08-08T07:41:24.4230000-06:00,in
37,USC00051772,Snow,1977-02-10T00:00:00.0000000-07:00,0.000000,,,0,,NOAA,2013-08-08T07:41:24.4230000-06:00,in
37,USC00051772,Snow,1977-02-11T00:00:00.0000000-07:00,0.000000,,,0,,NOAA,2013-08-08T07:41:24.4230000-06:00,in
37,USC00051772,Snow,1977-02-12T00:00:00.0000000-07:00,0.000000,,,0,,NOAA,2013-08-08T07:41:24.4230000-06:00,in
37,USC00051772,Snow,1977-02-13T00:00:00.0000000-07:00,0.000000,,,0,,NOAA,2013-08-08T07:41:24.4230000-06:00,in
37,USC00051772,Snow,1977-02-14T00:00:00.0000000-07:00,0.000000,,,0,,NOAA,2013-08-08T07:41:24.4230000-06:00,in
37,USC00051772,Snow,1977-02-15T00:00:00.0000000-07:00,0.000000,,,0,,NOAA,2013-08-08T07:41:24.4230000-06:00,in
37,USC00051772,Snow,1977-02-16T00:00:00.0000000-07:00,0.000000,,,0,,NOAA,2013-08-08T07:41:24.4230000-06:00,in
37,USC00051772,Snow,1977-02-17T00:00:00.0000000-07:00,0.000000,,,0,,NOAA,2013-08-08T07:41:24.4230000-06:00,in
37,USC00051772,Snow,1977-02-18T00:00:00.0000000-07:00,0.000000,,,0,,NOAA,2013-08-08T07:41:24.4230000-06:00,in
37,USC00051772,Snow,1977-02-19T00:00:00.0000000-07:00,0.000000,,,0,,NOAA,2013-08-08T07:41:24.4230000-06:00,in
37,USC00051772,Snow,1977-02-20T00:00:00.0000000-07:00,0.000000,,,0,,NOAA,2013-08-08T07:41:24.4230000-06:00,in
37,USC00051772,Snow,1977-02-21T00:00:00.0000000-07:00,0.000000,,,0,,NOAA,2013-08-08T07:41:24.4230000-06:00,in
37,USC00051772,Snow,1977-02-22T00:00:00.0000000-07:00,0.000000,,,0,,NOAA,2013-08-08T07:41:24.4230000-06:00,in
37,USC00051772,Snow,1977-02-23T00:00:00.0000000-07:00,0.000000,,,0,,NOAA,2013-08-08T07:41:24.4230000-06:00,in
37,USC00051772,Snow,1977-02-24T00:00:00.0000000-07:00,0.000000,,,0,,NOAA,2013-08-08T07:41:24.4230000-06:00,in
37,USC00051772,Snow,1977-02-25T00:00:00.0000000-07:00,0.314961,,,0,,NOAA,2013-08-08T07:41:24.4230000-06:00,in
37,USC00051772,Snow,1977-02-26T00:00:00.0000000-07:00,0.000000,,,0,,NOAA,2013-08-08T07:41:24.4230000-06:00,in
37,USC00051772,Snow,1977-02-27T00:00:00.0000000-07:00,0.000000,,,0,,NOAA,2013-08-08T07:41:24.4230000-06:00,in
37,USC00051772,Snow,1977-02-28T00:00:00.0000000-07:00,0.000000,,,0,,NOAA,2013-08-08T07:41:24.4230000-06:00,in
37,USC00051772,Snow,1977-03-01T00:00:00.0000000-07:00,0.000000,,,0,,NOAA,2013-08-08T07:41:24.4230000-06:00,in
37,USC00051772,Snow,1977-03-02T00:00:00.0000000-07:00,4.015748,,,0,,NOAA,2013-08-08T07:41:24.4230000-06:00,in
37,USC00051772,Snow,1977-03-03T00:00:00.0000000-07:00,0.000000,T,,0,,NOAA,2013-08-08T07:41:24.4230000-06:00,in
37,USC00051772,Snow,1977-03-04T00:00:00.0000000-07:00,0.000000,T,,0,,NOAA,2013-08-08T07:41:24.4230000-06:00,in
37,USC00051772,Snow,1977-03-05T00:00:00.0000000-07:00,0.000000,,,0,,NOAA,2013-08-08T07:41:24.4230000-06:00,in
37,USC00051772,Snow,1977-03-06T00:00:00.0000000-07:00,0.000000,,,0,,NOAA,2013-08-08T07:41:24.4230000-06:00,in
37,USC00051772,Snow,1977-03-07T00:00:00.0000000-07:00,0.000000,,,0,,NOAA,2013-08-08T07:41:24.4230000-06:00,in
37,USC00051772,Snow,1977-03-08T00:00:00.0000000-07:00,0.000000,,,0,,NOAA,2013-08-08T07:41:24.4230000-06:00,in
37,USC00051772,Snow,1977-03-09T00:00:00.0000000-07:00,0.000000,,,0,,NOAA,2013-08-08T07:41:24.4230000-06:00,in
37,USC00051772,Snow,1977-03-10T00:00:00.0000000-07:00,0.984252,,,0,,NOAA,2013-08-08T07:41:24.4230000-06:00,in
37,USC00051772,Snow,1977-03-11T00:00:00.0000000-07:00,0.000000,,,0,,NOAA,2013-08-08T07:41:24.4230000-06:00,in
37,USC00051772,Snow,1977-03-12T00:00:00.0000000-07:00,0.000000,,,0,,NOAA,2013-08-08T07:41:24.4230000-06:00,in
37,USC00051772,Snow,1977-03-13T00:00:00.0000000-07:00,0.000000,,,0,,NOAA,2013-08-08T07:41:24.4230000-06:00,in
37,USC00051772,Snow,1977-03-14T00:00:00.0000000-07:00,0.000000,,,0,,NOAA,2013-08-08T07:41:24.4230000-06:00,in
37,USC00051772,Snow,1977-03-15T00:00:00.0000000-07:00,0.000000,,,0,,NOAA,2013-08-08T07:41:24.4230000-06:00,in
37,USC00051772,Snow,1977-03-16T00:00:00.0000000-07:00,0.000000,,,0,,NOAA,2013-08-08T07:41:24.4230000-06:00,in
37,USC00051772,Snow,1977-03-17T00:00:00.0000000-07:00,0.000000,T,,0,,NOAA,2013-08-08T07:41:24.4230000-06:00,in
37,USC00051772,Snow,1977-03-18T00:00:00.0000000-07:00,0.000000,,,0,,NOAA,2013-08-08T07:41:24.4230000-06:00,in
37,USC00051772,Snow,1977-03-19T00:00:00.0000000-07:00,0.000000,,,0,,NOAA,2013-08-08T07:41:24.4230000-06:00,in
37,USC00051772,Snow,1977-03-20T00:00:00.0000000-07:00,0.000000,,,0,,NOAA,2013-08-08T07:41:24.4230000-06:00,in
37,USC00051772,Snow,1977-03-21T00:00:00.0000000-07:00,0.000000,,,0,,NOAA,2013-08-08T07:41:24.4230000-06:00,in
37,USC00051772,Snow,1977-03-22T00:00:00.0000000-07:00,0.000000,,,0,,NOAA,2013-08-08T07:41:24.4230000-06:00,in
37,USC00051772,Snow,1977-03-23T00:00:00.0000000-07:00,0.000000,,,0,,NOAA,2013-08-08T07:41:24.4230000-06:00,in
37,USC00051772,Snow,1977-03-24T00:00:00.0000000-07:00,0.000000,,,0,,NOAA,2013-08-08T07:41:24.4230000-06:00,in
37,USC00051772,Snow,1977-03-25T00:00:00.0000000-07:00,0.000000,T,,0,,NOAA,2013-08-08T07:41:24.4230000-06:00,in
37,USC00051772,Snow,1977-03-26T00:00:00.0000000-07:00,0.314961,,,0,,NOAA,2013-08-08T07:41:24.4230000-06:00,in
37,USC00051772,Snow,1977-03-27T00:00:00.0000000-07:00,0.000000,,,0,,NOAA,2013-08-08T07:41:24.4230000-06:00,in
37,USC00051772,Snow,1977-03-28T00:00:00.0000000-07:00,0.000000,,,0,,NOAA,2013-08-08T07:41:24.4230000-06:00,in
37,USC00051772,Snow,1977-03-29T00:00:00.0000000-07:00,0.000000,,,0,,NOAA,2013-08-08T07:41:24.4230000-06:00,in
37,USC00051772,Snow,1977-03-30T00:00:00.0000000-07:00,0.000000,,,0,,NOAA,2013-08-08T07:41:24.4230000-06:00,in
37,USC00051772,Snow,1977-03-31T00:00:00.0000000-07:00,0.000000,,,0,,NOAA,2013-08-08T07:41:24.4230000-06:00,in
37,USC00051772,Snow,1977-04-01T00:00:00.0000000-07:00,0.000000,,,0,,NOAA,2013-08-08T07:41:24.4230000-06:00,in
37,USC00051772,Snow,1977-04-02T00:00:00.0000000-07:00,0.000000,,,0,,NOAA,2013-08-08T07:41:24.4230000-06:00,in
37,USC00051772,Snow,1977-04-03T00:00:00.0000000-07:00,0.000000,,,0,,NOAA,2013-08-08T07:41:24.4230000-06:00,in
37,USC00051772,Snow,1977-04-04T00:00:00.0000000-06:00,0.000000,,,0,,NOAA,2013-08-08T07:41:24.4230000-06:00,in
37,USC00051772,Snow,1977-04-05T00:00:00.0000000-06:00,0.000000,,,0,,NOAA,2013-08-08T07:41:24.4230000-06:00,in
37,USC00051772,Snow,1977-04-06T00:00:00.0000000-06:00,0.000000,,,0,,NOAA,2013-08-08T07:41:24.4230000-06:00,in
37,USC00051772,Snow,1977-04-07T00:00:00.0000000-06:00,0.000000,,,0,,NOAA,2013-08-08T07:41:24.4230000-06:00,in
37,USC00051772,Snow,1977-04-08T00:00:00.0000000-06:00,0.000000,,,0,,NOAA,2013-08-08T07:41:24.4230000-06:00,in
37,USC00051772,Snow,1977-04-09T00:00:00.0000000-06:00,0.000000,,,0,,NOAA,2013-08-08T07:41:24.4230000-06:00,in
37,USC00051772,Snow,1977-04-10T00:00:00.0000000-06:00,0.000000,,,0,,NOAA,2013-08-08T07:41:24.4230000-06:00,in
37,USC00051772,Snow,1977-04-11T00:00:00.0000000-06:00,0.000000,,,0,,NOAA,2013-08-08T07:41:24.4230000-06:00,in
37,USC00051772,Snow,1977-04-12T00:00:00.0000000-06:00,0.000000,,,0,,NOAA,2013-08-08T07:41:24.4230000-06:00,in
37,USC00051772,Snow,1977-04-13T00:00:00.0000000-06:00,0.000000,,,0,,NOAA,2013-08-08T07:41:24.4230000-06:00,in
37,USC00051772,Snow,1977-04-14T00:00:00.0000000-06:00,0.000000,,,0,,NOAA,2013-08-08T07:41:24.4230000-06:00,in
37,USC00051772,Snow,1977-04-15T00:00:00.0000000-06:00,0.000000,,,0,,NOAA,2013-08-08T07:41:24.4230000-06:00,in
37,USC00051772,Snow,1977-04-16T00:00:00.0000000-06:00,0.000000,,,0,,NOAA,2013-08-08T07:41:24.4230000-06:00,in
37,USC00051772,Snow,1977-04-17T00:00:00.0000000-06:00,0.000000,,,0,,NOAA,2013-08-08T07:41:24.4230000-06:00,in
37,USC00051772,Snow,1977-04-18T00:00:00.0000000-06:00,0.000000,,,0,,NOAA,2013-08-08T07:41:24.4230000-06:00,in
37,USC00051772,Snow,1977-04-19T00:00:00.0000000-06:00,0.000000,T,,0,,NOAA,2013-08-08T07:41:24.4230000-06:00,in
37,USC00051772,Snow,1977-04-20T00:00:00.0000000-06:00,0.000000,,,0,,NOAA,2013-08-08T07:41:24.4230000-06:00,in
37,USC00051772,Snow,1977-04-21T00:00:00.0000000-06:00,0.000000,,,0,,NOAA,2013-08-08T07:41:24.4230000-06:00,in
37,USC00051772,Snow,1977-04-22T00:00:00.0000000-06:00,0.000000,,,0,,NOAA,2013-08-08T07:41:24.4230000-06:00,in
37,USC00051772,Snow,1977-04-23T00:00:00.0000000-06:00,0.000000,,,0,,NOAA,2013-08-08T07:41:24.4230000-06:00,in
37,USC00051772,Snow,1977-04-24T00:00:00.0000000-06:00,0.000000,,,0,,NOAA,2013-08-08T07:41:24.4230000-06:00,in
37,USC00051772,Snow,1977-04-25T00:00:00.0000000-06:00,0.000000,,,0,,NOAA,2013-08-08T07:41:24.4230000-06:00,in
37,USC00051772,Snow,1977-04-26T00:00:00.0000000-06:00,0.000000,,,0,,NOAA,2013-08-08T07:41:24.4230000-06:00,in
37,USC00051772,Snow,1977-04-27T00:00:00.0000000-06:00,0.000000,,,0,,NOAA,2013-08-08T07:41:24.4230000-06:00,in
37,USC00051772,Snow,1977-04-28T00:00:00.0000000-06:00,0.000000,T,,0,,NOAA,2013-08-08T07:41:24.4230000-06:00,in
37,USC00051772,Snow,1977-04-29T00:00:00.0000000-06:00,0.000000,,,0,,NOAA,2013-08-08T07:41:24.4230000-06:00,in
37,USC00051772,Snow,1977-04-30T00:00:00.0000000-06:00,0.000000,,,0,,NOAA,2013-08-08T07:41:24.4230000-06:00,in
37,USC00051772,Snow,1977-05-01T00:00:00.0000000-06:00,0.000000,,,0,,NOAA,2013-08-08T07:41:24.4230000-06:00,in
37,USC00051772,Snow,1977-05-02T00:00:00.0000000-06:00,0.000000,,,0,,NOAA,2013-08-08T07:41:24.4230000-06:00,in
37,USC00051772,Snow,1977-05-03T00:00:00.0000000-06:00,0.000000,,,0,,NOAA,2013-08-08T07:41:24.4230000-06:00,in
37,USC00051772,Snow,1977-05-04T00:00:00.0000000-06:00,0.000000,,,0,,NOAA,2013-08-08T07:41:24.4230000-06:00,in
37,USC00051772,Snow,1977-05-05T00:00:00.0000000-06:00,0.000000,,,0,,NOAA,2013-08-08T07:41:24.4230000-06:00,in
37,USC00051772,Snow,1977-05-06T00:00:00.0000000-06:00,0.000000,,,0,,NOAA,2013-08-08T07:41:24.4230000-06:00,in
37,USC00051772,Snow,1977-05-07T00:00:00.0000000-06:00,0.000000,,,0,,NOAA,2013-08-08T07:41:24.4230000-06:00,in
37,USC00051772,Snow,1977-05-08T00:00:00.0000000-06:00,0.000000,,,0,,NOAA,2013-08-08T07:41:24.4230000-06:00,in
37,USC00051772,Snow,1977-05-09T00:00:00.0000000-06:00,0.000000,,,0,,NOAA,2013-08-08T07:41:24.4230000-06:00,in
37,USC00051772,Snow,1977-05-10T00:00:00.0000000-06:00,0.000000,T,,0,,NOAA,2013-08-08T07:41:24.4230000-06:00,in
37,USC00051772,Snow,1977-05-11T00:00:00.0000000-06:00,0.000000,,,0,,NOAA,2013-08-08T07:41:24.4230000-06:00,in
37,USC00051772,Snow,1977-05-12T00:00:00.0000000-06:00,0.000000,,,0,,NOAA,2013-08-08T07:41:24.4230000-06:00,in
37,USC00051772,Snow,1977-05-13T00:00:00.0000000-06:00,0.000000,,,0,,NOAA,2013-08-08T07:41:24.4230000-06:00,in
37,USC00051772,Snow,1977-05-14T00:00:00.0000000-06:00,0.000000,T,,0,,NOAA,2013-08-08T07:41:24.4230000-06:00,in
37,USC00051772,Snow,1977-05-15T00:00:00.0000000-06:00,0.000000,,,0,,NOAA,2013-08-08T07:41:24.4230000-06:00,in
37,USC00051772,Snow,1977-05-16T00:00:00.0000000-06:00,0.000000,,,0,,NOAA,2013-08-08T07:41:24.4230000-06:00,in
37,USC00051772,Snow,1977-05-17T00:00:00.0000000-06:00,0.000000,,,0,,NOAA,2013-08-08T07:41:24.4230000-06:00,in
37,USC00051772,Snow,1977-05-18T00:00:00.0000000-06:00,0.000000,,,0,,NOAA,2013-08-08T07:41:24.4230000-06:00,in
37,USC00051772,Snow,1977-05-19T00:00:00.0000000-06:00,0.000000,,,0,,NOAA,2013-08-08T07:41:24.4230000-06:00,in
37,USC00051772,Snow,1977-05-20T00:00:00.0000000-06:00,0.000000,,,0,,NOAA,2013-08-08T07:41:24.4230000-06:00,in
37,USC00051772,Snow,1977-05-21T00:00:00.0000000-06:00,0.000000,,,0,,NOAA,2013-08-08T07:41:24.4230000-06:00,in
37,USC00051772,Snow,1977-05-22T00:00:00.0000000-06:00,0.000000,,,0,,NOAA,2013-08-08T07:41:24.4230000-06:00,in
37,USC00051772,Snow,1977-05-23T00:00:00.0000000-06:00,0.000000,,,0,,NOAA,2013-08-08T07:41:24.4230000-06:00,in
37,USC00051772,Snow,1977-05-24T00:00:00.0000000-06:00,0.000000,,,0,,NOAA,2013-08-08T07:41:24.4230000-06:00,in
37,USC00051772,Snow,1977-05-25T00:00:00.0000000-06:00,0.000000,,,0,,NOAA,2013-08-08T07:41:24.4230000-06:00,in
37,USC00051772,Snow,1977-05-26T00:00:00.0000000-06:00,0.000000,,,0,,NOAA,2013-08-08T07:41:24.4230000-06:00,in
37,USC00051772,Snow,1977-05-27T00:00:00.0000000-06:00,0.000000,,,0,,NOAA,2013-08-08T07:41:24.4230000-06:00,in
37,USC00051772,Snow,1977-05-28T00:00:00.0000000-06:00,0.000000,,,0,,NOAA,2013-08-08T07:41:24.4230000-06:00,in
37,USC00051772,Snow,1977-05-29T00:00:00.0000000-06:00,0.000000,,,0,,NOAA,2013-08-08T07:41:24.4230000-06:00,in
37,USC00051772,Snow,1977-05-30T00:00:00.0000000-06:00,0.000000,,,0,,NOAA,2013-08-08T07:41:24.4230000-06:00,in
37,USC00051772,Snow,1977-05-31T00:00:00.0000000-06:00,0.000000,,,0,,NOAA,2013-08-08T07:41:24.4230000-06:00,in
37,USC00051772,Snow,1977-06-01T00:00:00.0000000-06:00,0.000000,,,0,,NOAA,2013-08-08T07:41:24.4230000-06:00,in
37,USC00051772,Snow,1977-06-02T00:00:00.0000000-06:00,0.000000,,,0,,NOAA,2013-08-08T07:41:24.4230000-06:00,in
37,USC00051772,Snow,1977-06-03T00:00:00.0000000-06:00,0.000000,,,0,,NOAA,2013-08-08T07:41:24.4230000-06:00,in
37,USC00051772,Snow,1977-06-04T00:00:00.0000000-06:00,0.000000,,,0,,NOAA,2013-08-08T07:41:24.4230000-06:00,in
37,USC00051772,Snow,1977-06-05T00:00:00.0000000-06:00,0.000000,,,0,,NOAA,2013-08-08T07:41:24.4230000-06:00,in
37,USC00051772,Snow,1977-06-06T00:00:00.0000000-06:00,0.000000,,,0,,NOAA,2013-08-08T07:41:24.4230000-06:00,in
37,USC00051772,Snow,1977-06-07T00:00:00.0000000-06:00,0.000000,,,0,,NOAA,2013-08-08T07:41:24.4230000-06:00,in
37,USC00051772,Snow,1977-06-08T00:00:00.0000000-06:00,0.000000,,,0,,NOAA,2013-08-08T07:41:24.4230000-06:00,in
37,USC00051772,Snow,1977-06-09T00:00:00.0000000-06:00,0.000000,,,0,,NOAA,2013-08-08T07:41:24.4230000-06:00,in
37,USC00051772,Snow,1977-06-10T00:00:00.0000000-06:00,0.000000,,,0,,NOAA,2013-08-08T07:41:24.4230000-06:00,in
37,USC00051772,Snow,1977-06-11T00:00:00.0000000-06:00,0.000000,,,0,,NOAA,2013-08-08T07:41:24.4230000-06:00,in
37,USC00051772,Snow,1977-06-12T00:00:00.0000000-06:00,0.000000,,,0,,NOAA,2013-08-08T07:41:24.4230000-06:00,in
37,USC00051772,Snow,1977-06-13T00:00:00.0000000-06:00,0.000000,,,0,,NOAA,2013-08-08T07:41:24.4230000-06:00,in
37,USC00051772,Snow,1977-06-14T00:00:00.0000000-06:00,0.000000,,,0,,NOAA,2013-08-08T07:41:24.4230000-06:00,in
37,USC00051772,Snow,1977-06-15T00:00:00.0000000-06:00,0.000000,,,0,,NOAA,2013-08-08T07:41:24.4230000-06:00,in
37,USC00051772,Snow,1977-06-16T00:00:00.0000000-06:00,0.000000,,,0,,NOAA,2013-08-08T07:41:24.4230000-06:00,in
37,USC00051772,Snow,1977-06-17T00:00:00.0000000-06:00,0.000000,,,0,,NOAA,2013-08-08T07:41:24.4230000-06:00,in
37,USC00051772,Snow,1977-06-18T00:00:00.0000000-06:00,0.000000,,,0,,NOAA,2013-08-08T07:41:24.4230000-06:00,in
37,USC00051772,Snow,1977-06-19T00:00:00.0000000-06:00,0.000000,,,0,,NOAA,2013-08-08T07:41:24.4230000-06:00,in
37,USC00051772,Snow,1977-06-20T00:00:00.0000000-06:00,0.000000,,,0,,NOAA,2013-08-08T07:41:24.4230000-06:00,in
37,USC00051772,Snow,1977-06-21T00:00:00.0000000-06:00,0.000000,,,0,,NOAA,2013-08-08T07:41:24.4230000-06:00,in
37,USC00051772,Snow,1977-06-22T00:00:00.0000000-06:00,0.000000,,,0,,NOAA,2013-08-08T07:41:24.4230000-06:00,in
37,USC00051772,Snow,1977-06-23T00:00:00.0000000-06:00,0.000000,,,0,,NOAA,2013-08-08T07:41:24.4230000-06:00,in
37,USC00051772,Snow,1977-06-24T00:00:00.0000000-06:00,0.000000,,,0,,NOAA,2013-08-08T07:41:24.4230000-06:00,in
37,USC00051772,Snow,1977-06-25T00:00:00.0000000-06:00,0.000000,,,0,,NOAA,2013-08-08T07:41:24.4230000-06:00,in
37,USC00051772,Snow,1977-06-26T00:00:00.0000000-06:00,0.000000,,,0,,NOAA,2013-08-08T07:41:24.4230000-06:00,in
37,USC00051772,Snow,1977-06-27T00:00:00.0000000-06:00,0.000000,,,0,,NOAA,2013-08-08T07:41:24.4230000-06:00,in
37,USC00051772,Snow,1977-06-28T00:00:00.0000000-06:00,0.000000,,,0,,NOAA,2013-08-08T07:41:24.4230000-06:00,in
37,USC00051772,Snow,1977-06-29T00:00:00.0000000-06:00,0.000000,,,0,,NOAA,2013-08-08T07:41:24.4230000-06:00,in
37,USC00051772,Snow,1977-06-30T00:00:00.0000000-06:00,0.000000,,,0,,NOAA,2013-08-08T07:41:24.4230000-06:00,in
37,USC00051772,Snow,1977-07-01T00:00:00.0000000-06:00,0.000000,,,0,,NOAA,2013-08-08T07:41:24.4230000-06:00,in
37,USC00051772,Snow,1977-07-02T00:00:00.0000000-06:00,0.000000,,,0,,NOAA,2013-08-08T07:41:24.4230000-06:00,in
37,USC00051772,Snow,1977-07-03T00:00:00.0000000-06:00,0.000000,,,0,,NOAA,2013-08-08T07:41:24.4230000-06:00,in
37,USC00051772,Snow,1977-07-04T00:00:00.0000000-06:00,0.000000,,,0,,NOAA,2013-08-08T07:41:24.4230000-06:00,in
37,USC00051772,Snow,1977-07-05T00:00:00.0000000-06:00,0.000000,,,0,,NOAA,2013-08-08T07:41:24.4230000-06:00,in
37,USC00051772,Snow,1977-07-06T00:00:00.0000000-06:00,0.000000,,,0,,NOAA,2013-08-08T07:41:24.4230000-06:00,in
37,USC00051772,Snow,1977-07-07T00:00:00.0000000-06:00,0.000000,,,0,,NOAA,2013-08-08T07:41:24.4230000-06:00,in
37,USC00051772,Snow,1977-07-08T00:00:00.0000000-06:00,0.000000,,,0,,NOAA,2013-08-08T07:41:24.4230000-06:00,in
37,USC00051772,Snow,1977-07-09T00:00:00.0000000-06:00,0.000000,,,0,,NOAA,2013-08-08T07:41:24.4230000-06:00,in
37,USC00051772,Snow,1977-07-10T00:00:00.0000000-06:00,0.000000,,,0,,NOAA,2013-08-08T07:41:24.4230000-06:00,in
37,USC00051772,Snow,1977-07-11T00:00:00.0000000-06:00,0.000000,,,0,,NOAA,2013-08-08T07:41:24.4230000-06:00,in
37,USC00051772,Snow,1977-07-12T00:00:00.0000000-06:00,0.000000,,,0,,NOAA,2013-08-08T07:41:24.4230000-06:00,in
37,USC00051772,Snow,1977-07-13T00:00:00.0000000-06:00,0.000000,,,0,,NOAA,2013-08-08T07:41:24.4230000-06:00,in
37,USC00051772,Snow,1977-07-14T00:00:00.0000000-06:00,0.000000,,,0,,NOAA,2013-08-08T07:41:24.4230000-06:00,in
37,USC00051772,Snow,1977-07-15T00:00:00.0000000-06:00,0.000000,,,0,,NOAA,2013-08-08T07:41:24.4230000-06:00,in
37,USC00051772,Snow,1977-07-16T00:00:00.0000000-06:00,0.000000,,,0,,NOAA,2013-08-08T07:41:24.4230000-06:00,in
37,USC00051772,Snow,1977-07-17T00:00:00.0000000-06:00,0.000000,,,0,,NOAA,2013-08-08T07:41:24.4230000-06:00,in
37,USC00051772,Snow,1977-07-18T00:00:00.0000000-06:00,0.000000,,,0,,NOAA,2013-08-08T07:41:24.4230000-06:00,in
37,USC00051772,Snow,1977-07-19T00:00:00.0000000-06:00,0.000000,,,0,,NOAA,2013-08-08T07:41:24.4230000-06:00,in
37,USC00051772,Snow,1977-07-20T00:00:00.0000000-06:00,0.000000,,,0,,NOAA,2013-08-08T07:41:24.4230000-06:00,in
37,USC00051772,Snow,1977-07-21T00:00:00.0000000-06:00,0.000000,,,0,,NOAA,2013-08-08T07:41:24.4230000-06:00,in
37,USC00051772,Snow,1977-07-22T00:00:00.0000000-06:00,0.000000,,,0,,NOAA,2013-08-08T07:41:24.4230000-06:00,in
37,USC00051772,Snow,1977-07-23T00:00:00.0000000-06:00,0.000000,,,0,,NOAA,2013-08-08T07:41:24.4230000-06:00,in
37,USC00051772,Snow,1977-07-24T00:00:00.0000000-06:00,0.000000,,,0,,NOAA,2013-08-08T07:41:24.4230000-06:00,in
37,USC00051772,Snow,1977-07-25T00:00:00.0000000-06:00,0.000000,,,0,,NOAA,2013-08-08T07:41:24.4230000-06:00,in
37,USC00051772,Snow,1977-07-26T00:00:00.0000000-06:00,0.000000,,,0,,NOAA,2013-08-08T07:41:24.4230000-06:00,in
37,USC00051772,Snow,1977-07-27T00:00:00.0000000-06:00,0.000000,,,0,,NOAA,2013-08-08T07:41:24.4230000-06:00,in
37,USC00051772,Snow,1977-07-28T00:00:00.0000000-06:00,0.000000,,,0,,NOAA,2013-08-08T07:41:24.4230000-06:00,in
37,USC00051772,Snow,1977-07-29T00:00:00.0000000-06:00,0.000000,,,0,,NOAA,2013-08-08T07:41:24.4230000-06:00,in
37,USC00051772,Snow,1977-07-30T00:00:00.0000000-06:00,0.000000,,,0,,NOAA,2013-08-08T07:41:24.4230000-06:00,in
37,USC00051772,Snow,1977-07-31T00:00:00.0000000-06:00,0.000000,,,0,,NOAA,2013-08-08T07:41:24.4230000-06:00,in
37,USC00051772,Snow,1977-08-01T00:00:00.0000000-06:00,0.000000,,,0,,NOAA,2013-08-08T07:41:24.4230000-06:00,in
37,USC00051772,Snow,1977-08-02T00:00:00.0000000-06:00,0.000000,,,0,,NOAA,2013-08-08T07:41:24.4230000-06:00,in
37,USC00051772,Snow,1977-08-03T00:00:00.0000000-06:00,0.000000,,,0,,NOAA,2013-08-08T07:41:24.4230000-06:00,in
37,USC00051772,Snow,1977-08-04T00:00:00.0000000-06:00,0.000000,,,0,,NOAA,2013-08-08T07:41:24.4230000-06:00,in
37,USC00051772,Snow,1977-08-05T00:00:00.0000000-06:00,0.000000,,,0,,NOAA,2013-08-08T07:41:24.4230000-06:00,in
37,USC00051772,Snow,1977-08-06T00:00:00.0000000-06:00,0.000000,,,0,,NOAA,2013-08-08T07:41:24.4230000-06:00,in
37,USC00051772,Snow,1977-08-07T00:00:00.0000000-06:00,0.000000,,,0,,NOAA,2013-08-08T07:41:24.4230000-06:00,in
37,USC00051772,Snow,1977-08-08T00:00:00.0000000-06:00,0.000000,,,0,,NOAA,2013-08-08T07:41:24.4230000-06:00,in
37,USC00051772,Snow,1977-08-09T00:00:00.0000000-06:00,0.000000,,,0,,NOAA,2013-08-08T07:41:24.4230000-06:00,in
37,USC00051772,Snow,1977-08-10T00:00:00.0000000-06:00,0.000000,,,0,,NOAA,2013-08-08T07:41:24.4230000-06:00,in
37,USC00051772,Snow,1977-08-11T00:00:00.0000000-06:00,0.000000,,,0,,NOAA,2013-08-08T07:41:24.4230000-06:00,in
37,USC00051772,Snow,1977-08-12T00:00:00.0000000-06:00,0.000000,,,0,,NOAA,2013-08-08T07:41:24.4230000-06:00,in
37,USC00051772,Snow,1977-08-13T00:00:00.0000000-06:00,0.000000,,,0,,NOAA,2013-08-08T07:41:24.4230000-06:00,in
37,USC00051772,Snow,1977-08-14T00:00:00.0000000-06:00,0.000000,,,0,,NOAA,2013-08-08T07:41:24.4230000-06:00,in
37,USC00051772,Snow,1977-08-15T00:00:00.0000000-06:00,0.000000,,,0,,NOAA,2013-08-08T07:41:24.4230000-06:00,in
37,USC00051772,Snow,1977-08-16T00:00:00.0000000-06:00,0.000000,,,0,,NOAA,2013-08-08T07:41:24.4230000-06:00,in
37,USC00051772,Snow,1977-08-17T00:00:00.0000000-06:00,0.000000,,,0,,NOAA,2013-08-08T07:41:24.4230000-06:00,in
37,USC00051772,Snow,1977-08-18T00:00:00.0000000-06:00,0.000000,,,0,,NOAA,2013-08-08T07:41:24.4230000-06:00,in
37,USC00051772,Snow,1977-08-19T00:00:00.0000000-06:00,0.000000,,,0,,NOAA,2013-08-08T07:41:24.4230000-06:00,in
37,USC00051772,Snow,1977-08-20T00:00:00.0000000-06:00,0.000000,,,0,,NOAA,2013-08-08T07:41:24.4230000-06:00,in
37,USC00051772,Snow,1977-08-21T00:00:00.0000000-06:00,0.000000,,,0,,NOAA,2013-08-08T07:41:24.4230000-06:00,in
37,USC00051772,Snow,1977-08-22T00:00:00.0000000-06:00,0.000000,,,0,,NOAA,2013-08-08T07:41:24.4230000-06:00,in
37,USC00051772,Snow,1977-08-23T00:00:00.0000000-06:00,0.000000,,,0,,NOAA,2013-08-08T07:41:24.4230000-06:00,in
37,USC00051772,Snow,1977-08-24T00:00:00.0000000-06:00,0.000000,,,0,,NOAA,2013-08-08T07:41:24.4230000-06:00,in
37,USC00051772,Snow,1977-08-25T00:00:00.0000000-06:00,0.000000,,,0,,NOAA,2013-08-08T07:41:24.4230000-06:00,in
37,USC00051772,Snow,1977-08-26T00:00:00.0000000-06:00,0.000000,,,0,,NOAA,2013-08-08T07:41:24.4230000-06:00,in
37,USC00051772,Snow,1977-08-27T00:00:00.0000000-06:00,0.000000,,,0,,NOAA,2013-08-08T07:41:24.4230000-06:00,in
37,USC00051772,Snow,1977-08-28T00:00:00.0000000-06:00,0.000000,,,0,,NOAA,2013-08-08T07:41:24.4230000-06:00,in
37,USC00051772,Snow,1977-08-29T00:00:00.0000000-06:00,0.000000,,,0,,NOAA,2013-08-08T07:41:24.4230000-06:00,in
37,USC00051772,Snow,1977-08-30T00:00:00.0000000-06:00,0.000000,,,0,,NOAA,2013-08-08T07:41:24.4230000-06:00,in
37,USC00051772,Snow,1977-08-31T00:00:00.0000000-06:00,0.000000,,,0,,NOAA,2013-08-08T07:41:24.4230000-06:00,in
37,USC00051772,Snow,1977-09-01T00:00:00.0000000-06:00,0.000000,,,0,,NOAA,2013-08-08T07:41:24.4230000-06:00,in
37,USC00051772,Snow,1977-09-02T00:00:00.0000000-06:00,0.000000,,,0,,NOAA,2013-08-08T07:41:24.4230000-06:00,in
37,USC00051772,Snow,1977-09-03T00:00:00.0000000-06:00,0.000000,,,0,,NOAA,2013-08-08T07:41:24.4230000-06:00,in
37,USC00051772,Snow,1977-09-04T00:00:00.0000000-06:00,0.000000,,,0,,NOAA,2013-08-08T07:41:24.4230000-06:00,in
37,USC00051772,Snow,1977-09-05T00:00:00.0000000-06:00,0.000000,,,0,,NOAA,2013-08-08T07:41:24.4230000-06:00,in
37,USC00051772,Snow,1977-09-06T00:00:00.0000000-06:00,0.000000,,,0,,NOAA,2013-08-08T07:41:24.4230000-06:00,in
37,USC00051772,Snow,1977-09-07T00:00:00.0000000-06:00,0.000000,,,0,,NOAA,2013-08-08T07:41:24.4230000-06:00,in
37,USC00051772,Snow,1977-09-08T00:00:00.0000000-06:00,0.000000,,,0,,NOAA,2013-08-08T07:41:24.4230000-06:00,in
37,USC00051772,Snow,1977-09-09T00:00:00.0000000-06:00,0.000000,,,0,,NOAA,2013-08-08T07:41:24.4230000-06:00,in
37,USC00051772,Snow,1977-09-10T00:00:00.0000000-06:00,0.000000,,,0,,NOAA,2013-08-08T07:41:24.4230000-06:00,in
37,USC00051772,Snow,1977-09-11T00:00:00.0000000-06:00,0.000000,,,0,,NOAA,2013-08-08T07:41:24.4230000-06:00,in
37,USC00051772,Snow,1977-09-12T00:00:00.0000000-06:00,0.000000,,,0,,NOAA,2013-08-08T07:41:24.4230000-06:00,in
37,USC00051772,Snow,1977-09-13T00:00:00.0000000-06:00,0.000000,,,0,,NOAA,2013-08-08T07:41:24.4230000-06:00,in
37,USC00051772,Snow,1977-09-14T00:00:00.0000000-06:00,0.000000,,,0,,NOAA,2013-08-08T07:41:24.4230000-06:00,in
37,USC00051772,Snow,1977-09-15T00:00:00.0000000-06:00,0.000000,,,0,,NOAA,2013-08-08T07:41:24.4230000-06:00,in
37,USC00051772,Snow,1977-09-16T00:00:00.0000000-06:00,0.000000,,,0,,NOAA,2013-08-08T07:41:24.4230000-06:00,in
37,USC00051772,Snow,1977-09-17T00:00:00.0000000-06:00,0.000000,,,0,,NOAA,2013-08-08T07:41:24.4230000-06:00,in
37,USC00051772,Snow,1977-09-18T00:00:00.0000000-06:00,0.000000,,,0,,NOAA,2013-08-08T07:41:24.4230000-06:00,in
37,USC00051772,Snow,1977-09-19T00:00:00.0000000-06:00,0.000000,,,0,,NOAA,2013-08-08T07:41:24.4230000-06:00,in
37,USC00051772,Snow,1977-09-20T00:00:00.0000000-06:00,0.000000,,,0,,NOAA,2013-08-08T07:41:24.4230000-06:00,in
37,USC00051772,Snow,1977-09-21T00:00:00.0000000-06:00,0.000000,,,0,,NOAA,2013-08-08T07:41:24.4230000-06:00,in
37,USC00051772,Snow,1977-09-22T00:00:00.0000000-06:00,0.000000,,,0,,NOAA,2013-08-08T07:41:24.4230000-06:00,in
37,USC00051772,Snow,1977-09-23T00:00:00.0000000-06:00,0.511811,,,0,,NOAA,2013-08-08T07:41:24.4230000-06:00,in
37,USC00051772,Snow,1977-09-24T00:00:00.0000000-06:00,0.000000,,,0,,NOAA,2013-08-08T07:41:24.4230000-06:00,in
37,USC00051772,Snow,1977-09-25T00:00:00.0000000-06:00,0.000000,,,0,,NOAA,2013-08-08T07:41:24.4230000-06:00,in
37,USC00051772,Snow,1977-09-26T00:00:00.0000000-06:00,0.000000,,,0,,NOAA,2013-08-08T07:41:24.4230000-06:00,in
37,USC00051772,Snow,1977-09-27T00:00:00.0000000-06:00,0.000000,,,0,,NOAA,2013-08-08T07:41:24.4230000-06:00,in
37,USC00051772,Snow,1977-09-28T00:00:00.0000000-06:00,0.000000,,,0,,NOAA,2013-08-08T07:41:24.4230000-06:00,in
37,USC00051772,Snow,1977-09-29T00:00:00.0000000-06:00,0.000000,,,0,,NOAA,2013-08-08T07:41:24.4230000-06:00,in
37,USC00051772,Snow,1977-09-30T00:00:00.0000000-06:00,0.000000,,,0,,NOAA,2013-08-08T07:41:24.4230000-06:00,in
37,USC00051772,Snow,1977-10-01T00:00:00.0000000-06:00,0.000000,,,0,,NOAA,2013-08-08T07:41:24.4230000-06:00,in
37,USC00051772,Snow,1977-10-02T00:00:00.0000000-06:00,0.000000,,,0,,NOAA,2013-08-08T07:41:24.4230000-06:00,in
37,USC00051772,Snow,1977-10-03T00:00:00.0000000-06:00,0.000000,,,0,,NOAA,2013-08-08T07:41:24.4230000-06:00,in
37,USC00051772,Snow,1977-10-04T00:00:00.0000000-06:00,0.000000,,,0,,NOAA,2013-08-08T07:41:24.4230000-06:00,in
37,USC00051772,Snow,1977-10-05T00:00:00.0000000-06:00,0.000000,,,0,,NOAA,2013-08-08T07:41:24.4230000-06:00,in
37,USC00051772,Snow,1977-10-06T00:00:00.0000000-06:00,0.000000,,,0,,NOAA,2013-08-08T07:41:24.4230000-06:00,in
37,USC00051772,Snow,1977-10-07T00:00:00.0000000-06:00,0.000000,,,0,,NOAA,2013-08-08T07:41:24.4230000-06:00,in
37,USC00051772,Snow,1977-10-08T00:00:00.0000000-06:00,0.000000,,,0,,NOAA,2013-08-08T07:41:24.4230000-06:00,in
37,USC00051772,Snow,1977-10-09T00:00:00.0000000-06:00,0.000000,,,0,,NOAA,2013-08-08T07:41:24.4230000-06:00,in
37,USC00051772,Snow,1977-10-10T00:00:00.0000000-06:00,0.000000,,,0,,NOAA,2013-08-08T07:41:24.4230000-06:00,in
37,USC00051772,Snow,1977-10-11T00:00:00.0000000-06:00,0.000000,,,0,,NOAA,2013-08-08T07:41:24.4230000-06:00,in
37,USC00051772,Snow,1977-10-12T00:00:00.0000000-06:00,0.000000,,,0,,NOAA,2013-08-08T07:41:24.4230000-06:00,in
37,USC00051772,Snow,1977-10-13T00:00:00.0000000-06:00,0.000000,,,0,,NOAA,2013-08-08T07:41:24.4230000-06:00,in
37,USC00051772,Snow,1977-10-14T00:00:00.0000000-06:00,0.000000,,,0,,NOAA,2013-08-08T07:41:24.4230000-06:00,in
37,USC00051772,Snow,1977-10-15T00:00:00.0000000-06:00,0.000000,,,0,,NOAA,2013-08-08T07:41:24.4230000-06:00,in
37,USC00051772,Snow,1977-10-16T00:00:00.0000000-06:00,0.000000,,,0,,NOAA,2013-08-08T07:41:24.4230000-06:00,in
37,USC00051772,Snow,1977-10-17T00:00:00.0000000-06:00,0.000000,,,0,,NOAA,2013-08-08T07:41:24.4230000-06:00,in
37,USC00051772,Snow,1977-10-18T00:00:00.0000000-06:00,0.000000,,,0,,NOAA,2013-08-08T07:41:24.4230000-06:00,in
37,USC00051772,Snow,1977-10-19T00:00:00.0000000-06:00,0.000000,,,0,,NOAA,2013-08-08T07:41:24.4230000-06:00,in
37,USC00051772,Snow,1977-10-20T00:00:00.0000000-06:00,0.000000,,,0,,NOAA,2013-08-08T07:41:24.4230000-06:00,in
37,USC00051772,Snow,1977-10-21T00:00:00.0000000-06:00,0.000000,,,0,,NOAA,2013-08-08T07:41:24.4230000-06:00,in
37,USC00051772,Snow,1977-10-22T00:00:00.0000000-06:00,0.000000,,,0,,NOAA,2013-08-08T07:41:24.4230000-06:00,in
37,USC00051772,Snow,1977-10-23T00:00:00.0000000-06:00,0.000000,,,0,,NOAA,2013-08-08T07:41:24.4230000-06:00,in
37,USC00051772,Snow,1977-10-24T00:00:00.0000000-06:00,0.000000,,,0,,NOAA,2013-08-08T07:41:24.4230000-06:00,in
37,USC00051772,Snow,1977-10-25T00:00:00.0000000-06:00,0.000000,,,0,,NOAA,2013-08-08T07:41:24.4230000-06:00,in
37,USC00051772,Snow,1977-10-26T00:00:00.0000000-06:00,0.000000,,,0,,NOAA,2013-08-08T07:41:24.4230000-06:00,in
37,USC00051772,Snow,1977-10-27T00:00:00.0000000-06:00,0.000000,,,0,,NOAA,2013-08-08T07:41:24.4230000-06:00,in
37,USC00051772,Snow,1977-10-28T00:00:00.0000000-06:00,0.000000,,,0,,NOAA,2013-08-08T07:41:24.4230000-06:00,in
37,USC00051772,Snow,1977-10-29T00:00:00.0000000-06:00,0.000000,,,0,,NOAA,2013-08-08T07:41:24.4230000-06:00,in
37,USC00051772,Snow,1977-10-30T00:00:00.0000000-06:00,0.000000,,,0,,NOAA,2013-08-08T07:41:24.4230000-06:00,in
37,USC00051772,Snow,1977-10-31T00:00:00.0000000-07:00,0.511811,,,0,,NOAA,2013-08-08T07:41:24.4230000-06:00,in
37,USC00051772,Snow,1977-11-01T00:00:00.0000000-07:00,0.984252,,,0,,NOAA,2013-08-08T07:41:24.4230000-06:00,in
37,USC00051772,Snow,1977-11-02T00:00:00.0000000-07:00,0.000000,,,0,,NOAA,2013-08-08T07:41:24.4230000-06:00,in
37,USC00051772,Snow,1977-11-03T00:00:00.0000000-07:00,0.000000,,,0,,NOAA,2013-08-08T07:41:24.4230000-06:00,in
37,USC00051772,Snow,1977-11-04T00:00:00.0000000-07:00,0.000000,,,0,,NOAA,2013-08-08T07:41:24.4230000-06:00,in
37,USC00051772,Snow,1977-11-05T00:00:00.0000000-07:00,0.000000,,,0,,NOAA,2013-08-08T07:41:24.4230000-06:00,in
37,USC00051772,Snow,1977-11-06T00:00:00.0000000-07:00,0.000000,,,0,,NOAA,2013-08-08T07:41:24.4230000-06:00,in
37,USC00051772,Snow,1977-11-07T00:00:00.0000000-07:00,0.000000,,,0,,NOAA,2013-08-08T07:41:24.4230000-06:00,in
37,USC00051772,Snow,1977-11-08T00:00:00.0000000-07:00,0.000000,,,0,,NOAA,2013-08-08T07:41:24.4230000-06:00,in
37,USC00051772,Snow,1977-11-09T00:00:00.0000000-07:00,0.000000,,,0,,NOAA,2013-08-08T07:41:24.4230000-06:00,in
37,USC00051772,Snow,1977-11-10T00:00:00.0000000-07:00,0.000000,,,0,,NOAA,2013-08-08T07:41:24.4230000-06:00,in
37,USC00051772,Snow,1977-11-11T00:00:00.0000000-07:00,0.000000,,,0,,NOAA,2013-08-08T07:41:24.4230000-06:00,in
37,USC00051772,Snow,1977-11-12T00:00:00.0000000-07:00,0.000000,,,0,,NOAA,2013-08-08T07:41:24.4230000-06:00,in
37,USC00051772,Snow,1977-11-13T00:00:00.0000000-07:00,0.000000,,,0,,NOAA,2013-08-08T07:41:24.4230000-06:00,in
37,USC00051772,Snow,1977-11-14T00:00:00.0000000-07:00,0.000000,,,0,,NOAA,2013-08-08T07:41:24.4230000-06:00,in
37,USC00051772,Snow,1977-11-15T00:00:00.0000000-07:00,0.000000,,,0,,NOAA,2013-08-08T07:41:24.4230000-06:00,in
37,USC00051772,Snow,1977-11-16T00:00:00.0000000-07:00,0.000000,,,0,,NOAA,2013-08-08T07:41:24.4230000-06:00,in
37,USC00051772,Snow,1977-11-17T00:00:00.0000000-07:00,0.000000,,,0,,NOAA,2013-08-08T07:41:24.4230000-06:00,in
37,USC00051772,Snow,1977-11-18T00:00:00.0000000-07:00,0.000000,,,0,,NOAA,2013-08-08T07:41:24.4230000-06:00,in
37,USC00051772,Snow,1977-11-19T00:00:00.0000000-07:00,0.000000,,,0,,NOAA,2013-08-08T07:41:24.4230000-06:00,in
37,USC00051772,Snow,1977-11-20T00:00:00.0000000-07:00,4.409449,,,0,,NOAA,2013-08-08T07:41:24.4230000-06:00,in
37,USC00051772,Snow,1977-11-21T00:00:00.0000000-07:00,0.000000,,,0,,NOAA,2013-08-08T07:41:24.4230000-06:00,in
37,USC00051772,Snow,1977-11-22T00:00:00.0000000-07:00,0.000000,,,0,,NOAA,2013-08-08T07:41:24.4230000-06:00,in
37,USC00051772,Snow,1977-11-23T00:00:00.0000000-07:00,0.000000,,,0,,NOAA,2013-08-08T07:41:24.4230000-06:00,in
37,USC00051772,Snow,1977-11-24T00:00:00.0000000-07:00,0.000000,,,0,,NOAA,2013-08-08T07:41:24.4230000-06:00,in
37,USC00051772,Snow,1977-11-25T00:00:00.0000000-07:00,0.000000,,,0,,NOAA,2013-08-08T07:41:24.4230000-06:00,in
37,USC00051772,Snow,1977-11-26T00:00:00.0000000-07:00,0.000000,,,0,,NOAA,2013-08-08T07:41:24.4230000-06:00,in
37,USC00051772,Snow,1977-11-27T00:00:00.0000000-07:00,0.000000,,,0,,NOAA,2013-08-08T07:41:24.4230000-06:00,in
37,USC00051772,Snow,1977-11-28T00:00:00.0000000-07:00,0.000000,T,,0,,NOAA,2013-08-08T07:41:24.4230000-06:00,in
37,USC00051772,Snow,1977-11-29T00:00:00.0000000-07:00,0.000000,T,,0,,NOAA,2013-08-08T07:41:24.4230000-06:00,in
37,USC00051772,Snow,1977-11-30T00:00:00.0000000-07:00,0.000000,,,0,,NOAA,2013-08-08T07:41:24.4230000-06:00,in
37,USC00051772,Snow,1977-12-01T00:00:00.0000000-07:00,0.000000,,,0,,NOAA,2013-08-08T07:41:24.4230000-06:00,in
37,USC00051772,Snow,1977-12-02T00:00:00.0000000-07:00,0.000000,,,0,,NOAA,2013-08-08T07:41:24.4230000-06:00,in
37,USC00051772,Snow,1977-12-03T00:00:00.0000000-07:00,0.000000,,,0,,NOAA,2013-08-08T07:41:24.4230000-06:00,in
37,USC00051772,Snow,1977-12-04T00:00:00.0000000-07:00,0.000000,,,0,,NOAA,2013-08-08T07:41:24.4230000-06:00,in
37,USC00051772,Snow,1977-12-05T00:00:00.0000000-07:00,0.000000,,,0,,NOAA,2013-08-08T07:41:24.4230000-06:00,in
37,USC00051772,Snow,1977-12-06T00:00:00.0000000-07:00,0.000000,,,0,,NOAA,2013-08-08T07:41:24.4230000-06:00,in
37,USC00051772,Snow,1977-12-07T00:00:00.0000000-07:00,0.000000,,,0,,NOAA,2013-08-08T07:41:24.4230000-06:00,in
37,USC00051772,Snow,1977-12-08T00:00:00.0000000-07:00,0.000000,,,0,,NOAA,2013-08-08T07:41:24.4230000-06:00,in
37,USC00051772,Snow,1977-12-09T00:00:00.0000000-07:00,0.000000,,,0,,NOAA,2013-08-08T07:41:24.4230000-06:00,in
37,USC00051772,Snow,1977-12-10T00:00:00.0000000-07:00,0.000000,,,0,,NOAA,2013-08-08T07:41:24.4230000-06:00,in
37,USC00051772,Snow,1977-12-11T00:00:00.0000000-07:00,0.000000,,,0,,NOAA,2013-08-08T07:41:24.4230000-06:00,in
37,USC00051772,Snow,1977-12-12T00:00:00.0000000-07:00,0.000000,,,0,,NOAA,2013-08-08T07:41:24.4230000-06:00,in
37,USC00051772,Snow,1977-12-13T00:00:00.0000000-07:00,0.000000,,,0,,NOAA,2013-08-08T07:41:24.4230000-06:00,in
37,USC00051772,Snow,1977-12-14T00:00:00.0000000-07:00,0.000000,,,0,,NOAA,2013-08-08T07:41:24.4230000-06:00,in
37,USC00051772,Snow,1977-12-15T00:00:00.0000000-07:00,0.000000,,,0,,NOAA,2013-08-08T07:41:24.4230000-06:00,in
37,USC00051772,Snow,1977-12-16T00:00:00.0000000-07:00,1.181102,,,0,,NOAA,2013-08-08T07:41:24.4230000-06:00,in
37,USC00051772,Snow,1977-12-17T00:00:00.0000000-07:00,0.000000,,,0,,NOAA,2013-08-08T07:41:24.4230000-06:00,in
37,USC00051772,Snow,1977-12-19T00:00:00.0000000-07:00,0.000000,,,0,,NOAA,2013-08-08T07:41:24.4230000-06:00,in
37,USC00051772,Snow,1977-12-20T00:00:00.0000000-07:00,0.000000,,,0,,NOAA,2013-08-08T07:41:24.4230000-06:00,in
37,USC00051772,Snow,1977-12-21T00:00:00.0000000-07:00,0.000000,,,0,,NOAA,2013-08-08T07:41:24.4230000-06:00,in
37,USC00051772,Snow,1977-12-22T00:00:00.0000000-07:00,0.000000,,,0,,NOAA,2013-08-08T07:41:24.4230000-06:00,in
37,USC00051772,Snow,1977-12-23T00:00:00.0000000-07:00,0.000000,,,0,,NOAA,2013-08-08T07:41:24.4230000-06:00,in
37,USC00051772,Snow,1977-12-24T00:00:00.0000000-07:00,0.000000,,,0,,NOAA,2013-08-08T07:41:24.4230000-06:00,in
37,USC00051772,Snow,1977-12-25T00:00:00.0000000-07:00,0.000000,,,0,,NOAA,2013-08-08T07:41:24.4230000-06:00,in
37,USC00051772,Snow,1977-12-26T00:00:00.0000000-07:00,0.000000,,,0,,NOAA,2013-08-08T07:41:24.4230000-06:00,in
37,USC00051772,Snow,1977-12-27T00:00:00.0000000-07:00,0.000000,,,0,,NOAA,2013-08-08T07:41:24.4230000-06:00,in
37,USC00051772,Snow,1977-12-28T00:00:00.0000000-07:00,0.000000,,,0,,NOAA,2013-08-08T07:41:24.4230000-06:00,in
37,USC00051772,Snow,1977-12-29T00:00:00.0000000-07:00,0.590551,,,0,,NOAA,2013-08-08T07:41:24.4230000-06:00,in
37,USC00051772,Snow,1977-12-30T00:00:00.0000000-07:00,0.000000,T,,0,,NOAA,2013-08-08T07:41:24.4230000-06:00,in
37,USC00051772,Snow,1977-12-31T00:00:00.0000000-07:00,2.598425,,,0,,NOAA,2013-08-08T07:41:24.4230000-06:00,in
37,USC00051772,Snow,1978-01-01T00:00:00.0000000-07:00,0.000000,,,0,,NOAA,2013-08-08T07:41:24.4230000-06:00,in
37,USC00051772,Snow,1978-01-02T00:00:00.0000000-07:00,0.000000,,,0,,NOAA,2013-08-08T07:41:24.4230000-06:00,in
37,USC00051772,Snow,1978-01-03T00:00:00.0000000-07:00,0.000000,,,0,,NOAA,2013-08-08T07:41:24.4230000-06:00,in
37,USC00051772,Snow,1978-01-04T00:00:00.0000000-07:00,1.692913,,,0,,NOAA,2013-08-08T07:41:24.4230000-06:00,in
37,USC00051772,Snow,1978-01-05T00:00:00.0000000-07:00,0.393701,,,0,,NOAA,2013-08-08T07:41:24.4230000-06:00,in
37,USC00051772,Snow,1978-01-06T00:00:00.0000000-07:00,0.000000,,,0,,NOAA,2013-08-08T07:41:24.4230000-06:00,in
37,USC00051772,Snow,1978-01-07T00:00:00.0000000-07:00,1.496063,,,0,,NOAA,2013-08-08T07:41:24.4230000-06:00,in
37,USC00051772,Snow,1978-01-08T00:00:00.0000000-07:00,0.000000,,,0,,NOAA,2013-08-08T07:41:24.4230000-06:00,in
37,USC00051772,Snow,1978-01-09T00:00:00.0000000-07:00,0.000000,,,0,,NOAA,2013-08-08T07:41:24.4230000-06:00,in
37,USC00051772,Snow,1978-01-10T00:00:00.0000000-07:00,0.000000,T,,0,,NOAA,2013-08-08T07:41:24.4230000-06:00,in
37,USC00051772,Snow,1978-01-11T00:00:00.0000000-07:00,0.000000,T,,0,,NOAA,2013-08-08T07:41:24.4230000-06:00,in
37,USC00051772,Snow,1978-01-12T00:00:00.0000000-07:00,0.000000,T,,0,,NOAA,2013-08-08T07:41:24.4230000-06:00,in
37,USC00051772,Snow,1978-01-13T00:00:00.0000000-07:00,0.000000,T,,0,,NOAA,2013-08-08T07:41:24.4230000-06:00,in
37,USC00051772,Snow,1978-01-14T00:00:00.0000000-07:00,0.000000,,,0,,NOAA,2013-08-08T07:41:24.4230000-06:00,in
37,USC00051772,Snow,1978-01-15T00:00:00.0000000-07:00,0.314961,,,0,,NOAA,2013-08-08T07:41:24.4230000-06:00,in
37,USC00051772,Snow,1978-01-16T00:00:00.0000000-07:00,0.196850,,,0,,NOAA,2013-08-08T07:41:24.4230000-06:00,in
37,USC00051772,Snow,1978-01-17T00:00:00.0000000-07:00,0.905512,,,0,,NOAA,2013-08-08T07:41:24.4230000-06:00,in
37,USC00051772,Snow,1978-01-18T00:00:00.0000000-07:00,0.000000,T,,0,,NOAA,2013-08-08T07:41:24.4230000-06:00,in
37,USC00051772,Snow,1978-01-19T00:00:00.0000000-07:00,0.000000,,,0,,NOAA,2013-08-08T07:41:24.4230000-06:00,in
37,USC00051772,Snow,1978-01-20T00:00:00.0000000-07:00,0.708661,,,0,,NOAA,2013-08-08T07:41:24.4230000-06:00,in
37,USC00051772,Snow,1978-01-21T00:00:00.0000000-07:00,0.511811,,,0,,NOAA,2013-08-08T07:41:24.4230000-06:00,in
37,USC00051772,Snow,1978-01-22T00:00:00.0000000-07:00,0.000000,T,,0,,NOAA,2013-08-08T07:41:24.4230000-06:00,in
37,USC00051772,Snow,1978-01-23T00:00:00.0000000-07:00,2.401575,,,0,,NOAA,2013-08-08T07:41:24.4230000-06:00,in
37,USC00051772,Snow,1978-01-24T00:00:00.0000000-07:00,9.803150,,,0,,NOAA,2013-08-08T07:41:24.4230000-06:00,in
37,USC00051772,Snow,1978-01-25T00:00:00.0000000-07:00,0.000000,,,0,,NOAA,2013-08-08T07:41:24.4230000-06:00,in
37,USC00051772,Snow,1978-01-26T00:00:00.0000000-07:00,0.000000,,,0,,NOAA,2013-08-08T07:41:24.4230000-06:00,in
37,USC00051772,Snow,1978-01-27T00:00:00.0000000-07:00,0.196850,,,0,,NOAA,2013-08-08T07:41:24.4230000-06:00,in
37,USC00051772,Snow,1978-01-28T00:00:00.0000000-07:00,0.000000,,,0,,NOAA,2013-08-08T07:41:24.4230000-06:00,in
37,USC00051772,Snow,1978-01-29T00:00:00.0000000-07:00,0.000000,,,0,,NOAA,2013-08-08T07:41:24.4230000-06:00,in
37,USC00051772,Snow,1978-01-30T00:00:00.0000000-07:00,0.000000,,,0,,NOAA,2013-08-08T07:41:24.4230000-06:00,in
37,USC00051772,Snow,1978-01-31T00:00:00.0000000-07:00,0.000000,,,0,,NOAA,2013-08-08T07:41:24.4230000-06:00,in
37,USC00051772,Snow,1978-02-01T00:00:00.0000000-07:00,0.511811,,,0,,NOAA,2013-08-08T07:41:24.4230000-06:00,in
37,USC00051772,Snow,1978-02-02T00:00:00.0000000-07:00,0.000000,,,0,,NOAA,2013-08-08T07:41:24.4230000-06:00,in
37,USC00051772,Snow,1978-02-03T00:00:00.0000000-07:00,0.000000,,,0,,NOAA,2013-08-08T07:41:24.4230000-06:00,in
37,USC00051772,Snow,1978-02-04T00:00:00.0000000-07:00,0.000000,,,0,,NOAA,2013-08-08T07:41:24.4230000-06:00,in
37,USC00051772,Snow,1978-02-05T00:00:00.0000000-07:00,0.000000,,,0,,NOAA,2013-08-08T07:41:24.4230000-06:00,in
37,USC00051772,Snow,1978-02-06T00:00:00.0000000-07:00,0.196850,,,0,,NOAA,2013-08-08T07:41:24.4230000-06:00,in
37,USC00051772,Snow,1978-02-07T00:00:00.0000000-07:00,0.000000,T,,0,,NOAA,2013-08-08T07:41:24.4230000-06:00,in
37,USC00051772,Snow,1978-02-08T00:00:00.0000000-07:00,1.496063,,,0,,NOAA,2013-08-08T07:41:24.4230000-06:00,in
37,USC00051772,Snow,1978-02-09T00:00:00.0000000-07:00,0.000000,,,0,,NOAA,2013-08-08T07:41:24.4230000-06:00,in
37,USC00051772,Snow,1978-02-10T00:00:00.0000000-07:00,0.000000,T,,0,,NOAA,2013-08-08T07:41:24.4230000-06:00,in
37,USC00051772,Snow,1978-02-11T00:00:00.0000000-07:00,0.000000,T,,0,,NOAA,2013-08-08T07:41:24.4230000-06:00,in
37,USC00051772,Snow,1978-02-12T00:00:00.0000000-07:00,0.393701,,,0,,NOAA,2013-08-08T07:41:24.4230000-06:00,in
37,USC00051772,Snow,1978-02-13T00:00:00.0000000-07:00,0.000000,,,0,,NOAA,2013-08-08T07:41:24.4230000-06:00,in
37,USC00051772,Snow,1978-02-14T00:00:00.0000000-07:00,0.000000,,,0,,NOAA,2013-08-08T07:41:24.4230000-06:00,in
37,USC00051772,Snow,1978-02-15T00:00:00.0000000-07:00,0.000000,,,0,,NOAA,2013-08-08T07:41:24.4230000-06:00,in
37,USC00051772,Snow,1978-02-16T00:00:00.0000000-07:00,0.000000,T,,0,,NOAA,2013-08-08T07:41:24.4230000-06:00,in
37,USC00051772,Snow,1978-02-17T00:00:00.0000000-07:00,0.000000,,,0,,NOAA,2013-08-08T07:41:24.4230000-06:00,in
37,USC00051772,Snow,1978-02-18T00:00:00.0000000-07:00,0.000000,,,0,,NOAA,2013-08-08T07:41:24.4230000-06:00,in
37,USC00051772,Snow,1978-02-19T00:00:00.0000000-07:00,0.000000,T,,0,,NOAA,2013-08-08T07:41:24.4230000-06:00,in
37,USC00051772,Snow,1978-02-20T00:00:00.0000000-07:00,0.000000,,,0,,NOAA,2013-08-08T07:41:24.4230000-06:00,in
37,USC00051772,Snow,1978-02-21T00:00:00.0000000-07:00,0.000000,,,0,,NOAA,2013-08-08T07:41:24.4230000-06:00,in
37,USC00051772,Snow,1978-02-22T00:00:00.0000000-07:00,0.000000,,,0,,NOAA,2013-08-08T07:41:24.4230000-06:00,in
37,USC00051772,Snow,1978-02-23T00:00:00.0000000-07:00,0.000000,,,0,,NOAA,2013-08-08T07:41:24.4230000-06:00,in
37,USC00051772,Snow,1978-02-24T00:00:00.0000000-07:00,0.000000,,,0,,NOAA,2013-08-08T07:41:24.4230000-06:00,in
37,USC00051772,Snow,1978-02-25T00:00:00.0000000-07:00,0.000000,,,0,,NOAA,2013-08-08T07:41:24.4230000-06:00,in
37,USC00051772,Snow,1978-02-26T00:00:00.0000000-07:00,0.000000,,,0,,NOAA,2013-08-08T07:41:24.4230000-06:00,in
37,USC00051772,Snow,1978-02-27T00:00:00.0000000-07:00,0.000000,,,0,,NOAA,2013-08-08T07:41:24.4230000-06:00,in
37,USC00051772,Snow,1978-02-28T00:00:00.0000000-07:00,1.811024,,,0,,NOAA,2013-08-08T07:41:24.4230000-06:00,in
37,USC00051772,Snow,1978-03-01T00:00:00.0000000-07:00,0.000000,,,0,,NOAA,2013-08-08T07:41:24.4230000-06:00,in
37,USC00051772,Snow,1978-03-02T00:00:00.0000000-07:00,0.000000,,,0,,NOAA,2013-08-08T07:41:24.4230000-06:00,in
37,USC00051772,Snow,1978-03-03T00:00:00.0000000-07:00,0.000000,T,,0,,NOAA,2013-08-08T07:41:24.4230000-06:00,in
37,USC00051772,Snow,1978-03-04T00:00:00.0000000-07:00,0.000000,,,0,,NOAA,2013-08-08T07:41:24.4230000-06:00,in
37,USC00051772,Snow,1978-03-05T00:00:00.0000000-07:00,0.000000,,,0,,NOAA,2013-08-08T07:41:24.4230000-06:00,in
37,USC00051772,Snow,1978-03-06T00:00:00.0000000-07:00,0.000000,,,0,,NOAA,2013-08-08T07:41:24.4230000-06:00,in
37,USC00051772,Snow,1978-03-07T00:00:00.0000000-07:00,0.000000,,,0,,NOAA,2013-08-08T07:41:24.4230000-06:00,in
37,USC00051772,Snow,1978-03-08T00:00:00.0000000-07:00,0.000000,,,0,,NOAA,2013-08-08T07:41:24.4230000-06:00,in
37,USC00051772,Snow,1978-03-09T00:00:00.0000000-07:00,0.000000,,,0,,NOAA,2013-08-08T07:41:24.4230000-06:00,in
37,USC00051772,Snow,1978-03-10T00:00:00.0000000-07:00,0.000000,,,0,,NOAA,2013-08-08T07:41:24.4230000-06:00,in
37,USC00051772,Snow,1978-03-11T00:00:00.0000000-07:00,0.000000,,,0,,NOAA,2013-08-08T07:41:24.4230000-06:00,in
37,USC00051772,Snow,1978-03-12T00:00:00.0000000-07:00,0.000000,T,,0,,NOAA,2013-08-08T07:41:24.4230000-06:00,in
37,USC00051772,Snow,1978-03-13T00:00:00.0000000-07:00,0.000000,T,,0,,NOAA,2013-08-08T07:41:24.4230000-06:00,in
37,USC00051772,Snow,1978-03-14T00:00:00.0000000-07:00,0.511811,,,0,,NOAA,2013-08-08T07:41:24.4230000-06:00,in
37,USC00051772,Snow,1978-03-15T00:00:00.0000000-07:00,0.000000,,,0,,NOAA,2013-08-08T07:41:24.4230000-06:00,in
37,USC00051772,Snow,1978-03-16T00:00:00.0000000-07:00,0.000000,,,0,,NOAA,2013-08-08T07:41:24.4230000-06:00,in
37,USC00051772,Snow,1978-03-17T00:00:00.0000000-07:00,0.000000,,,0,,NOAA,2013-08-08T07:41:24.4230000-06:00,in
37,USC00051772,Snow,1978-03-18T00:00:00.0000000-07:00,0.000000,,,0,,NOAA,2013-08-08T07:41:24.4230000-06:00,in
37,USC00051772,Snow,1978-03-19T00:00:00.0000000-07:00,0.000000,,,0,,NOAA,2013-08-08T07:41:24.4230000-06:00,in
37,USC00051772,Snow,1978-03-20T00:00:00.0000000-07:00,0.000000,,,0,,NOAA,2013-08-08T07:41:24.4230000-06:00,in
37,USC00051772,Snow,1978-03-21T00:00:00.0000000-07:00,0.000000,,,0,,NOAA,2013-08-08T07:41:24.4230000-06:00,in
37,USC00051772,Snow,1978-03-22T00:00:00.0000000-07:00,0.000000,,,0,,NOAA,2013-08-08T07:41:24.4230000-06:00,in
37,USC00051772,Snow,1978-03-23T00:00:00.0000000-07:00,0.000000,T,,0,,NOAA,2013-08-08T07:41:24.4230000-06:00,in
37,USC00051772,Snow,1978-03-24T00:00:00.0000000-07:00,0.000000,,,0,,NOAA,2013-08-08T07:41:24.4230000-06:00,in
37,USC00051772,Snow,1978-03-25T00:00:00.0000000-07:00,0.000000,T,,0,,NOAA,2013-08-08T07:41:24.4230000-06:00,in
37,USC00051772,Snow,1978-03-26T00:00:00.0000000-07:00,0.000000,,,0,,NOAA,2013-08-08T07:41:24.4230000-06:00,in
37,USC00051772,Snow,1978-03-27T00:00:00.0000000-07:00,0.000000,,,0,,NOAA,2013-08-08T07:41:24.4230000-06:00,in
37,USC00051772,Snow,1978-03-28T00:00:00.0000000-07:00,0.000000,,,0,,NOAA,2013-08-08T07:41:24.4230000-06:00,in
37,USC00051772,Snow,1978-03-29T00:00:00.0000000-07:00,0.000000,,,0,,NOAA,2013-08-08T07:41:24.4230000-06:00,in
37,USC00051772,Snow,1978-03-30T00:00:00.0000000-07:00,0.000000,,,0,,NOAA,2013-08-08T07:41:24.4230000-06:00,in
37,USC00051772,Snow,1978-03-31T00:00:00.0000000-07:00,0.000000,,,0,,NOAA,2013-08-08T07:41:24.4230000-06:00,in
37,USC00051772,Snow,1978-04-01T00:00:00.0000000-07:00,0.000000,T,,0,,NOAA,2013-08-08T07:41:24.4230000-06:00,in
37,USC00051772,Snow,1978-04-02T00:00:00.0000000-07:00,0.000000,,,0,,NOAA,2013-08-08T07:41:24.4230000-06:00,in
37,USC00051772,Snow,1978-04-03T00:00:00.0000000-06:00,0.000000,,,0,,NOAA,2013-08-08T07:41:24.4230000-06:00,in
37,USC00051772,Snow,1978-04-04T00:00:00.0000000-06:00,0.000000,,,0,,NOAA,2013-08-08T07:41:24.4230000-06:00,in
37,USC00051772,Snow,1978-04-05T00:00:00.0000000-06:00,0.000000,,,0,,NOAA,2013-08-08T07:41:24.4230000-06:00,in
37,USC00051772,Snow,1978-04-06T00:00:00.0000000-06:00,0.000000,,,0,,NOAA,2013-08-08T07:41:24.4230000-06:00,in
37,USC00051772,Snow,1978-04-07T00:00:00.0000000-06:00,0.000000,,,0,,NOAA,2013-08-08T07:41:24.4230000-06:00,in
37,USC00051772,Snow,1978-04-08T00:00:00.0000000-06:00,0.000000,,,0,,NOAA,2013-08-08T07:41:24.4230000-06:00,in
37,USC00051772,Snow,1978-04-09T00:00:00.0000000-06:00,0.000000,,,0,,NOAA,2013-08-08T07:41:24.4230000-06:00,in
37,USC00051772,Snow,1978-04-10T00:00:00.0000000-06:00,0.000000,,,0,,NOAA,2013-08-08T07:41:24.4230000-06:00,in
37,USC00051772,Snow,1978-04-11T00:00:00.0000000-06:00,0.000000,,,0,,NOAA,2013-08-08T07:41:24.4230000-06:00,in
37,USC00051772,Snow,1978-04-12T00:00:00.0000000-06:00,0.000000,,,0,,NOAA,2013-08-08T07:41:24.4230000-06:00,in
37,USC00051772,Snow,1978-04-13T00:00:00.0000000-06:00,0.000000,,,0,,NOAA,2013-08-08T07:41:24.4230000-06:00,in
37,USC00051772,Snow,1978-04-14T00:00:00.0000000-06:00,0.000000,,,0,,NOAA,2013-08-08T07:41:24.4230000-06:00,in
37,USC00051772,Snow,1978-04-15T00:00:00.0000000-06:00,0.000000,,,0,,NOAA,2013-08-08T07:41:24.4230000-06:00,in
37,USC00051772,Snow,1978-04-16T00:00:00.0000000-06:00,0.000000,,,0,,NOAA,2013-08-08T07:41:24.4230000-06:00,in
37,USC00051772,Snow,1978-04-17T00:00:00.0000000-06:00,0.000000,,,0,,NOAA,2013-08-08T07:41:24.4230000-06:00,in
37,USC00051772,Snow,1978-04-18T00:00:00.0000000-06:00,0.000000,T,,0,,NOAA,2013-08-08T07:41:24.4230000-06:00,in
37,USC00051772,Snow,1978-04-19T00:00:00.0000000-06:00,0.000000,,,0,,NOAA,2013-08-08T07:41:24.4230000-06:00,in
37,USC00051772,Snow,1978-04-20T00:00:00.0000000-06:00,0.000000,,,0,,NOAA,2013-08-08T07:41:24.4230000-06:00,in
37,USC00051772,Snow,1978-04-21T00:00:00.0000000-06:00,0.000000,,,0,,NOAA,2013-08-08T07:41:24.4230000-06:00,in
37,USC00051772,Snow,1978-04-22T00:00:00.0000000-06:00,0.000000,,,0,,NOAA,2013-08-08T07:41:24.4230000-06:00,in
37,USC00051772,Snow,1978-04-23T00:00:00.0000000-06:00,0.000000,,,0,,NOAA,2013-08-08T07:41:24.4230000-06:00,in
37,USC00051772,Snow,1978-04-24T00:00:00.0000000-06:00,0.000000,,,0,,NOAA,2013-08-08T07:41:24.4230000-06:00,in
37,USC00051772,Snow,1978-04-25T00:00:00.0000000-06:00,0.000000,,,0,,NOAA,2013-08-08T07:41:24.4230000-06:00,in
37,USC00051772,Snow,1978-04-26T00:00:00.0000000-06:00,0.000000,,,0,,NOAA,2013-08-08T07:41:24.4230000-06:00,in
37,USC00051772,Snow,1978-04-27T00:00:00.0000000-06:00,0.000000,,,0,,NOAA,2013-08-08T07:41:24.4230000-06:00,in
37,USC00051772,Snow,1978-04-28T00:00:00.0000000-06:00,0.000000,,,0,,NOAA,2013-08-08T07:41:24.4230000-06:00,in
37,USC00051772,Snow,1978-04-29T00:00:00.0000000-06:00,0.000000,,,0,,NOAA,2013-08-08T07:41:24.4230000-06:00,in
37,USC00051772,Snow,1978-04-30T00:00:00.0000000-06:00,0.000000,T,,0,,NOAA,2013-08-08T07:41:24.4230000-06:00,in
37,USC00051772,Snow,1978-05-01T00:00:00.0000000-06:00,0.000000,,,0,,NOAA,2013-08-08T07:41:24.4230000-06:00,in
37,USC00051772,Snow,1978-05-02T00:00:00.0000000-06:00,0.000000,,,0,,NOAA,2013-08-08T07:41:24.4230000-06:00,in
37,USC00051772,Snow,1978-05-03T00:00:00.0000000-06:00,0.000000,,,0,,NOAA,2013-08-08T07:41:24.4230000-06:00,in
37,USC00051772,Snow,1978-05-04T00:00:00.0000000-06:00,0.000000,,,0,,NOAA,2013-08-08T07:41:24.4230000-06:00,in
37,USC00051772,Snow,1978-05-05T00:00:00.0000000-06:00,0.000000,T,,0,,NOAA,2013-08-08T07:41:24.4230000-06:00,in
37,USC00051772,Snow,1978-05-06T00:00:00.0000000-06:00,0.314961,,,0,,NOAA,2013-08-08T07:41:24.4230000-06:00,in
37,USC00051772,Snow,1978-05-07T00:00:00.0000000-06:00,1.496063,,,0,,NOAA,2013-08-08T07:41:24.4230000-06:00,in
37,USC00051772,Snow,1978-05-08T00:00:00.0000000-06:00,0.000000,,,0,,NOAA,2013-08-08T07:41:24.4230000-06:00,in
37,USC00051772,Snow,1978-05-09T00:00:00.0000000-06:00,0.000000,,,0,,NOAA,2013-08-08T07:41:24.4230000-06:00,in
37,USC00051772,Snow,1978-05-10T00:00:00.0000000-06:00,0.000000,,,0,,NOAA,2013-08-08T07:41:24.4230000-06:00,in
37,USC00051772,Snow,1978-05-11T00:00:00.0000000-06:00,0.000000,,,0,,NOAA,2013-08-08T07:41:24.4230000-06:00,in
37,USC00051772,Snow,1978-05-12T00:00:00.0000000-06:00,0.000000,,,0,,NOAA,2013-08-08T07:41:24.4230000-06:00,in
37,USC00051772,Snow,1978-05-13T00:00:00.0000000-06:00,0.000000,,,0,,NOAA,2013-08-08T07:41:24.4230000-06:00,in
37,USC00051772,Snow,1978-05-14T00:00:00.0000000-06:00,0.000000,,,0,,NOAA,2013-08-08T07:41:24.4230000-06:00,in
37,USC00051772,Snow,1978-05-15T00:00:00.0000000-06:00,0.000000,,,0,,NOAA,2013-08-08T07:41:24.4230000-06:00,in
37,USC00051772,Snow,1978-05-16T00:00:00.0000000-06:00,0.000000,,,0,,NOAA,2013-08-08T07:41:24.4230000-06:00,in
37,USC00051772,Snow,1978-05-17T00:00:00.0000000-06:00,0.000000,,,0,,NOAA,2013-08-08T07:41:24.4230000-06:00,in
37,USC00051772,Snow,1978-05-18T00:00:00.0000000-06:00,0.000000,,,0,,NOAA,2013-08-08T07:41:24.4230000-06:00,in
37,USC00051772,Snow,1978-05-19T00:00:00.0000000-06:00,0.000000,,,0,,NOAA,2013-08-08T07:41:24.4230000-06:00,in
37,USC00051772,Snow,1978-05-20T00:00:00.0000000-06:00,0.000000,,,0,,NOAA,2013-08-08T07:41:24.4230000-06:00,in
37,USC00051772,Snow,1978-05-21T00:00:00.0000000-06:00,0.000000,,,0,,NOAA,2013-08-08T07:41:24.4230000-06:00,in
37,USC00051772,Snow,1978-05-22T00:00:00.0000000-06:00,0.000000,,,0,,NOAA,2013-08-08T07:41:24.4230000-06:00,in
37,USC00051772,Snow,1978-05-23T00:00:00.0000000-06:00,0.000000,,,0,,NOAA,2013-08-08T07:41:24.4230000-06:00,in
37,USC00051772,Snow,1978-05-24T00:00:00.0000000-06:00,0.000000,,,0,,NOAA,2013-08-08T07:41:24.4230000-06:00,in
37,USC00051772,Snow,1978-05-25T00:00:00.0000000-06:00,0.000000,,,0,,NOAA,2013-08-08T07:41:24.4230000-06:00,in
37,USC00051772,Snow,1978-05-26T00:00:00.0000000-06:00,0.000000,,,0,,NOAA,2013-08-08T07:41:24.4230000-06:00,in
37,USC00051772,Snow,1978-05-27T00:00:00.0000000-06:00,0.000000,,,0,,NOAA,2013-08-08T07:41:24.4230000-06:00,in
37,USC00051772,Snow,1978-05-28T00:00:00.0000000-06:00,0.000000,,,0,,NOAA,2013-08-08T07:41:24.4230000-06:00,in
37,USC00051772,Snow,1978-05-29T00:00:00.0000000-06:00,0.000000,,,0,,NOAA,2013-08-08T07:41:24.4230000-06:00,in
37,USC00051772,Snow,1978-05-30T00:00:00.0000000-06:00,0.000000,,,0,,NOAA,2013-08-08T07:41:24.4230000-06:00,in
37,USC00051772,Snow,1978-05-31T00:00:00.0000000-06:00,0.000000,,,0,,NOAA,2013-08-08T07:41:24.4230000-06:00,in
37,USC00051772,Snow,1978-06-01T00:00:00.0000000-06:00,0.000000,,,0,,NOAA,2013-08-08T07:41:24.4230000-06:00,in
37,USC00051772,Snow,1978-06-02T00:00:00.0000000-06:00,0.000000,,,0,,NOAA,2013-08-08T07:41:24.4230000-06:00,in
37,USC00051772,Snow,1978-06-03T00:00:00.0000000-06:00,0.000000,,,0,,NOAA,2013-08-08T07:41:24.4230000-06:00,in
37,USC00051772,Snow,1978-06-04T00:00:00.0000000-06:00,0.000000,,,0,,NOAA,2013-08-08T07:41:24.4230000-06:00,in
37,USC00051772,Snow,1978-06-05T00:00:00.0000000-06:00,0.000000,,,0,,NOAA,2013-08-08T07:41:24.4230000-06:00,in
37,USC00051772,Snow,1978-06-06T00:00:00.0000000-06:00,0.000000,,,0,,NOAA,2013-08-08T07:41:24.4230000-06:00,in
37,USC00051772,Snow,1978-06-07T00:00:00.0000000-06:00,0.000000,,,0,,NOAA,2013-08-08T07:41:24.4230000-06:00,in
37,USC00051772,Snow,1978-06-08T00:00:00.0000000-06:00,0.000000,,,0,,NOAA,2013-08-08T07:41:24.4230000-06:00,in
37,USC00051772,Snow,1978-06-09T00:00:00.0000000-06:00,0.000000,,,0,,NOAA,2013-08-08T07:41:24.4230000-06:00,in
37,USC00051772,Snow,1978-06-10T00:00:00.0000000-06:00,0.000000,,,0,,NOAA,2013-08-08T07:41:24.4230000-06:00,in
37,USC00051772,Snow,1978-06-11T00:00:00.0000000-06:00,0.000000,,,0,,NOAA,2013-08-08T07:41:24.4230000-06:00,in
37,USC00051772,Snow,1978-06-12T00:00:00.0000000-06:00,0.000000,,,0,,NOAA,2013-08-08T07:41:24.4230000-06:00,in
37,USC00051772,Snow,1978-06-13T00:00:00.0000000-06:00,0.000000,,,0,,NOAA,2013-08-08T07:41:24.4230000-06:00,in
37,USC00051772,Snow,1978-06-14T00:00:00.0000000-06:00,0.000000,,,0,,NOAA,2013-08-08T07:41:24.4230000-06:00,in
37,USC00051772,Snow,1978-06-15T00:00:00.0000000-06:00,0.000000,,,0,,NOAA,2013-08-08T07:41:24.4230000-06:00,in
37,USC00051772,Snow,1978-06-16T00:00:00.0000000-06:00,0.000000,,,0,,NOAA,2013-08-08T07:41:24.4230000-06:00,in
37,USC00051772,Snow,1978-06-17T00:00:00.0000000-06:00,0.000000,,,0,,NOAA,2013-08-08T07:41:24.4230000-06:00,in
37,USC00051772,Snow,1978-06-18T00:00:00.0000000-06:00,0.000000,,,0,,NOAA,2013-08-08T07:41:24.4230000-06:00,in
37,USC00051772,Snow,1978-06-19T00:00:00.0000000-06:00,0.000000,,,0,,NOAA,2013-08-08T07:41:24.4230000-06:00,in
37,USC00051772,Snow,1978-06-20T00:00:00.0000000-06:00,0.000000,,,0,,NOAA,2013-08-08T07:41:24.4230000-06:00,in
37,USC00051772,Snow,1978-06-21T00:00:00.0000000-06:00,0.000000,,,0,,NOAA,2013-08-08T07:41:24.4230000-06:00,in
37,USC00051772,Snow,1978-06-22T00:00:00.0000000-06:00,0.000000,,,0,,NOAA,2013-08-08T07:41:24.4230000-06:00,in
37,USC00051772,Snow,1978-06-23T00:00:00.0000000-06:00,0.000000,,,0,,NOAA,2013-08-08T07:41:24.4230000-06:00,in
37,USC00051772,Snow,1978-06-24T00:00:00.0000000-06:00,0.000000,,,0,,NOAA,2013-08-08T07:41:24.4230000-06:00,in
37,USC00051772,Snow,1978-06-25T00:00:00.0000000-06:00,0.000000,,,0,,NOAA,2013-08-08T07:41:24.4230000-06:00,in
37,USC00051772,Snow,1978-06-26T00:00:00.0000000-06:00,0.000000,,,0,,NOAA,2013-08-08T07:41:24.4230000-06:00,in
37,USC00051772,Snow,1978-06-27T00:00:00.0000000-06:00,0.000000,,,0,,NOAA,2013-08-08T07:41:24.4230000-06:00,in
37,USC00051772,Snow,1978-06-28T00:00:00.0000000-06:00,0.000000,,,0,,NOAA,2013-08-08T07:41:24.4230000-06:00,in
37,USC00051772,Snow,1978-06-29T00:00:00.0000000-06:00,0.000000,,,0,,NOAA,2013-08-08T07:41:24.4230000-06:00,in
37,USC00051772,Snow,1978-06-30T00:00:00.0000000-06:00,0.000000,,,0,,NOAA,2013-08-08T07:41:24.4230000-06:00,in
37,USC00051772,Snow,1978-07-01T00:00:00.0000000-06:00,0.000000,,,0,,NOAA,2013-08-08T07:41:24.4230000-06:00,in
37,USC00051772,Snow,1978-07-02T00:00:00.0000000-06:00,0.000000,,,0,,NOAA,2013-08-08T07:41:24.4230000-06:00,in
37,USC00051772,Snow,1978-07-03T00:00:00.0000000-06:00,0.000000,,,0,,NOAA,2013-08-08T07:41:24.4230000-06:00,in
37,USC00051772,Snow,1978-07-04T00:00:00.0000000-06:00,0.000000,,,0,,NOAA,2013-08-08T07:41:24.4230000-06:00,in
37,USC00051772,Snow,1978-07-05T00:00:00.0000000-06:00,0.000000,,,0,,NOAA,2013-08-08T07:41:24.4230000-06:00,in
37,USC00051772,Snow,1978-07-06T00:00:00.0000000-06:00,0.000000,,,0,,NOAA,2013-08-08T07:41:24.4230000-06:00,in
37,USC00051772,Snow,1978-07-07T00:00:00.0000000-06:00,0.000000,,,0,,NOAA,2013-08-08T07:41:24.4230000-06:00,in
37,USC00051772,Snow,1978-07-08T00:00:00.0000000-06:00,0.000000,,,0,,NOAA,2013-08-08T07:41:24.4230000-06:00,in
37,USC00051772,Snow,1978-07-09T00:00:00.0000000-06:00,0.000000,,,0,,NOAA,2013-08-08T07:41:24.4230000-06:00,in
37,USC00051772,Snow,1978-07-10T00:00:00.0000000-06:00,0.000000,,,0,,NOAA,2013-08-08T07:41:24.4230000-06:00,in
37,USC00051772,Snow,1978-07-11T00:00:00.0000000-06:00,0.000000,,,0,,NOAA,2013-08-08T07:41:24.4230000-06:00,in
37,USC00051772,Snow,1978-07-12T00:00:00.0000000-06:00,0.000000,,,0,,NOAA,2013-08-08T07:41:24.4230000-06:00,in
37,USC00051772,Snow,1978-07-13T00:00:00.0000000-06:00,0.000000,,,0,,NOAA,2013-08-08T07:41:24.4230000-06:00,in
37,USC00051772,Snow,1978-07-14T00:00:00.0000000-06:00,0.000000,,,0,,NOAA,2013-08-08T07:41:24.4230000-06:00,in
37,USC00051772,Snow,1978-07-15T00:00:00.0000000-06:00,0.000000,,,0,,NOAA,2013-08-08T07:41:24.4230000-06:00,in
37,USC00051772,Snow,1978-07-16T00:00:00.0000000-06:00,0.000000,,,0,,NOAA,2013-08-08T07:41:24.4230000-06:00,in
37,USC00051772,Snow,1978-07-17T00:00:00.0000000-06:00,0.000000,,,0,,NOAA,2013-08-08T07:41:24.4230000-06:00,in
37,USC00051772,Snow,1978-07-18T00:00:00.0000000-06:00,0.000000,,,0,,NOAA,2013-08-08T07:41:24.4230000-06:00,in
37,USC00051772,Snow,1978-07-19T00:00:00.0000000-06:00,0.000000,,,0,,NOAA,2013-08-08T07:41:24.4230000-06:00,in
37,USC00051772,Snow,1978-07-20T00:00:00.0000000-06:00,0.000000,,,0,,NOAA,2013-08-08T07:41:24.4230000-06:00,in
37,USC00051772,Snow,1978-07-21T00:00:00.0000000-06:00,0.000000,,,0,,NOAA,2013-08-08T07:41:24.4230000-06:00,in
37,USC00051772,Snow,1978-07-22T00:00:00.0000000-06:00,0.000000,,,0,,NOAA,2013-08-08T07:41:24.4230000-06:00,in
37,USC00051772,Snow,1978-07-23T00:00:00.0000000-06:00,0.000000,,,0,,NOAA,2013-08-08T07:41:24.4230000-06:00,in
37,USC00051772,Snow,1978-07-24T00:00:00.0000000-06:00,0.000000,,,0,,NOAA,2013-08-08T07:41:24.4230000-06:00,in
37,USC00051772,Snow,1978-07-25T00:00:00.0000000-06:00,0.000000,,,0,,NOAA,2013-08-08T07:41:24.4230000-06:00,in
37,USC00051772,Snow,1978-07-26T00:00:00.0000000-06:00,0.000000,,,0,,NOAA,2013-08-08T07:41:24.4230000-06:00,in
37,USC00051772,Snow,1978-07-27T00:00:00.0000000-06:00,0.000000,,,0,,NOAA,2013-08-08T07:41:24.4230000-06:00,in
37,USC00051772,Snow,1978-07-28T00:00:00.0000000-06:00,0.000000,,,0,,NOAA,2013-08-08T07:41:24.4230000-06:00,in
37,USC00051772,Snow,1978-07-29T00:00:00.0000000-06:00,0.000000,,,0,,NOAA,2013-08-08T07:41:24.4230000-06:00,in
37,USC00051772,Snow,1978-07-30T00:00:00.0000000-06:00,0.000000,,,0,,NOAA,2013-08-08T07:41:24.4230000-06:00,in
37,USC00051772,Snow,1978-07-31T00:00:00.0000000-06:00,0.000000,,,0,,NOAA,2013-08-08T07:41:24.4230000-06:00,in
37,USC00051772,Snow,1978-08-01T00:00:00.0000000-06:00,0.000000,,,0,,NOAA,2013-08-08T07:41:24.4230000-06:00,in
37,USC00051772,Snow,1978-08-02T00:00:00.0000000-06:00,0.000000,,,0,,NOAA,2013-08-08T07:41:24.4230000-06:00,in
37,USC00051772,Snow,1978-08-03T00:00:00.0000000-06:00,0.000000,,,0,,NOAA,2013-08-08T07:41:24.4230000-06:00,in
37,USC00051772,Snow,1978-08-04T00:00:00.0000000-06:00,0.000000,,,0,,NOAA,2013-08-08T07:41:24.4230000-06:00,in
37,USC00051772,Snow,1978-08-05T00:00:00.0000000-06:00,0.000000,,,0,,NOAA,2013-08-08T07:41:24.4230000-06:00,in
37,USC00051772,Snow,1978-08-06T00:00:00.0000000-06:00,0.000000,,,0,,NOAA,2013-08-08T07:41:24.4230000-06:00,in
37,USC00051772,Snow,1978-08-07T00:00:00.0000000-06:00,0.000000,,,0,,NOAA,2013-08-08T07:41:24.4230000-06:00,in
37,USC00051772,Snow,1978-08-08T00:00:00.0000000-06:00,0.000000,,,0,,NOAA,2013-08-08T07:41:24.4230000-06:00,in
37,USC00051772,Snow,1978-08-09T00:00:00.0000000-06:00,0.000000,,,0,,NOAA,2013-08-08T07:41:24.4230000-06:00,in
37,USC00051772,Snow,1978-08-10T00:00:00.0000000-06:00,0.000000,,,0,,NOAA,2013-08-08T07:41:24.4230000-06:00,in
37,USC00051772,Snow,1978-08-11T00:00:00.0000000-06:00,0.000000,,,0,,NOAA,2013-08-08T07:41:24.4230000-06:00,in
37,USC00051772,Snow,1978-08-12T00:00:00.0000000-06:00,0.000000,,,0,,NOAA,2013-08-08T07:41:24.4230000-06:00,in
37,USC00051772,Snow,1978-08-13T00:00:00.0000000-06:00,0.000000,,,0,,NOAA,2013-08-08T07:41:24.4230000-06:00,in
37,USC00051772,Snow,1978-08-14T00:00:00.0000000-06:00,0.000000,,,0,,NOAA,2013-08-08T07:41:24.4230000-06:00,in
37,USC00051772,Snow,1978-08-15T00:00:00.0000000-06:00,0.000000,,,0,,NOAA,2013-08-08T07:41:24.4230000-06:00,in
37,USC00051772,Snow,1978-08-16T00:00:00.0000000-06:00,0.000000,,,0,,NOAA,2013-08-08T07:41:24.4230000-06:00,in
37,USC00051772,Snow,1978-08-17T00:00:00.0000000-06:00,0.000000,,,0,,NOAA,2013-08-08T07:41:24.4230000-06:00,in
37,USC00051772,Snow,1978-08-18T00:00:00.0000000-06:00,0.000000,,,0,,NOAA,2013-08-08T07:41:24.4230000-06:00,in
37,USC00051772,Snow,1978-08-19T00:00:00.0000000-06:00,0.000000,,,0,,NOAA,2013-08-08T07:41:24.4230000-06:00,in
37,USC00051772,Snow,1978-08-20T00:00:00.0000000-06:00,0.000000,,,0,,NOAA,2013-08-08T07:41:24.4230000-06:00,in
37,USC00051772,Snow,1978-08-21T00:00:00.0000000-06:00,0.000000,,,0,,NOAA,2013-08-08T07:41:24.4230000-06:00,in
37,USC00051772,Snow,1978-08-22T00:00:00.0000000-06:00,0.000000,,,0,,NOAA,2013-08-08T07:41:24.4230000-06:00,in
37,USC00051772,Snow,1978-08-23T00:00:00.0000000-06:00,0.000000,,,0,,NOAA,2013-08-08T07:41:24.4230000-06:00,in
37,USC00051772,Snow,1978-08-24T00:00:00.0000000-06:00,0.000000,,,0,,NOAA,2013-08-08T07:41:24.4230000-06:00,in
37,USC00051772,Snow,1978-08-25T00:00:00.0000000-06:00,0.000000,,,0,,NOAA,2013-08-08T07:41:24.4230000-06:00,in
37,USC00051772,Snow,1978-08-26T00:00:00.0000000-06:00,0.000000,,,0,,NOAA,2013-08-08T07:41:24.4230000-06:00,in
37,USC00051772,Snow,1978-08-27T00:00:00.0000000-06:00,0.000000,,,0,,NOAA,2013-08-08T07:41:24.4230000-06:00,in
37,USC00051772,Snow,1978-08-28T00:00:00.0000000-06:00,0.000000,,,0,,NOAA,2013-08-08T07:41:24.4230000-06:00,in
37,USC00051772,Snow,1978-08-29T00:00:00.0000000-06:00,0.000000,,,0,,NOAA,2013-08-08T07:41:24.4230000-06:00,in
37,USC00051772,Snow,1978-08-30T00:00:00.0000000-06:00,0.000000,,,0,,NOAA,2013-08-08T07:41:24.4230000-06:00,in
37,USC00051772,Snow,1978-08-31T00:00:00.0000000-06:00,0.000000,,,0,,NOAA,2013-08-08T07:41:24.4230000-06:00,in
37,USC00051772,Snow,1978-09-01T00:00:00.0000000-06:00,0.000000,,,0,,NOAA,2013-08-08T07:41:24.4230000-06:00,in
37,USC00051772,Snow,1978-09-02T00:00:00.0000000-06:00,0.000000,,,0,,NOAA,2013-08-08T07:41:24.4230000-06:00,in
37,USC00051772,Snow,1978-09-03T00:00:00.0000000-06:00,0.000000,,,0,,NOAA,2013-08-08T07:41:24.4230000-06:00,in
37,USC00051772,Snow,1978-09-04T00:00:00.0000000-06:00,0.000000,,,0,,NOAA,2013-08-08T07:41:24.4230000-06:00,in
37,USC00051772,Snow,1978-09-05T00:00:00.0000000-06:00,0.000000,,,0,,NOAA,2013-08-08T07:41:24.4230000-06:00,in
37,USC00051772,Snow,1978-09-06T00:00:00.0000000-06:00,0.000000,,,0,,NOAA,2013-08-08T07:41:24.4230000-06:00,in
37,USC00051772,Snow,1978-09-07T00:00:00.0000000-06:00,0.000000,,,0,,NOAA,2013-08-08T07:41:24.4230000-06:00,in
37,USC00051772,Snow,1978-09-08T00:00:00.0000000-06:00,0.000000,,,0,,NOAA,2013-08-08T07:41:24.4230000-06:00,in
37,USC00051772,Snow,1978-09-09T00:00:00.0000000-06:00,0.000000,,,0,,NOAA,2013-08-08T07:41:24.4230000-06:00,in
37,USC00051772,Snow,1978-09-10T00:00:00.0000000-06:00,0.000000,,,0,,NOAA,2013-08-08T07:41:24.4230000-06:00,in
37,USC00051772,Snow,1978-09-11T00:00:00.0000000-06:00,0.000000,,,0,,NOAA,2013-08-08T07:41:24.4230000-06:00,in
37,USC00051772,Snow,1978-09-12T00:00:00.0000000-06:00,0.000000,,,0,,NOAA,2013-08-08T07:41:24.4230000-06:00,in
37,USC00051772,Snow,1978-09-13T00:00:00.0000000-06:00,0.000000,,,0,,NOAA,2013-08-08T07:41:24.4230000-06:00,in
37,USC00051772,Snow,1978-09-14T00:00:00.0000000-06:00,0.000000,,,0,,NOAA,2013-08-08T07:41:24.4230000-06:00,in
37,USC00051772,Snow,1978-09-15T00:00:00.0000000-06:00,0.000000,,,0,,NOAA,2013-08-08T07:41:24.4230000-06:00,in
37,USC00051772,Snow,1978-09-16T00:00:00.0000000-06:00,0.000000,,,0,,NOAA,2013-08-08T07:41:24.4230000-06:00,in
37,USC00051772,Snow,1978-09-17T00:00:00.0000000-06:00,0.000000,,,0,,NOAA,2013-08-08T07:41:24.4230000-06:00,in
37,USC00051772,Snow,1978-09-18T00:00:00.0000000-06:00,0.000000,,,0,,NOAA,2013-08-08T07:41:24.4230000-06:00,in
37,USC00051772,Snow,1978-09-19T00:00:00.0000000-06:00,0.000000,,,0,,NOAA,2013-08-08T07:41:24.4230000-06:00,in
37,USC00051772,Snow,1978-09-20T00:00:00.0000000-06:00,0.000000,,,0,,NOAA,2013-08-08T07:41:24.4230000-06:00,in
37,USC00051772,Snow,1978-09-21T00:00:00.0000000-06:00,0.000000,,,0,,NOAA,2013-08-08T07:41:24.4230000-06:00,in
37,USC00051772,Snow,1978-09-22T00:00:00.0000000-06:00,0.000000,,,0,,NOAA,2013-08-08T07:41:24.4230000-06:00,in
37,USC00051772,Snow,1978-09-23T00:00:00.0000000-06:00,0.000000,,,0,,NOAA,2013-08-08T07:41:24.4230000-06:00,in
37,USC00051772,Snow,1978-09-24T00:00:00.0000000-06:00,0.000000,,,0,,NOAA,2013-08-08T07:41:24.4230000-06:00,in
37,USC00051772,Snow,1978-09-25T00:00:00.0000000-06:00,0.000000,,,0,,NOAA,2013-08-08T07:41:24.4230000-06:00,in
37,USC00051772,Snow,1978-09-26T00:00:00.0000000-06:00,0.000000,,,0,,NOAA,2013-08-08T07:41:24.4230000-06:00,in
37,USC00051772,Snow,1978-09-27T00:00:00.0000000-06:00,0.000000,,,0,,NOAA,2013-08-08T07:41:24.4230000-06:00,in
37,USC00051772,Snow,1978-09-28T00:00:00.0000000-06:00,0.000000,,,0,,NOAA,2013-08-08T07:41:24.4230000-06:00,in
37,USC00051772,Snow,1978-09-29T00:00:00.0000000-06:00,0.000000,,,0,,NOAA,2013-08-08T07:41:24.4230000-06:00,in
37,USC00051772,Snow,1978-09-30T00:00:00.0000000-06:00,0.000000,,,0,,NOAA,2013-08-08T07:41:24.4230000-06:00,in
37,USC00051772,Snow,1978-10-01T00:00:00.0000000-06:00,0.000000,,,0,,NOAA,2013-08-08T07:41:24.4230000-06:00,in
37,USC00051772,Snow,1978-10-02T00:00:00.0000000-06:00,0.000000,,,0,,NOAA,2013-08-08T07:41:24.4230000-06:00,in
37,USC00051772,Snow,1978-10-03T00:00:00.0000000-06:00,0.000000,,,0,,NOAA,2013-08-08T07:41:24.4230000-06:00,in
37,USC00051772,Snow,1978-10-04T00:00:00.0000000-06:00,0.000000,,,0,,NOAA,2013-08-08T07:41:24.4230000-06:00,in
37,USC00051772,Snow,1978-10-05T00:00:00.0000000-06:00,0.000000,,,0,,NOAA,2013-08-08T07:41:24.4230000-06:00,in
37,USC00051772,Snow,1978-10-06T00:00:00.0000000-06:00,0.000000,,,0,,NOAA,2013-08-08T07:41:24.4230000-06:00,in
37,USC00051772,Snow,1978-10-07T00:00:00.0000000-06:00,0.000000,,,0,,NOAA,2013-08-08T07:41:24.4230000-06:00,in
37,USC00051772,Snow,1978-10-08T00:00:00.0000000-06:00,0.000000,,,0,,NOAA,2013-08-08T07:41:24.4230000-06:00,in
37,USC00051772,Snow,1978-10-09T00:00:00.0000000-06:00,0.000000,,,0,,NOAA,2013-08-08T07:41:24.4230000-06:00,in
37,USC00051772,Snow,1978-10-10T00:00:00.0000000-06:00,0.000000,,,0,,NOAA,2013-08-08T07:41:24.4230000-06:00,in
37,USC00051772,Snow,1978-10-11T00:00:00.0000000-06:00,0.000000,,,0,,NOAA,2013-08-08T07:41:24.4230000-06:00,in
37,USC00051772,Snow,1978-10-12T00:00:00.0000000-06:00,0.000000,,,0,,NOAA,2013-08-08T07:41:24.4230000-06:00,in
37,USC00051772,Snow,1978-10-13T00:00:00.0000000-06:00,0.000000,,,0,,NOAA,2013-08-08T07:41:24.4230000-06:00,in
37,USC00051772,Snow,1978-10-14T00:00:00.0000000-06:00,0.000000,,,0,,NOAA,2013-08-08T07:41:24.4230000-06:00,in
37,USC00051772,Snow,1978-10-15T00:00:00.0000000-06:00,0.000000,,,0,,NOAA,2013-08-08T07:41:24.4230000-06:00,in
37,USC00051772,Snow,1978-10-16T00:00:00.0000000-06:00,0.000000,,,0,,NOAA,2013-08-08T07:41:24.4230000-06:00,in
37,USC00051772,Snow,1978-10-17T00:00:00.0000000-06:00,0.000000,,,0,,NOAA,2013-08-08T07:41:24.4230000-06:00,in
37,USC00051772,Snow,1978-10-18T00:00:00.0000000-06:00,0.000000,,,0,,NOAA,2013-08-08T07:41:24.4230000-06:00,in
37,USC00051772,Snow,1978-10-19T00:00:00.0000000-06:00,0.000000,,,0,,NOAA,2013-08-08T07:41:24.4230000-06:00,in
37,USC00051772,Snow,1978-10-20T00:00:00.0000000-06:00,0.000000,,,0,,NOAA,2013-08-08T07:41:24.4230000-06:00,in
37,USC00051772,Snow,1978-10-21T00:00:00.0000000-06:00,0.000000,,,0,,NOAA,2013-08-08T07:41:24.4230000-06:00,in
37,USC00051772,Snow,1978-10-22T00:00:00.0000000-06:00,0.000000,,,0,,NOAA,2013-08-08T07:41:24.4230000-06:00,in
37,USC00051772,Snow,1978-10-23T00:00:00.0000000-06:00,0.000000,,,0,,NOAA,2013-08-08T07:41:24.4230000-06:00,in
37,USC00051772,Snow,1978-10-24T00:00:00.0000000-06:00,0.000000,,,0,,NOAA,2013-08-08T07:41:24.4230000-06:00,in
37,USC00051772,Snow,1978-10-25T00:00:00.0000000-06:00,0.000000,,,0,,NOAA,2013-08-08T07:41:24.4230000-06:00,in
37,USC00051772,Snow,1978-10-26T00:00:00.0000000-06:00,0.000000,,,0,,NOAA,2013-08-08T07:41:24.4230000-06:00,in
37,USC00051772,Snow,1978-10-27T00:00:00.0000000-06:00,0.000000,,,0,,NOAA,2013-08-08T07:41:24.4230000-06:00,in
37,USC00051772,Snow,1978-10-28T00:00:00.0000000-06:00,0.000000,,,0,,NOAA,2013-08-08T07:41:24.4230000-06:00,in
37,USC00051772,Snow,1978-10-29T00:00:00.0000000-06:00,0.000000,,,0,,NOAA,2013-08-08T07:41:24.4230000-06:00,in
37,USC00051772,Snow,1978-10-30T00:00:00.0000000-07:00,0.000000,,,0,,NOAA,2013-08-08T07:41:24.4230000-06:00,in
37,USC00051772,Snow,1978-10-31T00:00:00.0000000-07:00,0.000000,,,0,,NOAA,2013-08-08T07:41:24.4230000-06:00,in
37,USC00051772,Snow,1978-11-01T00:00:00.0000000-07:00,0.000000,,,0,,NOAA,2013-08-08T07:41:24.4230000-06:00,in
37,USC00051772,Snow,1978-11-02T00:00:00.0000000-07:00,0.000000,,,0,,NOAA,2013-08-08T07:41:24.4230000-06:00,in
37,USC00051772,Snow,1978-11-03T00:00:00.0000000-07:00,0.000000,,,0,,NOAA,2013-08-08T07:41:24.4230000-06:00,in
37,USC00051772,Snow,1978-11-04T00:00:00.0000000-07:00,0.000000,,,0,,NOAA,2013-08-08T07:41:24.4230000-06:00,in
37,USC00051772,Snow,1978-11-05T00:00:00.0000000-07:00,0.000000,,,0,,NOAA,2013-08-08T07:41:24.4230000-06:00,in
37,USC00051772,Snow,1978-11-06T00:00:00.0000000-07:00,0.000000,,,0,,NOAA,2013-08-08T07:41:24.4230000-06:00,in
37,USC00051772,Snow,1978-11-07T00:00:00.0000000-07:00,0.000000,,,0,,NOAA,2013-08-08T07:41:24.4230000-06:00,in
37,USC00051772,Snow,1978-11-08T00:00:00.0000000-07:00,0.000000,,,0,,NOAA,2013-08-08T07:41:24.4230000-06:00,in
37,USC00051772,Snow,1978-11-09T00:00:00.0000000-07:00,0.000000,,,0,,NOAA,2013-08-08T07:41:24.4230000-06:00,in
37,USC00051772,Snow,1978-11-10T00:00:00.0000000-07:00,0.000000,,,0,,NOAA,2013-08-08T07:41:24.4230000-06:00,in
37,USC00051772,Snow,1978-11-11T00:00:00.0000000-07:00,0.000000,,,0,,NOAA,2013-08-08T07:41:24.4230000-06:00,in
37,USC00051772,Snow,1978-11-12T00:00:00.0000000-07:00,0.000000,T,,0,,NOAA,2013-08-08T07:41:24.4230000-06:00,in
37,USC00051772,Snow,1978-11-13T00:00:00.0000000-07:00,0.000000,T,,0,,NOAA,2013-08-08T07:41:24.4230000-06:00,in
37,USC00051772,Snow,1978-11-14T00:00:00.0000000-07:00,0.314961,,,0,,NOAA,2013-08-08T07:41:24.4230000-06:00,in
37,USC00051772,Snow,1978-11-15T00:00:00.0000000-07:00,0.000000,T,,0,,NOAA,2013-08-08T07:41:24.4230000-06:00,in
37,USC00051772,Snow,1978-11-16T00:00:00.0000000-07:00,0.000000,,,0,,NOAA,2013-08-08T07:41:24.4230000-06:00,in
37,USC00051772,Snow,1978-11-17T00:00:00.0000000-07:00,0.000000,,,0,,NOAA,2013-08-08T07:41:24.4230000-06:00,in
37,USC00051772,Snow,1978-11-18T00:00:00.0000000-07:00,0.000000,,,0,,NOAA,2013-08-08T07:41:24.4230000-06:00,in
37,USC00051772,Snow,1978-11-19T00:00:00.0000000-07:00,0.000000,,,0,,NOAA,2013-08-08T07:41:24.4230000-06:00,in
37,USC00051772,Snow,1978-11-20T00:00:00.0000000-07:00,0.000000,,,0,,NOAA,2013-08-08T07:41:24.4230000-06:00,in
37,USC00051772,Snow,1978-11-21T00:00:00.0000000-07:00,0.000000,,,0,,NOAA,2013-08-08T07:41:24.4230000-06:00,in
37,USC00051772,Snow,1978-11-22T00:00:00.0000000-07:00,0.000000,,,0,,NOAA,2013-08-08T07:41:24.4230000-06:00,in
37,USC00051772,Snow,1978-11-23T00:00:00.0000000-07:00,0.000000,,,0,,NOAA,2013-08-08T07:41:24.4230000-06:00,in
37,USC00051772,Snow,1978-11-24T00:00:00.0000000-07:00,0.000000,,,0,,NOAA,2013-08-08T07:41:24.4230000-06:00,in
37,USC00051772,Snow,1978-11-25T00:00:00.0000000-07:00,0.196850,,,0,,NOAA,2013-08-08T07:41:24.4230000-06:00,in
37,USC00051772,Snow,1978-11-26T00:00:00.0000000-07:00,0.984252,,,0,,NOAA,2013-08-08T07:41:24.4230000-06:00,in
37,USC00051772,Snow,1978-11-27T00:00:00.0000000-07:00,0.000000,,,0,,NOAA,2013-08-08T07:41:24.4230000-06:00,in
37,USC00051772,Snow,1978-11-28T00:00:00.0000000-07:00,0.000000,,,0,,NOAA,2013-08-08T07:41:24.4230000-06:00,in
37,USC00051772,Snow,1978-11-29T00:00:00.0000000-07:00,0.000000,T,,0,,NOAA,2013-08-08T07:41:24.4230000-06:00,in
37,USC00051772,Snow,1978-11-30T00:00:00.0000000-07:00,3.110236,,,0,,NOAA,2013-08-08T07:41:24.4230000-06:00,in
37,USC00051772,Snow,1978-12-01T00:00:00.0000000-07:00,0.000000,,,0,,NOAA,2013-08-08T07:41:24.4230000-06:00,in
37,USC00051772,Snow,1978-12-02T00:00:00.0000000-07:00,5.118110,,,0,,NOAA,2013-08-08T07:41:24.4230000-06:00,in
37,USC00051772,Snow,1978-12-03T00:00:00.0000000-07:00,0.000000,T,,0,,NOAA,2013-08-08T07:41:24.4230000-06:00,in
37,USC00051772,Snow,1978-12-04T00:00:00.0000000-07:00,0.000000,,,0,,NOAA,2013-08-08T07:41:24.4230000-06:00,in
37,USC00051772,Snow,1978-12-05T00:00:00.0000000-07:00,0.000000,T,,0,,NOAA,2013-08-08T07:41:24.4230000-06:00,in
37,USC00051772,Snow,1978-12-06T00:00:00.0000000-07:00,5.708661,,,0,,NOAA,2013-08-08T07:41:24.4230000-06:00,in
37,USC00051772,Snow,1978-12-07T00:00:00.0000000-07:00,1.614173,,,0,,NOAA,2013-08-08T07:41:24.4230000-06:00,in
37,USC00051772,Snow,1978-12-08T00:00:00.0000000-07:00,0.000000,T,,0,,NOAA,2013-08-08T07:41:24.4230000-06:00,in
37,USC00051772,Snow,1978-12-09T00:00:00.0000000-07:00,0.000000,,,0,,NOAA,2013-08-08T07:41:24.4230000-06:00,in
37,USC00051772,Snow,1978-12-10T00:00:00.0000000-07:00,0.000000,,,0,,NOAA,2013-08-08T07:41:24.4230000-06:00,in
37,USC00051772,Snow,1978-12-11T00:00:00.0000000-07:00,0.000000,,,0,,NOAA,2013-08-08T07:41:24.4230000-06:00,in
37,USC00051772,Snow,1978-12-12T00:00:00.0000000-07:00,0.000000,,,0,,NOAA,2013-08-08T07:41:24.4230000-06:00,in
37,USC00051772,Snow,1978-12-13T00:00:00.0000000-07:00,0.000000,,,0,,NOAA,2013-08-08T07:41:24.4230000-06:00,in
37,USC00051772,Snow,1978-12-14T00:00:00.0000000-07:00,0.000000,,,0,,NOAA,2013-08-08T07:41:24.4230000-06:00,in
37,USC00051772,Snow,1978-12-15T00:00:00.0000000-07:00,0.000000,,,0,,NOAA,2013-08-08T07:41:24.4230000-06:00,in
37,USC00051772,Snow,1978-12-16T00:00:00.0000000-07:00,0.000000,,,0,,NOAA,2013-08-08T07:41:24.4230000-06:00,in
37,USC00051772,Snow,1978-12-17T00:00:00.0000000-07:00,0.000000,,,0,,NOAA,2013-08-08T07:41:24.4230000-06:00,in
37,USC00051772,Snow,1978-12-18T00:00:00.0000000-07:00,0.984252,,,0,,NOAA,2013-08-08T07:41:24.4230000-06:00,in
37,USC00051772,Snow,1978-12-19T00:00:00.0000000-07:00,0.000000,T,,0,,NOAA,2013-08-08T07:41:24.4230000-06:00,in
37,USC00051772,Snow,1978-12-20T00:00:00.0000000-07:00,0.000000,,,0,,NOAA,2013-08-08T07:41:24.4230000-06:00,in
37,USC00051772,Snow,1978-12-21T00:00:00.0000000-07:00,0.000000,,,0,,NOAA,2013-08-08T07:41:24.4230000-06:00,in
37,USC00051772,Snow,1978-12-22T00:00:00.0000000-07:00,0.000000,,,0,,NOAA,2013-08-08T07:41:24.4230000-06:00,in
37,USC00051772,Snow,1978-12-23T00:00:00.0000000-07:00,0.000000,,,0,,NOAA,2013-08-08T07:41:24.4230000-06:00,in
37,USC00051772,Snow,1978-12-24T00:00:00.0000000-07:00,0.000000,T,,0,,NOAA,2013-08-08T07:41:24.4230000-06:00,in
37,USC00051772,Snow,1978-12-25T00:00:00.0000000-07:00,0.000000,,,0,,NOAA,2013-08-08T07:41:24.4230000-06:00,in
37,USC00051772,Snow,1978-12-26T00:00:00.0000000-07:00,0.000000,,,0,,NOAA,2013-08-08T07:41:24.4230000-06:00,in
37,USC00051772,Snow,1978-12-27T00:00:00.0000000-07:00,0.000000,,,0,,NOAA,2013-08-08T07:41:24.4230000-06:00,in
37,USC00051772,Snow,1978-12-28T00:00:00.0000000-07:00,0.000000,,,0,,NOAA,2013-08-08T07:41:24.4230000-06:00,in
37,USC00051772,Snow,1978-12-29T00:00:00.0000000-07:00,0.000000,,,0,,NOAA,2013-08-08T07:41:24.4230000-06:00,in
37,USC00051772,Snow,1978-12-30T00:00:00.0000000-07:00,0.000000,,,0,,NOAA,2013-08-08T07:41:24.4230000-06:00,in
37,USC00051772,Snow,1978-12-31T00:00:00.0000000-07:00,0.000000,,,0,,NOAA,2013-08-08T07:41:24.4230000-06:00,in
37,USC00051772,Snow,1979-01-01T00:00:00.0000000-07:00,0.000000,,,0,,NOAA,2013-08-08T07:41:24.4230000-06:00,in
37,USC00051772,Snow,1979-01-02T00:00:00.0000000-07:00,0.000000,,,0,,NOAA,2013-08-08T07:41:24.4230000-06:00,in
37,USC00051772,Snow,1979-01-03T00:00:00.0000000-07:00,0.000000,,,0,,NOAA,2013-08-08T07:41:24.4230000-06:00,in
37,USC00051772,Snow,1979-01-04T00:00:00.0000000-07:00,0.000000,,,0,,NOAA,2013-08-08T07:41:24.4230000-06:00,in
37,USC00051772,Snow,1979-01-05T00:00:00.0000000-07:00,0.000000,,,0,,NOAA,2013-08-08T07:41:24.4230000-06:00,in
37,USC00051772,Snow,1979-01-06T00:00:00.0000000-07:00,2.795276,,,0,,NOAA,2013-08-08T07:41:24.4230000-06:00,in
37,USC00051772,Snow,1979-01-07T00:00:00.0000000-07:00,0.708661,,,0,,NOAA,2013-08-08T07:41:24.4230000-06:00,in
37,USC00051772,Snow,1979-01-08T00:00:00.0000000-07:00,0.000000,,,0,,NOAA,2013-08-08T07:41:24.4230000-06:00,in
37,USC00051772,Snow,1979-01-09T00:00:00.0000000-07:00,0.000000,,,0,,NOAA,2013-08-08T07:41:24.4230000-06:00,in
37,USC00051772,Snow,1979-01-10T00:00:00.0000000-07:00,0.000000,T,,0,,NOAA,2013-08-08T07:41:24.4230000-06:00,in
37,USC00051772,Snow,1979-01-11T00:00:00.0000000-07:00,0.000000,T,,0,,NOAA,2013-08-08T07:41:24.4230000-06:00,in
37,USC00051772,Snow,1979-01-12T00:00:00.0000000-07:00,0.000000,T,,0,,NOAA,2013-08-08T07:41:24.4230000-06:00,in
37,USC00051772,Snow,1979-01-13T00:00:00.0000000-07:00,2.519685,,,0,,NOAA,2013-08-08T07:41:24.4230000-06:00,in
37,USC00051772,Snow,1979-01-14T00:00:00.0000000-07:00,0.000000,,,0,,NOAA,2013-08-08T07:41:24.4230000-06:00,in
37,USC00051772,Snow,1979-01-15T00:00:00.0000000-07:00,1.102362,,,0,,NOAA,2013-08-08T07:41:24.4230000-06:00,in
37,USC00051772,Snow,1979-01-16T00:00:00.0000000-07:00,0.314961,,,0,,NOAA,2013-08-08T07:41:24.4230000-06:00,in
37,USC00051772,Snow,1979-01-17T00:00:00.0000000-07:00,0.000000,,,0,,NOAA,2013-08-08T07:41:24.4230000-06:00,in
37,USC00051772,Snow,1979-01-18T00:00:00.0000000-07:00,0.590551,,,0,,NOAA,2013-08-08T07:41:24.4230000-06:00,in
37,USC00051772,Snow,1979-01-19T00:00:00.0000000-07:00,0.511811,,,0,,NOAA,2013-08-08T07:41:24.4230000-06:00,in
37,USC00051772,Snow,1979-01-20T00:00:00.0000000-07:00,0.000000,,,0,,NOAA,2013-08-08T07:41:24.4230000-06:00,in
37,USC00051772,Snow,1979-01-21T00:00:00.0000000-07:00,0.000000,,,0,,NOAA,2013-08-08T07:41:24.4230000-06:00,in
37,USC00051772,Snow,1979-01-22T00:00:00.0000000-07:00,0.000000,,,0,,NOAA,2013-08-08T07:41:24.4230000-06:00,in
37,USC00051772,Snow,1979-01-23T00:00:00.0000000-07:00,0.984252,,,0,,NOAA,2013-08-08T07:41:24.4230000-06:00,in
37,USC00051772,Snow,1979-01-24T00:00:00.0000000-07:00,0.000000,,,0,,NOAA,2013-08-08T07:41:24.4230000-06:00,in
37,USC00051772,Snow,1979-01-25T00:00:00.0000000-07:00,0.000000,T,,0,,NOAA,2013-08-08T07:41:24.4230000-06:00,in
37,USC00051772,Snow,1979-01-26T00:00:00.0000000-07:00,1.496063,,,0,,NOAA,2013-08-08T07:41:24.4230000-06:00,in
37,USC00051772,Snow,1979-01-27T00:00:00.0000000-07:00,2.204724,,,0,,NOAA,2013-08-08T07:41:24.4230000-06:00,in
37,USC00051772,Snow,1979-01-28T00:00:00.0000000-07:00,0.000000,,,0,,NOAA,2013-08-08T07:41:24.4230000-06:00,in
37,USC00051772,Snow,1979-01-29T00:00:00.0000000-07:00,1.299213,,,0,,NOAA,2013-08-08T07:41:24.4230000-06:00,in
37,USC00051772,Snow,1979-01-30T00:00:00.0000000-07:00,0.000000,,,0,,NOAA,2013-08-08T07:41:24.4230000-06:00,in
37,USC00051772,Snow,1979-01-31T00:00:00.0000000-07:00,0.000000,,,0,,NOAA,2013-08-08T07:41:24.4230000-06:00,in
37,USC00051772,Snow,1979-02-01T00:00:00.0000000-07:00,1.496063,,,0,,NOAA,2013-08-08T07:41:24.4230000-06:00,in
37,USC00051772,Snow,1979-02-02T00:00:00.0000000-07:00,2.598425,,,0,,NOAA,2013-08-08T07:41:24.4230000-06:00,in
37,USC00051772,Snow,1979-02-03T00:00:00.0000000-07:00,0.000000,T,,0,,NOAA,2013-08-08T07:41:24.4230000-06:00,in
37,USC00051772,Snow,1979-02-04T00:00:00.0000000-07:00,0.000000,T,,0,,NOAA,2013-08-08T07:41:24.4230000-06:00,in
37,USC00051772,Snow,1979-02-05T00:00:00.0000000-07:00,0.000000,,,0,,NOAA,2013-08-08T07:41:24.4230000-06:00,in
37,USC00051772,Snow,1979-02-06T00:00:00.0000000-07:00,0.000000,,,0,,NOAA,2013-08-08T07:41:24.4230000-06:00,in
37,USC00051772,Snow,1979-02-07T00:00:00.0000000-07:00,0.000000,,,0,,NOAA,2013-08-08T07:41:24.4230000-06:00,in
37,USC00051772,Snow,1979-02-08T00:00:00.0000000-07:00,0.000000,,,0,,NOAA,2013-08-08T07:41:24.4230000-06:00,in
37,USC00051772,Snow,1979-02-09T00:00:00.0000000-07:00,0.000000,,,0,,NOAA,2013-08-08T07:41:24.4230000-06:00,in
37,USC00051772,Snow,1979-02-10T00:00:00.0000000-07:00,0.000000,,,0,,NOAA,2013-08-08T07:41:24.4230000-06:00,in
37,USC00051772,Snow,1979-02-11T00:00:00.0000000-07:00,0.000000,,,0,,NOAA,2013-08-08T07:41:24.4230000-06:00,in
37,USC00051772,Snow,1979-02-12T00:00:00.0000000-07:00,0.000000,,,0,,NOAA,2013-08-08T07:41:24.4230000-06:00,in
37,USC00051772,Snow,1979-02-13T00:00:00.0000000-07:00,0.000000,,,0,,NOAA,2013-08-08T07:41:24.4230000-06:00,in
37,USC00051772,Snow,1979-02-14T00:00:00.0000000-07:00,0.000000,,,0,,NOAA,2013-08-08T07:41:24.4230000-06:00,in
37,USC00051772,Snow,1979-02-15T00:00:00.0000000-07:00,0.000000,T,,0,,NOAA,2013-08-08T07:41:24.4230000-06:00,in
37,USC00051772,Snow,1979-02-16T00:00:00.0000000-07:00,0.000000,,,0,,NOAA,2013-08-08T07:41:24.4230000-06:00,in
37,USC00051772,Snow,1979-02-17T00:00:00.0000000-07:00,0.000000,,,0,,NOAA,2013-08-08T07:41:24.4230000-06:00,in
37,USC00051772,Snow,1979-02-18T00:00:00.0000000-07:00,0.000000,,,0,,NOAA,2013-08-08T07:41:24.4230000-06:00,in
37,USC00051772,Snow,1979-02-19T00:00:00.0000000-07:00,0.000000,,,0,,NOAA,2013-08-08T07:41:24.4230000-06:00,in
37,USC00051772,Snow,1979-02-20T00:00:00.0000000-07:00,1.102362,,,0,,NOAA,2013-08-08T07:41:24.4230000-06:00,in
37,USC00051772,Snow,1979-02-21T00:00:00.0000000-07:00,0.000000,T,,0,,NOAA,2013-08-08T07:41:24.4230000-06:00,in
37,USC00051772,Snow,1979-02-22T00:00:00.0000000-07:00,2.598425,,,0,,NOAA,2013-08-08T07:41:24.4230000-06:00,in
37,USC00051772,Snow,1979-02-23T00:00:00.0000000-07:00,0.511811,,,0,,NOAA,2013-08-08T07:41:24.4230000-06:00,in
37,USC00051772,Snow,1979-02-24T00:00:00.0000000-07:00,2.913386,,,0,,NOAA,2013-08-08T07:41:24.4230000-06:00,in
37,USC00051772,Snow,1979-02-25T00:00:00.0000000-07:00,0.000000,,,0,,NOAA,2013-08-08T07:41:24.4230000-06:00,in
37,USC00051772,Snow,1979-02-26T00:00:00.0000000-07:00,0.000000,,,0,,NOAA,2013-08-08T07:41:24.4230000-06:00,in
37,USC00051772,Snow,1979-02-27T00:00:00.0000000-07:00,0.000000,T,,0,,NOAA,2013-08-08T07:41:24.4230000-06:00,in
37,USC00051772,Snow,1979-02-28T00:00:00.0000000-07:00,0.000000,,,0,,NOAA,2013-08-08T07:41:24.4230000-06:00,in
37,USC00051772,Snow,1979-03-01T00:00:00.0000000-07:00,0.000000,,,0,,NOAA,2013-08-08T07:41:24.4230000-06:00,in
37,USC00051772,Snow,1979-03-02T00:00:00.0000000-07:00,0.984252,,,0,,NOAA,2013-08-08T07:41:24.4230000-06:00,in
37,USC00051772,Snow,1979-03-03T00:00:00.0000000-07:00,0.000000,,,0,,NOAA,2013-08-08T07:41:24.4230000-06:00,in
37,USC00051772,Snow,1979-03-04T00:00:00.0000000-07:00,0.000000,,,0,,NOAA,2013-08-08T07:41:24.4230000-06:00,in
37,USC00051772,Snow,1979-03-05T00:00:00.0000000-07:00,0.000000,,,0,,NOAA,2013-08-08T07:41:24.4230000-06:00,in
37,USC00051772,Snow,1979-03-06T00:00:00.0000000-07:00,0.000000,,,0,,NOAA,2013-08-08T07:41:24.4230000-06:00,in
37,USC00051772,Snow,1979-03-07T00:00:00.0000000-07:00,0.000000,,,0,,NOAA,2013-08-08T07:41:24.4230000-06:00,in
37,USC00051772,Snow,1979-03-08T00:00:00.0000000-07:00,0.000000,,,0,,NOAA,2013-08-08T07:41:24.4230000-06:00,in
37,USC00051772,Snow,1979-03-09T00:00:00.0000000-07:00,0.000000,,,0,,NOAA,2013-08-08T07:41:24.4230000-06:00,in
37,USC00051772,Snow,1979-03-10T00:00:00.0000000-07:00,0.000000,,,0,,NOAA,2013-08-08T07:41:24.4230000-06:00,in
37,USC00051772,Snow,1979-03-11T00:00:00.0000000-07:00,0.000000,,,0,,NOAA,2013-08-08T07:41:24.4230000-06:00,in
37,USC00051772,Snow,1979-03-12T00:00:00.0000000-07:00,0.000000,,,0,,NOAA,2013-08-08T07:41:24.4230000-06:00,in
37,USC00051772,Snow,1979-03-13T00:00:00.0000000-07:00,0.000000,,,0,,NOAA,2013-08-08T07:41:24.4230000-06:00,in
37,USC00051772,Snow,1979-03-14T00:00:00.0000000-07:00,0.000000,,,0,,NOAA,2013-08-08T07:41:24.4230000-06:00,in
37,USC00051772,Snow,1979-03-15T00:00:00.0000000-07:00,0.000000,,,0,,NOAA,2013-08-08T07:41:24.4230000-06:00,in
37,USC00051772,Snow,1979-03-16T00:00:00.0000000-07:00,0.000000,,,0,,NOAA,2013-08-08T07:41:24.4230000-06:00,in
37,USC00051772,Snow,1979-03-17T00:00:00.0000000-07:00,0.000000,T,,0,,NOAA,2013-08-08T07:41:24.4230000-06:00,in
37,USC00051772,Snow,1979-03-18T00:00:00.0000000-07:00,0.000000,T,,0,,NOAA,2013-08-08T07:41:24.4230000-06:00,in
37,USC00051772,Snow,1979-03-19T00:00:00.0000000-07:00,0.000000,,,0,,NOAA,2013-08-08T07:41:24.4230000-06:00,in
37,USC00051772,Snow,1979-03-20T00:00:00.0000000-07:00,0.511811,,,0,,NOAA,2013-08-08T07:41:24.4230000-06:00,in
37,USC00051772,Snow,1979-03-21T00:00:00.0000000-07:00,0.000000,,,0,,NOAA,2013-08-08T07:41:24.4230000-06:00,in
37,USC00051772,Snow,1979-03-22T00:00:00.0000000-07:00,0.905512,,,0,,NOAA,2013-08-08T07:41:24.4230000-06:00,in
37,USC00051772,Snow,1979-03-23T00:00:00.0000000-07:00,0.000000,T,,0,,NOAA,2013-08-08T07:41:24.4230000-06:00,in
37,USC00051772,Snow,1979-03-24T00:00:00.0000000-07:00,0.000000,T,,0,,NOAA,2013-08-08T07:41:24.4230000-06:00,in
37,USC00051772,Snow,1979-03-25T00:00:00.0000000-07:00,0.000000,,,0,,NOAA,2013-08-08T07:41:24.4230000-06:00,in
37,USC00051772,Snow,1979-03-26T00:00:00.0000000-07:00,0.000000,,,0,,NOAA,2013-08-08T07:41:24.4230000-06:00,in
37,USC00051772,Snow,1979-03-27T00:00:00.0000000-07:00,0.000000,,,0,,NOAA,2013-08-08T07:41:24.4230000-06:00,in
37,USC00051772,Snow,1979-03-28T00:00:00.0000000-07:00,0.000000,,,0,,NOAA,2013-08-08T07:41:24.4230000-06:00,in
37,USC00051772,Snow,1979-03-29T00:00:00.0000000-07:00,0.511811,,,0,,NOAA,2013-08-08T07:41:24.4230000-06:00,in
37,USC00051772,Snow,1979-03-30T00:00:00.0000000-07:00,0.000000,T,,0,,NOAA,2013-08-08T07:41:24.4230000-06:00,in
37,USC00051772,Snow,1979-03-31T00:00:00.0000000-07:00,1.889764,,,0,,NOAA,2013-08-08T07:41:24.4230000-06:00,in
37,USC00051772,Snow,1979-04-01T00:00:00.0000000-07:00,2.204724,,,0,,NOAA,2013-08-08T07:41:24.4230000-06:00,in
37,USC00051772,Snow,1979-04-02T00:00:00.0000000-06:00,0.000000,T,,0,,NOAA,2013-08-08T07:41:24.4230000-06:00,in
37,USC00051772,Snow,1979-04-03T00:00:00.0000000-06:00,0.000000,T,,0,,NOAA,2013-08-08T07:41:24.4230000-06:00,in
37,USC00051772,Snow,1979-04-04T00:00:00.0000000-06:00,0.000000,,,0,,NOAA,2013-08-08T07:41:24.4230000-06:00,in
37,USC00051772,Snow,1979-04-05T00:00:00.0000000-06:00,0.000000,,,0,,NOAA,2013-08-08T07:41:24.4230000-06:00,in
37,USC00051772,Snow,1979-04-06T00:00:00.0000000-06:00,0.000000,,,0,,NOAA,2013-08-08T07:41:24.4230000-06:00,in
37,USC00051772,Snow,1979-04-07T00:00:00.0000000-06:00,0.000000,,,0,,NOAA,2013-08-08T07:41:24.4230000-06:00,in
37,USC00051772,Snow,1979-04-08T00:00:00.0000000-06:00,0.000000,,,0,,NOAA,2013-08-08T07:41:24.4230000-06:00,in
37,USC00051772,Snow,1979-04-09T00:00:00.0000000-06:00,0.000000,,,0,,NOAA,2013-08-08T07:41:24.4230000-06:00,in
37,USC00051772,Snow,1979-04-10T00:00:00.0000000-06:00,0.000000,T,,0,,NOAA,2013-08-08T07:41:24.4230000-06:00,in
37,USC00051772,Snow,1979-04-11T00:00:00.0000000-06:00,0.314961,,,0,,NOAA,2013-08-08T07:41:24.4230000-06:00,in
37,USC00051772,Snow,1979-04-12T00:00:00.0000000-06:00,0.000000,T,,0,,NOAA,2013-08-08T07:41:24.4230000-06:00,in
37,USC00051772,Snow,1979-04-13T00:00:00.0000000-06:00,0.000000,T,,0,,NOAA,2013-08-08T07:41:24.4230000-06:00,in
37,USC00051772,Snow,1979-04-14T00:00:00.0000000-06:00,0.000000,,,0,,NOAA,2013-08-08T07:41:24.4230000-06:00,in
37,USC00051772,Snow,1979-04-15T00:00:00.0000000-06:00,0.000000,,,0,,NOAA,2013-08-08T07:41:24.4230000-06:00,in
37,USC00051772,Snow,1979-04-16T00:00:00.0000000-06:00,0.000000,,,0,,NOAA,2013-08-08T07:41:24.4230000-06:00,in
37,USC00051772,Snow,1979-04-17T00:00:00.0000000-06:00,0.000000,,,0,,NOAA,2013-08-08T07:41:24.4230000-06:00,in
37,USC00051772,Snow,1979-04-18T00:00:00.0000000-06:00,0.000000,,,0,,NOAA,2013-08-08T07:41:24.4230000-06:00,in
37,USC00051772,Snow,1979-04-19T00:00:00.0000000-06:00,0.000000,,,0,,NOAA,2013-08-08T07:41:24.4230000-06:00,in
37,USC00051772,Snow,1979-04-20T00:00:00.0000000-06:00,0.000000,,,0,,NOAA,2013-08-08T07:41:24.4230000-06:00,in
37,USC00051772,Snow,1979-04-21T00:00:00.0000000-06:00,0.000000,,,0,,NOAA,2013-08-08T07:41:24.4230000-06:00,in
37,USC00051772,Snow,1979-04-22T00:00:00.0000000-06:00,0.000000,,,0,,NOAA,2013-08-08T07:41:24.4230000-06:00,in
37,USC00051772,Snow,1979-04-23T00:00:00.0000000-06:00,0.000000,,,0,,NOAA,2013-08-08T07:41:24.4230000-06:00,in
37,USC00051772,Snow,1979-04-24T00:00:00.0000000-06:00,0.000000,,,0,,NOAA,2013-08-08T07:41:24.4230000-06:00,in
37,USC00051772,Snow,1979-04-25T00:00:00.0000000-06:00,0.000000,,,0,,NOAA,2013-08-08T07:41:24.4230000-06:00,in
37,USC00051772,Snow,1979-04-26T00:00:00.0000000-06:00,0.000000,,,0,,NOAA,2013-08-08T07:41:24.4230000-06:00,in
37,USC00051772,Snow,1979-04-27T00:00:00.0000000-06:00,0.000000,,,0,,NOAA,2013-08-08T07:41:24.4230000-06:00,in
37,USC00051772,Snow,1979-04-28T00:00:00.0000000-06:00,0.000000,,,0,,NOAA,2013-08-08T07:41:24.4230000-06:00,in
37,USC00051772,Snow,1979-04-29T00:00:00.0000000-06:00,0.000000,,,0,,NOAA,2013-08-08T07:41:24.4230000-06:00,in
37,USC00051772,Snow,1979-04-30T00:00:00.0000000-06:00,0.000000,,,0,,NOAA,2013-08-08T07:41:24.4230000-06:00,in
37,USC00051772,Snow,1979-05-01T00:00:00.0000000-06:00,0.000000,,,0,,NOAA,2013-08-08T07:41:24.4230000-06:00,in
37,USC00051772,Snow,1979-05-02T00:00:00.0000000-06:00,0.000000,T,,0,,NOAA,2013-08-08T07:41:24.4230000-06:00,in
37,USC00051772,Snow,1979-05-03T00:00:00.0000000-06:00,0.000000,,,0,,NOAA,2013-08-08T07:41:24.4230000-06:00,in
37,USC00051772,Snow,1979-05-04T00:00:00.0000000-06:00,0.000000,,,0,,NOAA,2013-08-08T07:41:24.4230000-06:00,in
37,USC00051772,Snow,1979-05-05T00:00:00.0000000-06:00,0.000000,,,0,,NOAA,2013-08-08T07:41:24.4230000-06:00,in
37,USC00051772,Snow,1979-05-06T00:00:00.0000000-06:00,0.000000,,,0,,NOAA,2013-08-08T07:41:24.4230000-06:00,in
37,USC00051772,Snow,1979-05-07T00:00:00.0000000-06:00,0.000000,,,0,,NOAA,2013-08-08T07:41:24.4230000-06:00,in
37,USC00051772,Snow,1979-05-08T00:00:00.0000000-06:00,2.519685,,,0,,NOAA,2013-08-08T07:41:24.4230000-06:00,in
37,USC00051772,Snow,1979-05-09T00:00:00.0000000-06:00,0.000000,T,,0,,NOAA,2013-08-08T07:41:24.4230000-06:00,in
37,USC00051772,Snow,1979-05-10T00:00:00.0000000-06:00,0.905512,,,0,,NOAA,2013-08-08T07:41:24.4230000-06:00,in
37,USC00051772,Snow,1979-05-11T00:00:00.0000000-06:00,0.000000,,,0,,NOAA,2013-08-08T07:41:24.4230000-06:00,in
37,USC00051772,Snow,1979-05-12T00:00:00.0000000-06:00,0.000000,T,,0,,NOAA,2013-08-08T07:41:24.4230000-06:00,in
37,USC00051772,Snow,1979-05-13T00:00:00.0000000-06:00,0.000000,,,0,,NOAA,2013-08-08T07:41:24.4230000-06:00,in
37,USC00051772,Snow,1979-05-14T00:00:00.0000000-06:00,0.000000,,,0,,NOAA,2013-08-08T07:41:24.4230000-06:00,in
37,USC00051772,Snow,1979-05-15T00:00:00.0000000-06:00,0.000000,,,0,,NOAA,2013-08-08T07:41:24.4230000-06:00,in
37,USC00051772,Snow,1979-05-16T00:00:00.0000000-06:00,0.000000,,,0,,NOAA,2013-08-08T07:41:24.4230000-06:00,in
37,USC00051772,Snow,1979-05-17T00:00:00.0000000-06:00,0.000000,,,0,,NOAA,2013-08-08T07:41:24.4230000-06:00,in
37,USC00051772,Snow,1979-05-18T00:00:00.0000000-06:00,0.000000,,,0,,NOAA,2013-08-08T07:41:24.4230000-06:00,in
37,USC00051772,Snow,1979-05-19T00:00:00.0000000-06:00,0.000000,,,0,,NOAA,2013-08-08T07:41:24.4230000-06:00,in
37,USC00051772,Snow,1979-05-20T00:00:00.0000000-06:00,0.000000,,,0,,NOAA,2013-08-08T07:41:24.4230000-06:00,in
37,USC00051772,Snow,1979-05-21T00:00:00.0000000-06:00,0.000000,,,0,,NOAA,2013-08-08T07:41:24.4230000-06:00,in
37,USC00051772,Snow,1979-05-22T00:00:00.0000000-06:00,0.000000,,,0,,NOAA,2013-08-08T07:41:24.4230000-06:00,in
37,USC00051772,Snow,1979-05-23T00:00:00.0000000-06:00,0.000000,,,0,,NOAA,2013-08-08T07:41:24.4230000-06:00,in
37,USC00051772,Snow,1979-05-24T00:00:00.0000000-06:00,0.000000,,,0,,NOAA,2013-08-08T07:41:24.4230000-06:00,in
37,USC00051772,Snow,1979-05-25T00:00:00.0000000-06:00,0.000000,,,0,,NOAA,2013-08-08T07:41:24.4230000-06:00,in
37,USC00051772,Snow,1979-05-26T00:00:00.0000000-06:00,0.000000,,,0,,NOAA,2013-08-08T07:41:24.4230000-06:00,in
37,USC00051772,Snow,1979-05-27T00:00:00.0000000-06:00,0.000000,,,0,,NOAA,2013-08-08T07:41:24.4230000-06:00,in
37,USC00051772,Snow,1979-05-28T00:00:00.0000000-06:00,0.000000,,,0,,NOAA,2013-08-08T07:41:24.4230000-06:00,in
37,USC00051772,Snow,1979-05-29T00:00:00.0000000-06:00,0.000000,,,0,,NOAA,2013-08-08T07:41:24.4230000-06:00,in
37,USC00051772,Snow,1979-05-30T00:00:00.0000000-06:00,0.000000,,,0,,NOAA,2013-08-08T07:41:24.4230000-06:00,in
37,USC00051772,Snow,1979-05-31T00:00:00.0000000-06:00,0.000000,,,0,,NOAA,2013-08-08T07:41:24.4230000-06:00,in
37,USC00051772,Snow,1979-06-01T00:00:00.0000000-06:00,0.000000,,,0,,NOAA,2013-08-08T07:41:24.4230000-06:00,in
37,USC00051772,Snow,1979-06-02T00:00:00.0000000-06:00,0.000000,,,0,,NOAA,2013-08-08T07:41:24.4230000-06:00,in
37,USC00051772,Snow,1979-06-03T00:00:00.0000000-06:00,0.000000,,,0,,NOAA,2013-08-08T07:41:24.4230000-06:00,in
37,USC00051772,Snow,1979-06-04T00:00:00.0000000-06:00,0.000000,,,0,,NOAA,2013-08-08T07:41:24.4230000-06:00,in
37,USC00051772,Snow,1979-06-05T00:00:00.0000000-06:00,0.000000,,,0,,NOAA,2013-08-08T07:41:24.4230000-06:00,in
37,USC00051772,Snow,1979-06-06T00:00:00.0000000-06:00,0.000000,,,0,,NOAA,2013-08-08T07:41:24.4230000-06:00,in
37,USC00051772,Snow,1979-06-07T00:00:00.0000000-06:00,0.000000,,,0,,NOAA,2013-08-08T07:41:24.4230000-06:00,in
37,USC00051772,Snow,1979-06-08T00:00:00.0000000-06:00,0.000000,T,,0,,NOAA,2013-08-08T07:41:24.4230000-06:00,in
37,USC00051772,Snow,1979-06-09T00:00:00.0000000-06:00,0.000000,,,0,,NOAA,2013-08-08T07:41:24.4230000-06:00,in
37,USC00051772,Snow,1979-06-10T00:00:00.0000000-06:00,0.000000,,,0,,NOAA,2013-08-08T07:41:24.4230000-06:00,in
37,USC00051772,Snow,1979-06-11T00:00:00.0000000-06:00,0.000000,,,0,,NOAA,2013-08-08T07:41:24.4230000-06:00,in
37,USC00051772,Snow,1979-06-12T00:00:00.0000000-06:00,0.000000,,,0,,NOAA,2013-08-08T07:41:24.4230000-06:00,in
37,USC00051772,Snow,1979-06-13T00:00:00.0000000-06:00,0.000000,,,0,,NOAA,2013-08-08T07:41:24.4230000-06:00,in
37,USC00051772,Snow,1979-06-14T00:00:00.0000000-06:00,0.000000,,,0,,NOAA,2013-08-08T07:41:24.4230000-06:00,in
37,USC00051772,Snow,1979-06-15T00:00:00.0000000-06:00,0.000000,,,0,,NOAA,2013-08-08T07:41:24.4230000-06:00,in
37,USC00051772,Snow,1979-06-16T00:00:00.0000000-06:00,0.000000,,,0,,NOAA,2013-08-08T07:41:24.4230000-06:00,in
37,USC00051772,Snow,1979-06-17T00:00:00.0000000-06:00,0.000000,,,0,,NOAA,2013-08-08T07:41:24.4230000-06:00,in
37,USC00051772,Snow,1979-06-18T00:00:00.0000000-06:00,0.000000,,,0,,NOAA,2013-08-08T07:41:24.4230000-06:00,in
37,USC00051772,Snow,1979-06-19T00:00:00.0000000-06:00,0.000000,,,0,,NOAA,2013-08-08T07:41:24.4230000-06:00,in
37,USC00051772,Snow,1979-06-20T00:00:00.0000000-06:00,0.000000,,,0,,NOAA,2013-08-08T07:41:24.4230000-06:00,in
37,USC00051772,Snow,1979-06-21T00:00:00.0000000-06:00,0.000000,,,0,,NOAA,2013-08-08T07:41:24.4230000-06:00,in
37,USC00051772,Snow,1979-06-22T00:00:00.0000000-06:00,0.000000,,,0,,NOAA,2013-08-08T07:41:24.4230000-06:00,in
37,USC00051772,Snow,1979-06-23T00:00:00.0000000-06:00,0.000000,,,0,,NOAA,2013-08-08T07:41:24.4230000-06:00,in
37,USC00051772,Snow,1979-06-24T00:00:00.0000000-06:00,0.000000,,,0,,NOAA,2013-08-08T07:41:24.4230000-06:00,in
37,USC00051772,Snow,1979-06-25T00:00:00.0000000-06:00,0.000000,,,0,,NOAA,2013-08-08T07:41:24.4230000-06:00,in
37,USC00051772,Snow,1979-06-26T00:00:00.0000000-06:00,0.000000,,,0,,NOAA,2013-08-08T07:41:24.4230000-06:00,in
37,USC00051772,Snow,1979-06-27T00:00:00.0000000-06:00,0.000000,,,0,,NOAA,2013-08-08T07:41:24.4230000-06:00,in
37,USC00051772,Snow,1979-06-28T00:00:00.0000000-06:00,0.000000,,,0,,NOAA,2013-08-08T07:41:24.4230000-06:00,in
37,USC00051772,Snow,1979-06-29T00:00:00.0000000-06:00,0.000000,,,0,,NOAA,2013-08-08T07:41:24.4230000-06:00,in
37,USC00051772,Snow,1979-06-30T00:00:00.0000000-06:00,0.000000,,,0,,NOAA,2013-08-08T07:41:24.4230000-06:00,in
37,USC00051772,Snow,1979-07-01T00:00:00.0000000-06:00,0.000000,,,0,,NOAA,2013-08-08T07:41:24.4230000-06:00,in
37,USC00051772,Snow,1979-07-02T00:00:00.0000000-06:00,0.000000,,,0,,NOAA,2013-08-08T07:41:24.4230000-06:00,in
37,USC00051772,Snow,1979-07-03T00:00:00.0000000-06:00,0.000000,,,0,,NOAA,2013-08-08T07:41:24.4230000-06:00,in
37,USC00051772,Snow,1979-07-04T00:00:00.0000000-06:00,0.000000,,,0,,NOAA,2013-08-08T07:41:24.4230000-06:00,in
37,USC00051772,Snow,1979-07-05T00:00:00.0000000-06:00,0.000000,,,0,,NOAA,2013-08-08T07:41:24.4230000-06:00,in
37,USC00051772,Snow,1979-07-06T00:00:00.0000000-06:00,0.000000,,,0,,NOAA,2013-08-08T07:41:24.4230000-06:00,in
37,USC00051772,Snow,1979-07-07T00:00:00.0000000-06:00,0.000000,,,0,,NOAA,2013-08-08T07:41:24.4230000-06:00,in
37,USC00051772,Snow,1979-07-08T00:00:00.0000000-06:00,0.000000,,,0,,NOAA,2013-08-08T07:41:24.4230000-06:00,in
37,USC00051772,Snow,1979-07-09T00:00:00.0000000-06:00,0.000000,,,0,,NOAA,2013-08-08T07:41:24.4230000-06:00,in
37,USC00051772,Snow,1979-07-10T00:00:00.0000000-06:00,0.000000,,,0,,NOAA,2013-08-08T07:41:24.4230000-06:00,in
37,USC00051772,Snow,1979-07-11T00:00:00.0000000-06:00,0.000000,,,0,,NOAA,2013-08-08T07:41:24.4230000-06:00,in
37,USC00051772,Snow,1979-07-12T00:00:00.0000000-06:00,0.000000,,,0,,NOAA,2013-08-08T07:41:24.4230000-06:00,in
37,USC00051772,Snow,1979-07-13T00:00:00.0000000-06:00,0.000000,,,0,,NOAA,2013-08-08T07:41:24.4230000-06:00,in
37,USC00051772,Snow,1979-07-14T00:00:00.0000000-06:00,0.000000,,,0,,NOAA,2013-08-08T07:41:24.4230000-06:00,in
37,USC00051772,Snow,1979-07-15T00:00:00.0000000-06:00,0.000000,,,0,,NOAA,2013-08-08T07:41:24.4230000-06:00,in
37,USC00051772,Snow,1979-07-16T00:00:00.0000000-06:00,0.000000,,,0,,NOAA,2013-08-08T07:41:24.4230000-06:00,in
37,USC00051772,Snow,1979-07-17T00:00:00.0000000-06:00,0.000000,,,0,,NOAA,2013-08-08T07:41:24.4230000-06:00,in
37,USC00051772,Snow,1979-07-18T00:00:00.0000000-06:00,0.000000,,,0,,NOAA,2013-08-08T07:41:24.4230000-06:00,in
37,USC00051772,Snow,1979-07-19T00:00:00.0000000-06:00,0.000000,,,0,,NOAA,2013-08-08T07:41:24.4230000-06:00,in
37,USC00051772,Snow,1979-07-20T00:00:00.0000000-06:00,0.000000,,,0,,NOAA,2013-08-08T07:41:24.4230000-06:00,in
37,USC00051772,Snow,1979-07-21T00:00:00.0000000-06:00,0.000000,,,0,,NOAA,2013-08-08T07:41:24.4230000-06:00,in
37,USC00051772,Snow,1979-07-22T00:00:00.0000000-06:00,0.000000,,,0,,NOAA,2013-08-08T07:41:24.4230000-06:00,in
37,USC00051772,Snow,1979-07-23T00:00:00.0000000-06:00,0.000000,,,0,,NOAA,2013-08-08T07:41:24.4230000-06:00,in
37,USC00051772,Snow,1979-07-24T00:00:00.0000000-06:00,0.000000,,,0,,NOAA,2013-08-08T07:41:24.4230000-06:00,in
37,USC00051772,Snow,1979-07-25T00:00:00.0000000-06:00,0.000000,,,0,,NOAA,2013-08-08T07:41:24.4230000-06:00,in
37,USC00051772,Snow,1979-07-26T00:00:00.0000000-06:00,0.000000,,,0,,NOAA,2013-08-08T07:41:24.4230000-06:00,in
37,USC00051772,Snow,1979-07-27T00:00:00.0000000-06:00,0.000000,,,0,,NOAA,2013-08-08T07:41:24.4230000-06:00,in
37,USC00051772,Snow,1979-07-28T00:00:00.0000000-06:00,0.000000,,,0,,NOAA,2013-08-08T07:41:24.4230000-06:00,in
37,USC00051772,Snow,1979-07-29T00:00:00.0000000-06:00,0.000000,,,0,,NOAA,2013-08-08T07:41:24.4230000-06:00,in
37,USC00051772,Snow,1979-07-30T00:00:00.0000000-06:00,0.000000,,,0,,NOAA,2013-08-08T07:41:24.4230000-06:00,in
37,USC00051772,Snow,1979-07-31T00:00:00.0000000-06:00,0.000000,,,0,,NOAA,2013-08-08T07:41:24.4230000-06:00,in
37,USC00051772,Snow,1979-08-01T00:00:00.0000000-06:00,0.000000,,,0,,NOAA,2013-08-08T07:41:24.4230000-06:00,in
37,USC00051772,Snow,1979-08-02T00:00:00.0000000-06:00,0.000000,,,0,,NOAA,2013-08-08T07:41:24.4230000-06:00,in
37,USC00051772,Snow,1979-08-03T00:00:00.0000000-06:00,0.000000,,,0,,NOAA,2013-08-08T07:41:24.4230000-06:00,in
37,USC00051772,Snow,1979-08-04T00:00:00.0000000-06:00,0.000000,,,0,,NOAA,2013-08-08T07:41:24.4230000-06:00,in
37,USC00051772,Snow,1979-08-05T00:00:00.0000000-06:00,0.000000,,,0,,NOAA,2013-08-08T07:41:24.4230000-06:00,in
37,USC00051772,Snow,1979-08-06T00:00:00.0000000-06:00,0.000000,,,0,,NOAA,2013-08-08T07:41:24.4230000-06:00,in
37,USC00051772,Snow,1979-08-07T00:00:00.0000000-06:00,0.000000,,,0,,NOAA,2013-08-08T07:41:24.4230000-06:00,in
37,USC00051772,Snow,1979-08-08T00:00:00.0000000-06:00,0.000000,,,0,,NOAA,2013-08-08T07:41:24.4230000-06:00,in
37,USC00051772,Snow,1979-08-09T00:00:00.0000000-06:00,0.000000,,,0,,NOAA,2013-08-08T07:41:24.4230000-06:00,in
37,USC00051772,Snow,1979-08-10T00:00:00.0000000-06:00,0.000000,,,0,,NOAA,2013-08-08T07:41:24.4230000-06:00,in
37,USC00051772,Snow,1979-08-11T00:00:00.0000000-06:00,0.000000,,,0,,NOAA,2013-08-08T07:41:24.4230000-06:00,in
37,USC00051772,Snow,1979-08-12T00:00:00.0000000-06:00,0.000000,,,0,,NOAA,2013-08-08T07:41:24.4230000-06:00,in
37,USC00051772,Snow,1979-08-13T00:00:00.0000000-06:00,0.000000,,,0,,NOAA,2013-08-08T07:41:24.4230000-06:00,in
37,USC00051772,Snow,1979-08-14T00:00:00.0000000-06:00,0.000000,,,0,,NOAA,2013-08-08T07:41:24.4230000-06:00,in
37,USC00051772,Snow,1979-08-15T00:00:00.0000000-06:00,0.000000,,,0,,NOAA,2013-08-08T07:41:24.4230000-06:00,in
37,USC00051772,Snow,1979-08-16T00:00:00.0000000-06:00,0.000000,,,0,,NOAA,2013-08-08T07:41:24.4230000-06:00,in
37,USC00051772,Snow,1979-08-17T00:00:00.0000000-06:00,0.000000,,,0,,NOAA,2013-08-08T07:41:24.4230000-06:00,in
37,USC00051772,Snow,1979-08-18T00:00:00.0000000-06:00,0.000000,,,0,,NOAA,2013-08-08T07:41:24.4230000-06:00,in
37,USC00051772,Snow,1979-08-19T00:00:00.0000000-06:00,0.000000,,,0,,NOAA,2013-08-08T07:41:24.4230000-06:00,in
37,USC00051772,Snow,1979-08-20T00:00:00.0000000-06:00,0.000000,,,0,,NOAA,2013-08-08T07:41:24.4230000-06:00,in
37,USC00051772,Snow,1979-08-21T00:00:00.0000000-06:00,0.000000,,,0,,NOAA,2013-08-08T07:41:24.4230000-06:00,in
37,USC00051772,Snow,1979-08-22T00:00:00.0000000-06:00,0.000000,,,0,,NOAA,2013-08-08T07:41:24.4230000-06:00,in
37,USC00051772,Snow,1979-08-23T00:00:00.0000000-06:00,0.000000,,,0,,NOAA,2013-08-08T07:41:24.4230000-06:00,in
37,USC00051772,Snow,1979-08-24T00:00:00.0000000-06:00,0.000000,,,0,,NOAA,2013-08-08T07:41:24.4230000-06:00,in
37,USC00051772,Snow,1979-08-25T00:00:00.0000000-06:00,0.000000,,,0,,NOAA,2013-08-08T07:41:24.4230000-06:00,in
37,USC00051772,Snow,1979-08-26T00:00:00.0000000-06:00,0.000000,,,0,,NOAA,2013-08-08T07:41:24.4230000-06:00,in
37,USC00051772,Snow,1979-08-27T00:00:00.0000000-06:00,0.000000,,,0,,NOAA,2013-08-08T07:41:24.4230000-06:00,in
37,USC00051772,Snow,1979-08-28T00:00:00.0000000-06:00,0.000000,,,0,,NOAA,2013-08-08T07:41:24.4230000-06:00,in
37,USC00051772,Snow,1979-08-29T00:00:00.0000000-06:00,0.000000,,,0,,NOAA,2013-08-08T07:41:24.4230000-06:00,in
37,USC00051772,Snow,1979-08-30T00:00:00.0000000-06:00,0.000000,,,0,,NOAA,2013-08-08T07:41:24.4230000-06:00,in
37,USC00051772,Snow,1979-08-31T00:00:00.0000000-06:00,0.000000,,,0,,NOAA,2013-08-08T07:41:24.4230000-06:00,in
37,USC00051772,Snow,1979-09-01T00:00:00.0000000-06:00,0.000000,,,0,,NOAA,2013-08-08T07:41:24.4230000-06:00,in
37,USC00051772,Snow,1979-09-02T00:00:00.0000000-06:00,0.000000,,,0,,NOAA,2013-08-08T07:41:24.4230000-06:00,in
37,USC00051772,Snow,1979-09-03T00:00:00.0000000-06:00,0.000000,,,0,,NOAA,2013-08-08T07:41:24.4230000-06:00,in
37,USC00051772,Snow,1979-09-04T00:00:00.0000000-06:00,0.000000,,,0,,NOAA,2013-08-08T07:41:24.4230000-06:00,in
37,USC00051772,Snow,1979-09-05T00:00:00.0000000-06:00,0.000000,,,0,,NOAA,2013-08-08T07:41:24.4230000-06:00,in
37,USC00051772,Snow,1979-09-06T00:00:00.0000000-06:00,0.000000,,,0,,NOAA,2013-08-08T07:41:24.4230000-06:00,in
37,USC00051772,Snow,1979-09-07T00:00:00.0000000-06:00,0.000000,,,0,,NOAA,2013-08-08T07:41:24.4230000-06:00,in
37,USC00051772,Snow,1979-09-08T00:00:00.0000000-06:00,0.000000,,,0,,NOAA,2013-08-08T07:41:24.4230000-06:00,in
37,USC00051772,Snow,1979-09-09T00:00:00.0000000-06:00,0.000000,,,0,,NOAA,2013-08-08T07:41:24.4230000-06:00,in
37,USC00051772,Snow,1979-09-10T00:00:00.0000000-06:00,0.000000,,,0,,NOAA,2013-08-08T07:41:24.4230000-06:00,in
37,USC00051772,Snow,1979-09-11T00:00:00.0000000-06:00,0.000000,,,0,,NOAA,2013-08-08T07:41:24.4230000-06:00,in
37,USC00051772,Snow,1979-09-12T00:00:00.0000000-06:00,0.000000,,,0,,NOAA,2013-08-08T07:41:24.4230000-06:00,in
37,USC00051772,Snow,1979-09-13T00:00:00.0000000-06:00,0.000000,,,0,,NOAA,2013-08-08T07:41:24.4230000-06:00,in
37,USC00051772,Snow,1979-09-14T00:00:00.0000000-06:00,0.000000,,,0,,NOAA,2013-08-08T07:41:24.4230000-06:00,in
37,USC00051772,Snow,1979-09-15T00:00:00.0000000-06:00,0.000000,,,0,,NOAA,2013-08-08T07:41:24.4230000-06:00,in
37,USC00051772,Snow,1979-09-16T00:00:00.0000000-06:00,0.000000,,,0,,NOAA,2013-08-08T07:41:24.4230000-06:00,in
37,USC00051772,Snow,1979-09-17T00:00:00.0000000-06:00,0.000000,,,0,,NOAA,2013-08-08T07:41:24.4230000-06:00,in
37,USC00051772,Snow,1979-09-18T00:00:00.0000000-06:00,0.000000,,,0,,NOAA,2013-08-08T07:41:24.4230000-06:00,in
37,USC00051772,Snow,1979-09-19T00:00:00.0000000-06:00,0.000000,,,0,,NOAA,2013-08-08T07:41:24.4230000-06:00,in
37,USC00051772,Snow,1979-09-20T00:00:00.0000000-06:00,0.000000,,,0,,NOAA,2013-08-08T07:41:24.4230000-06:00,in
37,USC00051772,Snow,1979-09-21T00:00:00.0000000-06:00,0.000000,,,0,,NOAA,2013-08-08T07:41:24.4230000-06:00,in
37,USC00051772,Snow,1979-09-22T00:00:00.0000000-06:00,0.000000,,,0,,NOAA,2013-08-08T07:41:24.4230000-06:00,in
37,USC00051772,Snow,1979-09-23T00:00:00.0000000-06:00,0.000000,,,0,,NOAA,2013-08-08T07:41:24.4230000-06:00,in
37,USC00051772,Snow,1979-09-24T00:00:00.0000000-06:00,0.000000,,,0,,NOAA,2013-08-08T07:41:24.4230000-06:00,in
37,USC00051772,Snow,1979-09-25T00:00:00.0000000-06:00,0.000000,,,0,,NOAA,2013-08-08T07:41:24.4230000-06:00,in
37,USC00051772,Snow,1979-09-26T00:00:00.0000000-06:00,0.000000,,,0,,NOAA,2013-08-08T07:41:24.4230000-06:00,in
37,USC00051772,Snow,1979-09-27T00:00:00.0000000-06:00,0.000000,,,0,,NOAA,2013-08-08T07:41:24.4230000-06:00,in
37,USC00051772,Snow,1979-09-28T00:00:00.0000000-06:00,0.000000,,,0,,NOAA,2013-08-08T07:41:24.4230000-06:00,in
37,USC00051772,Snow,1979-09-29T00:00:00.0000000-06:00,0.000000,,,0,,NOAA,2013-08-08T07:41:24.4230000-06:00,in
37,USC00051772,Snow,1979-09-30T00:00:00.0000000-06:00,0.000000,,,0,,NOAA,2013-08-08T07:41:24.4230000-06:00,in
37,USC00051772,Snow,1979-10-01T00:00:00.0000000-06:00,0.000000,,,0,,NOAA,2013-08-08T07:41:24.4230000-06:00,in
37,USC00051772,Snow,1979-10-02T00:00:00.0000000-06:00,0.000000,,,0,,NOAA,2013-08-08T07:41:24.4230000-06:00,in
37,USC00051772,Snow,1979-10-03T00:00:00.0000000-06:00,0.000000,,,0,,NOAA,2013-08-08T07:41:24.4230000-06:00,in
37,USC00051772,Snow,1979-10-04T00:00:00.0000000-06:00,0.000000,,,0,,NOAA,2013-08-08T07:41:24.4230000-06:00,in
37,USC00051772,Snow,1979-10-05T00:00:00.0000000-06:00,0.000000,,,0,,NOAA,2013-08-08T07:41:24.4230000-06:00,in
37,USC00051772,Snow,1979-10-06T00:00:00.0000000-06:00,0.000000,,,0,,NOAA,2013-08-08T07:41:24.4230000-06:00,in
37,USC00051772,Snow,1979-10-07T00:00:00.0000000-06:00,0.000000,,,0,,NOAA,2013-08-08T07:41:24.4230000-06:00,in
37,USC00051772,Snow,1979-10-08T00:00:00.0000000-06:00,0.000000,,,0,,NOAA,2013-08-08T07:41:24.4230000-06:00,in
37,USC00051772,Snow,1979-10-09T00:00:00.0000000-06:00,0.000000,,,0,,NOAA,2013-08-08T07:41:24.4230000-06:00,in
37,USC00051772,Snow,1979-10-10T00:00:00.0000000-06:00,0.000000,,,0,,NOAA,2013-08-08T07:41:24.4230000-06:00,in
37,USC00051772,Snow,1979-10-11T00:00:00.0000000-06:00,0.000000,,,0,,NOAA,2013-08-08T07:41:24.4230000-06:00,in
37,USC00051772,Snow,1979-10-12T00:00:00.0000000-06:00,0.000000,,,0,,NOAA,2013-08-08T07:41:24.4230000-06:00,in
37,USC00051772,Snow,1979-10-13T00:00:00.0000000-06:00,0.000000,,,0,,NOAA,2013-08-08T07:41:24.4230000-06:00,in
37,USC00051772,Snow,1979-10-14T00:00:00.0000000-06:00,0.000000,,,0,,NOAA,2013-08-08T07:41:24.4230000-06:00,in
37,USC00051772,Snow,1979-10-15T00:00:00.0000000-06:00,0.000000,,,0,,NOAA,2013-08-08T07:41:24.4230000-06:00,in
37,USC00051772,Snow,1979-10-16T00:00:00.0000000-06:00,0.000000,,,0,,NOAA,2013-08-08T07:41:24.4230000-06:00,in
37,USC00051772,Snow,1979-10-17T00:00:00.0000000-06:00,0.000000,,,0,,NOAA,2013-08-08T07:41:24.4230000-06:00,in
37,USC00051772,Snow,1979-10-18T00:00:00.0000000-06:00,0.000000,,,0,,NOAA,2013-08-08T07:41:24.4230000-06:00,in
37,USC00051772,Snow,1979-10-19T00:00:00.0000000-06:00,0.000000,,,0,,NOAA,2013-08-08T07:41:24.4230000-06:00,in
37,USC00051772,Snow,1979-10-20T00:00:00.0000000-06:00,0.000000,,,0,,NOAA,2013-08-08T07:41:24.4230000-06:00,in
37,USC00051772,Snow,1979-10-21T00:00:00.0000000-06:00,0.000000,,,0,,NOAA,2013-08-08T07:41:24.4230000-06:00,in
37,USC00051772,Snow,1979-10-22T00:00:00.0000000-06:00,0.000000,,,0,,NOAA,2013-08-08T07:41:24.4230000-06:00,in
37,USC00051772,Snow,1979-10-23T00:00:00.0000000-06:00,0.000000,,,0,,NOAA,2013-08-08T07:41:24.4230000-06:00,in
37,USC00051772,Snow,1979-10-24T00:00:00.0000000-06:00,0.000000,,,0,,NOAA,2013-08-08T07:41:24.4230000-06:00,in
37,USC00051772,Snow,1979-10-25T00:00:00.0000000-06:00,0.000000,,,0,,NOAA,2013-08-08T07:41:24.4230000-06:00,in
37,USC00051772,Snow,1979-10-26T00:00:00.0000000-06:00,0.000000,,,0,,NOAA,2013-08-08T07:41:24.4230000-06:00,in
37,USC00051772,Snow,1979-10-27T00:00:00.0000000-06:00,0.000000,,,0,,NOAA,2013-08-08T07:41:24.4230000-06:00,in
37,USC00051772,Snow,1979-10-28T00:00:00.0000000-06:00,0.000000,,,0,,NOAA,2013-08-08T07:41:24.4230000-06:00,in
37,USC00051772,Snow,1979-10-29T00:00:00.0000000-07:00,0.000000,,,0,,NOAA,2013-08-08T07:41:24.4230000-06:00,in
37,USC00051772,Snow,1979-10-30T00:00:00.0000000-07:00,0.000000,,,0,,NOAA,2013-08-08T07:41:24.4230000-06:00,in
37,USC00051772,Snow,1979-10-31T00:00:00.0000000-07:00,0.000000,,,0,,NOAA,2013-08-08T07:41:24.4230000-06:00,in
37,USC00051772,Snow,1979-11-01T00:00:00.0000000-07:00,0.000000,,,0,,NOAA,2013-08-08T07:41:24.4230000-06:00,in
37,USC00051772,Snow,1979-11-02T00:00:00.0000000-07:00,0.000000,,,0,,NOAA,2013-08-08T07:41:24.4230000-06:00,in
37,USC00051772,Snow,1979-11-03T00:00:00.0000000-07:00,0.000000,,,0,,NOAA,2013-08-08T07:41:24.4230000-06:00,in
37,USC00051772,Snow,1979-11-04T00:00:00.0000000-07:00,0.000000,,,0,,NOAA,2013-08-08T07:41:24.4230000-06:00,in
37,USC00051772,Snow,1979-11-05T00:00:00.0000000-07:00,0.000000,,,0,,NOAA,2013-08-08T07:41:24.4230000-06:00,in
37,USC00051772,Snow,1979-11-06T00:00:00.0000000-07:00,0.000000,,,0,,NOAA,2013-08-08T07:41:24.4230000-06:00,in
37,USC00051772,Snow,1979-11-07T00:00:00.0000000-07:00,0.000000,,,0,,NOAA,2013-08-08T07:41:24.4230000-06:00,in
37,USC00051772,Snow,1979-11-08T00:00:00.0000000-07:00,0.000000,,,0,,NOAA,2013-08-08T07:41:24.4230000-06:00,in
37,USC00051772,Snow,1979-11-09T00:00:00.0000000-07:00,0.000000,,,0,,NOAA,2013-08-08T07:41:24.4230000-06:00,in
37,USC00051772,Snow,1979-11-10T00:00:00.0000000-07:00,0.000000,,,0,,NOAA,2013-08-08T07:41:24.4230000-06:00,in
37,USC00051772,Snow,1979-11-11T00:00:00.0000000-07:00,0.000000,,,0,,NOAA,2013-08-08T07:41:24.4230000-06:00,in
37,USC00051772,Snow,1979-11-12T00:00:00.0000000-07:00,0.000000,,,0,,NOAA,2013-08-08T07:41:24.4230000-06:00,in
37,USC00051772,Snow,1979-11-13T00:00:00.0000000-07:00,0.000000,,,0,,NOAA,2013-08-08T07:41:24.4230000-06:00,in
37,USC00051772,Snow,1979-11-14T00:00:00.0000000-07:00,0.000000,,,0,,NOAA,2013-08-08T07:41:24.4230000-06:00,in
37,USC00051772,Snow,1979-11-15T00:00:00.0000000-07:00,0.000000,,,0,,NOAA,2013-08-08T07:41:24.4230000-06:00,in
37,USC00051772,Snow,1979-11-16T00:00:00.0000000-07:00,0.000000,,,0,,NOAA,2013-08-08T07:41:24.4230000-06:00,in
37,USC00051772,Snow,1979-11-17T00:00:00.0000000-07:00,0.000000,,,0,,NOAA,2013-08-08T07:41:24.4230000-06:00,in
37,USC00051772,Snow,1979-11-18T00:00:00.0000000-07:00,0.000000,,,0,,NOAA,2013-08-08T07:41:24.4230000-06:00,in
37,USC00051772,Snow,1979-11-19T00:00:00.0000000-07:00,0.000000,T,,0,,NOAA,2013-08-08T07:41:24.4230000-06:00,in
37,USC00051772,Snow,1979-11-20T00:00:00.0000000-07:00,7.007874,,,0,,NOAA,2013-08-08T07:41:24.4230000-06:00,in
37,USC00051772,Snow,1979-11-21T00:00:00.0000000-07:00,0.000000,,,0,,NOAA,2013-08-08T07:41:24.4230000-06:00,in
37,USC00051772,Snow,1979-11-22T00:00:00.0000000-07:00,0.000000,,,0,,NOAA,2013-08-08T07:41:24.4230000-06:00,in
37,USC00051772,Snow,1979-11-23T00:00:00.0000000-07:00,0.000000,,,0,,NOAA,2013-08-08T07:41:24.4230000-06:00,in
37,USC00051772,Snow,1979-11-24T00:00:00.0000000-07:00,2.007874,,,0,,NOAA,2013-08-08T07:41:24.4230000-06:00,in
37,USC00051772,Snow,1979-11-25T00:00:00.0000000-07:00,0.000000,T,,0,,NOAA,2013-08-08T07:41:24.4230000-06:00,in
37,USC00051772,Snow,1979-11-26T00:00:00.0000000-07:00,0.000000,,,0,,NOAA,2013-08-08T07:41:24.4230000-06:00,in
37,USC00051772,Snow,1979-11-27T00:00:00.0000000-07:00,2.992126,,,0,,NOAA,2013-08-08T07:41:24.4230000-06:00,in
37,USC00051772,Snow,1979-11-28T00:00:00.0000000-07:00,0.000000,,,0,,NOAA,2013-08-08T07:41:24.4230000-06:00,in
37,USC00051772,Snow,1979-11-29T00:00:00.0000000-07:00,0.000000,,,0,,NOAA,2013-08-08T07:41:24.4230000-06:00,in
37,USC00051772,Snow,1979-11-30T00:00:00.0000000-07:00,0.000000,,,0,,NOAA,2013-08-08T07:41:24.4230000-06:00,in
37,USC00051772,Snow,1979-12-01T00:00:00.0000000-07:00,0.000000,,,0,,NOAA,2013-08-08T07:41:24.4230000-06:00,in
37,USC00051772,Snow,1979-12-02T00:00:00.0000000-07:00,0.000000,,,0,,NOAA,2013-08-08T07:41:24.4230000-06:00,in
37,USC00051772,Snow,1979-12-03T00:00:00.0000000-07:00,0.000000,,,0,,NOAA,2013-08-08T07:41:24.4230000-06:00,in
37,USC00051772,Snow,1979-12-04T00:00:00.0000000-07:00,0.000000,,,0,,NOAA,2013-08-08T07:41:24.4230000-06:00,in
37,USC00051772,Snow,1979-12-05T00:00:00.0000000-07:00,0.000000,,,0,,NOAA,2013-08-08T07:41:24.4230000-06:00,in
37,USC00051772,Snow,1979-12-06T00:00:00.0000000-07:00,0.000000,,,0,,NOAA,2013-08-08T07:41:24.4230000-06:00,in
37,USC00051772,Snow,1979-12-07T00:00:00.0000000-07:00,0.000000,,,0,,NOAA,2013-08-08T07:41:24.4230000-06:00,in
37,USC00051772,Snow,1979-12-08T00:00:00.0000000-07:00,0.000000,,,0,,NOAA,2013-08-08T07:41:24.4230000-06:00,in
37,USC00051772,Snow,1979-12-09T00:00:00.0000000-07:00,0.000000,,,0,,NOAA,2013-08-08T07:41:24.4230000-06:00,in
37,USC00051772,Snow,1979-12-10T00:00:00.0000000-07:00,0.000000,,,0,,NOAA,2013-08-08T07:41:24.4230000-06:00,in
37,USC00051772,Snow,1979-12-11T00:00:00.0000000-07:00,0.314961,,,0,,NOAA,2013-08-08T07:41:24.4230000-06:00,in
37,USC00051772,Snow,1979-12-12T00:00:00.0000000-07:00,0.000000,,,0,,NOAA,2013-08-08T07:41:24.4230000-06:00,in
37,USC00051772,Snow,1979-12-13T00:00:00.0000000-07:00,0.000000,,,0,,NOAA,2013-08-08T07:41:24.4230000-06:00,in
37,USC00051772,Snow,1979-12-14T00:00:00.0000000-07:00,0.000000,,,0,,NOAA,2013-08-08T07:41:24.4230000-06:00,in
37,USC00051772,Snow,1979-12-15T00:00:00.0000000-07:00,0.000000,,,0,,NOAA,2013-08-08T07:41:24.4230000-06:00,in
37,USC00051772,Snow,1979-12-16T00:00:00.0000000-07:00,0.000000,,,0,,NOAA,2013-08-08T07:41:24.4230000-06:00,in
37,USC00051772,Snow,1979-12-17T00:00:00.0000000-07:00,0.000000,,,0,,NOAA,2013-08-08T07:41:24.4230000-06:00,in
37,USC00051772,Snow,1979-12-18T00:00:00.0000000-07:00,0.000000,,,0,,NOAA,2013-08-08T07:41:24.4230000-06:00,in
37,USC00051772,Snow,1979-12-19T00:00:00.0000000-07:00,0.000000,,,0,,NOAA,2013-08-08T07:41:24.4230000-06:00,in
37,USC00051772,Snow,1979-12-20T00:00:00.0000000-07:00,0.000000,,,0,,NOAA,2013-08-08T07:41:24.4230000-06:00,in
37,USC00051772,Snow,1979-12-21T00:00:00.0000000-07:00,0.000000,,,0,,NOAA,2013-08-08T07:41:24.4230000-06:00,in
37,USC00051772,Snow,1979-12-22T00:00:00.0000000-07:00,2.992126,,,0,,NOAA,2013-08-08T07:41:24.4230000-06:00,in
37,USC00051772,Snow,1979-12-23T00:00:00.0000000-07:00,0.000000,,,0,,NOAA,2013-08-08T07:41:24.4230000-06:00,in
37,USC00051772,Snow,1979-12-24T00:00:00.0000000-07:00,0.000000,,,0,,NOAA,2013-08-08T07:41:24.4230000-06:00,in
37,USC00051772,Snow,1979-12-25T00:00:00.0000000-07:00,0.000000,,,0,,NOAA,2013-08-08T07:41:24.4230000-06:00,in
37,USC00051772,Snow,1979-12-26T00:00:00.0000000-07:00,0.000000,,,0,,NOAA,2013-08-08T07:41:24.4230000-06:00,in
37,USC00051772,Snow,1979-12-27T00:00:00.0000000-07:00,0.984252,,,0,,NOAA,2013-08-08T07:41:24.4230000-06:00,in
37,USC00051772,Snow,1979-12-28T00:00:00.0000000-07:00,2.519685,,,0,,NOAA,2013-08-08T07:41:24.4230000-06:00,in
37,USC00051772,Snow,1979-12-29T00:00:00.0000000-07:00,0.000000,,,0,,NOAA,2013-08-08T07:41:24.4230000-06:00,in
37,USC00051772,Snow,1979-12-30T00:00:00.0000000-07:00,0.000000,,,0,,NOAA,2013-08-08T07:41:24.4230000-06:00,in
37,USC00051772,Snow,1979-12-31T00:00:00.0000000-07:00,0.000000,,,0,,NOAA,2013-08-08T07:41:24.4230000-06:00,in
37,USC00051772,Snow,1980-01-01T00:00:00.0000000-07:00,0.000000,,,0,,NOAA,2013-08-08T07:41:24.4230000-06:00,in
37,USC00051772,Snow,1980-01-02T00:00:00.0000000-07:00,0.000000,,,0,,NOAA,2013-08-08T07:41:24.4230000-06:00,in
37,USC00051772,Snow,1980-01-03T00:00:00.0000000-07:00,0.393701,,,0,,NOAA,2013-08-08T07:41:24.4230000-06:00,in
37,USC00051772,Snow,1980-01-04T00:00:00.0000000-07:00,0.000000,,,0,,NOAA,2013-08-08T07:41:24.4230000-06:00,in
37,USC00051772,Snow,1980-01-05T00:00:00.0000000-07:00,0.000000,,,0,,NOAA,2013-08-08T07:41:24.4230000-06:00,in
37,USC00051772,Snow,1980-01-06T00:00:00.0000000-07:00,0.000000,,,0,,NOAA,2013-08-08T07:41:24.4230000-06:00,in
37,USC00051772,Snow,1980-01-07T00:00:00.0000000-07:00,0.000000,,,0,,NOAA,2013-08-08T07:41:24.4230000-06:00,in
37,USC00051772,Snow,1980-01-08T00:00:00.0000000-07:00,0.000000,,,0,,NOAA,2013-08-08T07:41:24.4230000-06:00,in
37,USC00051772,Snow,1980-01-09T00:00:00.0000000-07:00,0.000000,T,,0,,NOAA,2013-08-08T07:41:24.4230000-06:00,in
37,USC00051772,Snow,1980-01-10T00:00:00.0000000-07:00,0.000000,,,0,,NOAA,2013-08-08T07:41:24.4230000-06:00,in
37,USC00051772,Snow,1980-01-11T00:00:00.0000000-07:00,0.984252,,,0,,NOAA,2013-08-08T07:41:24.4230000-06:00,in
37,USC00051772,Snow,1980-01-12T00:00:00.0000000-07:00,0.984252,,,0,,NOAA,2013-08-08T07:41:24.4230000-06:00,in
37,USC00051772,Snow,1980-01-13T00:00:00.0000000-07:00,1.102362,,,0,,NOAA,2013-08-08T07:41:24.4230000-06:00,in
37,USC00051772,Snow,1980-01-14T00:00:00.0000000-07:00,2.401575,,,0,,NOAA,2013-08-08T07:41:24.4230000-06:00,in
37,USC00051772,Snow,1980-01-15T00:00:00.0000000-07:00,0.000000,,,0,,NOAA,2013-08-08T07:41:24.4230000-06:00,in
37,USC00051772,Snow,1980-01-16T00:00:00.0000000-07:00,0.000000,,,0,,NOAA,2013-08-08T07:41:24.4230000-06:00,in
37,USC00051772,Snow,1980-01-17T00:00:00.0000000-07:00,1.417323,,,0,,NOAA,2013-08-08T07:41:24.4230000-06:00,in
37,USC00051772,Snow,1980-01-18T00:00:00.0000000-07:00,0.787402,,,0,,NOAA,2013-08-08T07:41:24.4230000-06:00,in
37,USC00051772,Snow,1980-01-19T00:00:00.0000000-07:00,0.000000,,,0,,NOAA,2013-08-08T07:41:24.4230000-06:00,in
37,USC00051772,Snow,1980-01-20T00:00:00.0000000-07:00,1.417323,,,0,,NOAA,2013-08-08T07:41:24.4230000-06:00,in
37,USC00051772,Snow,1980-01-21T00:00:00.0000000-07:00,0.000000,,,0,,NOAA,2013-08-08T07:41:24.4230000-06:00,in
37,USC00051772,Snow,1980-01-22T00:00:00.0000000-07:00,0.000000,,,0,,NOAA,2013-08-08T07:41:24.4230000-06:00,in
37,USC00051772,Snow,1980-01-23T00:00:00.0000000-07:00,0.000000,,,0,,NOAA,2013-08-08T07:41:24.4230000-06:00,in
37,USC00051772,Snow,1980-01-24T00:00:00.0000000-07:00,0.000000,,,0,,NOAA,2013-08-08T07:41:24.4230000-06:00,in
37,USC00051772,Snow,1980-01-25T00:00:00.0000000-07:00,0.000000,,,0,,NOAA,2013-08-08T07:41:24.4230000-06:00,in
37,USC00051772,Snow,1980-01-26T00:00:00.0000000-07:00,0.000000,,,0,,NOAA,2013-08-08T07:41:24.4230000-06:00,in
37,USC00051772,Snow,1980-01-27T00:00:00.0000000-07:00,0.000000,,,0,,NOAA,2013-08-08T07:41:24.4230000-06:00,in
37,USC00051772,Snow,1980-01-28T00:00:00.0000000-07:00,0.000000,T,,0,,NOAA,2013-08-08T07:41:24.4230000-06:00,in
37,USC00051772,Snow,1980-01-29T00:00:00.0000000-07:00,3.307087,,,0,,NOAA,2013-08-08T07:41:24.4230000-06:00,in
37,USC00051772,Snow,1980-01-30T00:00:00.0000000-07:00,0.000000,,,0,,NOAA,2013-08-08T07:41:24.4230000-06:00,in
37,USC00051772,Snow,1980-01-31T00:00:00.0000000-07:00,0.000000,,,0,,NOAA,2013-08-08T07:41:24.4230000-06:00,in
37,USC00051772,Snow,1980-02-01T00:00:00.0000000-07:00,0.000000,,,0,,NOAA,2013-08-08T07:41:24.4230000-06:00,in
37,USC00051772,Snow,1980-02-02T00:00:00.0000000-07:00,0.000000,,,0,,NOAA,2013-08-08T07:41:24.4230000-06:00,in
37,USC00051772,Snow,1980-02-03T00:00:00.0000000-07:00,0.000000,,,0,,NOAA,2013-08-08T07:41:24.4230000-06:00,in
37,USC00051772,Snow,1980-02-04T00:00:00.0000000-07:00,0.000000,,,0,,NOAA,2013-08-08T07:41:24.4230000-06:00,in
37,USC00051772,Snow,1980-02-05T00:00:00.0000000-07:00,0.000000,,,0,,NOAA,2013-08-08T07:41:24.4230000-06:00,in
37,USC00051772,Snow,1980-02-06T00:00:00.0000000-07:00,0.000000,,,0,,NOAA,2013-08-08T07:41:24.4230000-06:00,in
37,USC00051772,Snow,1980-02-07T00:00:00.0000000-07:00,0.393701,,,0,,NOAA,2013-08-08T07:41:24.4230000-06:00,in
37,USC00051772,Snow,1980-02-08T00:00:00.0000000-07:00,0.000000,,,0,,NOAA,2013-08-08T07:41:24.4230000-06:00,in
37,USC00051772,Snow,1980-02-09T00:00:00.0000000-07:00,0.000000,,,0,,NOAA,2013-08-08T07:41:24.4230000-06:00,in
37,USC00051772,Snow,1980-02-10T00:00:00.0000000-07:00,0.000000,,,0,,NOAA,2013-08-08T07:41:24.4230000-06:00,in
37,USC00051772,Snow,1980-02-11T00:00:00.0000000-07:00,0.000000,,,0,,NOAA,2013-08-08T07:41:24.4230000-06:00,in
37,USC00051772,Snow,1980-02-12T00:00:00.0000000-07:00,0.000000,,,0,,NOAA,2013-08-08T07:41:24.4230000-06:00,in
37,USC00051772,Snow,1980-02-13T00:00:00.0000000-07:00,0.000000,,,0,,NOAA,2013-08-08T07:41:24.4230000-06:00,in
37,USC00051772,Snow,1980-02-14T00:00:00.0000000-07:00,0.000000,,,0,,NOAA,2013-08-08T07:41:24.4230000-06:00,in
37,USC00051772,Snow,1980-02-15T00:00:00.0000000-07:00,0.000000,,,0,,NOAA,2013-08-08T07:41:24.4230000-06:00,in
37,USC00051772,Snow,1980-02-16T00:00:00.0000000-07:00,0.000000,,,0,,NOAA,2013-08-08T07:41:24.4230000-06:00,in
37,USC00051772,Snow,1980-02-17T00:00:00.0000000-07:00,0.000000,,,0,,NOAA,2013-08-08T07:41:24.4230000-06:00,in
37,USC00051772,Snow,1980-02-18T00:00:00.0000000-07:00,0.000000,,,0,,NOAA,2013-08-08T07:41:24.4230000-06:00,in
37,USC00051772,Snow,1980-02-19T00:00:00.0000000-07:00,0.000000,,,0,,NOAA,2013-08-08T07:41:24.4230000-06:00,in
37,USC00051772,Snow,1980-02-20T00:00:00.0000000-07:00,0.511811,,,0,,NOAA,2013-08-08T07:41:24.4230000-06:00,in
37,USC00051772,Snow,1980-02-21T00:00:00.0000000-07:00,0.000000,,,0,,NOAA,2013-08-08T07:41:24.4230000-06:00,in
37,USC00051772,Snow,1980-02-22T00:00:00.0000000-07:00,0.000000,,,0,,NOAA,2013-08-08T07:41:24.4230000-06:00,in
37,USC00051772,Snow,1980-02-23T00:00:00.0000000-07:00,0.984252,,,0,,NOAA,2013-08-08T07:41:24.4230000-06:00,in
37,USC00051772,Snow,1980-02-24T00:00:00.0000000-07:00,0.393701,,,0,,NOAA,2013-08-08T07:41:24.4230000-06:00,in
37,USC00051772,Snow,1980-02-25T00:00:00.0000000-07:00,0.000000,,,0,,NOAA,2013-08-08T07:41:24.4230000-06:00,in
37,USC00051772,Snow,1980-02-26T00:00:00.0000000-07:00,0.000000,,,0,,NOAA,2013-08-08T07:41:24.4230000-06:00,in
37,USC00051772,Snow,1980-02-27T00:00:00.0000000-07:00,0.000000,,,0,,NOAA,2013-08-08T07:41:24.4230000-06:00,in
37,USC00051772,Snow,1980-02-28T00:00:00.0000000-07:00,0.000000,,,0,,NOAA,2013-08-08T07:41:24.4230000-06:00,in
37,USC00051772,Snow,1980-02-29T00:00:00.0000000-07:00,0.000000,,,0,,NOAA,2013-08-08T07:41:24.4230000-06:00,in
37,USC00051772,Snow,1980-03-01T00:00:00.0000000-07:00,0.000000,,,0,,NOAA,2013-08-08T07:41:24.4230000-06:00,in
37,USC00051772,Snow,1980-03-02T00:00:00.0000000-07:00,0.000000,,,0,,NOAA,2013-08-08T07:41:24.4230000-06:00,in
37,USC00051772,Snow,1980-03-03T00:00:00.0000000-07:00,0.000000,,,0,,NOAA,2013-08-08T07:41:24.4230000-06:00,in
37,USC00051772,Snow,1980-03-04T00:00:00.0000000-07:00,0.000000,,,0,,NOAA,2013-08-08T07:41:24.4230000-06:00,in
37,USC00051772,Snow,1980-03-05T00:00:00.0000000-07:00,0.000000,,,0,,NOAA,2013-08-08T07:41:24.4230000-06:00,in
37,USC00051772,Snow,1980-03-06T00:00:00.0000000-07:00,0.000000,,,0,,NOAA,2013-08-08T07:41:24.4230000-06:00,in
37,USC00051772,Snow,1980-03-07T00:00:00.0000000-07:00,0.000000,,,0,,NOAA,2013-08-08T07:41:24.4230000-06:00,in
37,USC00051772,Snow,1980-03-08T00:00:00.0000000-07:00,0.000000,,,0,,NOAA,2013-08-08T07:41:24.4230000-06:00,in
37,USC00051772,Snow,1980-03-09T00:00:00.0000000-07:00,0.000000,,,0,,NOAA,2013-08-08T07:41:24.4230000-06:00,in
37,USC00051772,Snow,1980-03-10T00:00:00.0000000-07:00,0.000000,,,0,,NOAA,2013-08-08T07:41:24.4230000-06:00,in
37,USC00051772,Snow,1980-03-13T00:00:00.0000000-07:00,0.000000,,,0,,NOAA,2013-08-08T07:41:24.4230000-06:00,in
37,USC00051772,Snow,1980-03-14T00:00:00.0000000-07:00,0.000000,,,0,,NOAA,2013-08-08T07:41:24.4230000-06:00,in
37,USC00051772,Snow,1980-03-15T00:00:00.0000000-07:00,0.000000,,,0,,NOAA,2013-08-08T07:41:24.4230000-06:00,in
37,USC00051772,Snow,1980-03-16T00:00:00.0000000-07:00,1.417323,,,0,,NOAA,2013-08-08T07:41:24.4230000-06:00,in
37,USC00051772,Snow,1980-03-17T00:00:00.0000000-07:00,0.000000,,,0,,NOAA,2013-08-08T07:41:24.4230000-06:00,in
37,USC00051772,Snow,1980-03-18T00:00:00.0000000-07:00,0.000000,,,0,,NOAA,2013-08-08T07:41:24.4230000-06:00,in
37,USC00051772,Snow,1980-03-19T00:00:00.0000000-07:00,0.000000,,,0,,NOAA,2013-08-08T07:41:24.4230000-06:00,in
37,USC00051772,Snow,1980-03-20T00:00:00.0000000-07:00,0.000000,,,0,,NOAA,2013-08-08T07:41:24.4230000-06:00,in
37,USC00051772,Snow,1980-03-21T00:00:00.0000000-07:00,0.000000,,,0,,NOAA,2013-08-08T07:41:24.4230000-06:00,in
37,USC00051772,Snow,1980-03-22T00:00:00.0000000-07:00,0.000000,,,0,,NOAA,2013-08-08T07:41:24.4230000-06:00,in
37,USC00051772,Snow,1980-03-23T00:00:00.0000000-07:00,1.181102,,,0,,NOAA,2013-08-08T07:41:24.4230000-06:00,in
37,USC00051772,Snow,1980-03-24T00:00:00.0000000-07:00,0.000000,,,0,,NOAA,2013-08-08T07:41:24.4230000-06:00,in
37,USC00051772,Snow,1980-03-25T00:00:00.0000000-07:00,0.590551,,,0,,NOAA,2013-08-08T07:41:24.4230000-06:00,in
37,USC00051772,Snow,1980-03-26T00:00:00.0000000-07:00,2.992126,,,0,,NOAA,2013-08-08T07:41:24.4230000-06:00,in
37,USC00051772,Snow,1980-03-27T00:00:00.0000000-07:00,0.000000,,,0,,NOAA,2013-08-08T07:41:24.4230000-06:00,in
37,USC00051772,Snow,1980-03-28T00:00:00.0000000-07:00,0.000000,,,0,,NOAA,2013-08-08T07:41:24.4230000-06:00,in
37,USC00051772,Snow,1980-03-29T00:00:00.0000000-07:00,0.000000,,,0,,NOAA,2013-08-08T07:41:24.4230000-06:00,in
37,USC00051772,Snow,1980-03-30T00:00:00.0000000-07:00,0.000000,T,,0,,NOAA,2013-08-08T07:41:24.4230000-06:00,in
37,USC00051772,Snow,1980-03-31T00:00:00.0000000-07:00,0.984252,,,0,,NOAA,2013-08-08T07:41:24.4230000-06:00,in
37,USC00051772,Snow,1980-04-01T00:00:00.0000000-07:00,0.000000,,,0,,NOAA,2013-08-08T07:41:24.4230000-06:00,in
37,USC00051772,Snow,1980-04-02T00:00:00.0000000-07:00,1.496063,,,0,,NOAA,2013-08-08T07:41:24.4230000-06:00,in
37,USC00051772,Snow,1980-04-03T00:00:00.0000000-07:00,0.000000,,,0,,NOAA,2013-08-08T07:41:24.4230000-06:00,in
37,USC00051772,Snow,1980-04-04T00:00:00.0000000-07:00,0.000000,,,0,,NOAA,2013-08-08T07:41:24.4230000-06:00,in
37,USC00051772,Snow,1980-04-05T00:00:00.0000000-07:00,0.000000,,,0,,NOAA,2013-08-08T07:41:24.4230000-06:00,in
37,USC00051772,Snow,1980-04-06T00:00:00.0000000-07:00,0.000000,,,0,,NOAA,2013-08-08T07:41:24.4230000-06:00,in
37,USC00051772,Snow,1980-04-07T00:00:00.0000000-06:00,0.000000,T,,0,,NOAA,2013-08-08T07:41:24.4230000-06:00,in
37,USC00051772,Snow,1980-04-08T00:00:00.0000000-06:00,0.000000,,,0,,NOAA,2013-08-08T07:41:24.4230000-06:00,in
37,USC00051772,Snow,1980-04-09T00:00:00.0000000-06:00,0.000000,,,0,,NOAA,2013-08-08T07:41:24.4230000-06:00,in
37,USC00051772,Snow,1980-04-10T00:00:00.0000000-06:00,0.000000,,,0,,NOAA,2013-08-08T07:41:24.4230000-06:00,in
37,USC00051772,Snow,1980-04-11T00:00:00.0000000-06:00,0.000000,,,0,,NOAA,2013-08-08T07:41:24.4230000-06:00,in
37,USC00051772,Snow,1980-04-12T00:00:00.0000000-06:00,0.000000,,,0,,NOAA,2013-08-08T07:41:24.4230000-06:00,in
37,USC00051772,Snow,1980-04-13T00:00:00.0000000-06:00,0.000000,,,0,,NOAA,2013-08-08T07:41:24.4230000-06:00,in
37,USC00051772,Snow,1980-04-14T00:00:00.0000000-06:00,0.000000,,,0,,NOAA,2013-08-08T07:41:24.4230000-06:00,in
37,USC00051772,Snow,1980-04-15T00:00:00.0000000-06:00,0.000000,,,0,,NOAA,2013-08-08T07:41:24.4230000-06:00,in
37,USC00051772,Snow,1980-04-16T00:00:00.0000000-06:00,0.000000,,,0,,NOAA,2013-08-08T07:41:24.4230000-06:00,in
37,USC00051772,Snow,1980-04-17T00:00:00.0000000-06:00,0.000000,,,0,,NOAA,2013-08-08T07:41:24.4230000-06:00,in
37,USC00051772,Snow,1980-04-18T00:00:00.0000000-06:00,0.000000,,,0,,NOAA,2013-08-08T07:41:24.4230000-06:00,in
37,USC00051772,Snow,1980-04-19T00:00:00.0000000-06:00,0.000000,,,0,,NOAA,2013-08-08T07:41:24.4230000-06:00,in
37,USC00051772,Snow,1980-04-20T00:00:00.0000000-06:00,0.000000,,,0,,NOAA,2013-08-08T07:41:24.4230000-06:00,in
37,USC00051772,Snow,1980-04-21T00:00:00.0000000-06:00,0.000000,,,0,,NOAA,2013-08-08T07:41:24.4230000-06:00,in
37,USC00051772,Snow,1980-04-22T00:00:00.0000000-06:00,0.000000,,,0,,NOAA,2013-08-08T07:41:24.4230000-06:00,in
37,USC00051772,Snow,1980-04-23T00:00:00.0000000-06:00,0.000000,,,0,,NOAA,2013-08-08T07:41:24.4230000-06:00,in
37,USC00051772,Snow,1980-04-24T00:00:00.0000000-06:00,0.000000,,,0,,NOAA,2013-08-08T07:41:24.4230000-06:00,in
37,USC00051772,Snow,1980-04-25T00:00:00.0000000-06:00,0.000000,,,0,,NOAA,2013-08-08T07:41:24.4230000-06:00,in
37,USC00051772,Snow,1980-04-26T00:00:00.0000000-06:00,0.000000,,,0,,NOAA,2013-08-08T07:41:24.4230000-06:00,in
37,USC00051772,Snow,1980-04-27T00:00:00.0000000-06:00,0.000000,,,0,,NOAA,2013-08-08T07:41:24.4230000-06:00,in
37,USC00051772,Snow,1980-04-28T00:00:00.0000000-06:00,0.000000,,,0,,NOAA,2013-08-08T07:41:24.4230000-06:00,in
37,USC00051772,Snow,1980-04-29T00:00:00.0000000-06:00,0.000000,,,0,,NOAA,2013-08-08T07:41:24.4230000-06:00,in
37,USC00051772,Snow,1980-04-30T00:00:00.0000000-06:00,0.000000,,,0,,NOAA,2013-08-08T07:41:24.4230000-06:00,in
37,USC00051772,Snow,1980-05-01T00:00:00.0000000-06:00,0.000000,,,0,,NOAA,2013-08-08T07:41:24.4230000-06:00,in
37,USC00051772,Snow,1980-05-02T00:00:00.0000000-06:00,0.000000,,,0,,NOAA,2013-08-08T07:41:24.4230000-06:00,in
37,USC00051772,Snow,1980-05-03T00:00:00.0000000-06:00,0.000000,,,0,,NOAA,2013-08-08T07:41:24.4230000-06:00,in
37,USC00051772,Snow,1980-05-04T00:00:00.0000000-06:00,0.000000,,,0,,NOAA,2013-08-08T07:41:24.4230000-06:00,in
37,USC00051772,Snow,1980-05-05T00:00:00.0000000-06:00,0.000000,,,0,,NOAA,2013-08-08T07:41:24.4230000-06:00,in
37,USC00051772,Snow,1980-05-06T00:00:00.0000000-06:00,0.000000,,,0,,NOAA,2013-08-08T07:41:24.4230000-06:00,in
37,USC00051772,Snow,1980-05-07T00:00:00.0000000-06:00,0.000000,,,0,,NOAA,2013-08-08T07:41:24.4230000-06:00,in
37,USC00051772,Snow,1980-05-08T00:00:00.0000000-06:00,0.000000,,,0,,NOAA,2013-08-08T07:41:24.4230000-06:00,in
37,USC00051772,Snow,1980-05-09T00:00:00.0000000-06:00,0.000000,,,0,,NOAA,2013-08-08T07:41:24.4230000-06:00,in
37,USC00051772,Snow,1980-05-10T00:00:00.0000000-06:00,0.000000,,,0,,NOAA,2013-08-08T07:41:24.4230000-06:00,in
37,USC00051772,Snow,1980-05-11T00:00:00.0000000-06:00,0.000000,,,0,,NOAA,2013-08-08T07:41:24.4230000-06:00,in
37,USC00051772,Snow,1980-05-12T00:00:00.0000000-06:00,0.000000,,,0,,NOAA,2013-08-08T07:41:24.4230000-06:00,in
37,USC00051772,Snow,1980-05-13T00:00:00.0000000-06:00,0.000000,,,0,,NOAA,2013-08-08T07:41:24.4230000-06:00,in
37,USC00051772,Snow,1980-05-14T00:00:00.0000000-06:00,0.000000,,,0,,NOAA,2013-08-08T07:41:24.4230000-06:00,in
37,USC00051772,Snow,1980-05-15T00:00:00.0000000-06:00,0.000000,,,0,,NOAA,2013-08-08T07:41:24.4230000-06:00,in
37,USC00051772,Snow,1980-05-16T00:00:00.0000000-06:00,0.000000,,,0,,NOAA,2013-08-08T07:41:24.4230000-06:00,in
37,USC00051772,Snow,1980-05-17T00:00:00.0000000-06:00,0.000000,,,0,,NOAA,2013-08-08T07:41:24.4230000-06:00,in
37,USC00051772,Snow,1980-05-18T00:00:00.0000000-06:00,0.000000,,,0,,NOAA,2013-08-08T07:41:24.4230000-06:00,in
37,USC00051772,Snow,1980-05-19T00:00:00.0000000-06:00,0.000000,,,0,,NOAA,2013-08-08T07:41:24.4230000-06:00,in
37,USC00051772,Snow,1980-05-20T00:00:00.0000000-06:00,0.000000,,,0,,NOAA,2013-08-08T07:41:24.4230000-06:00,in
37,USC00051772,Snow,1980-05-21T00:00:00.0000000-06:00,0.000000,,,0,,NOAA,2013-08-08T07:41:24.4230000-06:00,in
37,USC00051772,Snow,1980-05-22T00:00:00.0000000-06:00,0.000000,,,0,,NOAA,2013-08-08T07:41:24.4230000-06:00,in
37,USC00051772,Snow,1980-05-23T00:00:00.0000000-06:00,0.000000,,,0,,NOAA,2013-08-08T07:41:24.4230000-06:00,in
37,USC00051772,Snow,1980-05-24T00:00:00.0000000-06:00,0.000000,,,0,,NOAA,2013-08-08T07:41:24.4230000-06:00,in
37,USC00051772,Snow,1980-05-25T00:00:00.0000000-06:00,0.000000,,,0,,NOAA,2013-08-08T07:41:24.4230000-06:00,in
37,USC00051772,Snow,1980-05-26T00:00:00.0000000-06:00,0.000000,,,0,,NOAA,2013-08-08T07:41:24.4230000-06:00,in
37,USC00051772,Snow,1980-05-27T00:00:00.0000000-06:00,0.000000,,,0,,NOAA,2013-08-08T07:41:24.4230000-06:00,in
37,USC00051772,Snow,1980-05-28T00:00:00.0000000-06:00,0.000000,,,0,,NOAA,2013-08-08T07:41:24.4230000-06:00,in
37,USC00051772,Snow,1980-05-29T00:00:00.0000000-06:00,0.000000,,,0,,NOAA,2013-08-08T07:41:24.4230000-06:00,in
37,USC00051772,Snow,1980-05-30T00:00:00.0000000-06:00,0.000000,,,0,,NOAA,2013-08-08T07:41:24.4230000-06:00,in
37,USC00051772,Snow,1980-05-31T00:00:00.0000000-06:00,0.000000,,,0,,NOAA,2013-08-08T07:41:24.4230000-06:00,in
37,USC00051772,Snow,1980-06-01T00:00:00.0000000-06:00,0.000000,,,0,,NOAA,2013-08-08T07:41:24.4230000-06:00,in
37,USC00051772,Snow,1980-06-02T00:00:00.0000000-06:00,0.000000,,,0,,NOAA,2013-08-08T07:41:24.4230000-06:00,in
37,USC00051772,Snow,1980-06-03T00:00:00.0000000-06:00,0.000000,,,0,,NOAA,2013-08-08T07:41:24.4230000-06:00,in
37,USC00051772,Snow,1980-06-04T00:00:00.0000000-06:00,0.000000,,,0,,NOAA,2013-08-08T07:41:24.4230000-06:00,in
37,USC00051772,Snow,1980-06-05T00:00:00.0000000-06:00,0.000000,,,0,,NOAA,2013-08-08T07:41:24.4230000-06:00,in
37,USC00051772,Snow,1980-06-06T00:00:00.0000000-06:00,0.000000,,,0,,NOAA,2013-08-08T07:41:24.4230000-06:00,in
37,USC00051772,Snow,1980-06-07T00:00:00.0000000-06:00,0.000000,,,0,,NOAA,2013-08-08T07:41:24.4230000-06:00,in
37,USC00051772,Snow,1980-06-08T00:00:00.0000000-06:00,0.000000,,,0,,NOAA,2013-08-08T07:41:24.4230000-06:00,in
37,USC00051772,Snow,1980-06-09T00:00:00.0000000-06:00,0.000000,,,0,,NOAA,2013-08-08T07:41:24.4230000-06:00,in
37,USC00051772,Snow,1980-06-10T00:00:00.0000000-06:00,0.000000,,,0,,NOAA,2013-08-08T07:41:24.4230000-06:00,in
37,USC00051772,Snow,1980-06-11T00:00:00.0000000-06:00,0.000000,,,0,,NOAA,2013-08-08T07:41:24.4230000-06:00,in
37,USC00051772,Snow,1980-06-12T00:00:00.0000000-06:00,0.000000,,,0,,NOAA,2013-08-08T07:41:24.4230000-06:00,in
37,USC00051772,Snow,1980-06-13T00:00:00.0000000-06:00,0.000000,,,0,,NOAA,2013-08-08T07:41:24.4230000-06:00,in
37,USC00051772,Snow,1980-06-14T00:00:00.0000000-06:00,0.000000,,,0,,NOAA,2013-08-08T07:41:24.4230000-06:00,in
37,USC00051772,Snow,1980-06-15T00:00:00.0000000-06:00,0.000000,,,0,,NOAA,2013-08-08T07:41:24.4230000-06:00,in
37,USC00051772,Snow,1980-06-16T00:00:00.0000000-06:00,0.000000,,,0,,NOAA,2013-08-08T07:41:24.4230000-06:00,in
37,USC00051772,Snow,1980-06-17T00:00:00.0000000-06:00,0.000000,,,0,,NOAA,2013-08-08T07:41:24.4230000-06:00,in
37,USC00051772,Snow,1980-06-18T00:00:00.0000000-06:00,0.000000,,,0,,NOAA,2013-08-08T07:41:24.4230000-06:00,in
37,USC00051772,Snow,1980-06-19T00:00:00.0000000-06:00,0.000000,,,0,,NOAA,2013-08-08T07:41:24.4230000-06:00,in
37,USC00051772,Snow,1980-06-20T00:00:00.0000000-06:00,0.000000,,,0,,NOAA,2013-08-08T07:41:24.4230000-06:00,in
37,USC00051772,Snow,1980-06-21T00:00:00.0000000-06:00,0.000000,,,0,,NOAA,2013-08-08T07:41:24.4230000-06:00,in
37,USC00051772,Snow,1980-06-22T00:00:00.0000000-06:00,0.000000,,,0,,NOAA,2013-08-08T07:41:24.4230000-06:00,in
37,USC00051772,Snow,1980-06-23T00:00:00.0000000-06:00,0.000000,,,0,,NOAA,2013-08-08T07:41:24.4230000-06:00,in
37,USC00051772,Snow,1980-06-24T00:00:00.0000000-06:00,0.000000,,,0,,NOAA,2013-08-08T07:41:24.4230000-06:00,in
37,USC00051772,Snow,1980-06-25T00:00:00.0000000-06:00,0.000000,,,0,,NOAA,2013-08-08T07:41:24.4230000-06:00,in
37,USC00051772,Snow,1980-06-26T00:00:00.0000000-06:00,0.000000,,,0,,NOAA,2013-08-08T07:41:24.4230000-06:00,in
37,USC00051772,Snow,1980-06-27T00:00:00.0000000-06:00,0.000000,,,0,,NOAA,2013-08-08T07:41:24.4230000-06:00,in
37,USC00051772,Snow,1980-06-28T00:00:00.0000000-06:00,0.000000,,,0,,NOAA,2013-08-08T07:41:24.4230000-06:00,in
37,USC00051772,Snow,1980-06-29T00:00:00.0000000-06:00,0.000000,,,0,,NOAA,2013-08-08T07:41:24.4230000-06:00,in
37,USC00051772,Snow,1980-06-30T00:00:00.0000000-06:00,0.000000,,,0,,NOAA,2013-08-08T07:41:24.4230000-06:00,in
37,USC00051772,Snow,1980-07-01T00:00:00.0000000-06:00,0.000000,,,0,,NOAA,2013-08-08T07:41:24.4230000-06:00,in
37,USC00051772,Snow,1980-07-02T00:00:00.0000000-06:00,0.000000,,,0,,NOAA,2013-08-08T07:41:24.4230000-06:00,in
37,USC00051772,Snow,1980-07-03T00:00:00.0000000-06:00,0.000000,,,0,,NOAA,2013-08-08T07:41:24.4230000-06:00,in
37,USC00051772,Snow,1980-07-04T00:00:00.0000000-06:00,0.000000,,,0,,NOAA,2013-08-08T07:41:24.4230000-06:00,in
37,USC00051772,Snow,1980-07-05T00:00:00.0000000-06:00,0.000000,,,0,,NOAA,2013-08-08T07:41:24.4230000-06:00,in
37,USC00051772,Snow,1980-07-06T00:00:00.0000000-06:00,0.000000,,,0,,NOAA,2013-08-08T07:41:24.4230000-06:00,in
37,USC00051772,Snow,1980-07-07T00:00:00.0000000-06:00,0.000000,,,0,,NOAA,2013-08-08T07:41:24.4230000-06:00,in
37,USC00051772,Snow,1980-07-08T00:00:00.0000000-06:00,0.000000,,,0,,NOAA,2013-08-08T07:41:24.4230000-06:00,in
37,USC00051772,Snow,1980-07-09T00:00:00.0000000-06:00,0.000000,,,0,,NOAA,2013-08-08T07:41:24.4230000-06:00,in
37,USC00051772,Snow,1980-07-10T00:00:00.0000000-06:00,0.000000,,,0,,NOAA,2013-08-08T07:41:24.4230000-06:00,in
37,USC00051772,Snow,1980-07-11T00:00:00.0000000-06:00,0.000000,,,0,,NOAA,2013-08-08T07:41:24.4230000-06:00,in
37,USC00051772,Snow,1980-07-12T00:00:00.0000000-06:00,0.000000,,,0,,NOAA,2013-08-08T07:41:24.4230000-06:00,in
37,USC00051772,Snow,1980-07-13T00:00:00.0000000-06:00,0.000000,,,0,,NOAA,2013-08-08T07:41:24.4230000-06:00,in
37,USC00051772,Snow,1980-07-14T00:00:00.0000000-06:00,0.000000,,,0,,NOAA,2013-08-08T07:41:24.4230000-06:00,in
37,USC00051772,Snow,1980-07-15T00:00:00.0000000-06:00,0.000000,,,0,,NOAA,2013-08-08T07:41:24.4230000-06:00,in
37,USC00051772,Snow,1980-07-16T00:00:00.0000000-06:00,0.000000,,,0,,NOAA,2013-08-08T07:41:24.4230000-06:00,in
37,USC00051772,Snow,1980-07-17T00:00:00.0000000-06:00,0.000000,,,0,,NOAA,2013-08-08T07:41:24.4230000-06:00,in
37,USC00051772,Snow,1980-07-18T00:00:00.0000000-06:00,0.000000,,,0,,NOAA,2013-08-08T07:41:24.4230000-06:00,in
37,USC00051772,Snow,1980-07-19T00:00:00.0000000-06:00,0.000000,,,0,,NOAA,2013-08-08T07:41:24.4230000-06:00,in
37,USC00051772,Snow,1980-07-20T00:00:00.0000000-06:00,0.000000,,,0,,NOAA,2013-08-08T07:41:24.4230000-06:00,in
37,USC00051772,Snow,1980-07-21T00:00:00.0000000-06:00,0.000000,,,0,,NOAA,2013-08-08T07:41:24.4230000-06:00,in
37,USC00051772,Snow,1980-07-22T00:00:00.0000000-06:00,0.000000,,,0,,NOAA,2013-08-08T07:41:24.4230000-06:00,in
37,USC00051772,Snow,1980-07-23T00:00:00.0000000-06:00,0.000000,,,0,,NOAA,2013-08-08T07:41:24.4230000-06:00,in
37,USC00051772,Snow,1980-07-24T00:00:00.0000000-06:00,0.000000,,,0,,NOAA,2013-08-08T07:41:24.4230000-06:00,in
37,USC00051772,Snow,1980-07-25T00:00:00.0000000-06:00,0.000000,,,0,,NOAA,2013-08-08T07:41:24.4230000-06:00,in
37,USC00051772,Snow,1980-07-26T00:00:00.0000000-06:00,0.000000,,,0,,NOAA,2013-08-08T07:41:24.4230000-06:00,in
37,USC00051772,Snow,1980-07-27T00:00:00.0000000-06:00,0.000000,,,0,,NOAA,2013-08-08T07:41:24.4230000-06:00,in
37,USC00051772,Snow,1980-07-28T00:00:00.0000000-06:00,0.000000,,,0,,NOAA,2013-08-08T07:41:24.4230000-06:00,in
37,USC00051772,Snow,1980-07-29T00:00:00.0000000-06:00,0.000000,,,0,,NOAA,2013-08-08T07:41:24.4230000-06:00,in
37,USC00051772,Snow,1980-07-30T00:00:00.0000000-06:00,0.000000,,,0,,NOAA,2013-08-08T07:41:24.4230000-06:00,in
37,USC00051772,Snow,1980-07-31T00:00:00.0000000-06:00,0.000000,,,0,,NOAA,2013-08-08T07:41:24.4230000-06:00,in
37,USC00051772,Snow,1980-08-01T00:00:00.0000000-06:00,0.000000,,,0,,NOAA,2013-08-08T07:41:24.4230000-06:00,in
37,USC00051772,Snow,1980-08-02T00:00:00.0000000-06:00,0.000000,,,0,,NOAA,2013-08-08T07:41:24.4230000-06:00,in
37,USC00051772,Snow,1980-08-03T00:00:00.0000000-06:00,0.000000,,,0,,NOAA,2013-08-08T07:41:24.4230000-06:00,in
37,USC00051772,Snow,1980-08-04T00:00:00.0000000-06:00,0.000000,,,0,,NOAA,2013-08-08T07:41:24.4230000-06:00,in
37,USC00051772,Snow,1980-08-05T00:00:00.0000000-06:00,0.000000,,,0,,NOAA,2013-08-08T07:41:24.4230000-06:00,in
37,USC00051772,Snow,1980-08-06T00:00:00.0000000-06:00,0.000000,,,0,,NOAA,2013-08-08T07:41:24.4230000-06:00,in
37,USC00051772,Snow,1980-08-07T00:00:00.0000000-06:00,0.000000,,,0,,NOAA,2013-08-08T07:41:24.4230000-06:00,in
37,USC00051772,Snow,1980-08-08T00:00:00.0000000-06:00,0.000000,,,0,,NOAA,2013-08-08T07:41:24.4230000-06:00,in
37,USC00051772,Snow,1980-08-09T00:00:00.0000000-06:00,0.000000,,,0,,NOAA,2013-08-08T07:41:24.4230000-06:00,in
37,USC00051772,Snow,1980-08-10T00:00:00.0000000-06:00,0.000000,,,0,,NOAA,2013-08-08T07:41:24.4230000-06:00,in
37,USC00051772,Snow,1980-08-11T00:00:00.0000000-06:00,0.000000,,,0,,NOAA,2013-08-08T07:41:24.4230000-06:00,in
37,USC00051772,Snow,1980-08-12T00:00:00.0000000-06:00,0.000000,,,0,,NOAA,2013-08-08T07:41:24.4230000-06:00,in
37,USC00051772,Snow,1980-08-13T00:00:00.0000000-06:00,0.000000,,,0,,NOAA,2013-08-08T07:41:24.4230000-06:00,in
37,USC00051772,Snow,1980-08-14T00:00:00.0000000-06:00,0.000000,,,0,,NOAA,2013-08-08T07:41:24.4230000-06:00,in
37,USC00051772,Snow,1980-08-15T00:00:00.0000000-06:00,0.000000,,,0,,NOAA,2013-08-08T07:41:24.4230000-06:00,in
37,USC00051772,Snow,1980-08-16T00:00:00.0000000-06:00,0.000000,,,0,,NOAA,2013-08-08T07:41:24.4230000-06:00,in
37,USC00051772,Snow,1980-08-17T00:00:00.0000000-06:00,0.000000,,,0,,NOAA,2013-08-08T07:41:24.4230000-06:00,in
37,USC00051772,Snow,1980-08-18T00:00:00.0000000-06:00,0.000000,,,0,,NOAA,2013-08-08T07:41:24.4230000-06:00,in
37,USC00051772,Snow,1980-08-19T00:00:00.0000000-06:00,0.000000,,,0,,NOAA,2013-08-08T07:41:24.4230000-06:00,in
37,USC00051772,Snow,1980-08-20T00:00:00.0000000-06:00,0.000000,,,0,,NOAA,2013-08-08T07:41:24.4230000-06:00,in
37,USC00051772,Snow,1980-08-21T00:00:00.0000000-06:00,0.000000,,,0,,NOAA,2013-08-08T07:41:24.4230000-06:00,in
37,USC00051772,Snow,1980-08-22T00:00:00.0000000-06:00,0.000000,,,0,,NOAA,2013-08-08T07:41:24.4230000-06:00,in
37,USC00051772,Snow,1980-08-23T00:00:00.0000000-06:00,0.000000,,,0,,NOAA,2013-08-08T07:41:24.4230000-06:00,in
37,USC00051772,Snow,1980-08-24T00:00:00.0000000-06:00,0.000000,,,0,,NOAA,2013-08-08T07:41:24.4230000-06:00,in
37,USC00051772,Snow,1980-08-25T00:00:00.0000000-06:00,0.000000,,,0,,NOAA,2013-08-08T07:41:24.4230000-06:00,in
37,USC00051772,Snow,1980-08-26T00:00:00.0000000-06:00,0.000000,,,0,,NOAA,2013-08-08T07:41:24.4230000-06:00,in
37,USC00051772,Snow,1980-08-27T00:00:00.0000000-06:00,0.000000,,,0,,NOAA,2013-08-08T07:41:24.4230000-06:00,in
37,USC00051772,Snow,1980-08-28T00:00:00.0000000-06:00,0.000000,,,0,,NOAA,2013-08-08T07:41:24.4230000-06:00,in
37,USC00051772,Snow,1980-08-29T00:00:00.0000000-06:00,0.000000,,,0,,NOAA,2013-08-08T07:41:24.4230000-06:00,in
37,USC00051772,Snow,1980-08-30T00:00:00.0000000-06:00,0.000000,,,0,,NOAA,2013-08-08T07:41:24.4230000-06:00,in
37,USC00051772,Snow,1980-08-31T00:00:00.0000000-06:00,0.000000,,,0,,NOAA,2013-08-08T07:41:24.4230000-06:00,in
37,USC00051772,Snow,1980-09-01T00:00:00.0000000-06:00,0.000000,,,0,,NOAA,2013-08-08T07:41:24.4230000-06:00,in
37,USC00051772,Snow,1980-09-02T00:00:00.0000000-06:00,0.000000,,,0,,NOAA,2013-08-08T07:41:24.4230000-06:00,in
37,USC00051772,Snow,1980-09-03T00:00:00.0000000-06:00,0.000000,,,0,,NOAA,2013-08-08T07:41:24.4230000-06:00,in
37,USC00051772,Snow,1980-09-04T00:00:00.0000000-06:00,0.000000,,,0,,NOAA,2013-08-08T07:41:24.4230000-06:00,in
37,USC00051772,Snow,1980-09-05T00:00:00.0000000-06:00,0.000000,,,0,,NOAA,2013-08-08T07:41:24.4230000-06:00,in
37,USC00051772,Snow,1980-09-06T00:00:00.0000000-06:00,0.000000,,,0,,NOAA,2013-08-08T07:41:24.4230000-06:00,in
37,USC00051772,Snow,1980-09-07T00:00:00.0000000-06:00,0.000000,,,0,,NOAA,2013-08-08T07:41:24.4230000-06:00,in
37,USC00051772,Snow,1980-09-08T00:00:00.0000000-06:00,0.000000,,,0,,NOAA,2013-08-08T07:41:24.4230000-06:00,in
37,USC00051772,Snow,1980-09-09T00:00:00.0000000-06:00,0.000000,,,0,,NOAA,2013-08-08T07:41:24.4230000-06:00,in
37,USC00051772,Snow,1980-09-10T00:00:00.0000000-06:00,0.000000,,,0,,NOAA,2013-08-08T07:41:24.4230000-06:00,in
37,USC00051772,Snow,1980-09-11T00:00:00.0000000-06:00,0.000000,,,0,,NOAA,2013-08-08T07:41:24.4230000-06:00,in
37,USC00051772,Snow,1980-09-12T00:00:00.0000000-06:00,0.000000,,,0,,NOAA,2013-08-08T07:41:24.4230000-06:00,in
37,USC00051772,Snow,1980-09-13T00:00:00.0000000-06:00,0.000000,,,0,,NOAA,2013-08-08T07:41:24.4230000-06:00,in
37,USC00051772,Snow,1980-09-14T00:00:00.0000000-06:00,0.000000,,,0,,NOAA,2013-08-08T07:41:24.4230000-06:00,in
37,USC00051772,Snow,1980-09-15T00:00:00.0000000-06:00,0.000000,,,0,,NOAA,2013-08-08T07:41:24.4230000-06:00,in
37,USC00051772,Snow,1980-09-16T00:00:00.0000000-06:00,0.000000,,,0,,NOAA,2013-08-08T07:41:24.4230000-06:00,in
37,USC00051772,Snow,1980-09-17T00:00:00.0000000-06:00,0.000000,,,0,,NOAA,2013-08-08T07:41:24.4230000-06:00,in
37,USC00051772,Snow,1980-09-18T00:00:00.0000000-06:00,0.000000,,,0,,NOAA,2013-08-08T07:41:24.4230000-06:00,in
37,USC00051772,Snow,1980-09-19T00:00:00.0000000-06:00,0.000000,,,0,,NOAA,2013-08-08T07:41:24.4230000-06:00,in
37,USC00051772,Snow,1980-09-20T00:00:00.0000000-06:00,0.000000,,,0,,NOAA,2013-08-08T07:41:24.4230000-06:00,in
37,USC00051772,Snow,1980-09-21T00:00:00.0000000-06:00,0.000000,,,0,,NOAA,2013-08-08T07:41:24.4230000-06:00,in
37,USC00051772,Snow,1980-09-22T00:00:00.0000000-06:00,0.000000,,,0,,NOAA,2013-08-08T07:41:24.4230000-06:00,in
37,USC00051772,Snow,1980-09-23T00:00:00.0000000-06:00,0.000000,,,0,,NOAA,2013-08-08T07:41:24.4230000-06:00,in
37,USC00051772,Snow,1980-09-24T00:00:00.0000000-06:00,0.000000,,,0,,NOAA,2013-08-08T07:41:24.4230000-06:00,in
37,USC00051772,Snow,1980-09-25T00:00:00.0000000-06:00,0.000000,,,0,,NOAA,2013-08-08T07:41:24.4230000-06:00,in
37,USC00051772,Snow,1980-09-26T00:00:00.0000000-06:00,0.000000,,,0,,NOAA,2013-08-08T07:41:24.4230000-06:00,in
37,USC00051772,Snow,1980-09-27T00:00:00.0000000-06:00,0.000000,,,0,,NOAA,2013-08-08T07:41:24.4230000-06:00,in
37,USC00051772,Snow,1980-09-28T00:00:00.0000000-06:00,0.000000,,,0,,NOAA,2013-08-08T07:41:24.4230000-06:00,in
37,USC00051772,Snow,1980-09-29T00:00:00.0000000-06:00,0.000000,,,0,,NOAA,2013-08-08T07:41:24.4230000-06:00,in
37,USC00051772,Snow,1980-09-30T00:00:00.0000000-06:00,0.000000,,,0,,NOAA,2013-08-08T07:41:24.4230000-06:00,in
37,USC00051772,Snow,1980-10-01T00:00:00.0000000-06:00,0.000000,,,0,,NOAA,2013-08-08T07:41:24.4230000-06:00,in
37,USC00051772,Snow,1980-10-02T00:00:00.0000000-06:00,0.000000,,,0,,NOAA,2013-08-08T07:41:24.4230000-06:00,in
37,USC00051772,Snow,1980-10-03T00:00:00.0000000-06:00,0.000000,,,0,,NOAA,2013-08-08T07:41:24.4230000-06:00,in
37,USC00051772,Snow,1980-10-04T00:00:00.0000000-06:00,0.000000,,,0,,NOAA,2013-08-08T07:41:24.4230000-06:00,in
37,USC00051772,Snow,1980-10-05T00:00:00.0000000-06:00,0.000000,,,0,,NOAA,2013-08-08T07:41:24.4230000-06:00,in
37,USC00051772,Snow,1980-10-06T00:00:00.0000000-06:00,0.000000,,,0,,NOAA,2013-08-08T07:41:24.4230000-06:00,in
37,USC00051772,Snow,1980-10-07T00:00:00.0000000-06:00,0.000000,,,0,,NOAA,2013-08-08T07:41:24.4230000-06:00,in
37,USC00051772,Snow,1980-10-08T00:00:00.0000000-06:00,0.000000,,,0,,NOAA,2013-08-08T07:41:24.4230000-06:00,in
37,USC00051772,Snow,1980-10-09T00:00:00.0000000-06:00,0.000000,,,0,,NOAA,2013-08-08T07:41:24.4230000-06:00,in
37,USC00051772,Snow,1980-10-10T00:00:00.0000000-06:00,0.000000,,,0,,NOAA,2013-08-08T07:41:24.4230000-06:00,in
37,USC00051772,Snow,1980-10-11T00:00:00.0000000-06:00,0.000000,,,0,,NOAA,2013-08-08T07:41:24.4230000-06:00,in
37,USC00051772,Snow,1980-10-12T00:00:00.0000000-06:00,0.000000,,,0,,NOAA,2013-08-08T07:41:24.4230000-06:00,in
37,USC00051772,Snow,1980-10-13T00:00:00.0000000-06:00,0.000000,,,0,,NOAA,2013-08-08T07:41:24.4230000-06:00,in
37,USC00051772,Snow,1980-10-14T00:00:00.0000000-06:00,0.000000,,,0,,NOAA,2013-08-08T07:41:24.4230000-06:00,in
37,USC00051772,Snow,1980-10-15T00:00:00.0000000-06:00,0.000000,,,0,,NOAA,2013-08-08T07:41:24.4230000-06:00,in
37,USC00051772,Snow,1980-10-16T00:00:00.0000000-06:00,0.000000,,,0,,NOAA,2013-08-08T07:41:24.4230000-06:00,in
37,USC00051772,Snow,1980-10-17T00:00:00.0000000-06:00,0.000000,,,0,,NOAA,2013-08-08T07:41:24.4230000-06:00,in
37,USC00051772,Snow,1980-10-18T00:00:00.0000000-06:00,0.000000,,,0,,NOAA,2013-08-08T07:41:24.4230000-06:00,in
37,USC00051772,Snow,1980-10-19T00:00:00.0000000-06:00,0.000000,,,0,,NOAA,2013-08-08T07:41:24.4230000-06:00,in
37,USC00051772,Snow,1980-10-20T00:00:00.0000000-06:00,0.000000,,,0,,NOAA,2013-08-08T07:41:24.4230000-06:00,in
37,USC00051772,Snow,1980-10-21T00:00:00.0000000-06:00,0.000000,,,0,,NOAA,2013-08-08T07:41:24.4230000-06:00,in
37,USC00051772,Snow,1980-10-22T00:00:00.0000000-06:00,0.000000,,,0,,NOAA,2013-08-08T07:41:24.4230000-06:00,in
37,USC00051772,Snow,1980-10-23T00:00:00.0000000-06:00,0.000000,,,0,,NOAA,2013-08-08T07:41:24.4230000-06:00,in
37,USC00051772,Snow,1980-10-24T00:00:00.0000000-06:00,0.000000,,,0,,NOAA,2013-08-08T07:41:24.4230000-06:00,in
37,USC00051772,Snow,1980-10-25T00:00:00.0000000-06:00,0.000000,,,0,,NOAA,2013-08-08T07:41:24.4230000-06:00,in
37,USC00051772,Snow,1980-10-26T00:00:00.0000000-06:00,0.000000,,,0,,NOAA,2013-08-08T07:41:24.4230000-06:00,in
37,USC00051772,Snow,1980-10-27T00:00:00.0000000-07:00,0.000000,,,0,,NOAA,2013-08-08T07:41:24.4230000-06:00,in
37,USC00051772,Snow,1980-10-28T00:00:00.0000000-07:00,0.000000,,,0,,NOAA,2013-08-08T07:41:24.4230000-06:00,in
37,USC00051772,Snow,1980-10-29T00:00:00.0000000-07:00,0.000000,,,0,,NOAA,2013-08-08T07:41:24.4230000-06:00,in
37,USC00051772,Snow,1980-10-30T00:00:00.0000000-07:00,0.000000,,,0,,NOAA,2013-08-08T07:41:24.4230000-06:00,in
37,USC00051772,Snow,1980-10-31T00:00:00.0000000-07:00,0.000000,,,0,,NOAA,2013-08-08T07:41:24.4230000-06:00,in
37,USC00051772,Snow,1980-11-01T00:00:00.0000000-07:00,0.000000,,,0,,NOAA,2013-08-08T07:41:24.4230000-06:00,in
37,USC00051772,Snow,1980-11-02T00:00:00.0000000-07:00,0.000000,,,0,,NOAA,2013-08-08T07:41:24.4230000-06:00,in
37,USC00051772,Snow,1980-11-03T00:00:00.0000000-07:00,0.000000,,,0,,NOAA,2013-08-08T07:41:24.4230000-06:00,in
37,USC00051772,Snow,1980-11-04T00:00:00.0000000-07:00,0.000000,,,0,,NOAA,2013-08-08T07:41:24.4230000-06:00,in
37,USC00051772,Snow,1980-11-05T00:00:00.0000000-07:00,0.000000,,,0,,NOAA,2013-08-08T07:41:24.4230000-06:00,in
37,USC00051772,Snow,1980-11-06T00:00:00.0000000-07:00,0.000000,,,0,,NOAA,2013-08-08T07:41:24.4230000-06:00,in
37,USC00051772,Snow,1980-11-07T00:00:00.0000000-07:00,0.000000,,,0,,NOAA,2013-08-08T07:41:24.4230000-06:00,in
37,USC00051772,Snow,1980-11-08T00:00:00.0000000-07:00,0.000000,,,0,,NOAA,2013-08-08T07:41:24.4230000-06:00,in
37,USC00051772,Snow,1980-11-09T00:00:00.0000000-07:00,0.000000,,,0,,NOAA,2013-08-08T07:41:24.4230000-06:00,in
37,USC00051772,Snow,1980-11-10T00:00:00.0000000-07:00,0.000000,,,0,,NOAA,2013-08-08T07:41:24.4230000-06:00,in
37,USC00051772,Snow,1980-11-11T00:00:00.0000000-07:00,0.000000,,,0,,NOAA,2013-08-08T07:41:24.4230000-06:00,in
37,USC00051772,Snow,1980-11-12T00:00:00.0000000-07:00,0.000000,,,0,,NOAA,2013-08-08T07:41:24.4230000-06:00,in
37,USC00051772,Snow,1980-11-13T00:00:00.0000000-07:00,0.000000,,,0,,NOAA,2013-08-08T07:41:24.4230000-06:00,in
37,USC00051772,Snow,1980-11-14T00:00:00.0000000-07:00,0.000000,T,,0,,NOAA,2013-08-08T07:41:24.4230000-06:00,in
37,USC00051772,Snow,1980-11-15T00:00:00.0000000-07:00,0.000000,,,0,,NOAA,2013-08-08T07:41:24.4230000-06:00,in
37,USC00051772,Snow,1980-11-16T00:00:00.0000000-07:00,0.000000,,,0,,NOAA,2013-08-08T07:41:24.4230000-06:00,in
37,USC00051772,Snow,1980-11-17T00:00:00.0000000-07:00,0.000000,,,0,,NOAA,2013-08-08T07:41:24.4230000-06:00,in
37,USC00051772,Snow,1980-11-18T00:00:00.0000000-07:00,0.000000,,,0,,NOAA,2013-08-08T07:41:24.4230000-06:00,in
37,USC00051772,Snow,1980-11-19T00:00:00.0000000-07:00,0.000000,,,0,,NOAA,2013-08-08T07:41:24.4230000-06:00,in
37,USC00051772,Snow,1980-11-20T00:00:00.0000000-07:00,0.000000,,,0,,NOAA,2013-08-08T07:41:24.4230000-06:00,in
37,USC00051772,Snow,1980-11-21T00:00:00.0000000-07:00,0.000000,,,0,,NOAA,2013-08-08T07:41:24.4230000-06:00,in
37,USC00051772,Snow,1980-11-22T00:00:00.0000000-07:00,0.000000,,,0,,NOAA,2013-08-08T07:41:24.4230000-06:00,in
37,USC00051772,Snow,1980-11-23T00:00:00.0000000-07:00,0.000000,,,0,,NOAA,2013-08-08T07:41:24.4230000-06:00,in
37,USC00051772,Snow,1980-11-24T00:00:00.0000000-07:00,1.496063,,,0,,NOAA,2013-08-08T07:41:24.4230000-06:00,in
37,USC00051772,Snow,1980-11-25T00:00:00.0000000-07:00,0.000000,,,0,,NOAA,2013-08-08T07:41:24.4230000-06:00,in
37,USC00051772,Snow,1980-11-26T00:00:00.0000000-07:00,0.000000,,,0,,NOAA,2013-08-08T07:41:24.4230000-06:00,in
37,USC00051772,Snow,1980-11-27T00:00:00.0000000-07:00,0.000000,,,0,,NOAA,2013-08-08T07:41:24.4230000-06:00,in
37,USC00051772,Snow,1980-11-28T00:00:00.0000000-07:00,0.000000,,,0,,NOAA,2013-08-08T07:41:24.4230000-06:00,in
37,USC00051772,Snow,1980-11-29T00:00:00.0000000-07:00,0.000000,,,0,,NOAA,2013-08-08T07:41:24.4230000-06:00,in
37,USC00051772,Snow,1980-11-30T00:00:00.0000000-07:00,0.000000,,,0,,NOAA,2013-08-08T07:41:24.4230000-06:00,in
37,USC00051772,Snow,1980-12-01T00:00:00.0000000-07:00,0.000000,,,0,,NOAA,2013-08-08T07:41:24.4230000-06:00,in
37,USC00051772,Snow,1980-12-02T00:00:00.0000000-07:00,0.000000,,,0,,NOAA,2013-08-08T07:41:24.4230000-06:00,in
37,USC00051772,Snow,1980-12-03T00:00:00.0000000-07:00,0.000000,,,0,,NOAA,2013-08-08T07:41:24.4230000-06:00,in
37,USC00051772,Snow,1980-12-04T00:00:00.0000000-07:00,0.000000,,,0,,NOAA,2013-08-08T07:41:24.4230000-06:00,in
37,USC00051772,Snow,1980-12-05T00:00:00.0000000-07:00,0.000000,,,0,,NOAA,2013-08-08T07:41:24.4230000-06:00,in
37,USC00051772,Snow,1980-12-06T00:00:00.0000000-07:00,0.000000,,,0,,NOAA,2013-08-08T07:41:24.4230000-06:00,in
37,USC00051772,Snow,1980-12-07T00:00:00.0000000-07:00,0.000000,,,0,,NOAA,2013-08-08T07:41:24.4230000-06:00,in
37,USC00051772,Snow,1980-12-08T00:00:00.0000000-07:00,0.000000,,,0,,NOAA,2013-08-08T07:41:24.4230000-06:00,in
37,USC00051772,Snow,1980-12-09T00:00:00.0000000-07:00,0.000000,,,0,,NOAA,2013-08-08T07:41:24.4230000-06:00,in
37,USC00051772,Snow,1980-12-10T00:00:00.0000000-07:00,0.000000,,,0,,NOAA,2013-08-08T07:41:24.4230000-06:00,in
37,USC00051772,Snow,1980-12-11T00:00:00.0000000-07:00,0.000000,,,0,,NOAA,2013-08-08T07:41:24.4230000-06:00,in
37,USC00051772,Snow,1980-12-12T00:00:00.0000000-07:00,0.000000,,,0,,NOAA,2013-08-08T07:41:24.4230000-06:00,in
37,USC00051772,Snow,1980-12-13T00:00:00.0000000-07:00,0.000000,,,0,,NOAA,2013-08-08T07:41:24.4230000-06:00,in
37,USC00051772,Snow,1980-12-14T00:00:00.0000000-07:00,0.000000,,,0,,NOAA,2013-08-08T07:41:24.4230000-06:00,in
37,USC00051772,Snow,1980-12-15T00:00:00.0000000-07:00,0.000000,,,0,,NOAA,2013-08-08T07:41:24.4230000-06:00,in
37,USC00051772,Snow,1980-12-16T00:00:00.0000000-07:00,0.000000,,,0,,NOAA,2013-08-08T07:41:24.4230000-06:00,in
37,USC00051772,Snow,1980-12-17T00:00:00.0000000-07:00,0.000000,,,0,,NOAA,2013-08-08T07:41:24.4230000-06:00,in
37,USC00051772,Snow,1980-12-18T00:00:00.0000000-07:00,0.000000,,,0,,NOAA,2013-08-08T07:41:24.4230000-06:00,in
37,USC00051772,Snow,1980-12-19T00:00:00.0000000-07:00,0.000000,,,0,,NOAA,2013-08-08T07:41:24.4230000-06:00,in
37,USC00051772,Snow,1980-12-20T00:00:00.0000000-07:00,0.000000,,,0,,NOAA,2013-08-08T07:41:24.4230000-06:00,in
37,USC00051772,Snow,1980-12-21T00:00:00.0000000-07:00,0.000000,,,0,,NOAA,2013-08-08T07:41:24.4230000-06:00,in
37,USC00051772,Snow,1980-12-22T00:00:00.0000000-07:00,0.000000,,,0,,NOAA,2013-08-08T07:41:24.4230000-06:00,in
37,USC00051772,Snow,1980-12-23T00:00:00.0000000-07:00,0.000000,,,0,,NOAA,2013-08-08T07:41:24.4230000-06:00,in
37,USC00051772,Snow,1980-12-24T00:00:00.0000000-07:00,0.000000,,,0,,NOAA,2013-08-08T07:41:24.4230000-06:00,in
37,USC00051772,Snow,1980-12-25T00:00:00.0000000-07:00,0.000000,,,0,,NOAA,2013-08-08T07:41:24.4230000-06:00,in
37,USC00051772,Snow,1980-12-26T00:00:00.0000000-07:00,0.000000,,,0,,NOAA,2013-08-08T07:41:24.4230000-06:00,in
37,USC00051772,Snow,1980-12-27T00:00:00.0000000-07:00,0.000000,,,0,,NOAA,2013-08-08T07:41:24.4230000-06:00,in
37,USC00051772,Snow,1980-12-28T00:00:00.0000000-07:00,0.000000,,,0,,NOAA,2013-08-08T07:41:24.4230000-06:00,in
37,USC00051772,Snow,1980-12-29T00:00:00.0000000-07:00,0.000000,,,0,,NOAA,2013-08-08T07:41:24.4230000-06:00,in
37,USC00051772,Snow,1980-12-30T00:00:00.0000000-07:00,0.000000,,,0,,NOAA,2013-08-08T07:41:24.4230000-06:00,in
37,USC00051772,Snow,1980-12-31T00:00:00.0000000-07:00,0.000000,,,0,,NOAA,2013-08-08T07:41:24.4230000-06:00,in
37,USC00051772,Snow,1981-01-01T00:00:00.0000000-07:00,0.000000,,,0,,NOAA,2013-08-08T07:41:24.4230000-06:00,in
37,USC00051772,Snow,1981-01-02T00:00:00.0000000-07:00,0.000000,,,0,,NOAA,2013-08-08T07:41:24.4230000-06:00,in
37,USC00051772,Snow,1981-01-03T00:00:00.0000000-07:00,0.000000,,,0,,NOAA,2013-08-08T07:41:24.4230000-06:00,in
37,USC00051772,Snow,1981-01-04T00:00:00.0000000-07:00,0.000000,,,0,,NOAA,2013-08-08T07:41:24.4230000-06:00,in
37,USC00051772,Snow,1981-01-05T00:00:00.0000000-07:00,1.496063,,,0,,NOAA,2013-08-08T07:41:24.4230000-06:00,in
37,USC00051772,Snow,1981-01-06T00:00:00.0000000-07:00,0.984252,,,0,,NOAA,2013-08-08T07:41:24.4230000-06:00,in
37,USC00051772,Snow,1981-01-07T00:00:00.0000000-07:00,0.000000,,,0,,NOAA,2013-08-08T07:41:24.4230000-06:00,in
37,USC00051772,Snow,1981-01-08T00:00:00.0000000-07:00,0.000000,,,0,,NOAA,2013-08-08T07:41:24.4230000-06:00,in
37,USC00051772,Snow,1981-01-09T00:00:00.0000000-07:00,0.000000,,,0,,NOAA,2013-08-08T07:41:24.4230000-06:00,in
37,USC00051772,Snow,1981-01-10T00:00:00.0000000-07:00,0.000000,,,0,,NOAA,2013-08-08T07:41:24.4230000-06:00,in
37,USC00051772,Snow,1981-01-11T00:00:00.0000000-07:00,0.000000,,,0,,NOAA,2013-08-08T07:41:24.4230000-06:00,in
37,USC00051772,Snow,1981-01-12T00:00:00.0000000-07:00,0.000000,,,0,,NOAA,2013-08-08T07:41:24.4230000-06:00,in
37,USC00051772,Snow,1981-01-13T00:00:00.0000000-07:00,0.000000,,,0,,NOAA,2013-08-08T07:41:24.4230000-06:00,in
37,USC00051772,Snow,1981-01-14T00:00:00.0000000-07:00,0.000000,,,0,,NOAA,2013-08-08T07:41:24.4230000-06:00,in
37,USC00051772,Snow,1981-01-15T00:00:00.0000000-07:00,0.000000,,,0,,NOAA,2013-08-08T07:41:24.4230000-06:00,in
37,USC00051772,Snow,1981-01-16T00:00:00.0000000-07:00,0.000000,,,0,,NOAA,2013-08-08T07:41:24.4230000-06:00,in
37,USC00051772,Snow,1981-01-17T00:00:00.0000000-07:00,0.000000,,,0,,NOAA,2013-08-08T07:41:24.4230000-06:00,in
37,USC00051772,Snow,1981-01-18T00:00:00.0000000-07:00,0.000000,,,0,,NOAA,2013-08-08T07:41:24.4230000-06:00,in
37,USC00051772,Snow,1981-01-19T00:00:00.0000000-07:00,0.000000,,,0,,NOAA,2013-08-08T07:41:24.4230000-06:00,in
37,USC00051772,Snow,1981-01-20T00:00:00.0000000-07:00,0.000000,,,0,,NOAA,2013-08-08T07:41:24.4230000-06:00,in
37,USC00051772,Snow,1981-01-21T00:00:00.0000000-07:00,0.000000,,,0,,NOAA,2013-08-08T07:41:24.4230000-06:00,in
37,USC00051772,Snow,1981-01-22T00:00:00.0000000-07:00,0.000000,,,0,,NOAA,2013-08-08T07:41:24.4230000-06:00,in
37,USC00051772,Snow,1981-01-23T00:00:00.0000000-07:00,0.000000,,,0,,NOAA,2013-08-08T07:41:24.4230000-06:00,in
37,USC00051772,Snow,1981-01-24T00:00:00.0000000-07:00,0.000000,,,0,,NOAA,2013-08-08T07:41:24.4230000-06:00,in
37,USC00051772,Snow,1981-01-25T00:00:00.0000000-07:00,0.000000,,,0,,NOAA,2013-08-08T07:41:24.4230000-06:00,in
37,USC00051772,Snow,1981-01-26T00:00:00.0000000-07:00,0.000000,,,0,,NOAA,2013-08-08T07:41:24.4230000-06:00,in
37,USC00051772,Snow,1981-01-27T00:00:00.0000000-07:00,0.000000,,,0,,NOAA,2013-08-08T07:41:24.4230000-06:00,in
37,USC00051772,Snow,1981-01-28T00:00:00.0000000-07:00,0.000000,,,0,,NOAA,2013-08-08T07:41:24.4230000-06:00,in
37,USC00051772,Snow,1981-01-29T00:00:00.0000000-07:00,2.007874,,,0,,NOAA,2013-08-08T07:41:24.4230000-06:00,in
37,USC00051772,Snow,1981-01-30T00:00:00.0000000-07:00,0.000000,,,0,,NOAA,2013-08-08T07:41:24.4230000-06:00,in
37,USC00051772,Snow,1981-01-31T00:00:00.0000000-07:00,0.196850,,,0,,NOAA,2013-08-08T07:41:24.4230000-06:00,in
37,USC00051772,Snow,1981-02-01T00:00:00.0000000-07:00,0.196850,,,0,,NOAA,2013-08-08T07:41:24.4230000-06:00,in
37,USC00051772,Snow,1981-02-02T00:00:00.0000000-07:00,0.000000,,,0,,NOAA,2013-08-08T07:41:24.4230000-06:00,in
37,USC00051772,Snow,1981-02-03T00:00:00.0000000-07:00,0.000000,,,0,,NOAA,2013-08-08T07:41:24.4230000-06:00,in
37,USC00051772,Snow,1981-02-04T00:00:00.0000000-07:00,0.000000,,,0,,NOAA,2013-08-08T07:41:24.4230000-06:00,in
37,USC00051772,Snow,1981-02-05T00:00:00.0000000-07:00,0.000000,,,0,,NOAA,2013-08-08T07:41:24.4230000-06:00,in
37,USC00051772,Snow,1981-02-06T00:00:00.0000000-07:00,0.000000,,,0,,NOAA,2013-08-08T07:41:24.4230000-06:00,in
37,USC00051772,Snow,1981-02-07T00:00:00.0000000-07:00,0.000000,,,0,,NOAA,2013-08-08T07:41:24.4230000-06:00,in
37,USC00051772,Snow,1981-02-08T00:00:00.0000000-07:00,0.000000,,,0,,NOAA,2013-08-08T07:41:24.4230000-06:00,in
37,USC00051772,Snow,1981-02-09T00:00:00.0000000-07:00,0.000000,,,0,,NOAA,2013-08-08T07:41:24.4230000-06:00,in
37,USC00051772,Snow,1981-02-10T00:00:00.0000000-07:00,0.511811,,,0,,NOAA,2013-08-08T07:41:24.4230000-06:00,in
37,USC00051772,Snow,1981-02-11T00:00:00.0000000-07:00,0.000000,,,0,,NOAA,2013-08-08T07:41:24.4230000-06:00,in
37,USC00051772,Snow,1981-02-12T00:00:00.0000000-07:00,0.000000,,,0,,NOAA,2013-08-08T07:41:24.4230000-06:00,in
37,USC00051772,Snow,1981-02-13T00:00:00.0000000-07:00,0.000000,,,0,,NOAA,2013-08-08T07:41:24.4230000-06:00,in
37,USC00051772,Snow,1981-02-14T00:00:00.0000000-07:00,0.000000,,,0,,NOAA,2013-08-08T07:41:24.4230000-06:00,in
37,USC00051772,Snow,1981-02-15T00:00:00.0000000-07:00,0.000000,,,0,,NOAA,2013-08-08T07:41:24.4230000-06:00,in
37,USC00051772,Snow,1981-02-16T00:00:00.0000000-07:00,0.000000,,,0,,NOAA,2013-08-08T07:41:24.4230000-06:00,in
37,USC00051772,Snow,1981-02-17T00:00:00.0000000-07:00,0.000000,,,0,,NOAA,2013-08-08T07:41:24.4230000-06:00,in
37,USC00051772,Snow,1981-02-18T00:00:00.0000000-07:00,0.000000,,,0,,NOAA,2013-08-08T07:41:24.4230000-06:00,in
37,USC00051772,Snow,1981-02-19T00:00:00.0000000-07:00,0.000000,,,0,,NOAA,2013-08-08T07:41:24.4230000-06:00,in
37,USC00051772,Snow,1981-02-20T00:00:00.0000000-07:00,0.000000,,,0,,NOAA,2013-08-08T07:41:24.4230000-06:00,in
37,USC00051772,Snow,1981-02-21T00:00:00.0000000-07:00,0.000000,,,0,,NOAA,2013-08-08T07:41:24.4230000-06:00,in
37,USC00051772,Snow,1981-02-22T00:00:00.0000000-07:00,0.000000,,,0,,NOAA,2013-08-08T07:41:24.4230000-06:00,in
37,USC00051772,Snow,1981-02-23T00:00:00.0000000-07:00,0.000000,,,0,,NOAA,2013-08-08T07:41:24.4230000-06:00,in
37,USC00051772,Snow,1981-02-24T00:00:00.0000000-07:00,0.000000,,,0,,NOAA,2013-08-08T07:41:24.4230000-06:00,in
37,USC00051772,Snow,1981-02-25T00:00:00.0000000-07:00,0.000000,,,0,,NOAA,2013-08-08T07:41:24.4230000-06:00,in
37,USC00051772,Snow,1981-02-26T00:00:00.0000000-07:00,0.000000,,,0,,NOAA,2013-08-08T07:41:24.4230000-06:00,in
37,USC00051772,Snow,1981-02-27T00:00:00.0000000-07:00,0.000000,,,0,,NOAA,2013-08-08T07:41:24.4230000-06:00,in
37,USC00051772,Snow,1981-02-28T00:00:00.0000000-07:00,0.000000,,,0,,NOAA,2013-08-08T07:41:24.4230000-06:00,in
37,USC00051772,Snow,1981-03-01T00:00:00.0000000-07:00,0.000000,,,0,,NOAA,2013-08-08T07:41:24.4230000-06:00,in
37,USC00051772,Snow,1981-03-02T00:00:00.0000000-07:00,0.000000,,,0,,NOAA,2013-08-08T07:41:24.4230000-06:00,in
37,USC00051772,Snow,1981-03-03T00:00:00.0000000-07:00,0.000000,,,0,,NOAA,2013-08-08T07:41:24.4230000-06:00,in
37,USC00051772,Snow,1981-03-04T00:00:00.0000000-07:00,0.000000,,,0,,NOAA,2013-08-08T07:41:24.4230000-06:00,in
37,USC00051772,Snow,1981-03-05T00:00:00.0000000-07:00,0.000000,,,0,,NOAA,2013-08-08T07:41:24.4230000-06:00,in
37,USC00051772,Snow,1981-03-06T00:00:00.0000000-07:00,0.000000,,,0,,NOAA,2013-08-08T07:41:24.4230000-06:00,in
37,USC00051772,Snow,1981-03-07T00:00:00.0000000-07:00,0.118110,,,0,,NOAA,2013-08-08T07:41:24.4230000-06:00,in
37,USC00051772,Snow,1981-03-08T00:00:00.0000000-07:00,0.000000,,,0,,NOAA,2013-08-08T07:41:24.4230000-06:00,in
37,USC00051772,Snow,1981-03-09T00:00:00.0000000-07:00,0.000000,,,0,,NOAA,2013-08-08T07:41:24.4230000-06:00,in
37,USC00051772,Snow,1981-03-10T00:00:00.0000000-07:00,0.000000,,,0,,NOAA,2013-08-08T07:41:24.4230000-06:00,in
37,USC00051772,Snow,1981-03-11T00:00:00.0000000-07:00,0.000000,,,0,,NOAA,2013-08-08T07:41:24.4230000-06:00,in
37,USC00051772,Snow,1981-03-12T00:00:00.0000000-07:00,0.000000,,,0,,NOAA,2013-08-08T07:41:24.4230000-06:00,in
37,USC00051772,Snow,1981-03-13T00:00:00.0000000-07:00,0.000000,,,0,,NOAA,2013-08-08T07:41:24.4230000-06:00,in
37,USC00051772,Snow,1981-03-14T00:00:00.0000000-07:00,0.000000,,,0,,NOAA,2013-08-08T07:41:24.4230000-06:00,in
37,USC00051772,Snow,1981-03-15T00:00:00.0000000-07:00,0.000000,,,0,,NOAA,2013-08-08T07:41:24.4230000-06:00,in
37,USC00051772,Snow,1981-03-16T00:00:00.0000000-07:00,0.000000,,,0,,NOAA,2013-08-08T07:41:24.4230000-06:00,in
37,USC00051772,Snow,1981-03-17T00:00:00.0000000-07:00,0.000000,,,0,,NOAA,2013-08-08T07:41:24.4230000-06:00,in
37,USC00051772,Snow,1981-03-18T00:00:00.0000000-07:00,0.000000,,,0,,NOAA,2013-08-08T07:41:24.4230000-06:00,in
37,USC00051772,Snow,1981-03-19T00:00:00.0000000-07:00,0.000000,,,0,,NOAA,2013-08-08T07:41:24.4230000-06:00,in
37,USC00051772,Snow,1981-03-20T00:00:00.0000000-07:00,0.000000,,,0,,NOAA,2013-08-08T07:41:24.4230000-06:00,in
37,USC00051772,Snow,1981-03-21T00:00:00.0000000-07:00,0.000000,,,0,,NOAA,2013-08-08T07:41:24.4230000-06:00,in
37,USC00051772,Snow,1981-03-22T00:00:00.0000000-07:00,0.000000,,,0,,NOAA,2013-08-08T07:41:24.4230000-06:00,in
37,USC00051772,Snow,1981-03-23T00:00:00.0000000-07:00,0.000000,,,0,,NOAA,2013-08-08T07:41:24.4230000-06:00,in
37,USC00051772,Snow,1981-03-24T00:00:00.0000000-07:00,0.000000,,,0,,NOAA,2013-08-08T07:41:24.4230000-06:00,in
37,USC00051772,Snow,1981-03-25T00:00:00.0000000-07:00,0.000000,,,0,,NOAA,2013-08-08T07:41:24.4230000-06:00,in
37,USC00051772,Snow,1981-03-26T00:00:00.0000000-07:00,0.000000,,,0,,NOAA,2013-08-08T07:41:24.4230000-06:00,in
37,USC00051772,Snow,1981-03-27T00:00:00.0000000-07:00,0.000000,,,0,,NOAA,2013-08-08T07:41:24.4230000-06:00,in
37,USC00051772,Snow,1981-03-28T00:00:00.0000000-07:00,0.000000,,,0,,NOAA,2013-08-08T07:41:24.4230000-06:00,in
37,USC00051772,Snow,1981-03-29T00:00:00.0000000-07:00,0.000000,,,0,,NOAA,2013-08-08T07:41:24.4230000-06:00,in
37,USC00051772,Snow,1981-03-30T00:00:00.0000000-07:00,0.000000,,,0,,NOAA,2013-08-08T07:41:24.4230000-06:00,in
37,USC00051772,Snow,1981-03-31T00:00:00.0000000-07:00,0.118110,,,0,,NOAA,2013-08-08T07:41:24.4230000-06:00,in
37,USC00051772,Snow,1981-04-01T00:00:00.0000000-07:00,0.000000,,,0,,NOAA,2013-08-08T07:41:24.4230000-06:00,in
37,USC00051772,Snow,1981-04-02T00:00:00.0000000-07:00,0.000000,,,0,,NOAA,2013-08-08T07:41:24.4230000-06:00,in
37,USC00051772,Snow,1981-04-03T00:00:00.0000000-07:00,0.000000,,,0,,NOAA,2013-08-08T07:41:24.4230000-06:00,in
37,USC00051772,Snow,1981-04-04T00:00:00.0000000-07:00,0.511811,,,0,,NOAA,2013-08-08T07:41:24.4230000-06:00,in
37,USC00051772,Snow,1981-04-05T00:00:00.0000000-07:00,0.000000,,,0,,NOAA,2013-08-08T07:41:24.4230000-06:00,in
37,USC00051772,Snow,1981-04-06T00:00:00.0000000-06:00,0.000000,,,0,,NOAA,2013-08-08T07:41:24.4230000-06:00,in
37,USC00051772,Snow,1981-04-07T00:00:00.0000000-06:00,0.000000,,,0,,NOAA,2013-08-08T07:41:24.4230000-06:00,in
37,USC00051772,Snow,1981-04-08T00:00:00.0000000-06:00,0.000000,,,0,,NOAA,2013-08-08T07:41:24.4230000-06:00,in
37,USC00051772,Snow,1981-04-09T00:00:00.0000000-06:00,0.000000,,,0,,NOAA,2013-08-08T07:41:24.4230000-06:00,in
37,USC00051772,Snow,1981-04-10T00:00:00.0000000-06:00,0.000000,,,0,,NOAA,2013-08-08T07:41:24.4230000-06:00,in
37,USC00051772,Snow,1981-04-11T00:00:00.0000000-06:00,0.000000,,,0,,NOAA,2013-08-08T07:41:24.4230000-06:00,in
37,USC00051772,Snow,1981-04-12T00:00:00.0000000-06:00,0.000000,,,0,,NOAA,2013-08-08T07:41:24.4230000-06:00,in
37,USC00051772,Snow,1981-04-13T00:00:00.0000000-06:00,0.000000,,,0,,NOAA,2013-08-08T07:41:24.4230000-06:00,in
37,USC00051772,Snow,1981-04-14T00:00:00.0000000-06:00,0.000000,,,0,,NOAA,2013-08-08T07:41:24.4230000-06:00,in
37,USC00051772,Snow,1981-04-15T00:00:00.0000000-06:00,0.000000,,,0,,NOAA,2013-08-08T07:41:24.4230000-06:00,in
37,USC00051772,Snow,1981-04-16T00:00:00.0000000-06:00,0.000000,,,0,,NOAA,2013-08-08T07:41:24.4230000-06:00,in
37,USC00051772,Snow,1981-04-17T00:00:00.0000000-06:00,0.000000,,,0,,NOAA,2013-08-08T07:41:24.4230000-06:00,in
37,USC00051772,Snow,1981-04-18T00:00:00.0000000-06:00,0.000000,,,0,,NOAA,2013-08-08T07:41:24.4230000-06:00,in
37,USC00051772,Snow,1981-04-19T00:00:00.0000000-06:00,0.000000,,,0,,NOAA,2013-08-08T07:41:24.4230000-06:00,in
37,USC00051772,Snow,1981-04-20T00:00:00.0000000-06:00,0.000000,,,0,,NOAA,2013-08-08T07:41:24.4230000-06:00,in
37,USC00051772,Snow,1981-04-21T00:00:00.0000000-06:00,0.000000,,,0,,NOAA,2013-08-08T07:41:24.4230000-06:00,in
37,USC00051772,Snow,1981-04-22T00:00:00.0000000-06:00,0.000000,,,0,,NOAA,2013-08-08T07:41:24.4230000-06:00,in
37,USC00051772,Snow,1981-04-23T00:00:00.0000000-06:00,0.000000,,,0,,NOAA,2013-08-08T07:41:24.4230000-06:00,in
37,USC00051772,Snow,1981-04-24T00:00:00.0000000-06:00,0.000000,,,0,,NOAA,2013-08-08T07:41:24.4230000-06:00,in
37,USC00051772,Snow,1981-04-25T00:00:00.0000000-06:00,0.000000,,,0,,NOAA,2013-08-08T07:41:24.4230000-06:00,in
37,USC00051772,Snow,1981-04-26T00:00:00.0000000-06:00,0.000000,,,0,,NOAA,2013-08-08T07:41:24.4230000-06:00,in
37,USC00051772,Snow,1981-04-27T00:00:00.0000000-06:00,0.000000,,,0,,NOAA,2013-08-08T07:41:24.4230000-06:00,in
37,USC00051772,Snow,1981-04-28T00:00:00.0000000-06:00,0.000000,,,0,,NOAA,2013-08-08T07:41:24.4230000-06:00,in
37,USC00051772,Snow,1981-04-29T00:00:00.0000000-06:00,0.000000,,,0,,NOAA,2013-08-08T07:41:24.4230000-06:00,in
37,USC00051772,Snow,1981-04-30T00:00:00.0000000-06:00,0.000000,,,0,,NOAA,2013-08-08T07:41:24.4230000-06:00,in
37,USC00051772,Snow,1981-05-01T00:00:00.0000000-06:00,0.000000,,,0,,NOAA,2013-08-08T07:41:24.4230000-06:00,in
37,USC00051772,Snow,1981-05-02T00:00:00.0000000-06:00,0.000000,,,0,,NOAA,2013-08-08T07:41:24.4230000-06:00,in
37,USC00051772,Snow,1981-05-03T00:00:00.0000000-06:00,0.000000,,,0,,NOAA,2013-08-08T07:41:24.4230000-06:00,in
37,USC00051772,Snow,1981-05-04T00:00:00.0000000-06:00,0.000000,,,0,,NOAA,2013-08-08T07:41:24.4230000-06:00,in
37,USC00051772,Snow,1981-05-05T00:00:00.0000000-06:00,0.000000,,,0,,NOAA,2013-08-08T07:41:24.4230000-06:00,in
37,USC00051772,Snow,1981-05-06T00:00:00.0000000-06:00,0.000000,,,0,,NOAA,2013-08-08T07:41:24.4230000-06:00,in
37,USC00051772,Snow,1981-05-07T00:00:00.0000000-06:00,0.000000,,,0,,NOAA,2013-08-08T07:41:24.4230000-06:00,in
37,USC00051772,Snow,1981-05-08T00:00:00.0000000-06:00,0.000000,,,0,,NOAA,2013-08-08T07:41:24.4230000-06:00,in
37,USC00051772,Snow,1981-05-09T00:00:00.0000000-06:00,0.000000,,,0,,NOAA,2013-08-08T07:41:24.4230000-06:00,in
37,USC00051772,Snow,1981-05-10T00:00:00.0000000-06:00,0.000000,,,0,,NOAA,2013-08-08T07:41:24.4230000-06:00,in
37,USC00051772,Snow,1981-05-11T00:00:00.0000000-06:00,0.000000,,,0,,NOAA,2013-08-08T07:41:24.4230000-06:00,in
37,USC00051772,Snow,1981-05-12T00:00:00.0000000-06:00,0.000000,,,0,,NOAA,2013-08-08T07:41:24.4230000-06:00,in
37,USC00051772,Snow,1981-05-13T00:00:00.0000000-06:00,0.000000,,,0,,NOAA,2013-08-08T07:41:24.4230000-06:00,in
37,USC00051772,Snow,1981-05-14T00:00:00.0000000-06:00,0.000000,,,0,,NOAA,2013-08-08T07:41:24.4230000-06:00,in
37,USC00051772,Snow,1981-05-15T00:00:00.0000000-06:00,0.000000,,,0,,NOAA,2013-08-08T07:41:24.4230000-06:00,in
37,USC00051772,Snow,1981-05-16T00:00:00.0000000-06:00,0.000000,,,0,,NOAA,2013-08-08T07:41:24.4230000-06:00,in
37,USC00051772,Snow,1981-05-17T00:00:00.0000000-06:00,0.000000,,,0,,NOAA,2013-08-08T07:41:24.4230000-06:00,in
37,USC00051772,Snow,1981-05-18T00:00:00.0000000-06:00,0.000000,,,0,,NOAA,2013-08-08T07:41:24.4230000-06:00,in
37,USC00051772,Snow,1981-05-19T00:00:00.0000000-06:00,0.000000,,,0,,NOAA,2013-08-08T07:41:24.4230000-06:00,in
37,USC00051772,Snow,1981-05-20T00:00:00.0000000-06:00,0.000000,,,0,,NOAA,2013-08-08T07:41:24.4230000-06:00,in
37,USC00051772,Snow,1981-05-21T00:00:00.0000000-06:00,0.000000,,,0,,NOAA,2013-08-08T07:41:24.4230000-06:00,in
37,USC00051772,Snow,1981-05-22T00:00:00.0000000-06:00,0.000000,,,0,,NOAA,2013-08-08T07:41:24.4230000-06:00,in
37,USC00051772,Snow,1981-05-23T00:00:00.0000000-06:00,0.000000,,,0,,NOAA,2013-08-08T07:41:24.4230000-06:00,in
37,USC00051772,Snow,1981-05-24T00:00:00.0000000-06:00,0.000000,,,0,,NOAA,2013-08-08T07:41:24.4230000-06:00,in
37,USC00051772,Snow,1981-05-25T00:00:00.0000000-06:00,0.000000,,,0,,NOAA,2013-08-08T07:41:24.4230000-06:00,in
37,USC00051772,Snow,1981-05-26T00:00:00.0000000-06:00,0.000000,,,0,,NOAA,2013-08-08T07:41:24.4230000-06:00,in
37,USC00051772,Snow,1981-05-27T00:00:00.0000000-06:00,0.000000,,,0,,NOAA,2013-08-08T07:41:24.4230000-06:00,in
37,USC00051772,Snow,1981-05-28T00:00:00.0000000-06:00,0.000000,,,0,,NOAA,2013-08-08T07:41:24.4230000-06:00,in
37,USC00051772,Snow,1981-05-29T00:00:00.0000000-06:00,0.000000,,,0,,NOAA,2013-08-08T07:41:24.4230000-06:00,in
37,USC00051772,Snow,1981-05-30T00:00:00.0000000-06:00,0.000000,,,0,,NOAA,2013-08-08T07:41:24.4230000-06:00,in
37,USC00051772,Snow,1981-05-31T00:00:00.0000000-06:00,0.000000,,,0,,NOAA,2013-08-08T07:41:24.4230000-06:00,in
37,USC00051772,Snow,1981-06-01T00:00:00.0000000-06:00,0.000000,,,0,,NOAA,2013-08-08T07:41:24.4230000-06:00,in
37,USC00051772,Snow,1981-06-02T00:00:00.0000000-06:00,0.000000,,,0,,NOAA,2013-08-08T07:41:24.4230000-06:00,in
37,USC00051772,Snow,1981-06-03T00:00:00.0000000-06:00,0.000000,,,0,,NOAA,2013-08-08T07:41:24.4230000-06:00,in
37,USC00051772,Snow,1981-06-04T00:00:00.0000000-06:00,0.000000,,,0,,NOAA,2013-08-08T07:41:24.4230000-06:00,in
37,USC00051772,Snow,1981-06-05T00:00:00.0000000-06:00,0.000000,,,0,,NOAA,2013-08-08T07:41:24.4230000-06:00,in
37,USC00051772,Snow,1981-06-06T00:00:00.0000000-06:00,0.000000,,,0,,NOAA,2013-08-08T07:41:24.4230000-06:00,in
37,USC00051772,Snow,1981-06-07T00:00:00.0000000-06:00,0.000000,,,0,,NOAA,2013-08-08T07:41:24.4230000-06:00,in
37,USC00051772,Snow,1981-06-08T00:00:00.0000000-06:00,0.000000,,,0,,NOAA,2013-08-08T07:41:24.4230000-06:00,in
37,USC00051772,Snow,1981-06-09T00:00:00.0000000-06:00,0.000000,,,0,,NOAA,2013-08-08T07:41:24.4230000-06:00,in
37,USC00051772,Snow,1981-06-10T00:00:00.0000000-06:00,0.000000,,,0,,NOAA,2013-08-08T07:41:24.4230000-06:00,in
37,USC00051772,Snow,1981-06-11T00:00:00.0000000-06:00,0.000000,,,0,,NOAA,2013-08-08T07:41:24.4230000-06:00,in
37,USC00051772,Snow,1981-06-12T00:00:00.0000000-06:00,0.000000,,,0,,NOAA,2013-08-08T07:41:24.4230000-06:00,in
37,USC00051772,Snow,1981-06-13T00:00:00.0000000-06:00,0.000000,,,0,,NOAA,2013-08-08T07:41:24.4230000-06:00,in
37,USC00051772,Snow,1981-06-14T00:00:00.0000000-06:00,0.000000,,,0,,NOAA,2013-08-08T07:41:24.4230000-06:00,in
37,USC00051772,Snow,1981-06-15T00:00:00.0000000-06:00,0.000000,,,0,,NOAA,2013-08-08T07:41:24.4230000-06:00,in
37,USC00051772,Snow,1981-06-16T00:00:00.0000000-06:00,0.000000,,,0,,NOAA,2013-08-08T07:41:24.4230000-06:00,in
37,USC00051772,Snow,1981-06-17T00:00:00.0000000-06:00,0.000000,,,0,,NOAA,2013-08-08T07:41:24.4230000-06:00,in
37,USC00051772,Snow,1981-06-18T00:00:00.0000000-06:00,0.000000,,,0,,NOAA,2013-08-08T07:41:24.4230000-06:00,in
37,USC00051772,Snow,1981-06-19T00:00:00.0000000-06:00,0.000000,,,0,,NOAA,2013-08-08T07:41:24.4230000-06:00,in
37,USC00051772,Snow,1981-06-20T00:00:00.0000000-06:00,0.000000,,,0,,NOAA,2013-08-08T07:41:24.4230000-06:00,in
37,USC00051772,Snow,1981-06-21T00:00:00.0000000-06:00,0.000000,,,0,,NOAA,2013-08-08T07:41:24.4230000-06:00,in
37,USC00051772,Snow,1981-06-22T00:00:00.0000000-06:00,0.000000,,,0,,NOAA,2013-08-08T07:41:24.4230000-06:00,in
37,USC00051772,Snow,1981-06-23T00:00:00.0000000-06:00,0.000000,,,0,,NOAA,2013-08-08T07:41:24.4230000-06:00,in
37,USC00051772,Snow,1981-06-24T00:00:00.0000000-06:00,0.000000,,,0,,NOAA,2013-08-08T07:41:24.4230000-06:00,in
37,USC00051772,Snow,1981-06-25T00:00:00.0000000-06:00,0.000000,,,0,,NOAA,2013-08-08T07:41:24.4230000-06:00,in
37,USC00051772,Snow,1981-06-26T00:00:00.0000000-06:00,0.000000,,,0,,NOAA,2013-08-08T07:41:24.4230000-06:00,in
37,USC00051772,Snow,1981-06-27T00:00:00.0000000-06:00,0.000000,,,0,,NOAA,2013-08-08T07:41:24.4230000-06:00,in
37,USC00051772,Snow,1981-06-28T00:00:00.0000000-06:00,0.000000,,,0,,NOAA,2013-08-08T07:41:24.4230000-06:00,in
37,USC00051772,Snow,1981-06-29T00:00:00.0000000-06:00,0.000000,,,0,,NOAA,2013-08-08T07:41:24.4230000-06:00,in
37,USC00051772,Snow,1981-06-30T00:00:00.0000000-06:00,0.000000,,,0,,NOAA,2013-08-08T07:41:24.4230000-06:00,in
37,USC00051772,Snow,1981-07-01T00:00:00.0000000-06:00,0.000000,,,0,,NOAA,2013-08-08T07:41:24.4230000-06:00,in
37,USC00051772,Snow,1981-07-02T00:00:00.0000000-06:00,0.000000,,,0,,NOAA,2013-08-08T07:41:24.4230000-06:00,in
37,USC00051772,Snow,1981-07-03T00:00:00.0000000-06:00,0.000000,,,0,,NOAA,2013-08-08T07:41:24.4230000-06:00,in
37,USC00051772,Snow,1981-07-04T00:00:00.0000000-06:00,0.000000,,,0,,NOAA,2013-08-08T07:41:24.4230000-06:00,in
37,USC00051772,Snow,1981-07-05T00:00:00.0000000-06:00,0.000000,,,0,,NOAA,2013-08-08T07:41:24.4230000-06:00,in
37,USC00051772,Snow,1981-07-06T00:00:00.0000000-06:00,0.000000,,,0,,NOAA,2013-08-08T07:41:24.4230000-06:00,in
37,USC00051772,Snow,1981-07-07T00:00:00.0000000-06:00,0.000000,,,0,,NOAA,2013-08-08T07:41:24.4230000-06:00,in
37,USC00051772,Snow,1981-07-08T00:00:00.0000000-06:00,0.000000,,,0,,NOAA,2013-08-08T07:41:24.4230000-06:00,in
37,USC00051772,Snow,1981-07-09T00:00:00.0000000-06:00,0.000000,,,0,,NOAA,2013-08-08T07:41:24.4230000-06:00,in
37,USC00051772,Snow,1981-07-10T00:00:00.0000000-06:00,0.000000,,,0,,NOAA,2013-08-08T07:41:24.4230000-06:00,in
37,USC00051772,Snow,1981-07-11T00:00:00.0000000-06:00,0.000000,,,0,,NOAA,2013-08-08T07:41:24.4230000-06:00,in
37,USC00051772,Snow,1981-07-12T00:00:00.0000000-06:00,0.000000,,,0,,NOAA,2013-08-08T07:41:24.4230000-06:00,in
37,USC00051772,Snow,1981-07-13T00:00:00.0000000-06:00,0.000000,,,0,,NOAA,2013-08-08T07:41:24.4230000-06:00,in
37,USC00051772,Snow,1981-07-14T00:00:00.0000000-06:00,0.000000,,,0,,NOAA,2013-08-08T07:41:24.4230000-06:00,in
37,USC00051772,Snow,1981-07-15T00:00:00.0000000-06:00,0.000000,,,0,,NOAA,2013-08-08T07:41:24.4230000-06:00,in
37,USC00051772,Snow,1981-07-16T00:00:00.0000000-06:00,0.000000,,,0,,NOAA,2013-08-08T07:41:24.4230000-06:00,in
37,USC00051772,Snow,1981-07-17T00:00:00.0000000-06:00,0.000000,,,0,,NOAA,2013-08-08T07:41:24.4230000-06:00,in
37,USC00051772,Snow,1981-07-18T00:00:00.0000000-06:00,0.000000,,,0,,NOAA,2013-08-08T07:41:24.4230000-06:00,in
37,USC00051772,Snow,1981-07-19T00:00:00.0000000-06:00,0.000000,,,0,,NOAA,2013-08-08T07:41:24.4230000-06:00,in
37,USC00051772,Snow,1981-07-20T00:00:00.0000000-06:00,0.000000,,,0,,NOAA,2013-08-08T07:41:24.4230000-06:00,in
37,USC00051772,Snow,1981-07-21T00:00:00.0000000-06:00,0.000000,,,0,,NOAA,2013-08-08T07:41:24.4230000-06:00,in
37,USC00051772,Snow,1981-07-22T00:00:00.0000000-06:00,0.000000,,,0,,NOAA,2013-08-08T07:41:24.4230000-06:00,in
37,USC00051772,Snow,1981-07-23T00:00:00.0000000-06:00,0.000000,,,0,,NOAA,2013-08-08T07:41:24.4230000-06:00,in
37,USC00051772,Snow,1981-07-24T00:00:00.0000000-06:00,0.000000,,,0,,NOAA,2013-08-08T07:41:24.4230000-06:00,in
37,USC00051772,Snow,1981-07-25T00:00:00.0000000-06:00,0.000000,,,0,,NOAA,2013-08-08T07:41:24.4230000-06:00,in
37,USC00051772,Snow,1981-07-26T00:00:00.0000000-06:00,0.000000,,,0,,NOAA,2013-08-08T07:41:24.4230000-06:00,in
37,USC00051772,Snow,1981-07-27T00:00:00.0000000-06:00,0.000000,,,0,,NOAA,2013-08-08T07:41:24.4230000-06:00,in
37,USC00051772,Snow,1981-07-28T00:00:00.0000000-06:00,0.000000,,,0,,NOAA,2013-08-08T07:41:24.4230000-06:00,in
37,USC00051772,Snow,1981-07-29T00:00:00.0000000-06:00,0.000000,,,0,,NOAA,2013-08-08T07:41:24.4230000-06:00,in
37,USC00051772,Snow,1981-07-30T00:00:00.0000000-06:00,0.000000,,,0,,NOAA,2013-08-08T07:41:24.4230000-06:00,in
37,USC00051772,Snow,1981-07-31T00:00:00.0000000-06:00,0.000000,,,0,,NOAA,2013-08-08T07:41:24.4230000-06:00,in
37,USC00051772,Snow,1981-08-01T00:00:00.0000000-06:00,0.000000,,,0,,NOAA,2013-08-08T07:41:24.4230000-06:00,in
37,USC00051772,Snow,1981-08-02T00:00:00.0000000-06:00,0.000000,,,0,,NOAA,2013-08-08T07:41:24.4230000-06:00,in
37,USC00051772,Snow,1981-08-03T00:00:00.0000000-06:00,0.000000,,,0,,NOAA,2013-08-08T07:41:24.4230000-06:00,in
37,USC00051772,Snow,1981-08-04T00:00:00.0000000-06:00,0.000000,,,0,,NOAA,2013-08-08T07:41:24.4230000-06:00,in
37,USC00051772,Snow,1981-08-05T00:00:00.0000000-06:00,0.000000,,,0,,NOAA,2013-08-08T07:41:24.4230000-06:00,in
37,USC00051772,Snow,1981-08-06T00:00:00.0000000-06:00,0.000000,,,0,,NOAA,2013-08-08T07:41:24.4230000-06:00,in
37,USC00051772,Snow,1981-08-07T00:00:00.0000000-06:00,0.000000,,,0,,NOAA,2013-08-08T07:41:24.4230000-06:00,in
37,USC00051772,Snow,1981-08-08T00:00:00.0000000-06:00,0.000000,,,0,,NOAA,2013-08-08T07:41:24.4230000-06:00,in
37,USC00051772,Snow,1981-08-09T00:00:00.0000000-06:00,0.000000,,,0,,NOAA,2013-08-08T07:41:24.4230000-06:00,in
37,USC00051772,Snow,1981-08-10T00:00:00.0000000-06:00,0.000000,,,0,,NOAA,2013-08-08T07:41:24.4230000-06:00,in
37,USC00051772,Snow,1981-08-11T00:00:00.0000000-06:00,0.000000,,,0,,NOAA,2013-08-08T07:41:24.4230000-06:00,in
37,USC00051772,Snow,1981-08-12T00:00:00.0000000-06:00,0.000000,,,0,,NOAA,2013-08-08T07:41:24.4230000-06:00,in
37,USC00051772,Snow,1981-08-13T00:00:00.0000000-06:00,0.000000,,,0,,NOAA,2013-08-08T07:41:24.4230000-06:00,in
37,USC00051772,Snow,1981-08-14T00:00:00.0000000-06:00,0.000000,,,0,,NOAA,2013-08-08T07:41:24.4230000-06:00,in
37,USC00051772,Snow,1981-08-15T00:00:00.0000000-06:00,0.000000,,,0,,NOAA,2013-08-08T07:41:24.4230000-06:00,in
37,USC00051772,Snow,1981-08-16T00:00:00.0000000-06:00,0.000000,,,0,,NOAA,2013-08-08T07:41:24.4230000-06:00,in
37,USC00051772,Snow,1981-08-17T00:00:00.0000000-06:00,0.000000,,,0,,NOAA,2013-08-08T07:41:24.4230000-06:00,in
37,USC00051772,Snow,1981-08-18T00:00:00.0000000-06:00,0.000000,,,0,,NOAA,2013-08-08T07:41:24.4230000-06:00,in
37,USC00051772,Snow,1981-08-19T00:00:00.0000000-06:00,0.000000,,,0,,NOAA,2013-08-08T07:41:24.4230000-06:00,in
37,USC00051772,Snow,1981-08-20T00:00:00.0000000-06:00,0.000000,,,0,,NOAA,2013-08-08T07:41:24.4230000-06:00,in
37,USC00051772,Snow,1981-08-21T00:00:00.0000000-06:00,0.000000,,,0,,NOAA,2013-08-08T07:41:24.4230000-06:00,in
37,USC00051772,Snow,1981-08-22T00:00:00.0000000-06:00,0.000000,,,0,,NOAA,2013-08-08T07:41:24.4230000-06:00,in
37,USC00051772,Snow,1981-08-23T00:00:00.0000000-06:00,0.000000,,,0,,NOAA,2013-08-08T07:41:24.4230000-06:00,in
37,USC00051772,Snow,1981-08-24T00:00:00.0000000-06:00,0.000000,,,0,,NOAA,2013-08-08T07:41:24.4230000-06:00,in
37,USC00051772,Snow,1981-08-25T00:00:00.0000000-06:00,0.000000,,,0,,NOAA,2013-08-08T07:41:24.4230000-06:00,in
37,USC00051772,Snow,1981-08-26T00:00:00.0000000-06:00,0.000000,,,0,,NOAA,2013-08-08T07:41:24.4230000-06:00,in
37,USC00051772,Snow,1981-08-27T00:00:00.0000000-06:00,0.000000,,,0,,NOAA,2013-08-08T07:41:24.4230000-06:00,in
37,USC00051772,Snow,1981-08-28T00:00:00.0000000-06:00,0.000000,,,0,,NOAA,2013-08-08T07:41:24.4230000-06:00,in
37,USC00051772,Snow,1981-08-29T00:00:00.0000000-06:00,0.000000,,,0,,NOAA,2013-08-08T07:41:24.4230000-06:00,in
37,USC00051772,Snow,1981-08-30T00:00:00.0000000-06:00,0.000000,,,0,,NOAA,2013-08-08T07:41:24.4230000-06:00,in
37,USC00051772,Snow,1981-08-31T00:00:00.0000000-06:00,0.000000,,,0,,NOAA,2013-08-08T07:41:24.4230000-06:00,in
37,USC00051772,Snow,1981-09-01T00:00:00.0000000-06:00,0.000000,,,0,,NOAA,2013-08-08T07:41:24.4230000-06:00,in
37,USC00051772,Snow,1981-09-02T00:00:00.0000000-06:00,0.000000,,,0,,NOAA,2013-08-08T07:41:24.4230000-06:00,in
37,USC00051772,Snow,1981-09-03T00:00:00.0000000-06:00,0.000000,,,0,,NOAA,2013-08-08T07:41:24.4230000-06:00,in
37,USC00051772,Snow,1981-09-04T00:00:00.0000000-06:00,0.000000,,,0,,NOAA,2013-08-08T07:41:24.4230000-06:00,in
37,USC00051772,Snow,1981-09-05T00:00:00.0000000-06:00,0.000000,,,0,,NOAA,2013-08-08T07:41:24.4230000-06:00,in
37,USC00051772,Snow,1981-09-06T00:00:00.0000000-06:00,0.000000,,,0,,NOAA,2013-08-08T07:41:24.4230000-06:00,in
37,USC00051772,Snow,1981-09-07T00:00:00.0000000-06:00,0.000000,,,0,,NOAA,2013-08-08T07:41:24.4230000-06:00,in
37,USC00051772,Snow,1981-09-08T00:00:00.0000000-06:00,0.000000,,,0,,NOAA,2013-08-08T07:41:24.4230000-06:00,in
37,USC00051772,Snow,1981-09-09T00:00:00.0000000-06:00,0.000000,,,0,,NOAA,2013-08-08T07:41:24.4230000-06:00,in
37,USC00051772,Snow,1981-09-10T00:00:00.0000000-06:00,0.000000,,,0,,NOAA,2013-08-08T07:41:24.4230000-06:00,in
37,USC00051772,Snow,1981-09-11T00:00:00.0000000-06:00,0.000000,,,0,,NOAA,2013-08-08T07:41:24.4230000-06:00,in
37,USC00051772,Snow,1981-09-12T00:00:00.0000000-06:00,0.000000,,,0,,NOAA,2013-08-08T07:41:24.4230000-06:00,in
37,USC00051772,Snow,1981-09-13T00:00:00.0000000-06:00,0.000000,,,0,,NOAA,2013-08-08T07:41:24.4230000-06:00,in
37,USC00051772,Snow,1981-09-14T00:00:00.0000000-06:00,0.000000,,,0,,NOAA,2013-08-08T07:41:24.4230000-06:00,in
37,USC00051772,Snow,1981-09-15T00:00:00.0000000-06:00,0.000000,,,0,,NOAA,2013-08-08T07:41:24.4230000-06:00,in
37,USC00051772,Snow,1981-09-16T00:00:00.0000000-06:00,0.000000,,,0,,NOAA,2013-08-08T07:41:24.4230000-06:00,in
37,USC00051772,Snow,1981-09-17T00:00:00.0000000-06:00,0.000000,,,0,,NOAA,2013-08-08T07:41:24.4230000-06:00,in
37,USC00051772,Snow,1981-09-18T00:00:00.0000000-06:00,0.000000,,,0,,NOAA,2013-08-08T07:41:24.4230000-06:00,in
37,USC00051772,Snow,1981-09-19T00:00:00.0000000-06:00,0.000000,,,0,,NOAA,2013-08-08T07:41:24.4230000-06:00,in
37,USC00051772,Snow,1981-09-20T00:00:00.0000000-06:00,0.000000,,,0,,NOAA,2013-08-08T07:41:24.4230000-06:00,in
37,USC00051772,Snow,1981-09-21T00:00:00.0000000-06:00,0.000000,,,0,,NOAA,2013-08-08T07:41:24.4230000-06:00,in
37,USC00051772,Snow,1981-09-22T00:00:00.0000000-06:00,0.000000,,,0,,NOAA,2013-08-08T07:41:24.4230000-06:00,in
37,USC00051772,Snow,1981-09-23T00:00:00.0000000-06:00,0.000000,,,0,,NOAA,2013-08-08T07:41:24.4230000-06:00,in
37,USC00051772,Snow,1981-09-24T00:00:00.0000000-06:00,0.000000,,,0,,NOAA,2013-08-08T07:41:24.4230000-06:00,in
37,USC00051772,Snow,1981-09-25T00:00:00.0000000-06:00,0.000000,,,0,,NOAA,2013-08-08T07:41:24.4230000-06:00,in
37,USC00051772,Snow,1981-09-26T00:00:00.0000000-06:00,0.000000,,,0,,NOAA,2013-08-08T07:41:24.4230000-06:00,in
37,USC00051772,Snow,1981-09-27T00:00:00.0000000-06:00,0.000000,,,0,,NOAA,2013-08-08T07:41:24.4230000-06:00,in
37,USC00051772,Snow,1981-09-28T00:00:00.0000000-06:00,0.000000,,,0,,NOAA,2013-08-08T07:41:24.4230000-06:00,in
37,USC00051772,Snow,1981-09-29T00:00:00.0000000-06:00,0.000000,,,0,,NOAA,2013-08-08T07:41:24.4230000-06:00,in
37,USC00051772,Snow,1981-09-30T00:00:00.0000000-06:00,0.000000,,,0,,NOAA,2013-08-08T07:41:24.4230000-06:00,in
37,USC00051772,Snow,1981-10-01T00:00:00.0000000-06:00,0.000000,,,0,,NOAA,2013-08-08T07:41:24.4230000-06:00,in
37,USC00051772,Snow,1981-10-02T00:00:00.0000000-06:00,0.000000,,,0,,NOAA,2013-08-08T07:41:24.4230000-06:00,in
37,USC00051772,Snow,1981-10-03T00:00:00.0000000-06:00,0.000000,,,0,,NOAA,2013-08-08T07:41:24.4230000-06:00,in
37,USC00051772,Snow,1981-10-04T00:00:00.0000000-06:00,0.000000,,,0,,NOAA,2013-08-08T07:41:24.4230000-06:00,in
37,USC00051772,Snow,1981-10-05T00:00:00.0000000-06:00,0.000000,,,0,,NOAA,2013-08-08T07:41:24.4230000-06:00,in
37,USC00051772,Snow,1981-10-06T00:00:00.0000000-06:00,0.000000,,,0,,NOAA,2013-08-08T07:41:24.4230000-06:00,in
37,USC00051772,Snow,1981-10-07T00:00:00.0000000-06:00,0.000000,,,0,,NOAA,2013-08-08T07:41:24.4230000-06:00,in
37,USC00051772,Snow,1981-10-08T00:00:00.0000000-06:00,0.000000,,,0,,NOAA,2013-08-08T07:41:24.4230000-06:00,in
37,USC00051772,Snow,1981-10-09T00:00:00.0000000-06:00,0.000000,,,0,,NOAA,2013-08-08T07:41:24.4230000-06:00,in
37,USC00051772,Snow,1981-10-10T00:00:00.0000000-06:00,0.000000,,,0,,NOAA,2013-08-08T07:41:24.4230000-06:00,in
37,USC00051772,Snow,1981-10-11T00:00:00.0000000-06:00,0.000000,,,0,,NOAA,2013-08-08T07:41:24.4230000-06:00,in
37,USC00051772,Snow,1981-10-12T00:00:00.0000000-06:00,0.000000,,,0,,NOAA,2013-08-08T07:41:24.4230000-06:00,in
37,USC00051772,Snow,1981-10-13T00:00:00.0000000-06:00,0.000000,,,0,,NOAA,2013-08-08T07:41:24.4230000-06:00,in
37,USC00051772,Snow,1981-10-14T00:00:00.0000000-06:00,0.000000,,,0,,NOAA,2013-08-08T07:41:24.4230000-06:00,in
37,USC00051772,Snow,1981-10-15T00:00:00.0000000-06:00,0.000000,,,0,,NOAA,2013-08-08T07:41:24.4230000-06:00,in
37,USC00051772,Snow,1981-10-16T00:00:00.0000000-06:00,0.000000,,,0,,NOAA,2013-08-08T07:41:24.4230000-06:00,in
37,USC00051772,Snow,1981-10-17T00:00:00.0000000-06:00,0.000000,,,0,,NOAA,2013-08-08T07:41:24.4230000-06:00,in
37,USC00051772,Snow,1981-10-18T00:00:00.0000000-06:00,0.000000,,,0,,NOAA,2013-08-08T07:41:24.4230000-06:00,in
37,USC00051772,Snow,1981-10-19T00:00:00.0000000-06:00,0.000000,,,0,,NOAA,2013-08-08T07:41:24.4230000-06:00,in
37,USC00051772,Snow,1981-10-20T00:00:00.0000000-06:00,0.000000,,,0,,NOAA,2013-08-08T07:41:24.4230000-06:00,in
37,USC00051772,Snow,1981-10-21T00:00:00.0000000-06:00,0.000000,,,0,,NOAA,2013-08-08T07:41:24.4230000-06:00,in
37,USC00051772,Snow,1981-10-22T00:00:00.0000000-06:00,0.000000,,,0,,NOAA,2013-08-08T07:41:24.4230000-06:00,in
37,USC00051772,Snow,1981-10-23T00:00:00.0000000-06:00,0.000000,,,0,,NOAA,2013-08-08T07:41:24.4230000-06:00,in
37,USC00051772,Snow,1981-10-24T00:00:00.0000000-06:00,0.000000,,,0,,NOAA,2013-08-08T07:41:24.4230000-06:00,in
37,USC00051772,Snow,1981-10-25T00:00:00.0000000-06:00,0.000000,,,0,,NOAA,2013-08-08T07:41:24.4230000-06:00,in
37,USC00051772,Snow,1981-10-26T00:00:00.0000000-07:00,0.000000,,,0,,NOAA,2013-08-08T07:41:24.4230000-06:00,in
37,USC00051772,Snow,1981-10-27T00:00:00.0000000-07:00,0.000000,,,0,,NOAA,2013-08-08T07:41:24.4230000-06:00,in
37,USC00051772,Snow,1981-10-28T00:00:00.0000000-07:00,0.000000,,,0,,NOAA,2013-08-08T07:41:24.4230000-06:00,in
37,USC00051772,Snow,1981-10-29T00:00:00.0000000-07:00,0.000000,,,0,,NOAA,2013-08-08T07:41:24.4230000-06:00,in
37,USC00051772,Snow,1981-10-30T00:00:00.0000000-07:00,0.000000,,,0,,NOAA,2013-08-08T07:41:24.4230000-06:00,in
37,USC00051772,Snow,1981-10-31T00:00:00.0000000-07:00,0.000000,,,0,,NOAA,2013-08-08T07:41:24.4230000-06:00,in
37,USC00051772,Snow,1981-11-01T00:00:00.0000000-07:00,0.000000,,,0,,NOAA,2013-08-08T07:41:24.4230000-06:00,in
37,USC00051772,Snow,1981-11-02T00:00:00.0000000-07:00,0.000000,,,0,,NOAA,2013-08-08T07:41:24.4230000-06:00,in
37,USC00051772,Snow,1981-11-03T00:00:00.0000000-07:00,0.000000,,,0,,NOAA,2013-08-08T07:41:24.4230000-06:00,in
37,USC00051772,Snow,1981-11-04T00:00:00.0000000-07:00,0.000000,,,0,,NOAA,2013-08-08T07:41:24.4230000-06:00,in
37,USC00051772,Snow,1981-11-05T00:00:00.0000000-07:00,0.000000,,,0,,NOAA,2013-08-08T07:41:24.4230000-06:00,in
37,USC00051772,Snow,1981-11-06T00:00:00.0000000-07:00,0.000000,,,0,,NOAA,2013-08-08T07:41:24.4230000-06:00,in
37,USC00051772,Snow,1981-11-07T00:00:00.0000000-07:00,0.000000,,,0,,NOAA,2013-08-08T07:41:24.4230000-06:00,in
37,USC00051772,Snow,1981-11-08T00:00:00.0000000-07:00,0.000000,,,0,,NOAA,2013-08-08T07:41:24.4230000-06:00,in
37,USC00051772,Snow,1981-11-09T00:00:00.0000000-07:00,0.000000,,,0,,NOAA,2013-08-08T07:41:24.4230000-06:00,in
37,USC00051772,Snow,1981-11-10T00:00:00.0000000-07:00,0.000000,,,0,,NOAA,2013-08-08T07:41:24.4230000-06:00,in
37,USC00051772,Snow,1981-11-11T00:00:00.0000000-07:00,0.000000,,,0,,NOAA,2013-08-08T07:41:24.4230000-06:00,in
37,USC00051772,Snow,1981-11-12T00:00:00.0000000-07:00,0.000000,,,0,,NOAA,2013-08-08T07:41:24.4230000-06:00,in
37,USC00051772,Snow,1981-11-13T00:00:00.0000000-07:00,0.000000,,,0,,NOAA,2013-08-08T07:41:24.4230000-06:00,in
37,USC00051772,Snow,1981-11-14T00:00:00.0000000-07:00,0.000000,,,0,,NOAA,2013-08-08T07:41:24.4230000-06:00,in
37,USC00051772,Snow,1981-11-15T00:00:00.0000000-07:00,0.000000,,,0,,NOAA,2013-08-08T07:41:24.4230000-06:00,in
37,USC00051772,Snow,1981-11-16T00:00:00.0000000-07:00,0.000000,,,0,,NOAA,2013-08-08T07:41:24.4230000-06:00,in
37,USC00051772,Snow,1981-11-17T00:00:00.0000000-07:00,0.000000,,,0,,NOAA,2013-08-08T07:41:24.4230000-06:00,in
37,USC00051772,Snow,1981-11-18T00:00:00.0000000-07:00,0.000000,,,0,,NOAA,2013-08-08T07:41:24.4230000-06:00,in
37,USC00051772,Snow,1981-11-19T00:00:00.0000000-07:00,0.000000,,,0,,NOAA,2013-08-08T07:41:24.4230000-06:00,in
37,USC00051772,Snow,1981-11-20T00:00:00.0000000-07:00,0.000000,,,0,,NOAA,2013-08-08T07:41:24.4230000-06:00,in
37,USC00051772,Snow,1981-11-21T00:00:00.0000000-07:00,0.000000,,,0,,NOAA,2013-08-08T07:41:24.4230000-06:00,in
37,USC00051772,Snow,1981-11-22T00:00:00.0000000-07:00,0.000000,,,0,,NOAA,2013-08-08T07:41:24.4230000-06:00,in
37,USC00051772,Snow,1981-11-23T00:00:00.0000000-07:00,0.000000,,,0,,NOAA,2013-08-08T07:41:24.4230000-06:00,in
37,USC00051772,Snow,1981-11-24T00:00:00.0000000-07:00,0.000000,,,0,,NOAA,2013-08-08T07:41:24.4230000-06:00,in
37,USC00051772,Snow,1981-11-25T00:00:00.0000000-07:00,0.000000,,,0,,NOAA,2013-08-08T07:41:24.4230000-06:00,in
37,USC00051772,Snow,1981-11-26T00:00:00.0000000-07:00,0.000000,T,,0,,NOAA,2013-08-08T07:41:24.4230000-06:00,in
37,USC00051772,Snow,1981-11-27T00:00:00.0000000-07:00,0.000000,,,0,,NOAA,2013-08-08T07:41:24.4230000-06:00,in
37,USC00051772,Snow,1981-11-28T00:00:00.0000000-07:00,2.007874,,,0,,NOAA,2013-08-08T07:41:24.4230000-06:00,in
37,USC00051772,Snow,1981-11-29T00:00:00.0000000-07:00,0.000000,T,,0,,NOAA,2013-08-08T07:41:24.4230000-06:00,in
37,USC00051772,Snow,1981-11-30T00:00:00.0000000-07:00,0.000000,,,0,,NOAA,2013-08-08T07:41:24.4230000-06:00,in
37,USC00051772,Snow,1981-12-01T00:00:00.0000000-07:00,0.000000,,,0,,NOAA,2013-08-08T07:41:24.4230000-06:00,in
37,USC00051772,Snow,1981-12-02T00:00:00.0000000-07:00,0.000000,,,0,,NOAA,2013-08-08T07:41:24.4230000-06:00,in
37,USC00051772,Snow,1981-12-03T00:00:00.0000000-07:00,0.000000,,,0,,NOAA,2013-08-08T07:41:24.4230000-06:00,in
37,USC00051772,Snow,1981-12-04T00:00:00.0000000-07:00,0.000000,,,0,,NOAA,2013-08-08T07:41:24.4230000-06:00,in
37,USC00051772,Snow,1981-12-05T00:00:00.0000000-07:00,0.000000,,,0,,NOAA,2013-08-08T07:41:24.4230000-06:00,in
37,USC00051772,Snow,1981-12-06T00:00:00.0000000-07:00,0.000000,,,0,,NOAA,2013-08-08T07:41:24.4230000-06:00,in
37,USC00051772,Snow,1981-12-07T00:00:00.0000000-07:00,0.000000,,,0,,NOAA,2013-08-08T07:41:24.4230000-06:00,in
37,USC00051772,Snow,1981-12-08T00:00:00.0000000-07:00,0.000000,,,0,,NOAA,2013-08-08T07:41:24.4230000-06:00,in
37,USC00051772,Snow,1981-12-09T00:00:00.0000000-07:00,0.000000,,,0,,NOAA,2013-08-08T07:41:24.4230000-06:00,in
37,USC00051772,Snow,1981-12-10T00:00:00.0000000-07:00,0.000000,,,0,,NOAA,2013-08-08T07:41:24.4230000-06:00,in
37,USC00051772,Snow,1981-12-11T00:00:00.0000000-07:00,0.000000,,,0,,NOAA,2013-08-08T07:41:24.4230000-06:00,in
37,USC00051772,Snow,1981-12-12T00:00:00.0000000-07:00,0.000000,,,0,,NOAA,2013-08-08T07:41:24.4230000-06:00,in
37,USC00051772,Snow,1981-12-13T00:00:00.0000000-07:00,0.000000,,,0,,NOAA,2013-08-08T07:41:24.4230000-06:00,in
37,USC00051772,Snow,1981-12-14T00:00:00.0000000-07:00,0.000000,,,0,,NOAA,2013-08-08T07:41:24.4230000-06:00,in
37,USC00051772,Snow,1981-12-15T00:00:00.0000000-07:00,0.000000,,,0,,NOAA,2013-08-08T07:41:24.4230000-06:00,in
37,USC00051772,Snow,1981-12-16T00:00:00.0000000-07:00,0.000000,,,0,,NOAA,2013-08-08T07:41:24.4230000-06:00,in
37,USC00051772,Snow,1981-12-17T00:00:00.0000000-07:00,0.000000,,,0,,NOAA,2013-08-08T07:41:24.4230000-06:00,in
37,USC00051772,Snow,1981-12-18T00:00:00.0000000-07:00,0.000000,,,0,,NOAA,2013-08-08T07:41:24.4230000-06:00,in
37,USC00051772,Snow,1981-12-19T00:00:00.0000000-07:00,0.000000,,,0,,NOAA,2013-08-08T07:41:24.4230000-06:00,in
37,USC00051772,Snow,1981-12-20T00:00:00.0000000-07:00,0.000000,,,0,,NOAA,2013-08-08T07:41:24.4230000-06:00,in
37,USC00051772,Snow,1981-12-21T00:00:00.0000000-07:00,2.007874,,,0,,NOAA,2013-08-08T07:41:24.4230000-06:00,in
37,USC00051772,Snow,1981-12-22T00:00:00.0000000-07:00,1.496063,,,0,,NOAA,2013-08-08T07:41:24.4230000-06:00,in
37,USC00051772,Snow,1981-12-23T00:00:00.0000000-07:00,0.000000,,,0,,NOAA,2013-08-08T07:41:24.4230000-06:00,in
37,USC00051772,Snow,1981-12-24T00:00:00.0000000-07:00,0.000000,,,0,,NOAA,2013-08-08T07:41:24.4230000-06:00,in
37,USC00051772,Snow,1981-12-25T00:00:00.0000000-07:00,0.000000,T,,0,,NOAA,2013-08-08T07:41:24.4230000-06:00,in
37,USC00051772,Snow,1981-12-26T00:00:00.0000000-07:00,0.000000,,,0,,NOAA,2013-08-08T07:41:24.4230000-06:00,in
37,USC00051772,Snow,1981-12-27T00:00:00.0000000-07:00,0.511811,,,0,,NOAA,2013-08-08T07:41:24.4230000-06:00,in
37,USC00051772,Snow,1981-12-28T00:00:00.0000000-07:00,0.000000,,,0,,NOAA,2013-08-08T07:41:24.4230000-06:00,in
37,USC00051772,Snow,1981-12-29T00:00:00.0000000-07:00,0.000000,,,0,,NOAA,2013-08-08T07:41:24.4230000-06:00,in
37,USC00051772,Snow,1981-12-30T00:00:00.0000000-07:00,0.511811,,,0,,NOAA,2013-08-08T07:41:24.4230000-06:00,in
37,USC00051772,Snow,1981-12-31T00:00:00.0000000-07:00,3.503937,,,0,,NOAA,2013-08-08T07:41:24.4230000-06:00,in
37,USC00051772,Snow,1982-01-01T00:00:00.0000000-07:00,1.496063,,,0,,NOAA,2013-08-08T07:41:24.4230000-06:00,in
37,USC00051772,Snow,1982-01-02T00:00:00.0000000-07:00,3.503937,,,0,,NOAA,2013-08-08T07:41:24.4230000-06:00,in
37,USC00051772,Snow,1982-01-03T00:00:00.0000000-07:00,0.000000,P,,0,,NOAA,2013-08-08T07:41:24.4230000-06:00,in
37,USC00051772,Snow,1982-01-04T00:00:00.0000000-07:00,0.000000,P,,0,,NOAA,2013-08-08T07:41:24.4230000-06:00,in
37,USC00051772,Snow,1982-01-05T00:00:00.0000000-07:00,1.181102,,,0,,NOAA,2013-08-08T07:41:24.4230000-06:00,in
37,USC00051772,Snow,1982-01-06T00:00:00.0000000-07:00,2.992126,,,0,,NOAA,2013-08-08T07:41:24.4230000-06:00,in
37,USC00051772,Snow,1982-01-07T00:00:00.0000000-07:00,0.000000,P,,0,,NOAA,2013-08-08T07:41:24.4230000-06:00,in
37,USC00051772,Snow,1982-01-08T00:00:00.0000000-07:00,0.000000,P,,0,,NOAA,2013-08-08T07:41:24.4230000-06:00,in
37,USC00051772,Snow,1982-01-09T00:00:00.0000000-07:00,0.000000,P,,0,,NOAA,2013-08-08T07:41:24.4230000-06:00,in
37,USC00051772,Snow,1982-01-10T00:00:00.0000000-07:00,0.000000,P,,0,,NOAA,2013-08-08T07:41:24.4230000-06:00,in
37,USC00051772,Snow,1982-01-11T00:00:00.0000000-07:00,0.000000,P,,0,,NOAA,2013-08-08T07:41:24.4230000-06:00,in
37,USC00051772,Snow,1982-01-12T00:00:00.0000000-07:00,0.000000,P,,0,,NOAA,2013-08-08T07:41:24.4230000-06:00,in
37,USC00051772,Snow,1982-01-13T00:00:00.0000000-07:00,0.000000,P,,0,,NOAA,2013-08-08T07:41:24.4230000-06:00,in
37,USC00051772,Snow,1982-01-14T00:00:00.0000000-07:00,0.000000,P,,0,,NOAA,2013-08-08T07:41:24.4230000-06:00,in
37,USC00051772,Snow,1982-01-15T00:00:00.0000000-07:00,0.000000,P,,0,,NOAA,2013-08-08T07:41:24.4230000-06:00,in
37,USC00051772,Snow,1982-01-16T00:00:00.0000000-07:00,0.000000,P,,0,,NOAA,2013-08-08T07:41:24.4230000-06:00,in
37,USC00051772,Snow,1982-01-17T00:00:00.0000000-07:00,0.000000,P,,0,,NOAA,2013-08-08T07:41:24.4230000-06:00,in
37,USC00051772,Snow,1982-01-18T00:00:00.0000000-07:00,0.000000,P,,0,,NOAA,2013-08-08T07:41:24.4230000-06:00,in
37,USC00051772,Snow,1982-01-19T00:00:00.0000000-07:00,0.000000,P,,0,,NOAA,2013-08-08T07:41:24.4230000-06:00,in
37,USC00051772,Snow,1982-01-20T00:00:00.0000000-07:00,0.000000,P,,0,,NOAA,2013-08-08T07:41:24.4230000-06:00,in
37,USC00051772,Snow,1982-01-21T00:00:00.0000000-07:00,0.000000,P,,0,,NOAA,2013-08-08T07:41:24.4230000-06:00,in
37,USC00051772,Snow,1982-01-22T00:00:00.0000000-07:00,2.992126,,,0,,NOAA,2013-08-08T07:41:24.4230000-06:00,in
37,USC00051772,Snow,1982-01-23T00:00:00.0000000-07:00,0.000000,P,,0,,NOAA,2013-08-08T07:41:24.4230000-06:00,in
37,USC00051772,Snow,1982-01-24T00:00:00.0000000-07:00,0.000000,P,,0,,NOAA,2013-08-08T07:41:24.4230000-06:00,in
37,USC00051772,Snow,1982-01-25T00:00:00.0000000-07:00,0.000000,P,,0,,NOAA,2013-08-08T07:41:24.4230000-06:00,in
37,USC00051772,Snow,1982-01-26T00:00:00.0000000-07:00,0.000000,P,,0,,NOAA,2013-08-08T07:41:24.4230000-06:00,in
37,USC00051772,Snow,1982-01-27T00:00:00.0000000-07:00,0.000000,P,,0,,NOAA,2013-08-08T07:41:24.4230000-06:00,in
37,USC00051772,Snow,1982-01-28T00:00:00.0000000-07:00,0.000000,P,,0,,NOAA,2013-08-08T07:41:24.4230000-06:00,in
37,USC00051772,Snow,1982-01-29T00:00:00.0000000-07:00,0.000000,P,,0,,NOAA,2013-08-08T07:41:24.4230000-06:00,in
37,USC00051772,Snow,1982-01-30T00:00:00.0000000-07:00,0.000000,P,,0,,NOAA,2013-08-08T07:41:24.4230000-06:00,in
37,USC00051772,Snow,1982-01-31T00:00:00.0000000-07:00,0.000000,P,,0,,NOAA,2013-08-08T07:41:24.4230000-06:00,in
37,USC00051772,Snow,1982-02-01T00:00:00.0000000-07:00,0.000000,P,,0,,NOAA,2013-08-08T07:41:24.4230000-06:00,in
37,USC00051772,Snow,1982-02-02T00:00:00.0000000-07:00,0.000000,P,,0,,NOAA,2013-08-08T07:41:24.4230000-06:00,in
37,USC00051772,Snow,1982-02-03T00:00:00.0000000-07:00,0.000000,P,,0,,NOAA,2013-08-08T07:41:24.4230000-06:00,in
37,USC00051772,Snow,1982-02-04T00:00:00.0000000-07:00,2.519685,,,0,,NOAA,2013-08-08T07:41:24.4230000-06:00,in
37,USC00051772,Snow,1982-02-05T00:00:00.0000000-07:00,0.000000,P,,0,,NOAA,2013-08-08T07:41:24.4230000-06:00,in
37,USC00051772,Snow,1982-02-06T00:00:00.0000000-07:00,0.000000,P,,0,,NOAA,2013-08-08T07:41:24.4230000-06:00,in
37,USC00051772,Snow,1982-02-07T00:00:00.0000000-07:00,0.000000,P,,0,,NOAA,2013-08-08T07:41:24.4230000-06:00,in
37,USC00051772,Snow,1982-02-08T00:00:00.0000000-07:00,0.000000,P,,0,,NOAA,2013-08-08T07:41:24.4230000-06:00,in
37,USC00051772,Snow,1982-02-09T00:00:00.0000000-07:00,0.000000,P,,0,,NOAA,2013-08-08T07:41:24.4230000-06:00,in
37,USC00051772,Snow,1982-02-10T00:00:00.0000000-07:00,0.000000,P,,0,,NOAA,2013-08-08T07:41:24.4230000-06:00,in
37,USC00051772,Snow,1982-02-11T00:00:00.0000000-07:00,2.992126,,,0,,NOAA,2013-08-08T07:41:24.4230000-06:00,in
37,USC00051772,Snow,1982-02-12T00:00:00.0000000-07:00,0.000000,P,,0,,NOAA,2013-08-08T07:41:24.4230000-06:00,in
37,USC00051772,Snow,1982-02-13T00:00:00.0000000-07:00,0.000000,P,,0,,NOAA,2013-08-08T07:41:24.4230000-06:00,in
37,USC00051772,Snow,1982-02-14T00:00:00.0000000-07:00,0.000000,P,,0,,NOAA,2013-08-08T07:41:24.4230000-06:00,in
37,USC00051772,Snow,1982-02-15T00:00:00.0000000-07:00,0.000000,P,,0,,NOAA,2013-08-08T07:41:24.4230000-06:00,in
37,USC00051772,Snow,1982-02-16T00:00:00.0000000-07:00,0.000000,P,,0,,NOAA,2013-08-08T07:41:24.4230000-06:00,in
37,USC00051772,Snow,1982-02-17T00:00:00.0000000-07:00,0.984252,,,0,,NOAA,2013-08-08T07:41:24.4230000-06:00,in
37,USC00051772,Snow,1982-02-18T00:00:00.0000000-07:00,0.000000,P,,0,,NOAA,2013-08-08T07:41:24.4230000-06:00,in
37,USC00051772,Snow,1982-02-19T00:00:00.0000000-07:00,0.000000,P,,0,,NOAA,2013-08-08T07:41:24.4230000-06:00,in
37,USC00051772,Snow,1982-02-20T00:00:00.0000000-07:00,0.000000,P,,0,,NOAA,2013-08-08T07:41:24.4230000-06:00,in
37,USC00051772,Snow,1982-02-21T00:00:00.0000000-07:00,0.000000,P,,0,,NOAA,2013-08-08T07:41:24.4230000-06:00,in
37,USC00051772,Snow,1982-02-22T00:00:00.0000000-07:00,0.000000,P,,0,,NOAA,2013-08-08T07:41:24.4230000-06:00,in
37,USC00051772,Snow,1982-02-23T00:00:00.0000000-07:00,0.000000,P,,0,,NOAA,2013-08-08T07:41:24.4230000-06:00,in
37,USC00051772,Snow,1982-02-24T00:00:00.0000000-07:00,0.000000,P,,0,,NOAA,2013-08-08T07:41:24.4230000-06:00,in
37,USC00051772,Snow,1982-02-25T00:00:00.0000000-07:00,0.000000,P,,0,,NOAA,2013-08-08T07:41:24.4230000-06:00,in
37,USC00051772,Snow,1982-02-26T00:00:00.0000000-07:00,0.000000,P,,0,,NOAA,2013-08-08T07:41:24.4230000-06:00,in
37,USC00051772,Snow,1982-02-27T00:00:00.0000000-07:00,0.000000,P,,0,,NOAA,2013-08-08T07:41:24.4230000-06:00,in
37,USC00051772,Snow,1982-02-28T00:00:00.0000000-07:00,0.000000,P,,0,,NOAA,2013-08-08T07:41:24.4230000-06:00,in
37,USC00051772,Snow,1982-03-01T00:00:00.0000000-07:00,0.000000,P,,0,,NOAA,2013-08-08T07:41:24.4230000-06:00,in
37,USC00051772,Snow,1982-03-02T00:00:00.0000000-07:00,0.000000,P,,0,,NOAA,2013-08-08T07:41:24.4230000-06:00,in
37,USC00051772,Snow,1982-03-03T00:00:00.0000000-07:00,0.000000,P,,0,,NOAA,2013-08-08T07:41:24.4230000-06:00,in
37,USC00051772,Snow,1982-03-04T00:00:00.0000000-07:00,0.984252,,,0,,NOAA,2013-08-08T07:41:24.4230000-06:00,in
37,USC00051772,Snow,1982-03-05T00:00:00.0000000-07:00,0.000000,P,,0,,NOAA,2013-08-08T07:41:24.4230000-06:00,in
37,USC00051772,Snow,1982-03-06T00:00:00.0000000-07:00,0.000000,P,,0,,NOAA,2013-08-08T07:41:24.4230000-06:00,in
37,USC00051772,Snow,1982-03-07T00:00:00.0000000-07:00,0.000000,P,,0,,NOAA,2013-08-08T07:41:24.4230000-06:00,in
37,USC00051772,Snow,1982-03-08T00:00:00.0000000-07:00,0.000000,P,,0,,NOAA,2013-08-08T07:41:24.4230000-06:00,in
37,USC00051772,Snow,1982-03-09T00:00:00.0000000-07:00,0.000000,P,,0,,NOAA,2013-08-08T07:41:24.4230000-06:00,in
37,USC00051772,Snow,1982-03-10T00:00:00.0000000-07:00,0.000000,P,,0,,NOAA,2013-08-08T07:41:24.4230000-06:00,in
37,USC00051772,Snow,1982-03-11T00:00:00.0000000-07:00,0.000000,P,,0,,NOAA,2013-08-08T07:41:24.4230000-06:00,in
37,USC00051772,Snow,1982-03-12T00:00:00.0000000-07:00,0.000000,P,,0,,NOAA,2013-08-08T07:41:24.4230000-06:00,in
37,USC00051772,Snow,1982-03-13T00:00:00.0000000-07:00,0.000000,P,,0,,NOAA,2013-08-08T07:41:24.4230000-06:00,in
37,USC00051772,Snow,1982-03-14T00:00:00.0000000-07:00,0.000000,P,,0,,NOAA,2013-08-08T07:41:24.4230000-06:00,in
37,USC00051772,Snow,1982-03-15T00:00:00.0000000-07:00,0.000000,P,,0,,NOAA,2013-08-08T07:41:24.4230000-06:00,in
37,USC00051772,Snow,1982-03-16T00:00:00.0000000-07:00,0.000000,P,,0,,NOAA,2013-08-08T07:41:24.4230000-06:00,in
37,USC00051772,Snow,1982-03-17T00:00:00.0000000-07:00,0.000000,P,,0,,NOAA,2013-08-08T07:41:24.4230000-06:00,in
37,USC00051772,Snow,1982-03-18T00:00:00.0000000-07:00,0.000000,P,,0,,NOAA,2013-08-08T07:41:24.4230000-06:00,in
37,USC00051772,Snow,1982-03-19T00:00:00.0000000-07:00,0.000000,P,,0,,NOAA,2013-08-08T07:41:24.4230000-06:00,in
37,USC00051772,Snow,1982-03-20T00:00:00.0000000-07:00,0.000000,P,,0,,NOAA,2013-08-08T07:41:24.4230000-06:00,in
37,USC00051772,Snow,1982-03-21T00:00:00.0000000-07:00,0.000000,P,,0,,NOAA,2013-08-08T07:41:24.4230000-06:00,in
37,USC00051772,Snow,1982-03-22T00:00:00.0000000-07:00,0.000000,P,,0,,NOAA,2013-08-08T07:41:24.4230000-06:00,in
37,USC00051772,Snow,1982-03-23T00:00:00.0000000-07:00,0.000000,P,,0,,NOAA,2013-08-08T07:41:24.4230000-06:00,in
37,USC00051772,Snow,1982-03-24T00:00:00.0000000-07:00,0.000000,P,,0,,NOAA,2013-08-08T07:41:24.4230000-06:00,in
37,USC00051772,Snow,1982-03-25T00:00:00.0000000-07:00,0.000000,P,,0,,NOAA,2013-08-08T07:41:24.4230000-06:00,in
37,USC00051772,Snow,1982-03-26T00:00:00.0000000-07:00,0.000000,P,,0,,NOAA,2013-08-08T07:41:24.4230000-06:00,in
37,USC00051772,Snow,1982-03-27T00:00:00.0000000-07:00,0.000000,P,,0,,NOAA,2013-08-08T07:41:24.4230000-06:00,in
37,USC00051772,Snow,1982-03-28T00:00:00.0000000-07:00,0.000000,P,,0,,NOAA,2013-08-08T07:41:24.4230000-06:00,in
37,USC00051772,Snow,1982-03-29T00:00:00.0000000-07:00,0.000000,P,,0,,NOAA,2013-08-08T07:41:24.4230000-06:00,in
37,USC00051772,Snow,1982-03-30T00:00:00.0000000-07:00,0.511811,,,0,,NOAA,2013-08-08T07:41:24.4230000-06:00,in
37,USC00051772,Snow,1982-03-31T00:00:00.0000000-07:00,0.000000,P,,0,,NOAA,2013-08-08T07:41:24.4230000-06:00,in
37,USC00051772,Snow,1982-04-01T00:00:00.0000000-07:00,0.000000,P,,0,,NOAA,2013-08-08T07:41:24.4230000-06:00,in
37,USC00051772,Snow,1982-04-02T00:00:00.0000000-07:00,0.000000,P,,0,,NOAA,2013-08-08T07:41:24.4230000-06:00,in
37,USC00051772,Snow,1982-04-03T00:00:00.0000000-07:00,0.000000,P,,0,,NOAA,2013-08-08T07:41:24.4230000-06:00,in
37,USC00051772,Snow,1982-04-04T00:00:00.0000000-07:00,0.000000,P,,0,,NOAA,2013-08-08T07:41:24.4230000-06:00,in
37,USC00051772,Snow,1982-04-05T00:00:00.0000000-06:00,0.000000,P,,0,,NOAA,2013-08-08T07:41:24.4230000-06:00,in
37,USC00051772,Snow,1982-04-06T00:00:00.0000000-06:00,0.000000,P,,0,,NOAA,2013-08-08T07:41:24.4230000-06:00,in
37,USC00051772,Snow,1982-04-07T00:00:00.0000000-06:00,0.000000,P,,0,,NOAA,2013-08-08T07:41:24.4230000-06:00,in
37,USC00051772,Snow,1982-04-08T00:00:00.0000000-06:00,0.000000,P,,0,,NOAA,2013-08-08T07:41:24.4230000-06:00,in
37,USC00051772,Snow,1982-04-09T00:00:00.0000000-06:00,0.000000,P,,0,,NOAA,2013-08-08T07:41:24.4230000-06:00,in
37,USC00051772,Snow,1982-04-10T00:00:00.0000000-06:00,0.000000,P,,0,,NOAA,2013-08-08T07:41:24.4230000-06:00,in
37,USC00051772,Snow,1982-04-11T00:00:00.0000000-06:00,0.000000,P,,0,,NOAA,2013-08-08T07:41:24.4230000-06:00,in
37,USC00051772,Snow,1982-04-12T00:00:00.0000000-06:00,0.000000,P,,0,,NOAA,2013-08-08T07:41:24.4230000-06:00,in
37,USC00051772,Snow,1982-04-13T00:00:00.0000000-06:00,0.000000,P,,0,,NOAA,2013-08-08T07:41:24.4230000-06:00,in
37,USC00051772,Snow,1982-04-14T00:00:00.0000000-06:00,0.000000,P,,0,,NOAA,2013-08-08T07:41:24.4230000-06:00,in
37,USC00051772,Snow,1982-04-15T00:00:00.0000000-06:00,0.000000,P,,0,,NOAA,2013-08-08T07:41:24.4230000-06:00,in
37,USC00051772,Snow,1982-04-16T00:00:00.0000000-06:00,0.000000,P,,0,,NOAA,2013-08-08T07:41:24.4230000-06:00,in
37,USC00051772,Snow,1982-04-17T00:00:00.0000000-06:00,0.000000,P,,0,,NOAA,2013-08-08T07:41:24.4230000-06:00,in
37,USC00051772,Snow,1982-04-18T00:00:00.0000000-06:00,0.000000,P,,0,,NOAA,2013-08-08T07:41:24.4230000-06:00,in
37,USC00051772,Snow,1982-04-19T00:00:00.0000000-06:00,0.000000,P,,0,,NOAA,2013-08-08T07:41:24.4230000-06:00,in
37,USC00051772,Snow,1982-04-20T00:00:00.0000000-06:00,0.000000,P,,0,,NOAA,2013-08-08T07:41:24.4230000-06:00,in
37,USC00051772,Snow,1982-04-21T00:00:00.0000000-06:00,0.000000,P,,0,,NOAA,2013-08-08T07:41:24.4230000-06:00,in
37,USC00051772,Snow,1982-04-22T00:00:00.0000000-06:00,0.000000,P,,0,,NOAA,2013-08-08T07:41:24.4230000-06:00,in
37,USC00051772,Snow,1982-04-23T00:00:00.0000000-06:00,0.000000,P,,0,,NOAA,2013-08-08T07:41:24.4230000-06:00,in
37,USC00051772,Snow,1982-04-24T00:00:00.0000000-06:00,0.000000,P,,0,,NOAA,2013-08-08T07:41:24.4230000-06:00,in
37,USC00051772,Snow,1982-04-25T00:00:00.0000000-06:00,0.000000,P,,0,,NOAA,2013-08-08T07:41:24.4230000-06:00,in
37,USC00051772,Snow,1982-04-26T00:00:00.0000000-06:00,0.000000,P,,0,,NOAA,2013-08-08T07:41:24.4230000-06:00,in
37,USC00051772,Snow,1982-04-27T00:00:00.0000000-06:00,0.000000,P,,0,,NOAA,2013-08-08T07:41:24.4230000-06:00,in
37,USC00051772,Snow,1982-04-28T00:00:00.0000000-06:00,0.000000,P,,0,,NOAA,2013-08-08T07:41:24.4230000-06:00,in
37,USC00051772,Snow,1982-04-29T00:00:00.0000000-06:00,0.000000,P,,0,,NOAA,2013-08-08T07:41:24.4230000-06:00,in
37,USC00051772,Snow,1982-04-30T00:00:00.0000000-06:00,0.000000,P,,0,,NOAA,2013-08-08T07:41:24.4230000-06:00,in
37,USC00051772,Snow,1982-05-01T00:00:00.0000000-06:00,0.000000,P,,0,,NOAA,2013-08-08T07:41:24.4230000-06:00,in
37,USC00051772,Snow,1982-05-02T00:00:00.0000000-06:00,0.000000,P,,0,,NOAA,2013-08-08T07:41:24.4230000-06:00,in
37,USC00051772,Snow,1982-05-03T00:00:00.0000000-06:00,0.000000,P,,0,,NOAA,2013-08-08T07:41:24.4230000-06:00,in
37,USC00051772,Snow,1982-05-04T00:00:00.0000000-06:00,0.000000,P,,0,,NOAA,2013-08-08T07:41:24.4230000-06:00,in
37,USC00051772,Snow,1982-05-05T00:00:00.0000000-06:00,0.000000,P,,0,,NOAA,2013-08-08T07:41:24.4230000-06:00,in
37,USC00051772,Snow,1982-05-06T00:00:00.0000000-06:00,0.000000,P,,0,,NOAA,2013-08-08T07:41:24.4230000-06:00,in
37,USC00051772,Snow,1982-05-07T00:00:00.0000000-06:00,0.000000,P,,0,,NOAA,2013-08-08T07:41:24.4230000-06:00,in
37,USC00051772,Snow,1982-05-08T00:00:00.0000000-06:00,0.000000,P,,0,,NOAA,2013-08-08T07:41:24.4230000-06:00,in
37,USC00051772,Snow,1982-05-09T00:00:00.0000000-06:00,0.000000,P,,0,,NOAA,2013-08-08T07:41:24.4230000-06:00,in
37,USC00051772,Snow,1982-05-10T00:00:00.0000000-06:00,0.000000,P,,0,,NOAA,2013-08-08T07:41:24.4230000-06:00,in
37,USC00051772,Snow,1982-05-11T00:00:00.0000000-06:00,0.000000,P,,0,,NOAA,2013-08-08T07:41:24.4230000-06:00,in
37,USC00051772,Snow,1982-05-12T00:00:00.0000000-06:00,0.000000,P,,0,,NOAA,2013-08-08T07:41:24.4230000-06:00,in
37,USC00051772,Snow,1982-05-13T00:00:00.0000000-06:00,0.000000,P,,0,,NOAA,2013-08-08T07:41:24.4230000-06:00,in
37,USC00051772,Snow,1982-05-14T00:00:00.0000000-06:00,0.000000,P,,0,,NOAA,2013-08-08T07:41:24.4230000-06:00,in
37,USC00051772,Snow,1982-05-15T00:00:00.0000000-06:00,0.000000,P,,0,,NOAA,2013-08-08T07:41:24.4230000-06:00,in
37,USC00051772,Snow,1982-05-16T00:00:00.0000000-06:00,0.000000,P,,0,,NOAA,2013-08-08T07:41:24.4230000-06:00,in
37,USC00051772,Snow,1982-05-17T00:00:00.0000000-06:00,0.000000,P,,0,,NOAA,2013-08-08T07:41:24.4230000-06:00,in
37,USC00051772,Snow,1982-05-18T00:00:00.0000000-06:00,0.000000,P,,0,,NOAA,2013-08-08T07:41:24.4230000-06:00,in
37,USC00051772,Snow,1982-05-19T00:00:00.0000000-06:00,0.000000,P,,0,,NOAA,2013-08-08T07:41:24.4230000-06:00,in
37,USC00051772,Snow,1982-05-20T00:00:00.0000000-06:00,0.000000,P,,0,,NOAA,2013-08-08T07:41:24.4230000-06:00,in
37,USC00051772,Snow,1982-05-21T00:00:00.0000000-06:00,0.000000,P,,0,,NOAA,2013-08-08T07:41:24.4230000-06:00,in
37,USC00051772,Snow,1982-05-22T00:00:00.0000000-06:00,0.000000,P,,0,,NOAA,2013-08-08T07:41:24.4230000-06:00,in
37,USC00051772,Snow,1982-05-23T00:00:00.0000000-06:00,0.000000,P,,0,,NOAA,2013-08-08T07:41:24.4230000-06:00,in
37,USC00051772,Snow,1982-05-24T00:00:00.0000000-06:00,0.000000,P,,0,,NOAA,2013-08-08T07:41:24.4230000-06:00,in
37,USC00051772,Snow,1982-05-25T00:00:00.0000000-06:00,0.000000,P,,0,,NOAA,2013-08-08T07:41:24.4230000-06:00,in
37,USC00051772,Snow,1982-05-26T00:00:00.0000000-06:00,0.000000,P,,0,,NOAA,2013-08-08T07:41:24.4230000-06:00,in
37,USC00051772,Snow,1982-05-27T00:00:00.0000000-06:00,0.000000,P,,0,,NOAA,2013-08-08T07:41:24.4230000-06:00,in
37,USC00051772,Snow,1982-05-28T00:00:00.0000000-06:00,0.000000,P,,0,,NOAA,2013-08-08T07:41:24.4230000-06:00,in
37,USC00051772,Snow,1982-05-29T00:00:00.0000000-06:00,0.000000,P,,0,,NOAA,2013-08-08T07:41:24.4230000-06:00,in
37,USC00051772,Snow,1982-05-30T00:00:00.0000000-06:00,0.000000,P,,0,,NOAA,2013-08-08T07:41:24.4230000-06:00,in
37,USC00051772,Snow,1982-05-31T00:00:00.0000000-06:00,0.000000,P,,0,,NOAA,2013-08-08T07:41:24.4230000-06:00,in
37,USC00051772,Snow,1982-06-01T00:00:00.0000000-06:00,0.000000,,,0,,NOAA,2013-08-08T07:41:24.4230000-06:00,in
37,USC00051772,Snow,1982-06-02T00:00:00.0000000-06:00,0.000000,P,,0,,NOAA,2013-08-08T07:41:24.4230000-06:00,in
37,USC00051772,Snow,1982-06-03T00:00:00.0000000-06:00,0.000000,P,,0,,NOAA,2013-08-08T07:41:24.4230000-06:00,in
37,USC00051772,Snow,1982-06-04T00:00:00.0000000-06:00,0.000000,P,,0,,NOAA,2013-08-08T07:41:24.4230000-06:00,in
37,USC00051772,Snow,1982-06-05T00:00:00.0000000-06:00,0.000000,P,,0,,NOAA,2013-08-08T07:41:24.4230000-06:00,in
37,USC00051772,Snow,1982-06-06T00:00:00.0000000-06:00,0.000000,P,,0,,NOAA,2013-08-08T07:41:24.4230000-06:00,in
37,USC00051772,Snow,1982-06-07T00:00:00.0000000-06:00,0.000000,P,,0,,NOAA,2013-08-08T07:41:24.4230000-06:00,in
37,USC00051772,Snow,1982-06-08T00:00:00.0000000-06:00,0.000000,P,,0,,NOAA,2013-08-08T07:41:24.4230000-06:00,in
37,USC00051772,Snow,1982-06-09T00:00:00.0000000-06:00,0.000000,P,,0,,NOAA,2013-08-08T07:41:24.4230000-06:00,in
37,USC00051772,Snow,1982-06-10T00:00:00.0000000-06:00,0.000000,P,,0,,NOAA,2013-08-08T07:41:24.4230000-06:00,in
37,USC00051772,Snow,1982-06-11T00:00:00.0000000-06:00,0.000000,P,,0,,NOAA,2013-08-08T07:41:24.4230000-06:00,in
37,USC00051772,Snow,1982-06-12T00:00:00.0000000-06:00,0.000000,P,,0,,NOAA,2013-08-08T07:41:24.4230000-06:00,in
37,USC00051772,Snow,1982-06-13T00:00:00.0000000-06:00,0.000000,P,,0,,NOAA,2013-08-08T07:41:24.4230000-06:00,in
37,USC00051772,Snow,1982-06-14T00:00:00.0000000-06:00,0.000000,P,,0,,NOAA,2013-08-08T07:41:24.4230000-06:00,in
37,USC00051772,Snow,1982-06-15T00:00:00.0000000-06:00,0.000000,P,,0,,NOAA,2013-08-08T07:41:24.4230000-06:00,in
37,USC00051772,Snow,1982-06-16T00:00:00.0000000-06:00,0.000000,P,,0,,NOAA,2013-08-08T07:41:24.4230000-06:00,in
37,USC00051772,Snow,1982-06-17T00:00:00.0000000-06:00,0.000000,P,,0,,NOAA,2013-08-08T07:41:24.4230000-06:00,in
37,USC00051772,Snow,1982-06-18T00:00:00.0000000-06:00,0.000000,P,,0,,NOAA,2013-08-08T07:41:24.4230000-06:00,in
37,USC00051772,Snow,1982-06-19T00:00:00.0000000-06:00,0.000000,P,,0,,NOAA,2013-08-08T07:41:24.4230000-06:00,in
37,USC00051772,Snow,1982-06-20T00:00:00.0000000-06:00,0.000000,P,,0,,NOAA,2013-08-08T07:41:24.4230000-06:00,in
37,USC00051772,Snow,1982-06-21T00:00:00.0000000-06:00,0.000000,P,,0,,NOAA,2013-08-08T07:41:24.4230000-06:00,in
37,USC00051772,Snow,1982-06-22T00:00:00.0000000-06:00,0.000000,P,,0,,NOAA,2013-08-08T07:41:24.4230000-06:00,in
37,USC00051772,Snow,1982-06-23T00:00:00.0000000-06:00,0.000000,P,,0,,NOAA,2013-08-08T07:41:24.4230000-06:00,in
37,USC00051772,Snow,1982-06-24T00:00:00.0000000-06:00,0.000000,P,,0,,NOAA,2013-08-08T07:41:24.4230000-06:00,in
37,USC00051772,Snow,1982-06-25T00:00:00.0000000-06:00,0.000000,P,,0,,NOAA,2013-08-08T07:41:24.4230000-06:00,in
37,USC00051772,Snow,1982-06-26T00:00:00.0000000-06:00,0.000000,P,,0,,NOAA,2013-08-08T07:41:24.4230000-06:00,in
37,USC00051772,Snow,1982-06-27T00:00:00.0000000-06:00,0.000000,P,,0,,NOAA,2013-08-08T07:41:24.4230000-06:00,in
37,USC00051772,Snow,1982-06-28T00:00:00.0000000-06:00,0.000000,P,,0,,NOAA,2013-08-08T07:41:24.4230000-06:00,in
37,USC00051772,Snow,1982-06-29T00:00:00.0000000-06:00,0.000000,P,,0,,NOAA,2013-08-08T07:41:24.4230000-06:00,in
37,USC00051772,Snow,1982-06-30T00:00:00.0000000-06:00,0.000000,P,,0,,NOAA,2013-08-08T07:41:24.4230000-06:00,in
37,USC00051772,Snow,1982-07-01T00:00:00.0000000-06:00,0.000000,,,0,,NOAA,2013-08-08T07:41:24.4230000-06:00,in
37,USC00051772,Snow,1982-07-02T00:00:00.0000000-06:00,0.000000,P,,0,,NOAA,2013-08-08T07:41:24.4230000-06:00,in
37,USC00051772,Snow,1982-07-03T00:00:00.0000000-06:00,0.000000,P,,0,,NOAA,2013-08-08T07:41:24.4230000-06:00,in
37,USC00051772,Snow,1982-07-04T00:00:00.0000000-06:00,0.000000,P,,0,,NOAA,2013-08-08T07:41:24.4230000-06:00,in
37,USC00051772,Snow,1982-07-05T00:00:00.0000000-06:00,0.000000,P,,0,,NOAA,2013-08-08T07:41:24.4230000-06:00,in
37,USC00051772,Snow,1982-07-06T00:00:00.0000000-06:00,0.000000,P,,0,,NOAA,2013-08-08T07:41:24.4230000-06:00,in
37,USC00051772,Snow,1982-07-07T00:00:00.0000000-06:00,0.000000,P,,0,,NOAA,2013-08-08T07:41:24.4230000-06:00,in
37,USC00051772,Snow,1982-07-08T00:00:00.0000000-06:00,0.000000,P,,0,,NOAA,2013-08-08T07:41:24.4230000-06:00,in
37,USC00051772,Snow,1982-07-09T00:00:00.0000000-06:00,0.000000,P,,0,,NOAA,2013-08-08T07:41:24.4230000-06:00,in
37,USC00051772,Snow,1982-07-10T00:00:00.0000000-06:00,0.000000,P,,0,,NOAA,2013-08-08T07:41:24.4230000-06:00,in
37,USC00051772,Snow,1982-07-11T00:00:00.0000000-06:00,0.000000,P,,0,,NOAA,2013-08-08T07:41:24.4230000-06:00,in
37,USC00051772,Snow,1982-07-12T00:00:00.0000000-06:00,0.000000,P,,0,,NOAA,2013-08-08T07:41:24.4230000-06:00,in
37,USC00051772,Snow,1982-07-13T00:00:00.0000000-06:00,0.000000,P,,0,,NOAA,2013-08-08T07:41:24.4230000-06:00,in
37,USC00051772,Snow,1982-07-14T00:00:00.0000000-06:00,0.000000,P,,0,,NOAA,2013-08-08T07:41:24.4230000-06:00,in
37,USC00051772,Snow,1982-07-15T00:00:00.0000000-06:00,0.000000,P,,0,,NOAA,2013-08-08T07:41:24.4230000-06:00,in
37,USC00051772,Snow,1982-07-16T00:00:00.0000000-06:00,0.000000,P,,0,,NOAA,2013-08-08T07:41:24.4230000-06:00,in
37,USC00051772,Snow,1982-07-17T00:00:00.0000000-06:00,0.000000,P,,0,,NOAA,2013-08-08T07:41:24.4230000-06:00,in
37,USC00051772,Snow,1982-07-18T00:00:00.0000000-06:00,0.000000,P,,0,,NOAA,2013-08-08T07:41:24.4230000-06:00,in
37,USC00051772,Snow,1982-07-19T00:00:00.0000000-06:00,0.000000,P,,0,,NOAA,2013-08-08T07:41:24.4230000-06:00,in
37,USC00051772,Snow,1982-07-20T00:00:00.0000000-06:00,0.000000,P,,0,,NOAA,2013-08-08T07:41:24.4230000-06:00,in
37,USC00051772,Snow,1982-07-21T00:00:00.0000000-06:00,0.000000,P,,0,,NOAA,2013-08-08T07:41:24.4230000-06:00,in
37,USC00051772,Snow,1982-07-22T00:00:00.0000000-06:00,0.000000,P,,0,,NOAA,2013-08-08T07:41:24.4230000-06:00,in
37,USC00051772,Snow,1982-07-23T00:00:00.0000000-06:00,0.000000,P,,0,,NOAA,2013-08-08T07:41:24.4230000-06:00,in
37,USC00051772,Snow,1982-07-24T00:00:00.0000000-06:00,0.000000,P,,0,,NOAA,2013-08-08T07:41:24.4230000-06:00,in
37,USC00051772,Snow,1982-07-25T00:00:00.0000000-06:00,0.000000,P,,0,,NOAA,2013-08-08T07:41:24.4230000-06:00,in
37,USC00051772,Snow,1982-07-26T00:00:00.0000000-06:00,0.000000,P,,0,,NOAA,2013-08-08T07:41:24.4230000-06:00,in
37,USC00051772,Snow,1982-07-27T00:00:00.0000000-06:00,0.000000,P,,0,,NOAA,2013-08-08T07:41:24.4230000-06:00,in
37,USC00051772,Snow,1982-07-28T00:00:00.0000000-06:00,0.000000,P,,0,,NOAA,2013-08-08T07:41:24.4230000-06:00,in
37,USC00051772,Snow,1982-07-29T00:00:00.0000000-06:00,0.000000,P,,0,,NOAA,2013-08-08T07:41:24.4230000-06:00,in
37,USC00051772,Snow,1982-07-30T00:00:00.0000000-06:00,0.000000,P,,0,,NOAA,2013-08-08T07:41:24.4230000-06:00,in
37,USC00051772,Snow,1982-07-31T00:00:00.0000000-06:00,0.000000,P,,0,,NOAA,2013-08-08T07:41:24.4230000-06:00,in
37,USC00051772,Snow,1982-08-01T00:00:00.0000000-06:00,0.000000,P,,0,,NOAA,2013-08-08T07:41:24.4230000-06:00,in
37,USC00051772,Snow,1982-08-02T00:00:00.0000000-06:00,0.000000,P,,0,,NOAA,2013-08-08T07:41:24.4230000-06:00,in
37,USC00051772,Snow,1982-08-03T00:00:00.0000000-06:00,0.000000,P,,0,,NOAA,2013-08-08T07:41:24.4230000-06:00,in
37,USC00051772,Snow,1982-08-04T00:00:00.0000000-06:00,0.000000,P,,0,,NOAA,2013-08-08T07:41:24.4230000-06:00,in
37,USC00051772,Snow,1982-08-05T00:00:00.0000000-06:00,0.000000,P,,0,,NOAA,2013-08-08T07:41:24.4230000-06:00,in
37,USC00051772,Snow,1982-08-06T00:00:00.0000000-06:00,0.000000,P,,0,,NOAA,2013-08-08T07:41:24.4230000-06:00,in
37,USC00051772,Snow,1982-08-07T00:00:00.0000000-06:00,0.000000,P,,0,,NOAA,2013-08-08T07:41:24.4230000-06:00,in
37,USC00051772,Snow,1982-08-08T00:00:00.0000000-06:00,0.000000,P,,0,,NOAA,2013-08-08T07:41:24.4230000-06:00,in
37,USC00051772,Snow,1982-08-09T00:00:00.0000000-06:00,0.000000,P,,0,,NOAA,2013-08-08T07:41:24.4230000-06:00,in
37,USC00051772,Snow,1982-08-10T00:00:00.0000000-06:00,0.000000,P,,0,,NOAA,2013-08-08T07:41:24.4230000-06:00,in
37,USC00051772,Snow,1982-08-11T00:00:00.0000000-06:00,0.000000,P,,0,,NOAA,2013-08-08T07:41:24.4230000-06:00,in
37,USC00051772,Snow,1982-08-12T00:00:00.0000000-06:00,0.000000,P,,0,,NOAA,2013-08-08T07:41:24.4230000-06:00,in
37,USC00051772,Snow,1982-08-13T00:00:00.0000000-06:00,0.000000,P,,0,,NOAA,2013-08-08T07:41:24.4230000-06:00,in
37,USC00051772,Snow,1982-08-14T00:00:00.0000000-06:00,0.000000,P,,0,,NOAA,2013-08-08T07:41:24.4230000-06:00,in
37,USC00051772,Snow,1982-08-15T00:00:00.0000000-06:00,0.000000,P,,0,,NOAA,2013-08-08T07:41:24.4230000-06:00,in
37,USC00051772,Snow,1982-08-16T00:00:00.0000000-06:00,0.000000,P,,0,,NOAA,2013-08-08T07:41:24.4230000-06:00,in
37,USC00051772,Snow,1982-08-17T00:00:00.0000000-06:00,0.000000,P,,0,,NOAA,2013-08-08T07:41:24.4230000-06:00,in
37,USC00051772,Snow,1982-08-18T00:00:00.0000000-06:00,0.000000,P,,0,,NOAA,2013-08-08T07:41:24.4230000-06:00,in
37,USC00051772,Snow,1982-08-19T00:00:00.0000000-06:00,0.000000,P,,0,,NOAA,2013-08-08T07:41:24.4230000-06:00,in
37,USC00051772,Snow,1982-08-20T00:00:00.0000000-06:00,0.000000,P,,0,,NOAA,2013-08-08T07:41:24.4230000-06:00,in
37,USC00051772,Snow,1982-08-21T00:00:00.0000000-06:00,0.000000,P,,0,,NOAA,2013-08-08T07:41:24.4230000-06:00,in
37,USC00051772,Snow,1982-08-22T00:00:00.0000000-06:00,0.000000,P,,0,,NOAA,2013-08-08T07:41:24.4230000-06:00,in
37,USC00051772,Snow,1982-08-23T00:00:00.0000000-06:00,0.000000,P,,0,,NOAA,2013-08-08T07:41:24.4230000-06:00,in
37,USC00051772,Snow,1982-08-24T00:00:00.0000000-06:00,0.000000,P,,0,,NOAA,2013-08-08T07:41:24.4230000-06:00,in
37,USC00051772,Snow,1982-08-25T00:00:00.0000000-06:00,0.000000,P,,0,,NOAA,2013-08-08T07:41:24.4230000-06:00,in
37,USC00051772,Snow,1982-08-26T00:00:00.0000000-06:00,0.000000,P,,0,,NOAA,2013-08-08T07:41:24.4230000-06:00,in
37,USC00051772,Snow,1982-08-27T00:00:00.0000000-06:00,0.000000,P,,0,,NOAA,2013-08-08T07:41:24.4230000-06:00,in
37,USC00051772,Snow,1982-08-28T00:00:00.0000000-06:00,0.000000,P,,0,,NOAA,2013-08-08T07:41:24.4230000-06:00,in
37,USC00051772,Snow,1982-08-29T00:00:00.0000000-06:00,0.000000,P,,0,,NOAA,2013-08-08T07:41:24.4230000-06:00,in
37,USC00051772,Snow,1982-08-30T00:00:00.0000000-06:00,0.000000,P,,0,,NOAA,2013-08-08T07:41:24.4230000-06:00,in
37,USC00051772,Snow,1982-08-31T00:00:00.0000000-06:00,0.000000,P,,0,,NOAA,2013-08-08T07:41:24.4230000-06:00,in
37,USC00051772,Snow,1982-09-01T00:00:00.0000000-06:00,0.000000,,,0,,NOAA,2013-08-08T07:41:24.4230000-06:00,in
37,USC00051772,Snow,1982-09-02T00:00:00.0000000-06:00,0.000000,P,,0,,NOAA,2013-08-08T07:41:24.4230000-06:00,in
37,USC00051772,Snow,1982-09-03T00:00:00.0000000-06:00,0.000000,P,,0,,NOAA,2013-08-08T07:41:24.4230000-06:00,in
37,USC00051772,Snow,1982-09-04T00:00:00.0000000-06:00,0.000000,P,,0,,NOAA,2013-08-08T07:41:24.4230000-06:00,in
37,USC00051772,Snow,1982-09-05T00:00:00.0000000-06:00,0.000000,P,,0,,NOAA,2013-08-08T07:41:24.4230000-06:00,in
37,USC00051772,Snow,1982-09-06T00:00:00.0000000-06:00,0.000000,P,,0,,NOAA,2013-08-08T07:41:24.4230000-06:00,in
37,USC00051772,Snow,1982-09-07T00:00:00.0000000-06:00,0.000000,P,,0,,NOAA,2013-08-08T07:41:24.4230000-06:00,in
37,USC00051772,Snow,1982-09-08T00:00:00.0000000-06:00,0.000000,P,,0,,NOAA,2013-08-08T07:41:24.4230000-06:00,in
37,USC00051772,Snow,1982-09-09T00:00:00.0000000-06:00,0.000000,P,,0,,NOAA,2013-08-08T07:41:24.4230000-06:00,in
37,USC00051772,Snow,1982-09-10T00:00:00.0000000-06:00,0.000000,P,,0,,NOAA,2013-08-08T07:41:24.4230000-06:00,in
37,USC00051772,Snow,1982-09-11T00:00:00.0000000-06:00,0.000000,P,,0,,NOAA,2013-08-08T07:41:24.4230000-06:00,in
37,USC00051772,Snow,1982-09-12T00:00:00.0000000-06:00,0.000000,P,,0,,NOAA,2013-08-08T07:41:24.4230000-06:00,in
37,USC00051772,Snow,1982-09-13T00:00:00.0000000-06:00,0.000000,P,,0,,NOAA,2013-08-08T07:41:24.4230000-06:00,in
37,USC00051772,Snow,1982-09-14T00:00:00.0000000-06:00,0.000000,P,,0,,NOAA,2013-08-08T07:41:24.4230000-06:00,in
37,USC00051772,Snow,1982-09-15T00:00:00.0000000-06:00,0.000000,P,,0,,NOAA,2013-08-08T07:41:24.4230000-06:00,in
37,USC00051772,Snow,1982-09-16T00:00:00.0000000-06:00,0.000000,P,,0,,NOAA,2013-08-08T07:41:24.4230000-06:00,in
37,USC00051772,Snow,1982-09-17T00:00:00.0000000-06:00,0.000000,P,,0,,NOAA,2013-08-08T07:41:24.4230000-06:00,in
37,USC00051772,Snow,1982-09-18T00:00:00.0000000-06:00,0.000000,P,,0,,NOAA,2013-08-08T07:41:24.4230000-06:00,in
37,USC00051772,Snow,1982-09-19T00:00:00.0000000-06:00,0.000000,P,,0,,NOAA,2013-08-08T07:41:24.4230000-06:00,in
37,USC00051772,Snow,1982-09-20T00:00:00.0000000-06:00,0.000000,P,,0,,NOAA,2013-08-08T07:41:24.4230000-06:00,in
37,USC00051772,Snow,1982-09-21T00:00:00.0000000-06:00,0.000000,P,,0,,NOAA,2013-08-08T07:41:24.4230000-06:00,in
37,USC00051772,Snow,1982-09-22T00:00:00.0000000-06:00,0.000000,P,,0,,NOAA,2013-08-08T07:41:24.4230000-06:00,in
37,USC00051772,Snow,1982-09-23T00:00:00.0000000-06:00,0.000000,P,,0,,NOAA,2013-08-08T07:41:24.4230000-06:00,in
37,USC00051772,Snow,1982-09-24T00:00:00.0000000-06:00,0.000000,P,,0,,NOAA,2013-08-08T07:41:24.4230000-06:00,in
37,USC00051772,Snow,1982-09-25T00:00:00.0000000-06:00,0.000000,P,,0,,NOAA,2013-08-08T07:41:24.4230000-06:00,in
37,USC00051772,Snow,1982-09-26T00:00:00.0000000-06:00,0.000000,P,,0,,NOAA,2013-08-08T07:41:24.4230000-06:00,in
37,USC00051772,Snow,1982-09-27T00:00:00.0000000-06:00,0.000000,P,,0,,NOAA,2013-08-08T07:41:24.4230000-06:00,in
37,USC00051772,Snow,1982-09-28T00:00:00.0000000-06:00,0.000000,P,,0,,NOAA,2013-08-08T07:41:24.4230000-06:00,in
37,USC00051772,Snow,1982-09-29T00:00:00.0000000-06:00,0.000000,P,,0,,NOAA,2013-08-08T07:41:24.4230000-06:00,in
37,USC00051772,Snow,1982-09-30T00:00:00.0000000-06:00,0.000000,P,,0,,NOAA,2013-08-08T07:41:24.4230000-06:00,in
37,USC00051772,Snow,1982-10-01T00:00:00.0000000-06:00,0.000000,P,,0,,NOAA,2013-08-08T07:41:24.4230000-06:00,in
37,USC00051772,Snow,1982-10-02T00:00:00.0000000-06:00,0.000000,P,,0,,NOAA,2013-08-08T07:41:24.4230000-06:00,in
37,USC00051772,Snow,1982-10-03T00:00:00.0000000-06:00,0.000000,P,,0,,NOAA,2013-08-08T07:41:24.4230000-06:00,in
37,USC00051772,Snow,1982-10-04T00:00:00.0000000-06:00,0.000000,P,,0,,NOAA,2013-08-08T07:41:24.4230000-06:00,in
37,USC00051772,Snow,1982-10-05T00:00:00.0000000-06:00,0.000000,P,,0,,NOAA,2013-08-08T07:41:24.4230000-06:00,in
37,USC00051772,Snow,1982-10-06T00:00:00.0000000-06:00,0.000000,P,,0,,NOAA,2013-08-08T07:41:24.4230000-06:00,in
37,USC00051772,Snow,1982-10-07T00:00:00.0000000-06:00,0.000000,P,,0,,NOAA,2013-08-08T07:41:24.4230000-06:00,in
37,USC00051772,Snow,1982-10-08T00:00:00.0000000-06:00,0.314961,,,0,,NOAA,2013-08-08T07:41:24.4230000-06:00,in
37,USC00051772,Snow,1982-10-09T00:00:00.0000000-06:00,0.000000,P,,0,,NOAA,2013-08-08T07:41:24.4230000-06:00,in
37,USC00051772,Snow,1982-10-10T00:00:00.0000000-06:00,0.000000,P,,0,,NOAA,2013-08-08T07:41:24.4230000-06:00,in
37,USC00051772,Snow,1982-10-11T00:00:00.0000000-06:00,0.000000,P,,0,,NOAA,2013-08-08T07:41:24.4230000-06:00,in
37,USC00051772,Snow,1982-10-12T00:00:00.0000000-06:00,0.000000,P,,0,,NOAA,2013-08-08T07:41:24.4230000-06:00,in
37,USC00051772,Snow,1982-10-14T00:00:00.0000000-06:00,0.000000,P,,0,,NOAA,2013-08-08T07:41:24.4230000-06:00,in
37,USC00051772,Snow,1982-10-15T00:00:00.0000000-06:00,0.000000,P,,0,,NOAA,2013-08-08T07:41:24.4230000-06:00,in
37,USC00051772,Snow,1982-10-16T00:00:00.0000000-06:00,0.000000,P,,0,,NOAA,2013-08-08T07:41:24.4230000-06:00,in
37,USC00051772,Snow,1982-10-17T00:00:00.0000000-06:00,0.000000,P,,0,,NOAA,2013-08-08T07:41:24.4230000-06:00,in
37,USC00051772,Snow,1982-10-18T00:00:00.0000000-06:00,0.000000,P,,0,,NOAA,2013-08-08T07:41:24.4230000-06:00,in
37,USC00051772,Snow,1982-10-19T00:00:00.0000000-06:00,0.000000,P,,0,,NOAA,2013-08-08T07:41:24.4230000-06:00,in
37,USC00051772,Snow,1982-10-20T00:00:00.0000000-06:00,0.000000,P,,0,,NOAA,2013-08-08T07:41:24.4230000-06:00,in
37,USC00051772,Snow,1982-10-21T00:00:00.0000000-06:00,0.000000,P,,0,,NOAA,2013-08-08T07:41:24.4230000-06:00,in
37,USC00051772,Snow,1982-10-22T00:00:00.0000000-06:00,0.000000,P,,0,,NOAA,2013-08-08T07:41:24.4230000-06:00,in
37,USC00051772,Snow,1982-10-23T00:00:00.0000000-06:00,0.000000,P,,0,,NOAA,2013-08-08T07:41:24.4230000-06:00,in
37,USC00051772,Snow,1982-10-24T00:00:00.0000000-06:00,0.000000,P,,0,,NOAA,2013-08-08T07:41:24.4230000-06:00,in
37,USC00051772,Snow,1982-10-25T00:00:00.0000000-06:00,0.000000,P,,0,,NOAA,2013-08-08T07:41:24.4230000-06:00,in
37,USC00051772,Snow,1982-10-26T00:00:00.0000000-06:00,0.000000,P,,0,,NOAA,2013-08-08T07:41:24.4230000-06:00,in
37,USC00051772,Snow,1982-10-27T00:00:00.0000000-06:00,0.000000,P,,0,,NOAA,2013-08-08T07:41:24.4230000-06:00,in
37,USC00051772,Snow,1982-10-28T00:00:00.0000000-06:00,0.000000,P,,0,,NOAA,2013-08-08T07:41:24.4230000-06:00,in
37,USC00051772,Snow,1982-10-29T00:00:00.0000000-06:00,0.000000,P,,0,,NOAA,2013-08-08T07:41:24.4230000-06:00,in
37,USC00051772,Snow,1982-10-30T00:00:00.0000000-06:00,0.000000,P,,0,,NOAA,2013-08-08T07:41:24.4230000-06:00,in
37,USC00051772,Snow,1982-10-31T00:00:00.0000000-06:00,0.000000,P,,0,,NOAA,2013-08-08T07:41:24.4230000-06:00,in
37,USC00051772,Snow,1982-11-01T00:00:00.0000000-07:00,0.000000,,,0,,NOAA,2013-08-08T07:41:24.4230000-06:00,in
37,USC00051772,Snow,1982-11-02T00:00:00.0000000-07:00,0.511811,,,0,,NOAA,2013-08-08T07:41:24.4230000-06:00,in
37,USC00051772,Snow,1982-11-03T00:00:00.0000000-07:00,0.000000,P,,0,,NOAA,2013-08-08T07:41:24.4230000-06:00,in
37,USC00051772,Snow,1982-11-04T00:00:00.0000000-07:00,0.000000,P,,0,,NOAA,2013-08-08T07:41:24.4230000-06:00,in
37,USC00051772,Snow,1982-11-05T00:00:00.0000000-07:00,0.000000,P,,0,,NOAA,2013-08-08T07:41:24.4230000-06:00,in
37,USC00051772,Snow,1982-11-06T00:00:00.0000000-07:00,0.000000,P,,0,,NOAA,2013-08-08T07:41:24.4230000-06:00,in
37,USC00051772,Snow,1982-11-07T00:00:00.0000000-07:00,0.000000,P,,0,,NOAA,2013-08-08T07:41:24.4230000-06:00,in
37,USC00051772,Snow,1982-11-08T00:00:00.0000000-07:00,0.000000,P,,0,,NOAA,2013-08-08T07:41:24.4230000-06:00,in
37,USC00051772,Snow,1982-11-09T00:00:00.0000000-07:00,0.984252,,,0,,NOAA,2013-08-08T07:41:24.4230000-06:00,in
37,USC00051772,Snow,1982-11-10T00:00:00.0000000-07:00,0.000000,P,,0,,NOAA,2013-08-08T07:41:24.4230000-06:00,in
37,USC00051772,Snow,1982-11-11T00:00:00.0000000-07:00,0.000000,P,,0,,NOAA,2013-08-08T07:41:24.4230000-06:00,in
37,USC00051772,Snow,1982-11-12T00:00:00.0000000-07:00,0.000000,P,,0,,NOAA,2013-08-08T07:41:24.4230000-06:00,in
37,USC00051772,Snow,1982-11-13T00:00:00.0000000-07:00,0.000000,P,,0,,NOAA,2013-08-08T07:41:24.4230000-06:00,in
37,USC00051772,Snow,1982-11-14T00:00:00.0000000-07:00,0.000000,P,,0,,NOAA,2013-08-08T07:41:24.4230000-06:00,in
37,USC00051772,Snow,1982-11-15T00:00:00.0000000-07:00,0.000000,P,,0,,NOAA,2013-08-08T07:41:24.4230000-06:00,in
37,USC00051772,Snow,1982-11-16T00:00:00.0000000-07:00,0.000000,P,,0,,NOAA,2013-08-08T07:41:24.4230000-06:00,in
37,USC00051772,Snow,1982-11-17T00:00:00.0000000-07:00,0.511811,,,0,,NOAA,2013-08-08T07:41:24.4230000-06:00,in
37,USC00051772,Snow,1982-11-18T00:00:00.0000000-07:00,0.511811,,,0,,NOAA,2013-08-08T07:41:24.4230000-06:00,in
37,USC00051772,Snow,1982-11-19T00:00:00.0000000-07:00,0.000000,P,,0,,NOAA,2013-08-08T07:41:24.4230000-06:00,in
37,USC00051772,Snow,1982-11-20T00:00:00.0000000-07:00,0.000000,P,,0,,NOAA,2013-08-08T07:41:24.4230000-06:00,in
37,USC00051772,Snow,1982-11-21T00:00:00.0000000-07:00,0.000000,P,,0,,NOAA,2013-08-08T07:41:24.4230000-06:00,in
37,USC00051772,Snow,1982-11-22T00:00:00.0000000-07:00,0.000000,P,,0,,NOAA,2013-08-08T07:41:24.4230000-06:00,in
37,USC00051772,Snow,1982-11-23T00:00:00.0000000-07:00,0.000000,P,,0,,NOAA,2013-08-08T07:41:24.4230000-06:00,in
37,USC00051772,Snow,1982-11-24T00:00:00.0000000-07:00,0.000000,P,,0,,NOAA,2013-08-08T07:41:24.4230000-06:00,in
37,USC00051772,Snow,1982-11-25T00:00:00.0000000-07:00,0.000000,P,,0,,NOAA,2013-08-08T07:41:24.4230000-06:00,in
37,USC00051772,Snow,1982-11-26T00:00:00.0000000-07:00,0.000000,P,,0,,NOAA,2013-08-08T07:41:24.4230000-06:00,in
37,USC00051772,Snow,1982-11-27T00:00:00.0000000-07:00,0.000000,P,,0,,NOAA,2013-08-08T07:41:24.4230000-06:00,in
37,USC00051772,Snow,1982-11-28T00:00:00.0000000-07:00,0.000000,P,,0,,NOAA,2013-08-08T07:41:24.4230000-06:00,in
37,USC00051772,Snow,1982-11-29T00:00:00.0000000-07:00,0.000000,P,,0,,NOAA,2013-08-08T07:41:24.4230000-06:00,in
37,USC00051772,Snow,1982-11-30T00:00:00.0000000-07:00,0.000000,P,,0,,NOAA,2013-08-08T07:41:24.4230000-06:00,in
37,USC00051772,Snow,1982-12-01T00:00:00.0000000-07:00,0.000000,,,0,,NOAA,2013-08-08T07:41:24.4230000-06:00,in
37,USC00051772,Snow,1982-12-02T00:00:00.0000000-07:00,0.000000,P,,0,,NOAA,2013-08-08T07:41:24.4230000-06:00,in
37,USC00051772,Snow,1982-12-03T00:00:00.0000000-07:00,0.000000,P,,0,,NOAA,2013-08-08T07:41:24.4230000-06:00,in
37,USC00051772,Snow,1982-12-04T00:00:00.0000000-07:00,0.000000,P,,0,,NOAA,2013-08-08T07:41:24.4230000-06:00,in
37,USC00051772,Snow,1982-12-05T00:00:00.0000000-07:00,0.000000,P,,0,,NOAA,2013-08-08T07:41:24.4230000-06:00,in
37,USC00051772,Snow,1982-12-06T00:00:00.0000000-07:00,0.000000,P,,0,,NOAA,2013-08-08T07:41:24.4230000-06:00,in
37,USC00051772,Snow,1982-12-07T00:00:00.0000000-07:00,0.000000,P,,0,,NOAA,2013-08-08T07:41:24.4230000-06:00,in
37,USC00051772,Snow,1982-12-08T00:00:00.0000000-07:00,0.000000,P,,0,,NOAA,2013-08-08T07:41:24.4230000-06:00,in
37,USC00051772,Snow,1982-12-09T00:00:00.0000000-07:00,0.000000,P,,0,,NOAA,2013-08-08T07:41:24.4230000-06:00,in
37,USC00051772,Snow,1982-12-10T00:00:00.0000000-07:00,0.000000,P,,0,,NOAA,2013-08-08T07:41:24.4230000-06:00,in
37,USC00051772,Snow,1982-12-11T00:00:00.0000000-07:00,0.000000,P,,0,,NOAA,2013-08-08T07:41:24.4230000-06:00,in
37,USC00051772,Snow,1982-12-12T00:00:00.0000000-07:00,0.000000,P,,0,,NOAA,2013-08-08T07:41:24.4230000-06:00,in
37,USC00051772,Snow,1982-12-13T00:00:00.0000000-07:00,0.000000,P,,0,,NOAA,2013-08-08T07:41:24.4230000-06:00,in
37,USC00051772,Snow,1982-12-14T00:00:00.0000000-07:00,0.511811,,,0,,NOAA,2013-08-08T07:41:24.4230000-06:00,in
37,USC00051772,Snow,1982-12-15T00:00:00.0000000-07:00,0.000000,P,,0,,NOAA,2013-08-08T07:41:24.4230000-06:00,in
37,USC00051772,Snow,1982-12-16T00:00:00.0000000-07:00,0.000000,P,,0,,NOAA,2013-08-08T07:41:24.4230000-06:00,in
37,USC00051772,Snow,1982-12-17T00:00:00.0000000-07:00,0.000000,P,,0,,NOAA,2013-08-08T07:41:24.4230000-06:00,in
37,USC00051772,Snow,1982-12-18T00:00:00.0000000-07:00,0.000000,P,,0,,NOAA,2013-08-08T07:41:24.4230000-06:00,in
37,USC00051772,Snow,1982-12-19T00:00:00.0000000-07:00,0.000000,P,,0,,NOAA,2013-08-08T07:41:24.4230000-06:00,in
37,USC00051772,Snow,1982-12-20T00:00:00.0000000-07:00,0.000000,P,,0,,NOAA,2013-08-08T07:41:24.4230000-06:00,in
37,USC00051772,Snow,1982-12-21T00:00:00.0000000-07:00,0.000000,P,,0,,NOAA,2013-08-08T07:41:24.4230000-06:00,in
37,USC00051772,Snow,1982-12-22T00:00:00.0000000-07:00,0.000000,P,,0,,NOAA,2013-08-08T07:41:24.4230000-06:00,in
37,USC00051772,Snow,1982-12-23T00:00:00.0000000-07:00,0.000000,P,,0,,NOAA,2013-08-08T07:41:24.4230000-06:00,in
37,USC00051772,Snow,1982-12-24T00:00:00.0000000-07:00,0.000000,P,,0,,NOAA,2013-08-08T07:41:24.4230000-06:00,in
37,USC00051772,Snow,1982-12-25T00:00:00.0000000-07:00,0.000000,P,,0,,NOAA,2013-08-08T07:41:24.4230000-06:00,in
37,USC00051772,Snow,1982-12-26T00:00:00.0000000-07:00,0.000000,P,,0,,NOAA,2013-08-08T07:41:24.4230000-06:00,in
37,USC00051772,Snow,1982-12-27T00:00:00.0000000-07:00,0.000000,P,,0,,NOAA,2013-08-08T07:41:24.4230000-06:00,in
37,USC00051772,Snow,1982-12-28T00:00:00.0000000-07:00,2.007874,,,0,,NOAA,2013-08-08T07:41:24.4230000-06:00,in
37,USC00051772,Snow,1982-12-29T00:00:00.0000000-07:00,0.000000,P,,0,,NOAA,2013-08-08T07:41:24.4230000-06:00,in
37,USC00051772,Snow,1982-12-30T00:00:00.0000000-07:00,0.000000,P,,0,,NOAA,2013-08-08T07:41:24.4230000-06:00,in
37,USC00051772,Snow,1982-12-31T00:00:00.0000000-07:00,0.000000,P,,0,,NOAA,2013-08-08T07:41:24.4230000-06:00,in
37,USC00051772,Snow,1983-01-01T00:00:00.0000000-07:00,0.000000,,,0,,NOAA,2013-08-08T07:41:24.4230000-06:00,in
37,USC00051772,Snow,1983-01-02T00:00:00.0000000-07:00,0.000000,P,,0,,NOAA,2013-08-08T07:41:24.4230000-06:00,in
37,USC00051772,Snow,1983-01-03T00:00:00.0000000-07:00,0.000000,P,,0,,NOAA,2013-08-08T07:41:24.4230000-06:00,in
37,USC00051772,Snow,1983-01-04T00:00:00.0000000-07:00,0.000000,P,,0,,NOAA,2013-08-08T07:41:24.4230000-06:00,in
37,USC00051772,Snow,1983-01-05T00:00:00.0000000-07:00,0.000000,P,,0,,NOAA,2013-08-08T07:41:24.4230000-06:00,in
37,USC00051772,Snow,1983-01-06T00:00:00.0000000-07:00,0.000000,P,,0,,NOAA,2013-08-08T07:41:24.4230000-06:00,in
37,USC00051772,Snow,1983-01-07T00:00:00.0000000-07:00,0.000000,P,,0,,NOAA,2013-08-08T07:41:24.4230000-06:00,in
37,USC00051772,Snow,1983-01-08T00:00:00.0000000-07:00,0.000000,P,,0,,NOAA,2013-08-08T07:41:24.4230000-06:00,in
37,USC00051772,Snow,1983-01-09T00:00:00.0000000-07:00,0.000000,P,,0,,NOAA,2013-08-08T07:41:24.4230000-06:00,in
37,USC00051772,Snow,1983-01-10T00:00:00.0000000-07:00,0.000000,P,,0,,NOAA,2013-08-08T07:41:24.4230000-06:00,in
37,USC00051772,Snow,1983-01-11T00:00:00.0000000-07:00,0.000000,P,,0,,NOAA,2013-08-08T07:41:24.4230000-06:00,in
37,USC00051772,Snow,1983-01-12T00:00:00.0000000-07:00,0.000000,P,,0,,NOAA,2013-08-08T07:41:24.4230000-06:00,in
37,USC00051772,Snow,1983-01-13T00:00:00.0000000-07:00,0.000000,P,,0,,NOAA,2013-08-08T07:41:24.4230000-06:00,in
37,USC00051772,Snow,1983-01-14T00:00:00.0000000-07:00,0.000000,P,,0,,NOAA,2013-08-08T07:41:24.4230000-06:00,in
37,USC00051772,Snow,1983-01-15T00:00:00.0000000-07:00,0.000000,P,,0,,NOAA,2013-08-08T07:41:24.4230000-06:00,in
37,USC00051772,Snow,1983-01-16T00:00:00.0000000-07:00,0.000000,P,,0,,NOAA,2013-08-08T07:41:24.4230000-06:00,in
37,USC00051772,Snow,1983-01-17T00:00:00.0000000-07:00,0.000000,P,,0,,NOAA,2013-08-08T07:41:24.4230000-06:00,in
37,USC00051772,Snow,1983-01-18T00:00:00.0000000-07:00,0.984252,,,0,,NOAA,2013-08-08T07:41:24.4230000-06:00,in
37,USC00051772,Snow,1983-01-19T00:00:00.0000000-07:00,0.000000,P,,0,,NOAA,2013-08-08T07:41:24.4230000-06:00,in
37,USC00051772,Snow,1983-01-20T00:00:00.0000000-07:00,0.000000,P,,0,,NOAA,2013-08-08T07:41:24.4230000-06:00,in
37,USC00051772,Snow,1983-01-21T00:00:00.0000000-07:00,0.000000,P,,0,,NOAA,2013-08-08T07:41:24.4230000-06:00,in
37,USC00051772,Snow,1983-01-22T00:00:00.0000000-07:00,0.984252,,,0,,NOAA,2013-08-08T07:41:24.4230000-06:00,in
37,USC00051772,Snow,1983-01-23T00:00:00.0000000-07:00,0.000000,P,,0,,NOAA,2013-08-08T07:41:24.4230000-06:00,in
37,USC00051772,Snow,1983-01-24T00:00:00.0000000-07:00,0.000000,P,,0,,NOAA,2013-08-08T07:41:24.4230000-06:00,in
37,USC00051772,Snow,1983-01-25T00:00:00.0000000-07:00,2.007874,,,0,,NOAA,2013-08-08T07:41:24.4230000-06:00,in
37,USC00051772,Snow,1983-01-26T00:00:00.0000000-07:00,0.000000,P,,0,,NOAA,2013-08-08T07:41:24.4230000-06:00,in
37,USC00051772,Snow,1983-01-27T00:00:00.0000000-07:00,0.000000,P,,0,,NOAA,2013-08-08T07:41:24.4230000-06:00,in
37,USC00051772,Snow,1983-01-28T00:00:00.0000000-07:00,0.000000,P,,0,,NOAA,2013-08-08T07:41:24.4230000-06:00,in
37,USC00051772,Snow,1983-01-29T00:00:00.0000000-07:00,0.000000,P,,0,,NOAA,2013-08-08T07:41:24.4230000-06:00,in
37,USC00051772,Snow,1983-01-30T00:00:00.0000000-07:00,0.000000,P,,0,,NOAA,2013-08-08T07:41:24.4230000-06:00,in
37,USC00051772,Snow,1983-01-31T00:00:00.0000000-07:00,0.000000,P,,0,,NOAA,2013-08-08T07:41:24.4230000-06:00,in
37,USC00051772,Snow,1983-03-01T00:00:00.0000000-07:00,0.000000,,,0,,NOAA,2013-08-08T07:41:24.4230000-06:00,in
37,USC00051772,Snow,1983-03-02T00:00:00.0000000-07:00,0.000000,P,,0,,NOAA,2013-08-08T07:41:24.4230000-06:00,in
37,USC00051772,Snow,1983-03-03T00:00:00.0000000-07:00,0.000000,P,,0,,NOAA,2013-08-08T07:41:24.4230000-06:00,in
37,USC00051772,Snow,1983-03-04T00:00:00.0000000-07:00,0.000000,P,,0,,NOAA,2013-08-08T07:41:24.4230000-06:00,in
37,USC00051772,Snow,1983-03-05T00:00:00.0000000-07:00,0.000000,P,,0,,NOAA,2013-08-08T07:41:24.4230000-06:00,in
37,USC00051772,Snow,1983-03-06T00:00:00.0000000-07:00,0.000000,P,,0,,NOAA,2013-08-08T07:41:24.4230000-06:00,in
37,USC00051772,Snow,1983-03-07T00:00:00.0000000-07:00,0.000000,P,,0,,NOAA,2013-08-08T07:41:24.4230000-06:00,in
37,USC00051772,Snow,1983-03-08T00:00:00.0000000-07:00,0.000000,P,,0,,NOAA,2013-08-08T07:41:24.4230000-06:00,in
37,USC00051772,Snow,1983-03-09T00:00:00.0000000-07:00,0.000000,P,,0,,NOAA,2013-08-08T07:41:24.4230000-06:00,in
37,USC00051772,Snow,1983-03-10T00:00:00.0000000-07:00,0.000000,P,,0,,NOAA,2013-08-08T07:41:24.4230000-06:00,in
37,USC00051772,Snow,1983-03-11T00:00:00.0000000-07:00,0.000000,P,,0,,NOAA,2013-08-08T07:41:24.4230000-06:00,in
37,USC00051772,Snow,1983-03-12T00:00:00.0000000-07:00,0.000000,P,,0,,NOAA,2013-08-08T07:41:24.4230000-06:00,in
37,USC00051772,Snow,1983-03-13T00:00:00.0000000-07:00,0.000000,P,,0,,NOAA,2013-08-08T07:41:24.4230000-06:00,in
37,USC00051772,Snow,1983-03-14T00:00:00.0000000-07:00,0.000000,P,,0,,NOAA,2013-08-08T07:41:24.4230000-06:00,in
37,USC00051772,Snow,1983-03-15T00:00:00.0000000-07:00,0.000000,P,,0,,NOAA,2013-08-08T07:41:24.4230000-06:00,in
37,USC00051772,Snow,1983-03-16T00:00:00.0000000-07:00,0.000000,P,,0,,NOAA,2013-08-08T07:41:24.4230000-06:00,in
37,USC00051772,Snow,1983-03-17T00:00:00.0000000-07:00,0.000000,P,,0,,NOAA,2013-08-08T07:41:24.4230000-06:00,in
37,USC00051772,Snow,1983-03-18T00:00:00.0000000-07:00,0.000000,P,,0,,NOAA,2013-08-08T07:41:24.4230000-06:00,in
37,USC00051772,Snow,1983-03-19T00:00:00.0000000-07:00,0.000000,P,,0,,NOAA,2013-08-08T07:41:24.4230000-06:00,in
37,USC00051772,Snow,1983-03-20T00:00:00.0000000-07:00,0.000000,P,,0,,NOAA,2013-08-08T07:41:24.4230000-06:00,in
37,USC00051772,Snow,1983-03-21T00:00:00.0000000-07:00,0.000000,P,,0,,NOAA,2013-08-08T07:41:24.4230000-06:00,in
37,USC00051772,Snow,1983-03-22T00:00:00.0000000-07:00,0.000000,P,,0,,NOAA,2013-08-08T07:41:24.4230000-06:00,in
37,USC00051772,Snow,1983-03-23T00:00:00.0000000-07:00,0.000000,P,,0,,NOAA,2013-08-08T07:41:24.4230000-06:00,in
37,USC00051772,Snow,1983-03-24T00:00:00.0000000-07:00,0.000000,P,,0,,NOAA,2013-08-08T07:41:24.4230000-06:00,in
37,USC00051772,Snow,1983-03-25T00:00:00.0000000-07:00,0.984252,,,0,,NOAA,2013-08-08T07:41:24.4230000-06:00,in
37,USC00051772,Snow,1983-03-26T00:00:00.0000000-07:00,0.000000,P,,0,,NOAA,2013-08-08T07:41:24.4230000-06:00,in
37,USC00051772,Snow,1983-03-27T00:00:00.0000000-07:00,0.000000,P,,0,,NOAA,2013-08-08T07:41:24.4230000-06:00,in
37,USC00051772,Snow,1983-03-28T00:00:00.0000000-07:00,0.000000,P,,0,,NOAA,2013-08-08T07:41:24.4230000-06:00,in
37,USC00051772,Snow,1983-03-29T00:00:00.0000000-07:00,0.000000,P,,0,,NOAA,2013-08-08T07:41:24.4230000-06:00,in
37,USC00051772,Snow,1983-03-30T00:00:00.0000000-07:00,0.000000,P,,0,,NOAA,2013-08-08T07:41:24.4230000-06:00,in
37,USC00051772,Snow,1983-03-31T00:00:00.0000000-07:00,0.000000,P,,0,,NOAA,2013-08-08T07:41:24.4230000-06:00,in
37,USC00051772,Snow,1983-04-01T00:00:00.0000000-07:00,0.000000,P,,0,,NOAA,2013-08-08T07:41:24.4230000-06:00,in
37,USC00051772,Snow,1983-04-02T00:00:00.0000000-07:00,0.000000,P,,0,,NOAA,2013-08-08T07:41:24.4230000-06:00,in
37,USC00051772,Snow,1983-04-03T00:00:00.0000000-07:00,4.015748,,,0,,NOAA,2013-08-08T07:41:24.4230000-06:00,in
37,USC00051772,Snow,1983-04-04T00:00:00.0000000-06:00,0.000000,P,,0,,NOAA,2013-08-08T07:41:24.4230000-06:00,in
37,USC00051772,Snow,1983-04-05T00:00:00.0000000-06:00,0.000000,P,,0,,NOAA,2013-08-08T07:41:24.4230000-06:00,in
37,USC00051772,Snow,1983-04-06T00:00:00.0000000-06:00,0.000000,P,,0,,NOAA,2013-08-08T07:41:24.4230000-06:00,in
37,USC00051772,Snow,1983-04-07T00:00:00.0000000-06:00,0.000000,P,,0,,NOAA,2013-08-08T07:41:24.4230000-06:00,in
37,USC00051772,Snow,1983-04-08T00:00:00.0000000-06:00,0.000000,P,,0,,NOAA,2013-08-08T07:41:24.4230000-06:00,in
37,USC00051772,Snow,1983-04-09T00:00:00.0000000-06:00,0.000000,P,,0,,NOAA,2013-08-08T07:41:24.4230000-06:00,in
37,USC00051772,Snow,1983-04-10T00:00:00.0000000-06:00,0.000000,P,,0,,NOAA,2013-08-08T07:41:24.4230000-06:00,in
37,USC00051772,Snow,1983-04-11T00:00:00.0000000-06:00,0.000000,P,,0,,NOAA,2013-08-08T07:41:24.4230000-06:00,in
37,USC00051772,Snow,1983-04-12T00:00:00.0000000-06:00,0.984252,,,0,,NOAA,2013-08-08T07:41:24.4230000-06:00,in
37,USC00051772,Snow,1983-04-13T00:00:00.0000000-06:00,0.000000,P,,0,,NOAA,2013-08-08T07:41:24.4230000-06:00,in
37,USC00051772,Snow,1983-04-14T00:00:00.0000000-06:00,0.000000,P,,0,,NOAA,2013-08-08T07:41:24.4230000-06:00,in
37,USC00051772,Snow,1983-04-15T00:00:00.0000000-06:00,0.000000,P,,0,,NOAA,2013-08-08T07:41:24.4230000-06:00,in
37,USC00051772,Snow,1983-04-16T00:00:00.0000000-06:00,0.000000,P,,0,,NOAA,2013-08-08T07:41:24.4230000-06:00,in
37,USC00051772,Snow,1983-04-17T00:00:00.0000000-06:00,0.000000,P,,0,,NOAA,2013-08-08T07:41:24.4230000-06:00,in
37,USC00051772,Snow,1983-04-18T00:00:00.0000000-06:00,0.000000,P,,0,,NOAA,2013-08-08T07:41:24.4230000-06:00,in
37,USC00051772,Snow,1983-04-19T00:00:00.0000000-06:00,0.000000,P,,0,,NOAA,2013-08-08T07:41:24.4230000-06:00,in
37,USC00051772,Snow,1983-04-20T00:00:00.0000000-06:00,0.000000,P,,0,,NOAA,2013-08-08T07:41:24.4230000-06:00,in
37,USC00051772,Snow,1983-04-21T00:00:00.0000000-06:00,0.000000,P,,0,,NOAA,2013-08-08T07:41:24.4230000-06:00,in
37,USC00051772,Snow,1983-04-22T00:00:00.0000000-06:00,0.000000,P,,0,,NOAA,2013-08-08T07:41:24.4230000-06:00,in
37,USC00051772,Snow,1983-04-23T00:00:00.0000000-06:00,0.000000,P,,0,,NOAA,2013-08-08T07:41:24.4230000-06:00,in
37,USC00051772,Snow,1983-04-24T00:00:00.0000000-06:00,0.000000,P,,0,,NOAA,2013-08-08T07:41:24.4230000-06:00,in
37,USC00051772,Snow,1983-04-25T00:00:00.0000000-06:00,0.000000,P,,0,,NOAA,2013-08-08T07:41:24.4230000-06:00,in
37,USC00051772,Snow,1983-04-26T00:00:00.0000000-06:00,0.000000,P,,0,,NOAA,2013-08-08T07:41:24.4230000-06:00,in
37,USC00051772,Snow,1983-04-27T00:00:00.0000000-06:00,0.000000,P,,0,,NOAA,2013-08-08T07:41:24.4230000-06:00,in
37,USC00051772,Snow,1983-04-28T00:00:00.0000000-06:00,0.000000,P,,0,,NOAA,2013-08-08T07:41:24.4230000-06:00,in
37,USC00051772,Snow,1983-04-29T00:00:00.0000000-06:00,0.000000,P,,0,,NOAA,2013-08-08T07:41:24.4230000-06:00,in
37,USC00051772,Snow,1983-04-30T00:00:00.0000000-06:00,0.000000,P,,0,,NOAA,2013-08-08T07:41:24.4230000-06:00,in
37,USC00051772,Snow,1983-05-01T00:00:00.0000000-06:00,0.000000,,,0,,NOAA,2013-08-08T07:41:24.4230000-06:00,in
37,USC00051772,Snow,1983-05-02T00:00:00.0000000-06:00,0.000000,P,,0,,NOAA,2013-08-08T07:41:24.4230000-06:00,in
37,USC00051772,Snow,1983-05-03T00:00:00.0000000-06:00,0.000000,P,,0,,NOAA,2013-08-08T07:41:24.4230000-06:00,in
37,USC00051772,Snow,1983-05-04T00:00:00.0000000-06:00,0.000000,P,,0,,NOAA,2013-08-08T07:41:24.4230000-06:00,in
37,USC00051772,Snow,1983-05-05T00:00:00.0000000-06:00,0.000000,P,,0,,NOAA,2013-08-08T07:41:24.4230000-06:00,in
37,USC00051772,Snow,1983-05-06T00:00:00.0000000-06:00,0.000000,P,,0,,NOAA,2013-08-08T07:41:24.4230000-06:00,in
37,USC00051772,Snow,1983-05-07T00:00:00.0000000-06:00,0.000000,P,,0,,NOAA,2013-08-08T07:41:24.4230000-06:00,in
37,USC00051772,Snow,1983-05-08T00:00:00.0000000-06:00,0.000000,P,,0,,NOAA,2013-08-08T07:41:24.4230000-06:00,in
37,USC00051772,Snow,1983-05-09T00:00:00.0000000-06:00,0.000000,P,,0,,NOAA,2013-08-08T07:41:24.4230000-06:00,in
37,USC00051772,Snow,1983-05-10T00:00:00.0000000-06:00,0.000000,P,,0,,NOAA,2013-08-08T07:41:24.4230000-06:00,in
37,USC00051772,Snow,1983-05-11T00:00:00.0000000-06:00,0.000000,P,,0,,NOAA,2013-08-08T07:41:24.4230000-06:00,in
37,USC00051772,Snow,1983-05-12T00:00:00.0000000-06:00,0.000000,P,,0,,NOAA,2013-08-08T07:41:24.4230000-06:00,in
37,USC00051772,Snow,1983-05-13T00:00:00.0000000-06:00,0.000000,P,,0,,NOAA,2013-08-08T07:41:24.4230000-06:00,in
37,USC00051772,Snow,1983-05-14T00:00:00.0000000-06:00,0.000000,P,,0,,NOAA,2013-08-08T07:41:24.4230000-06:00,in
37,USC00051772,Snow,1983-05-15T00:00:00.0000000-06:00,0.000000,P,,0,,NOAA,2013-08-08T07:41:24.4230000-06:00,in
37,USC00051772,Snow,1983-05-16T00:00:00.0000000-06:00,0.000000,P,,0,,NOAA,2013-08-08T07:41:24.4230000-06:00,in
37,USC00051772,Snow,1983-05-17T00:00:00.0000000-06:00,0.000000,P,,0,,NOAA,2013-08-08T07:41:24.4230000-06:00,in
37,USC00051772,Snow,1983-05-18T00:00:00.0000000-06:00,0.000000,P,,0,,NOAA,2013-08-08T07:41:24.4230000-06:00,in
37,USC00051772,Snow,1983-05-19T00:00:00.0000000-06:00,0.000000,P,,0,,NOAA,2013-08-08T07:41:24.4230000-06:00,in
37,USC00051772,Snow,1983-05-20T00:00:00.0000000-06:00,0.000000,P,,0,,NOAA,2013-08-08T07:41:24.4230000-06:00,in
37,USC00051772,Snow,1983-05-21T00:00:00.0000000-06:00,0.000000,P,,0,,NOAA,2013-08-08T07:41:24.4230000-06:00,in
37,USC00051772,Snow,1983-05-22T00:00:00.0000000-06:00,0.000000,P,,0,,NOAA,2013-08-08T07:41:24.4230000-06:00,in
37,USC00051772,Snow,1983-05-23T00:00:00.0000000-06:00,0.000000,P,,0,,NOAA,2013-08-08T07:41:24.4230000-06:00,in
37,USC00051772,Snow,1983-05-24T00:00:00.0000000-06:00,0.000000,P,,0,,NOAA,2013-08-08T07:41:24.4230000-06:00,in
37,USC00051772,Snow,1983-05-25T00:00:00.0000000-06:00,0.000000,P,,0,,NOAA,2013-08-08T07:41:24.4230000-06:00,in
37,USC00051772,Snow,1983-05-26T00:00:00.0000000-06:00,0.000000,P,,0,,NOAA,2013-08-08T07:41:24.4230000-06:00,in
37,USC00051772,Snow,1983-05-27T00:00:00.0000000-06:00,0.000000,P,,0,,NOAA,2013-08-08T07:41:24.4230000-06:00,in
37,USC00051772,Snow,1983-05-28T00:00:00.0000000-06:00,0.000000,P,,0,,NOAA,2013-08-08T07:41:24.4230000-06:00,in
37,USC00051772,Snow,1983-05-29T00:00:00.0000000-06:00,0.000000,P,,0,,NOAA,2013-08-08T07:41:24.4230000-06:00,in
37,USC00051772,Snow,1983-05-30T00:00:00.0000000-06:00,0.000000,P,,0,,NOAA,2013-08-08T07:41:24.4230000-06:00,in
37,USC00051772,Snow,1983-05-31T00:00:00.0000000-06:00,0.000000,P,,0,,NOAA,2013-08-08T07:41:24.4230000-06:00,in
37,USC00051772,Snow,1983-06-01T00:00:00.0000000-06:00,0.000000,P,,0,,NOAA,2013-08-08T07:41:24.4230000-06:00,in
37,USC00051772,Snow,1983-06-02T00:00:00.0000000-06:00,0.000000,P,,0,,NOAA,2013-08-08T07:41:24.4230000-06:00,in
37,USC00051772,Snow,1983-06-03T00:00:00.0000000-06:00,0.000000,P,,0,,NOAA,2013-08-08T07:41:24.4230000-06:00,in
37,USC00051772,Snow,1983-06-04T00:00:00.0000000-06:00,0.000000,P,,0,,NOAA,2013-08-08T07:41:24.4230000-06:00,in
37,USC00051772,Snow,1983-06-05T00:00:00.0000000-06:00,0.000000,P,,0,,NOAA,2013-08-08T07:41:24.4230000-06:00,in
37,USC00051772,Snow,1983-06-06T00:00:00.0000000-06:00,0.000000,P,,0,,NOAA,2013-08-08T07:41:24.4230000-06:00,in
37,USC00051772,Snow,1983-06-07T00:00:00.0000000-06:00,0.000000,P,,0,,NOAA,2013-08-08T07:41:24.4230000-06:00,in
37,USC00051772,Snow,1983-06-08T00:00:00.0000000-06:00,0.000000,P,,0,,NOAA,2013-08-08T07:41:24.4230000-06:00,in
37,USC00051772,Snow,1983-06-09T00:00:00.0000000-06:00,0.000000,P,,0,,NOAA,2013-08-08T07:41:24.4230000-06:00,in
37,USC00051772,Snow,1983-06-10T00:00:00.0000000-06:00,0.000000,P,,0,,NOAA,2013-08-08T07:41:24.4230000-06:00,in
37,USC00051772,Snow,1983-06-11T00:00:00.0000000-06:00,0.000000,P,,0,,NOAA,2013-08-08T07:41:24.4230000-06:00,in
37,USC00051772,Snow,1983-06-12T00:00:00.0000000-06:00,0.000000,P,,0,,NOAA,2013-08-08T07:41:24.4230000-06:00,in
37,USC00051772,Snow,1983-06-13T00:00:00.0000000-06:00,0.000000,P,,0,,NOAA,2013-08-08T07:41:24.4230000-06:00,in
37,USC00051772,Snow,1983-06-14T00:00:00.0000000-06:00,0.000000,P,,0,,NOAA,2013-08-08T07:41:24.4230000-06:00,in
37,USC00051772,Snow,1983-06-15T00:00:00.0000000-06:00,0.000000,P,,0,,NOAA,2013-08-08T07:41:24.4230000-06:00,in
37,USC00051772,Snow,1983-06-16T00:00:00.0000000-06:00,0.000000,P,,0,,NOAA,2013-08-08T07:41:24.4230000-06:00,in
37,USC00051772,Snow,1983-06-17T00:00:00.0000000-06:00,0.000000,P,,0,,NOAA,2013-08-08T07:41:24.4230000-06:00,in
37,USC00051772,Snow,1983-06-18T00:00:00.0000000-06:00,0.000000,P,,0,,NOAA,2013-08-08T07:41:24.4230000-06:00,in
37,USC00051772,Snow,1983-06-19T00:00:00.0000000-06:00,0.000000,P,,0,,NOAA,2013-08-08T07:41:24.4230000-06:00,in
37,USC00051772,Snow,1983-06-20T00:00:00.0000000-06:00,0.000000,P,,0,,NOAA,2013-08-08T07:41:24.4230000-06:00,in
37,USC00051772,Snow,1983-06-21T00:00:00.0000000-06:00,0.000000,P,,0,,NOAA,2013-08-08T07:41:24.4230000-06:00,in
37,USC00051772,Snow,1983-06-22T00:00:00.0000000-06:00,0.000000,P,,0,,NOAA,2013-08-08T07:41:24.4230000-06:00,in
37,USC00051772,Snow,1983-06-23T00:00:00.0000000-06:00,0.000000,P,,0,,NOAA,2013-08-08T07:41:24.4230000-06:00,in
37,USC00051772,Snow,1983-06-24T00:00:00.0000000-06:00,0.000000,P,,0,,NOAA,2013-08-08T07:41:24.4230000-06:00,in
37,USC00051772,Snow,1983-06-25T00:00:00.0000000-06:00,0.000000,P,,0,,NOAA,2013-08-08T07:41:24.4230000-06:00,in
37,USC00051772,Snow,1983-06-26T00:00:00.0000000-06:00,0.000000,P,,0,,NOAA,2013-08-08T07:41:24.4230000-06:00,in
37,USC00051772,Snow,1983-06-27T00:00:00.0000000-06:00,0.000000,P,,0,,NOAA,2013-08-08T07:41:24.4230000-06:00,in
37,USC00051772,Snow,1983-06-28T00:00:00.0000000-06:00,0.000000,P,,0,,NOAA,2013-08-08T07:41:24.4230000-06:00,in
37,USC00051772,Snow,1983-06-29T00:00:00.0000000-06:00,0.000000,P,,0,,NOAA,2013-08-08T07:41:24.4230000-06:00,in
37,USC00051772,Snow,1983-06-30T00:00:00.0000000-06:00,0.000000,P,,0,,NOAA,2013-08-08T07:41:24.4230000-06:00,in
37,USC00051772,Snow,1983-07-01T00:00:00.0000000-06:00,0.000000,P,,0,,NOAA,2013-08-08T07:41:24.4230000-06:00,in
37,USC00051772,Snow,1983-07-02T00:00:00.0000000-06:00,0.000000,P,,0,,NOAA,2013-08-08T07:41:24.4230000-06:00,in
37,USC00051772,Snow,1983-07-03T00:00:00.0000000-06:00,0.000000,P,,0,,NOAA,2013-08-08T07:41:24.4230000-06:00,in
37,USC00051772,Snow,1983-07-04T00:00:00.0000000-06:00,0.000000,P,,0,,NOAA,2013-08-08T07:41:24.4230000-06:00,in
37,USC00051772,Snow,1983-07-05T00:00:00.0000000-06:00,0.000000,P,,0,,NOAA,2013-08-08T07:41:24.4230000-06:00,in
37,USC00051772,Snow,1983-07-06T00:00:00.0000000-06:00,0.000000,P,,0,,NOAA,2013-08-08T07:41:24.4230000-06:00,in
37,USC00051772,Snow,1983-07-07T00:00:00.0000000-06:00,0.000000,P,,0,,NOAA,2013-08-08T07:41:24.4230000-06:00,in
37,USC00051772,Snow,1983-07-08T00:00:00.0000000-06:00,0.000000,P,,0,,NOAA,2013-08-08T07:41:24.4230000-06:00,in
37,USC00051772,Snow,1983-07-09T00:00:00.0000000-06:00,0.000000,P,,0,,NOAA,2013-08-08T07:41:24.4230000-06:00,in
37,USC00051772,Snow,1983-07-10T00:00:00.0000000-06:00,0.000000,P,,0,,NOAA,2013-08-08T07:41:24.4230000-06:00,in
37,USC00051772,Snow,1983-07-11T00:00:00.0000000-06:00,0.000000,P,,0,,NOAA,2013-08-08T07:41:24.4230000-06:00,in
37,USC00051772,Snow,1983-07-12T00:00:00.0000000-06:00,0.000000,P,,0,,NOAA,2013-08-08T07:41:24.4230000-06:00,in
37,USC00051772,Snow,1983-07-13T00:00:00.0000000-06:00,0.000000,P,,0,,NOAA,2013-08-08T07:41:24.4230000-06:00,in
37,USC00051772,Snow,1983-07-14T00:00:00.0000000-06:00,0.000000,P,,0,,NOAA,2013-08-08T07:41:24.4230000-06:00,in
37,USC00051772,Snow,1983-07-15T00:00:00.0000000-06:00,0.000000,P,,0,,NOAA,2013-08-08T07:41:24.4230000-06:00,in
37,USC00051772,Snow,1983-07-16T00:00:00.0000000-06:00,0.000000,P,,0,,NOAA,2013-08-08T07:41:24.4230000-06:00,in
37,USC00051772,Snow,1983-07-17T00:00:00.0000000-06:00,0.000000,P,,0,,NOAA,2013-08-08T07:41:24.4230000-06:00,in
37,USC00051772,Snow,1983-07-18T00:00:00.0000000-06:00,0.000000,P,,0,,NOAA,2013-08-08T07:41:24.4230000-06:00,in
37,USC00051772,Snow,1983-07-19T00:00:00.0000000-06:00,0.000000,P,,0,,NOAA,2013-08-08T07:41:24.4230000-06:00,in
37,USC00051772,Snow,1983-07-20T00:00:00.0000000-06:00,0.000000,P,,0,,NOAA,2013-08-08T07:41:24.4230000-06:00,in
37,USC00051772,Snow,1983-07-21T00:00:00.0000000-06:00,0.000000,P,,0,,NOAA,2013-08-08T07:41:24.4230000-06:00,in
37,USC00051772,Snow,1983-07-22T00:00:00.0000000-06:00,0.000000,P,,0,,NOAA,2013-08-08T07:41:24.4230000-06:00,in
37,USC00051772,Snow,1983-07-23T00:00:00.0000000-06:00,0.000000,P,,0,,NOAA,2013-08-08T07:41:24.4230000-06:00,in
37,USC00051772,Snow,1983-07-24T00:00:00.0000000-06:00,0.000000,P,,0,,NOAA,2013-08-08T07:41:24.4230000-06:00,in
37,USC00051772,Snow,1983-07-25T00:00:00.0000000-06:00,0.000000,P,,0,,NOAA,2013-08-08T07:41:24.4230000-06:00,in
37,USC00051772,Snow,1983-07-26T00:00:00.0000000-06:00,0.000000,P,,0,,NOAA,2013-08-08T07:41:24.4230000-06:00,in
37,USC00051772,Snow,1983-07-27T00:00:00.0000000-06:00,0.000000,P,,0,,NOAA,2013-08-08T07:41:24.4230000-06:00,in
37,USC00051772,Snow,1983-07-28T00:00:00.0000000-06:00,0.000000,P,,0,,NOAA,2013-08-08T07:41:24.4230000-06:00,in
37,USC00051772,Snow,1983-07-29T00:00:00.0000000-06:00,0.000000,P,,0,,NOAA,2013-08-08T07:41:24.4230000-06:00,in
37,USC00051772,Snow,1983-07-30T00:00:00.0000000-06:00,0.000000,P,,0,,NOAA,2013-08-08T07:41:24.4230000-06:00,in
37,USC00051772,Snow,1983-07-31T00:00:00.0000000-06:00,0.000000,P,,0,,NOAA,2013-08-08T07:41:24.4230000-06:00,in
37,USC00051772,Snow,1983-08-01T00:00:00.0000000-06:00,0.000000,P,,0,,NOAA,2013-08-08T07:41:24.4230000-06:00,in
37,USC00051772,Snow,1983-08-02T00:00:00.0000000-06:00,0.000000,P,,0,,NOAA,2013-08-08T07:41:24.4230000-06:00,in
37,USC00051772,Snow,1983-08-03T00:00:00.0000000-06:00,0.000000,P,,0,,NOAA,2013-08-08T07:41:24.4230000-06:00,in
37,USC00051772,Snow,1983-08-04T00:00:00.0000000-06:00,0.000000,P,,0,,NOAA,2013-08-08T07:41:24.4230000-06:00,in
37,USC00051772,Snow,1983-08-05T00:00:00.0000000-06:00,0.000000,P,,0,,NOAA,2013-08-08T07:41:24.4230000-06:00,in
37,USC00051772,Snow,1983-08-06T00:00:00.0000000-06:00,0.000000,P,,0,,NOAA,2013-08-08T07:41:24.4230000-06:00,in
37,USC00051772,Snow,1983-08-07T00:00:00.0000000-06:00,0.000000,P,,0,,NOAA,2013-08-08T07:41:24.4230000-06:00,in
37,USC00051772,Snow,1983-08-08T00:00:00.0000000-06:00,0.000000,P,,0,,NOAA,2013-08-08T07:41:24.4230000-06:00,in
37,USC00051772,Snow,1983-08-09T00:00:00.0000000-06:00,0.000000,P,,0,,NOAA,2013-08-08T07:41:24.4230000-06:00,in
37,USC00051772,Snow,1983-08-10T00:00:00.0000000-06:00,0.000000,P,,0,,NOAA,2013-08-08T07:41:24.4230000-06:00,in
37,USC00051772,Snow,1983-08-11T00:00:00.0000000-06:00,0.000000,P,,0,,NOAA,2013-08-08T07:41:24.4230000-06:00,in
37,USC00051772,Snow,1983-08-12T00:00:00.0000000-06:00,0.000000,P,,0,,NOAA,2013-08-08T07:41:24.4230000-06:00,in
37,USC00051772,Snow,1983-08-13T00:00:00.0000000-06:00,0.000000,P,,0,,NOAA,2013-08-08T07:41:24.4230000-06:00,in
37,USC00051772,Snow,1983-08-14T00:00:00.0000000-06:00,0.000000,P,,0,,NOAA,2013-08-08T07:41:24.4230000-06:00,in
37,USC00051772,Snow,1983-08-15T00:00:00.0000000-06:00,0.000000,P,,0,,NOAA,2013-08-08T07:41:24.4230000-06:00,in
37,USC00051772,Snow,1983-08-16T00:00:00.0000000-06:00,0.000000,P,,0,,NOAA,2013-08-08T07:41:24.4230000-06:00,in
37,USC00051772,Snow,1983-08-17T00:00:00.0000000-06:00,0.000000,P,,0,,NOAA,2013-08-08T07:41:24.4230000-06:00,in
37,USC00051772,Snow,1983-08-18T00:00:00.0000000-06:00,0.000000,P,,0,,NOAA,2013-08-08T07:41:24.4230000-06:00,in
37,USC00051772,Snow,1983-08-19T00:00:00.0000000-06:00,0.000000,P,,0,,NOAA,2013-08-08T07:41:24.4230000-06:00,in
37,USC00051772,Snow,1983-08-20T00:00:00.0000000-06:00,0.000000,P,,0,,NOAA,2013-08-08T07:41:24.4230000-06:00,in
37,USC00051772,Snow,1983-08-21T00:00:00.0000000-06:00,0.000000,P,,0,,NOAA,2013-08-08T07:41:24.4230000-06:00,in
37,USC00051772,Snow,1983-08-22T00:00:00.0000000-06:00,0.000000,P,,0,,NOAA,2013-08-08T07:41:24.4230000-06:00,in
37,USC00051772,Snow,1983-08-23T00:00:00.0000000-06:00,0.000000,P,,0,,NOAA,2013-08-08T07:41:24.4230000-06:00,in
37,USC00051772,Snow,1983-08-24T00:00:00.0000000-06:00,0.000000,P,,0,,NOAA,2013-08-08T07:41:24.4230000-06:00,in
37,USC00051772,Snow,1983-08-25T00:00:00.0000000-06:00,0.000000,P,,0,,NOAA,2013-08-08T07:41:24.4230000-06:00,in
37,USC00051772,Snow,1983-08-26T00:00:00.0000000-06:00,0.000000,P,,0,,NOAA,2013-08-08T07:41:24.4230000-06:00,in
37,USC00051772,Snow,1983-08-27T00:00:00.0000000-06:00,0.000000,P,,0,,NOAA,2013-08-08T07:41:24.4230000-06:00,in
37,USC00051772,Snow,1983-08-28T00:00:00.0000000-06:00,0.000000,P,,0,,NOAA,2013-08-08T07:41:24.4230000-06:00,in
37,USC00051772,Snow,1983-08-29T00:00:00.0000000-06:00,0.000000,P,,0,,NOAA,2013-08-08T07:41:24.4230000-06:00,in
37,USC00051772,Snow,1983-08-30T00:00:00.0000000-06:00,0.000000,P,,0,,NOAA,2013-08-08T07:41:24.4230000-06:00,in
37,USC00051772,Snow,1983-08-31T00:00:00.0000000-06:00,0.000000,P,,0,,NOAA,2013-08-08T07:41:24.4230000-06:00,in
37,USC00051772,Snow,1983-09-01T00:00:00.0000000-06:00,0.000000,P,,0,,NOAA,2013-08-08T07:41:24.4230000-06:00,in
37,USC00051772,Snow,1983-09-02T00:00:00.0000000-06:00,0.000000,P,,0,,NOAA,2013-08-08T07:41:24.4230000-06:00,in
37,USC00051772,Snow,1983-09-03T00:00:00.0000000-06:00,0.000000,P,,0,,NOAA,2013-08-08T07:41:24.4230000-06:00,in
37,USC00051772,Snow,1983-09-04T00:00:00.0000000-06:00,0.000000,P,,0,,NOAA,2013-08-08T07:41:24.4230000-06:00,in
37,USC00051772,Snow,1983-09-05T00:00:00.0000000-06:00,0.000000,P,,0,,NOAA,2013-08-08T07:41:24.4230000-06:00,in
37,USC00051772,Snow,1983-09-06T00:00:00.0000000-06:00,0.000000,P,,0,,NOAA,2013-08-08T07:41:24.4230000-06:00,in
37,USC00051772,Snow,1983-09-07T00:00:00.0000000-06:00,0.000000,P,,0,,NOAA,2013-08-08T07:41:24.4230000-06:00,in
37,USC00051772,Snow,1983-09-08T00:00:00.0000000-06:00,0.000000,P,,0,,NOAA,2013-08-08T07:41:24.4230000-06:00,in
37,USC00051772,Snow,1983-09-09T00:00:00.0000000-06:00,0.000000,P,,0,,NOAA,2013-08-08T07:41:24.4230000-06:00,in
37,USC00051772,Snow,1983-09-10T00:00:00.0000000-06:00,0.000000,P,,0,,NOAA,2013-08-08T07:41:24.4230000-06:00,in
37,USC00051772,Snow,1983-09-11T00:00:00.0000000-06:00,0.000000,P,,0,,NOAA,2013-08-08T07:41:24.4230000-06:00,in
37,USC00051772,Snow,1983-09-12T00:00:00.0000000-06:00,0.000000,P,,0,,NOAA,2013-08-08T07:41:24.4230000-06:00,in
37,USC00051772,Snow,1983-09-13T00:00:00.0000000-06:00,0.000000,P,,0,,NOAA,2013-08-08T07:41:24.4230000-06:00,in
37,USC00051772,Snow,1983-09-14T00:00:00.0000000-06:00,0.000000,P,,0,,NOAA,2013-08-08T07:41:24.4230000-06:00,in
37,USC00051772,Snow,1983-09-15T00:00:00.0000000-06:00,0.000000,P,,0,,NOAA,2013-08-08T07:41:24.4230000-06:00,in
37,USC00051772,Snow,1983-09-16T00:00:00.0000000-06:00,0.000000,P,,0,,NOAA,2013-08-08T07:41:24.4230000-06:00,in
37,USC00051772,Snow,1983-09-17T00:00:00.0000000-06:00,0.000000,P,,0,,NOAA,2013-08-08T07:41:24.4230000-06:00,in
37,USC00051772,Snow,1983-09-18T00:00:00.0000000-06:00,0.000000,P,,0,,NOAA,2013-08-08T07:41:24.4230000-06:00,in
37,USC00051772,Snow,1983-09-19T00:00:00.0000000-06:00,0.000000,P,,0,,NOAA,2013-08-08T07:41:24.4230000-06:00,in
37,USC00051772,Snow,1983-09-20T00:00:00.0000000-06:00,0.000000,P,,0,,NOAA,2013-08-08T07:41:24.4230000-06:00,in
37,USC00051772,Snow,1983-09-21T00:00:00.0000000-06:00,0.000000,P,,0,,NOAA,2013-08-08T07:41:24.4230000-06:00,in
37,USC00051772,Snow,1983-09-22T00:00:00.0000000-06:00,0.000000,P,,0,,NOAA,2013-08-08T07:41:24.4230000-06:00,in
37,USC00051772,Snow,1983-09-23T00:00:00.0000000-06:00,0.000000,P,,0,,NOAA,2013-08-08T07:41:24.4230000-06:00,in
37,USC00051772,Snow,1983-09-24T00:00:00.0000000-06:00,0.000000,P,,0,,NOAA,2013-08-08T07:41:24.4230000-06:00,in
37,USC00051772,Snow,1983-09-25T00:00:00.0000000-06:00,0.000000,P,,0,,NOAA,2013-08-08T07:41:24.4230000-06:00,in
37,USC00051772,Snow,1983-09-26T00:00:00.0000000-06:00,0.000000,P,,0,,NOAA,2013-08-08T07:41:24.4230000-06:00,in
37,USC00051772,Snow,1983-09-27T00:00:00.0000000-06:00,0.000000,P,,0,,NOAA,2013-08-08T07:41:24.4230000-06:00,in
37,USC00051772,Snow,1983-09-28T00:00:00.0000000-06:00,0.000000,P,,0,,NOAA,2013-08-08T07:41:24.4230000-06:00,in
37,USC00051772,Snow,1983-09-29T00:00:00.0000000-06:00,0.000000,P,,0,,NOAA,2013-08-08T07:41:24.4230000-06:00,in
37,USC00051772,Snow,1983-09-30T00:00:00.0000000-06:00,0.000000,P,,0,,NOAA,2013-08-08T07:41:24.4230000-06:00,in
37,USC00051772,Snow,1983-10-01T00:00:00.0000000-06:00,0.000000,P,,0,,NOAA,2013-08-08T07:41:24.4230000-06:00,in
37,USC00051772,Snow,1983-10-02T00:00:00.0000000-06:00,0.000000,P,,0,,NOAA,2013-08-08T07:41:24.4230000-06:00,in
37,USC00051772,Snow,1983-10-03T00:00:00.0000000-06:00,0.000000,P,,0,,NOAA,2013-08-08T07:41:24.4230000-06:00,in
37,USC00051772,Snow,1983-10-04T00:00:00.0000000-06:00,0.000000,P,,0,,NOAA,2013-08-08T07:41:24.4230000-06:00,in
37,USC00051772,Snow,1983-10-05T00:00:00.0000000-06:00,0.000000,P,,0,,NOAA,2013-08-08T07:41:24.4230000-06:00,in
37,USC00051772,Snow,1983-10-06T00:00:00.0000000-06:00,0.000000,P,,0,,NOAA,2013-08-08T07:41:24.4230000-06:00,in
37,USC00051772,Snow,1983-10-07T00:00:00.0000000-06:00,0.000000,P,,0,,NOAA,2013-08-08T07:41:24.4230000-06:00,in
37,USC00051772,Snow,1983-10-08T00:00:00.0000000-06:00,0.000000,P,,0,,NOAA,2013-08-08T07:41:24.4230000-06:00,in
37,USC00051772,Snow,1983-10-09T00:00:00.0000000-06:00,0.000000,P,,0,,NOAA,2013-08-08T07:41:24.4230000-06:00,in
37,USC00051772,Snow,1983-10-10T00:00:00.0000000-06:00,0.000000,P,,0,,NOAA,2013-08-08T07:41:24.4230000-06:00,in
37,USC00051772,Snow,1983-10-11T00:00:00.0000000-06:00,0.000000,P,,0,,NOAA,2013-08-08T07:41:24.4230000-06:00,in
37,USC00051772,Snow,1983-10-12T00:00:00.0000000-06:00,0.000000,P,,0,,NOAA,2013-08-08T07:41:24.4230000-06:00,in
37,USC00051772,Snow,1983-10-13T00:00:00.0000000-06:00,0.000000,P,,0,,NOAA,2013-08-08T07:41:24.4230000-06:00,in
37,USC00051772,Snow,1983-10-14T00:00:00.0000000-06:00,0.000000,P,,0,,NOAA,2013-08-08T07:41:24.4230000-06:00,in
37,USC00051772,Snow,1983-10-15T00:00:00.0000000-06:00,0.000000,P,,0,,NOAA,2013-08-08T07:41:24.4230000-06:00,in
37,USC00051772,Snow,1983-10-16T00:00:00.0000000-06:00,0.000000,P,,0,,NOAA,2013-08-08T07:41:24.4230000-06:00,in
37,USC00051772,Snow,1983-10-17T00:00:00.0000000-06:00,0.000000,P,,0,,NOAA,2013-08-08T07:41:24.4230000-06:00,in
37,USC00051772,Snow,1983-10-18T00:00:00.0000000-06:00,0.000000,P,,0,,NOAA,2013-08-08T07:41:24.4230000-06:00,in
37,USC00051772,Snow,1983-10-19T00:00:00.0000000-06:00,0.000000,P,,0,,NOAA,2013-08-08T07:41:24.4230000-06:00,in
37,USC00051772,Snow,1983-10-20T00:00:00.0000000-06:00,0.000000,P,,0,,NOAA,2013-08-08T07:41:24.4230000-06:00,in
37,USC00051772,Snow,1983-10-21T00:00:00.0000000-06:00,0.000000,P,,0,,NOAA,2013-08-08T07:41:24.4230000-06:00,in
37,USC00051772,Snow,1983-10-22T00:00:00.0000000-06:00,0.000000,P,,0,,NOAA,2013-08-08T07:41:24.4230000-06:00,in
37,USC00051772,Snow,1983-10-23T00:00:00.0000000-06:00,0.000000,P,,0,,NOAA,2013-08-08T07:41:24.4230000-06:00,in
37,USC00051772,Snow,1983-10-24T00:00:00.0000000-06:00,0.000000,P,,0,,NOAA,2013-08-08T07:41:24.4230000-06:00,in
37,USC00051772,Snow,1983-10-25T00:00:00.0000000-06:00,0.000000,P,,0,,NOAA,2013-08-08T07:41:24.4230000-06:00,in
37,USC00051772,Snow,1983-10-26T00:00:00.0000000-06:00,0.000000,P,,0,,NOAA,2013-08-08T07:41:24.4230000-06:00,in
37,USC00051772,Snow,1983-10-27T00:00:00.0000000-06:00,0.000000,P,,0,,NOAA,2013-08-08T07:41:24.4230000-06:00,in
37,USC00051772,Snow,1983-10-28T00:00:00.0000000-06:00,0.000000,P,,0,,NOAA,2013-08-08T07:41:24.4230000-06:00,in
37,USC00051772,Snow,1983-10-29T00:00:00.0000000-06:00,0.000000,P,,0,,NOAA,2013-08-08T07:41:24.4230000-06:00,in
37,USC00051772,Snow,1983-10-30T00:00:00.0000000-06:00,0.000000,P,,0,,NOAA,2013-08-08T07:41:24.4230000-06:00,in
37,USC00051772,Snow,1983-10-31T00:00:00.0000000-07:00,0.000000,P,,0,,NOAA,2013-08-08T07:41:24.4230000-06:00,in
37,USC00051772,Snow,1983-12-01T00:00:00.0000000-07:00,0.000000,P,,0,,NOAA,2013-08-08T07:41:24.4230000-06:00,in
37,USC00051772,Snow,1983-12-02T00:00:00.0000000-07:00,0.000000,P,,0,,NOAA,2013-08-08T07:41:24.4230000-06:00,in
37,USC00051772,Snow,1983-12-03T00:00:00.0000000-07:00,0.000000,P,,0,,NOAA,2013-08-08T07:41:24.4230000-06:00,in
37,USC00051772,Snow,1983-12-04T00:00:00.0000000-07:00,2.007874,,,0,,NOAA,2013-08-08T07:41:24.4230000-06:00,in
37,USC00051772,Snow,1983-12-05T00:00:00.0000000-07:00,0.000000,T,,0,,NOAA,2013-08-08T07:41:24.4230000-06:00,in
37,USC00051772,Snow,1983-12-06T00:00:00.0000000-07:00,0.000000,P,,0,,NOAA,2013-08-08T07:41:24.4230000-06:00,in
37,USC00051772,Snow,1983-12-07T00:00:00.0000000-07:00,0.000000,P,,0,,NOAA,2013-08-08T07:41:24.4230000-06:00,in
37,USC00051772,Snow,1983-12-08T00:00:00.0000000-07:00,0.000000,P,,0,,NOAA,2013-08-08T07:41:24.4230000-06:00,in
37,USC00051772,Snow,1983-12-09T00:00:00.0000000-07:00,0.000000,P,,0,,NOAA,2013-08-08T07:41:24.4230000-06:00,in
37,USC00051772,Snow,1983-12-10T00:00:00.0000000-07:00,0.000000,P,,0,,NOAA,2013-08-08T07:41:24.4230000-06:00,in
37,USC00051772,Snow,1983-12-11T00:00:00.0000000-07:00,0.000000,P,,0,,NOAA,2013-08-08T07:41:24.4230000-06:00,in
37,USC00051772,Snow,1983-12-12T00:00:00.0000000-07:00,0.000000,P,,0,,NOAA,2013-08-08T07:41:24.4230000-06:00,in
37,USC00051772,Snow,1983-12-13T00:00:00.0000000-07:00,0.000000,P,,0,,NOAA,2013-08-08T07:41:24.4230000-06:00,in
37,USC00051772,Snow,1983-12-14T00:00:00.0000000-07:00,0.000000,P,,0,,NOAA,2013-08-08T07:41:24.4230000-06:00,in
37,USC00051772,Snow,1983-12-15T00:00:00.0000000-07:00,0.000000,P,,0,,NOAA,2013-08-08T07:41:24.4230000-06:00,in
37,USC00051772,Snow,1983-12-16T00:00:00.0000000-07:00,0.000000,P,,0,,NOAA,2013-08-08T07:41:24.4230000-06:00,in
37,USC00051772,Snow,1983-12-17T00:00:00.0000000-07:00,0.000000,P,,0,,NOAA,2013-08-08T07:41:24.4230000-06:00,in
37,USC00051772,Snow,1983-12-18T00:00:00.0000000-07:00,0.000000,P,,0,,NOAA,2013-08-08T07:41:24.4230000-06:00,in
37,USC00051772,Snow,1983-12-19T00:00:00.0000000-07:00,0.000000,P,,0,,NOAA,2013-08-08T07:41:24.4230000-06:00,in
37,USC00051772,Snow,1983-12-20T00:00:00.0000000-07:00,2.992126,,,0,,NOAA,2013-08-08T07:41:24.4230000-06:00,in
37,USC00051772,Snow,1983-12-21T00:00:00.0000000-07:00,0.000000,T,,0,,NOAA,2013-08-08T07:41:24.4230000-06:00,in
37,USC00051772,Snow,1983-12-22T00:00:00.0000000-07:00,0.000000,P,,0,,NOAA,2013-08-08T07:41:24.4230000-06:00,in
37,USC00051772,Snow,1983-12-23T00:00:00.0000000-07:00,0.000000,T,,0,,NOAA,2013-08-08T07:41:24.4230000-06:00,in
37,USC00051772,Snow,1983-12-24T00:00:00.0000000-07:00,5.314961,,,0,,NOAA,2013-08-08T07:41:24.4230000-06:00,in
37,USC00051772,Snow,1983-12-25T00:00:00.0000000-07:00,2.007874,,,0,,NOAA,2013-08-08T07:41:24.4230000-06:00,in
37,USC00051772,Snow,1983-12-26T00:00:00.0000000-07:00,5.000000,,,0,,NOAA,2013-08-08T07:41:24.4230000-06:00,in
37,USC00051772,Snow,1983-12-27T00:00:00.0000000-07:00,0.000000,P,,0,,NOAA,2013-08-08T07:41:24.4230000-06:00,in
37,USC00051772,Snow,1983-12-28T00:00:00.0000000-07:00,5.984252,,,0,,NOAA,2013-08-08T07:41:24.4230000-06:00,in
37,USC00051772,Snow,1983-12-29T00:00:00.0000000-07:00,0.000000,P,,0,,NOAA,2013-08-08T07:41:24.4230000-06:00,in
37,USC00051772,Snow,1983-12-30T00:00:00.0000000-07:00,0.000000,P,,0,,NOAA,2013-08-08T07:41:24.4230000-06:00,in
37,USC00051772,Snow,1983-12-31T00:00:00.0000000-07:00,0.000000,T,,0,,NOAA,2013-08-08T07:41:24.4230000-06:00,in
37,USC00051772,Snow,1984-01-01T00:00:00.0000000-07:00,0.000000,P,,0,,NOAA,2013-08-08T07:41:24.4230000-06:00,in
37,USC00051772,Snow,1984-01-02T00:00:00.0000000-07:00,0.000000,P,,0,,NOAA,2013-08-08T07:41:24.4230000-06:00,in
37,USC00051772,Snow,1984-01-03T00:00:00.0000000-07:00,0.000000,P,,0,,NOAA,2013-08-08T07:41:24.4230000-06:00,in
37,USC00051772,Snow,1984-01-04T00:00:00.0000000-07:00,0.000000,P,,0,,NOAA,2013-08-08T07:41:24.4230000-06:00,in
37,USC00051772,Snow,1984-01-05T00:00:00.0000000-07:00,0.000000,P,,0,,NOAA,2013-08-08T07:41:24.4230000-06:00,in
37,USC00051772,Snow,1984-01-06T00:00:00.0000000-07:00,0.000000,P,,0,,NOAA,2013-08-08T07:41:24.4230000-06:00,in
37,USC00051772,Snow,1984-01-07T00:00:00.0000000-07:00,0.000000,P,,0,,NOAA,2013-08-08T07:41:24.4230000-06:00,in
37,USC00051772,Snow,1984-01-08T00:00:00.0000000-07:00,0.000000,P,,0,,NOAA,2013-08-08T07:41:24.4230000-06:00,in
37,USC00051772,Snow,1984-01-09T00:00:00.0000000-07:00,0.000000,P,,0,,NOAA,2013-08-08T07:41:24.4230000-06:00,in
37,USC00051772,Snow,1984-01-10T00:00:00.0000000-07:00,0.000000,P,,0,,NOAA,2013-08-08T07:41:24.4230000-06:00,in
37,USC00051772,Snow,1984-01-11T00:00:00.0000000-07:00,0.000000,P,,0,,NOAA,2013-08-08T07:41:24.4230000-06:00,in
37,USC00051772,Snow,1984-01-12T00:00:00.0000000-07:00,0.314961,,,0,,NOAA,2013-08-08T07:41:24.4230000-06:00,in
37,USC00051772,Snow,1984-01-13T00:00:00.0000000-07:00,0.000000,P,,0,,NOAA,2013-08-08T07:41:24.4230000-06:00,in
37,USC00051772,Snow,1984-01-14T00:00:00.0000000-07:00,2.007874,,,0,,NOAA,2013-08-08T07:41:24.4230000-06:00,in
37,USC00051772,Snow,1984-01-15T00:00:00.0000000-07:00,0.000000,P,,0,,NOAA,2013-08-08T07:41:24.4230000-06:00,in
37,USC00051772,Snow,1984-01-16T00:00:00.0000000-07:00,0.000000,P,,0,,NOAA,2013-08-08T07:41:24.4230000-06:00,in
37,USC00051772,Snow,1984-01-17T00:00:00.0000000-07:00,0.000000,T,,0,,NOAA,2013-08-08T07:41:24.4230000-06:00,in
37,USC00051772,Snow,1984-01-18T00:00:00.0000000-07:00,0.000000,P,,0,,NOAA,2013-08-08T07:41:24.4230000-06:00,in
37,USC00051772,Snow,1984-01-19T00:00:00.0000000-07:00,0.000000,P,,0,,NOAA,2013-08-08T07:41:24.4230000-06:00,in
37,USC00051772,Snow,1984-01-20T00:00:00.0000000-07:00,0.000000,P,,0,,NOAA,2013-08-08T07:41:24.4230000-06:00,in
37,USC00051772,Snow,1984-01-21T00:00:00.0000000-07:00,0.000000,P,,0,,NOAA,2013-08-08T07:41:24.4230000-06:00,in
37,USC00051772,Snow,1984-01-22T00:00:00.0000000-07:00,0.000000,P,,0,,NOAA,2013-08-08T07:41:24.4230000-06:00,in
37,USC00051772,Snow,1984-01-23T00:00:00.0000000-07:00,0.000000,P,,0,,NOAA,2013-08-08T07:41:24.4230000-06:00,in
37,USC00051772,Snow,1984-01-24T00:00:00.0000000-07:00,0.000000,P,,0,,NOAA,2013-08-08T07:41:24.4230000-06:00,in
37,USC00051772,Snow,1984-01-25T00:00:00.0000000-07:00,0.000000,P,,0,,NOAA,2013-08-08T07:41:24.4230000-06:00,in
37,USC00051772,Snow,1984-01-26T00:00:00.0000000-07:00,0.000000,P,,0,,NOAA,2013-08-08T07:41:24.4230000-06:00,in
37,USC00051772,Snow,1984-01-27T00:00:00.0000000-07:00,0.000000,P,,0,,NOAA,2013-08-08T07:41:24.4230000-06:00,in
37,USC00051772,Snow,1984-01-28T00:00:00.0000000-07:00,0.000000,P,,0,,NOAA,2013-08-08T07:41:24.4230000-06:00,in
37,USC00051772,Snow,1984-01-29T00:00:00.0000000-07:00,0.000000,P,,0,,NOAA,2013-08-08T07:41:24.4230000-06:00,in
37,USC00051772,Snow,1984-01-30T00:00:00.0000000-07:00,0.000000,P,,0,,NOAA,2013-08-08T07:41:24.4230000-06:00,in
37,USC00051772,Snow,1984-01-31T00:00:00.0000000-07:00,0.000000,P,,0,,NOAA,2013-08-08T07:41:24.4230000-06:00,in
37,USC00051772,Snow,1984-02-01T00:00:00.0000000-07:00,0.000000,P,,0,,NOAA,2013-08-08T07:41:24.4230000-06:00,in
37,USC00051772,Snow,1984-02-02T00:00:00.0000000-07:00,0.000000,P,,0,,NOAA,2013-08-08T07:41:24.4230000-06:00,in
37,USC00051772,Snow,1984-02-03T00:00:00.0000000-07:00,0.000000,P,,0,,NOAA,2013-08-08T07:41:24.4230000-06:00,in
37,USC00051772,Snow,1984-02-04T00:00:00.0000000-07:00,0.000000,P,,0,,NOAA,2013-08-08T07:41:24.4230000-06:00,in
37,USC00051772,Snow,1984-02-05T00:00:00.0000000-07:00,0.000000,P,,0,,NOAA,2013-08-08T07:41:24.4230000-06:00,in
37,USC00051772,Snow,1984-02-06T00:00:00.0000000-07:00,0.000000,P,,0,,NOAA,2013-08-08T07:41:24.4230000-06:00,in
37,USC00051772,Snow,1984-02-07T00:00:00.0000000-07:00,0.000000,P,,0,,NOAA,2013-08-08T07:41:24.4230000-06:00,in
37,USC00051772,Snow,1984-02-08T00:00:00.0000000-07:00,0.000000,P,,0,,NOAA,2013-08-08T07:41:24.4230000-06:00,in
37,USC00051772,Snow,1984-02-09T00:00:00.0000000-07:00,0.000000,P,,0,,NOAA,2013-08-08T07:41:24.4230000-06:00,in
37,USC00051772,Snow,1984-02-10T00:00:00.0000000-07:00,0.000000,P,,0,,NOAA,2013-08-08T07:41:24.4230000-06:00,in
37,USC00051772,Snow,1984-02-11T00:00:00.0000000-07:00,0.000000,P,,0,,NOAA,2013-08-08T07:41:24.4230000-06:00,in
37,USC00051772,Snow,1984-02-12T00:00:00.0000000-07:00,0.000000,P,,0,,NOAA,2013-08-08T07:41:24.4230000-06:00,in
37,USC00051772,Snow,1984-02-13T00:00:00.0000000-07:00,0.000000,P,,0,,NOAA,2013-08-08T07:41:24.4230000-06:00,in
37,USC00051772,Snow,1984-02-14T00:00:00.0000000-07:00,0.000000,T,,0,,NOAA,2013-08-08T07:41:24.4230000-06:00,in
37,USC00051772,Snow,1984-02-15T00:00:00.0000000-07:00,0.000000,T,,0,,NOAA,2013-08-08T07:41:24.4230000-06:00,in
37,USC00051772,Snow,1984-02-16T00:00:00.0000000-07:00,0.000000,P,,0,,NOAA,2013-08-08T07:41:24.4230000-06:00,in
37,USC00051772,Snow,1984-02-17T00:00:00.0000000-07:00,0.000000,T,,0,,NOAA,2013-08-08T07:41:24.4230000-06:00,in
37,USC00051772,Snow,1984-02-18T00:00:00.0000000-07:00,1.811024,,,0,,NOAA,2013-08-08T07:41:24.4230000-06:00,in
37,USC00051772,Snow,1984-02-19T00:00:00.0000000-07:00,0.000000,P,,0,,NOAA,2013-08-08T07:41:24.4230000-06:00,in
37,USC00051772,Snow,1984-02-20T00:00:00.0000000-07:00,0.000000,P,,0,,NOAA,2013-08-08T07:41:24.4230000-06:00,in
37,USC00051772,Snow,1984-02-21T00:00:00.0000000-07:00,0.000000,P,,0,,NOAA,2013-08-08T07:41:24.4230000-06:00,in
37,USC00051772,Snow,1984-02-22T00:00:00.0000000-07:00,0.000000,P,,0,,NOAA,2013-08-08T07:41:24.4230000-06:00,in
37,USC00051772,Snow,1984-02-23T00:00:00.0000000-07:00,0.000000,P,,0,,NOAA,2013-08-08T07:41:24.4230000-06:00,in
37,USC00051772,Snow,1984-02-24T00:00:00.0000000-07:00,0.000000,P,,0,,NOAA,2013-08-08T07:41:24.4230000-06:00,in
37,USC00051772,Snow,1984-02-25T00:00:00.0000000-07:00,0.000000,T,,0,,NOAA,2013-08-08T07:41:24.4230000-06:00,in
37,USC00051772,Snow,1984-02-26T00:00:00.0000000-07:00,0.000000,P,,0,,NOAA,2013-08-08T07:41:24.4230000-06:00,in
37,USC00051772,Snow,1984-02-27T00:00:00.0000000-07:00,0.000000,P,,0,,NOAA,2013-08-08T07:41:24.4230000-06:00,in
37,USC00051772,Snow,1984-02-28T00:00:00.0000000-07:00,0.000000,P,,0,,NOAA,2013-08-08T07:41:24.4230000-06:00,in
37,USC00051772,Snow,1984-02-29T00:00:00.0000000-07:00,0.000000,P,,0,,NOAA,2013-08-08T07:41:24.4230000-06:00,in
37,USC00051772,Snow,1984-03-01T00:00:00.0000000-07:00,0.000000,P,,0,,NOAA,2013-08-08T07:41:24.4230000-06:00,in
37,USC00051772,Snow,1984-03-02T00:00:00.0000000-07:00,0.000000,P,,0,,NOAA,2013-08-08T07:41:24.4230000-06:00,in
37,USC00051772,Snow,1984-03-03T00:00:00.0000000-07:00,0.000000,P,,0,,NOAA,2013-08-08T07:41:24.4230000-06:00,in
37,USC00051772,Snow,1984-03-04T00:00:00.0000000-07:00,2.204724,,,0,,NOAA,2013-08-08T07:41:24.4230000-06:00,in
37,USC00051772,Snow,1984-03-05T00:00:00.0000000-07:00,0.000000,P,,0,,NOAA,2013-08-08T07:41:24.4230000-06:00,in
37,USC00051772,Snow,1984-03-06T00:00:00.0000000-07:00,0.000000,P,,0,,NOAA,2013-08-08T07:41:24.4230000-06:00,in
37,USC00051772,Snow,1984-03-07T00:00:00.0000000-07:00,0.000000,P,,0,,NOAA,2013-08-08T07:41:24.4230000-06:00,in
37,USC00051772,Snow,1984-03-08T00:00:00.0000000-07:00,0.000000,P,,0,,NOAA,2013-08-08T07:41:24.4230000-06:00,in
37,USC00051772,Snow,1984-03-09T00:00:00.0000000-07:00,0.000000,P,,0,,NOAA,2013-08-08T07:41:24.4230000-06:00,in
37,USC00051772,Snow,1984-03-10T00:00:00.0000000-07:00,0.000000,P,,0,,NOAA,2013-08-08T07:41:24.4230000-06:00,in
37,USC00051772,Snow,1984-03-11T00:00:00.0000000-07:00,1.496063,,,0,,NOAA,2013-08-08T07:41:24.4230000-06:00,in
37,USC00051772,Snow,1984-03-12T00:00:00.0000000-07:00,0.000000,P,,0,,NOAA,2013-08-08T07:41:24.4230000-06:00,in
37,USC00051772,Snow,1984-03-13T00:00:00.0000000-07:00,0.000000,P,,0,,NOAA,2013-08-08T07:41:24.4230000-06:00,in
37,USC00051772,Snow,1984-03-14T00:00:00.0000000-07:00,0.000000,P,,0,,NOAA,2013-08-08T07:41:24.4230000-06:00,in
37,USC00051772,Snow,1984-03-15T00:00:00.0000000-07:00,0.000000,P,,0,,NOAA,2013-08-08T07:41:24.4230000-06:00,in
37,USC00051772,Snow,1984-03-16T00:00:00.0000000-07:00,0.000000,P,,0,,NOAA,2013-08-08T07:41:24.4230000-06:00,in
37,USC00051772,Snow,1984-03-17T00:00:00.0000000-07:00,0.000000,P,,0,,NOAA,2013-08-08T07:41:24.4230000-06:00,in
37,USC00051772,Snow,1984-03-18T00:00:00.0000000-07:00,0.984252,,,0,,NOAA,2013-08-08T07:41:24.4230000-06:00,in
37,USC00051772,Snow,1984-03-19T00:00:00.0000000-07:00,0.000000,P,,0,,NOAA,2013-08-08T07:41:24.4230000-06:00,in
37,USC00051772,Snow,1984-03-20T00:00:00.0000000-07:00,0.000000,P,,0,,NOAA,2013-08-08T07:41:24.4230000-06:00,in
37,USC00051772,Snow,1984-03-21T00:00:00.0000000-07:00,0.000000,P,,0,,NOAA,2013-08-08T07:41:24.4230000-06:00,in
37,USC00051772,Snow,1984-03-22T00:00:00.0000000-07:00,0.984252,,,0,,NOAA,2013-08-08T07:41:24.4230000-06:00,in
37,USC00051772,Snow,1984-03-23T00:00:00.0000000-07:00,0.000000,P,,0,,NOAA,2013-08-08T07:41:24.4230000-06:00,in
37,USC00051772,Snow,1984-03-24T00:00:00.0000000-07:00,0.000000,P,,0,,NOAA,2013-08-08T07:41:24.4230000-06:00,in
37,USC00051772,Snow,1984-03-25T00:00:00.0000000-07:00,2.519685,,,0,,NOAA,2013-08-08T07:41:24.4230000-06:00,in
37,USC00051772,Snow,1984-03-26T00:00:00.0000000-07:00,0.196850,,,0,,NOAA,2013-08-08T07:41:24.4230000-06:00,in
37,USC00051772,Snow,1984-03-27T00:00:00.0000000-07:00,0.984252,,,0,,NOAA,2013-08-08T07:41:24.4230000-06:00,in
37,USC00051772,Snow,1984-03-28T00:00:00.0000000-07:00,0.000000,P,,0,,NOAA,2013-08-08T07:41:24.4230000-06:00,in
37,USC00051772,Snow,1984-03-29T00:00:00.0000000-07:00,0.000000,P,,0,,NOAA,2013-08-08T07:41:24.4230000-06:00,in
37,USC00051772,Snow,1984-03-30T00:00:00.0000000-07:00,0.000000,P,,0,,NOAA,2013-08-08T07:41:24.4230000-06:00,in
37,USC00051772,Snow,1984-03-31T00:00:00.0000000-07:00,0.511811,,,0,,NOAA,2013-08-08T07:41:24.4230000-06:00,in
37,USC00051772,Snow,1984-04-01T00:00:00.0000000-07:00,0.000000,P,,0,,NOAA,2013-08-08T07:41:24.4230000-06:00,in
37,USC00051772,Snow,1984-04-02T00:00:00.0000000-06:00,0.000000,P,,0,,NOAA,2013-08-08T07:41:24.4230000-06:00,in
37,USC00051772,Snow,1984-04-03T00:00:00.0000000-06:00,0.000000,P,,0,,NOAA,2013-08-08T07:41:24.4230000-06:00,in
37,USC00051772,Snow,1984-04-04T00:00:00.0000000-06:00,0.000000,P,,0,,NOAA,2013-08-08T07:41:24.4230000-06:00,in
37,USC00051772,Snow,1984-04-05T00:00:00.0000000-06:00,0.000000,P,,0,,NOAA,2013-08-08T07:41:24.4230000-06:00,in
37,USC00051772,Snow,1984-04-06T00:00:00.0000000-06:00,0.000000,P,,0,,NOAA,2013-08-08T07:41:24.4230000-06:00,in
37,USC00051772,Snow,1984-04-07T00:00:00.0000000-06:00,0.000000,P,,0,,NOAA,2013-08-08T07:41:24.4230000-06:00,in
37,USC00051772,Snow,1984-04-08T00:00:00.0000000-06:00,0.000000,P,,0,,NOAA,2013-08-08T07:41:24.4230000-06:00,in
37,USC00051772,Snow,1984-04-09T00:00:00.0000000-06:00,2.992126,,,0,,NOAA,2013-08-08T07:41:24.4230000-06:00,in
37,USC00051772,Snow,1984-04-10T00:00:00.0000000-06:00,0.000000,P,,0,,NOAA,2013-08-08T07:41:24.4230000-06:00,in
37,USC00051772,Snow,1984-04-11T00:00:00.0000000-06:00,0.000000,P,,0,,NOAA,2013-08-08T07:41:24.4230000-06:00,in
37,USC00051772,Snow,1984-04-12T00:00:00.0000000-06:00,0.000000,P,,0,,NOAA,2013-08-08T07:41:24.4230000-06:00,in
37,USC00051772,Snow,1984-04-13T00:00:00.0000000-06:00,0.000000,P,,0,,NOAA,2013-08-08T07:41:24.4230000-06:00,in
37,USC00051772,Snow,1984-04-14T00:00:00.0000000-06:00,0.000000,P,,0,,NOAA,2013-08-08T07:41:24.4230000-06:00,in
37,USC00051772,Snow,1984-04-15T00:00:00.0000000-06:00,0.000000,P,,0,,NOAA,2013-08-08T07:41:24.4230000-06:00,in
37,USC00051772,Snow,1984-04-16T00:00:00.0000000-06:00,0.000000,P,,0,,NOAA,2013-08-08T07:41:24.4230000-06:00,in
37,USC00051772,Snow,1984-04-17T00:00:00.0000000-06:00,0.000000,P,,0,,NOAA,2013-08-08T07:41:24.4230000-06:00,in
37,USC00051772,Snow,1984-04-18T00:00:00.0000000-06:00,0.000000,P,,0,,NOAA,2013-08-08T07:41:24.4230000-06:00,in
37,USC00051772,Snow,1984-04-19T00:00:00.0000000-06:00,0.000000,P,,0,,NOAA,2013-08-08T07:41:24.4230000-06:00,in
37,USC00051772,Snow,1984-04-20T00:00:00.0000000-06:00,0.000000,T,,0,,NOAA,2013-08-08T07:41:24.4230000-06:00,in
37,USC00051772,Snow,1984-04-21T00:00:00.0000000-06:00,0.000000,P,,0,,NOAA,2013-08-08T07:41:24.4230000-06:00,in
37,USC00051772,Snow,1984-04-22T00:00:00.0000000-06:00,0.000000,P,,0,,NOAA,2013-08-08T07:41:24.4230000-06:00,in
37,USC00051772,Snow,1984-04-23T00:00:00.0000000-06:00,0.000000,P,,0,,NOAA,2013-08-08T07:41:24.4230000-06:00,in
37,USC00051772,Snow,1984-04-24T00:00:00.0000000-06:00,0.000000,P,,0,,NOAA,2013-08-08T07:41:24.4230000-06:00,in
37,USC00051772,Snow,1984-04-25T00:00:00.0000000-06:00,0.000000,P,,0,,NOAA,2013-08-08T07:41:24.4230000-06:00,in
37,USC00051772,Snow,1984-04-26T00:00:00.0000000-06:00,0.984252,,,0,,NOAA,2013-08-08T07:41:24.4230000-06:00,in
37,USC00051772,Snow,1984-04-27T00:00:00.0000000-06:00,2.007874,,,0,,NOAA,2013-08-08T07:41:24.4230000-06:00,in
37,USC00051772,Snow,1984-04-28T00:00:00.0000000-06:00,0.000000,P,,0,,NOAA,2013-08-08T07:41:24.4230000-06:00,in
37,USC00051772,Snow,1984-04-29T00:00:00.0000000-06:00,0.000000,P,,0,,NOAA,2013-08-08T07:41:24.4230000-06:00,in
37,USC00051772,Snow,1984-04-30T00:00:00.0000000-06:00,0.000000,P,,0,,NOAA,2013-08-08T07:41:24.4230000-06:00,in
37,USC00051772,Snow,1984-05-01T00:00:00.0000000-06:00,0.000000,P,,0,,NOAA,2013-08-08T07:41:24.4230000-06:00,in
37,USC00051772,Snow,1984-05-02T00:00:00.0000000-06:00,0.000000,P,,0,,NOAA,2013-08-08T07:41:24.4230000-06:00,in
37,USC00051772,Snow,1984-05-03T00:00:00.0000000-06:00,0.000000,P,,0,,NOAA,2013-08-08T07:41:24.4230000-06:00,in
37,USC00051772,Snow,1984-05-04T00:00:00.0000000-06:00,0.000000,P,,0,,NOAA,2013-08-08T07:41:24.4230000-06:00,in
37,USC00051772,Snow,1984-05-05T00:00:00.0000000-06:00,0.000000,P,,0,,NOAA,2013-08-08T07:41:24.4230000-06:00,in
37,USC00051772,Snow,1984-05-06T00:00:00.0000000-06:00,0.000000,P,,0,,NOAA,2013-08-08T07:41:24.4230000-06:00,in
37,USC00051772,Snow,1984-05-07T00:00:00.0000000-06:00,0.000000,P,,0,,NOAA,2013-08-08T07:41:24.4230000-06:00,in
37,USC00051772,Snow,1984-05-08T00:00:00.0000000-06:00,0.000000,P,,0,,NOAA,2013-08-08T07:41:24.4230000-06:00,in
37,USC00051772,Snow,1984-05-09T00:00:00.0000000-06:00,0.000000,P,,0,,NOAA,2013-08-08T07:41:24.4230000-06:00,in
37,USC00051772,Snow,1984-05-10T00:00:00.0000000-06:00,0.000000,P,,0,,NOAA,2013-08-08T07:41:24.4230000-06:00,in
37,USC00051772,Snow,1984-05-11T00:00:00.0000000-06:00,0.000000,P,,0,,NOAA,2013-08-08T07:41:24.4230000-06:00,in
37,USC00051772,Snow,1984-05-12T00:00:00.0000000-06:00,0.000000,P,,0,,NOAA,2013-08-08T07:41:24.4230000-06:00,in
37,USC00051772,Snow,1984-05-13T00:00:00.0000000-06:00,0.000000,P,,0,,NOAA,2013-08-08T07:41:24.4230000-06:00,in
37,USC00051772,Snow,1984-05-14T00:00:00.0000000-06:00,0.000000,P,,0,,NOAA,2013-08-08T07:41:24.4230000-06:00,in
37,USC00051772,Snow,1984-05-15T00:00:00.0000000-06:00,0.000000,P,,0,,NOAA,2013-08-08T07:41:24.4230000-06:00,in
37,USC00051772,Snow,1984-05-16T00:00:00.0000000-06:00,0.000000,P,,0,,NOAA,2013-08-08T07:41:24.4230000-06:00,in
37,USC00051772,Snow,1984-05-17T00:00:00.0000000-06:00,0.000000,P,,0,,NOAA,2013-08-08T07:41:24.4230000-06:00,in
37,USC00051772,Snow,1984-05-18T00:00:00.0000000-06:00,0.000000,P,,0,,NOAA,2013-08-08T07:41:24.4230000-06:00,in
37,USC00051772,Snow,1984-05-19T00:00:00.0000000-06:00,0.000000,P,,0,,NOAA,2013-08-08T07:41:24.4230000-06:00,in
37,USC00051772,Snow,1984-05-20T00:00:00.0000000-06:00,0.000000,P,,0,,NOAA,2013-08-08T07:41:24.4230000-06:00,in
37,USC00051772,Snow,1984-05-21T00:00:00.0000000-06:00,0.000000,P,,0,,NOAA,2013-08-08T07:41:24.4230000-06:00,in
37,USC00051772,Snow,1984-05-22T00:00:00.0000000-06:00,0.000000,P,,0,,NOAA,2013-08-08T07:41:24.4230000-06:00,in
37,USC00051772,Snow,1984-05-23T00:00:00.0000000-06:00,0.000000,P,,0,,NOAA,2013-08-08T07:41:24.4230000-06:00,in
37,USC00051772,Snow,1984-05-24T00:00:00.0000000-06:00,0.000000,P,,0,,NOAA,2013-08-08T07:41:24.4230000-06:00,in
37,USC00051772,Snow,1984-05-25T00:00:00.0000000-06:00,0.000000,P,,0,,NOAA,2013-08-08T07:41:24.4230000-06:00,in
37,USC00051772,Snow,1984-05-26T00:00:00.0000000-06:00,0.000000,P,,0,,NOAA,2013-08-08T07:41:24.4230000-06:00,in
37,USC00051772,Snow,1984-05-27T00:00:00.0000000-06:00,0.000000,P,,0,,NOAA,2013-08-08T07:41:24.4230000-06:00,in
37,USC00051772,Snow,1984-05-28T00:00:00.0000000-06:00,0.000000,P,,0,,NOAA,2013-08-08T07:41:24.4230000-06:00,in
37,USC00051772,Snow,1984-05-29T00:00:00.0000000-06:00,0.000000,P,,0,,NOAA,2013-08-08T07:41:24.4230000-06:00,in
37,USC00051772,Snow,1984-05-30T00:00:00.0000000-06:00,0.000000,P,,0,,NOAA,2013-08-08T07:41:24.4230000-06:00,in
37,USC00051772,Snow,1984-05-31T00:00:00.0000000-06:00,0.000000,P,,0,,NOAA,2013-08-08T07:41:24.4230000-06:00,in
37,USC00051772,Snow,1984-06-01T00:00:00.0000000-06:00,0.000000,P,,0,,NOAA,2013-08-08T07:41:24.4230000-06:00,in
37,USC00051772,Snow,1984-06-02T00:00:00.0000000-06:00,0.000000,P,,0,,NOAA,2013-08-08T07:41:24.4230000-06:00,in
37,USC00051772,Snow,1984-06-03T00:00:00.0000000-06:00,0.000000,P,,0,,NOAA,2013-08-08T07:41:24.4230000-06:00,in
37,USC00051772,Snow,1984-06-04T00:00:00.0000000-06:00,0.000000,P,,0,,NOAA,2013-08-08T07:41:24.4230000-06:00,in
37,USC00051772,Snow,1984-06-05T00:00:00.0000000-06:00,0.000000,P,,0,,NOAA,2013-08-08T07:41:24.4230000-06:00,in
37,USC00051772,Snow,1984-06-06T00:00:00.0000000-06:00,0.000000,P,,0,,NOAA,2013-08-08T07:41:24.4230000-06:00,in
37,USC00051772,Snow,1984-06-07T00:00:00.0000000-06:00,0.000000,P,,0,,NOAA,2013-08-08T07:41:24.4230000-06:00,in
37,USC00051772,Snow,1984-06-08T00:00:00.0000000-06:00,0.000000,P,,0,,NOAA,2013-08-08T07:41:24.4230000-06:00,in
37,USC00051772,Snow,1984-06-09T00:00:00.0000000-06:00,0.000000,P,,0,,NOAA,2013-08-08T07:41:24.4230000-06:00,in
37,USC00051772,Snow,1984-06-10T00:00:00.0000000-06:00,0.000000,P,,0,,NOAA,2013-08-08T07:41:24.4230000-06:00,in
37,USC00051772,Snow,1984-06-11T00:00:00.0000000-06:00,0.000000,P,,0,,NOAA,2013-08-08T07:41:24.4230000-06:00,in
37,USC00051772,Snow,1984-06-12T00:00:00.0000000-06:00,0.000000,P,,0,,NOAA,2013-08-08T07:41:24.4230000-06:00,in
37,USC00051772,Snow,1984-06-13T00:00:00.0000000-06:00,0.000000,P,,0,,NOAA,2013-08-08T07:41:24.4230000-06:00,in
37,USC00051772,Snow,1984-06-14T00:00:00.0000000-06:00,0.000000,P,,0,,NOAA,2013-08-08T07:41:24.4230000-06:00,in
37,USC00051772,Snow,1984-06-15T00:00:00.0000000-06:00,0.000000,P,,0,,NOAA,2013-08-08T07:41:24.4230000-06:00,in
37,USC00051772,Snow,1984-06-16T00:00:00.0000000-06:00,0.000000,P,,0,,NOAA,2013-08-08T07:41:24.4230000-06:00,in
37,USC00051772,Snow,1984-06-17T00:00:00.0000000-06:00,0.000000,P,,0,,NOAA,2013-08-08T07:41:24.4230000-06:00,in
37,USC00051772,Snow,1984-06-18T00:00:00.0000000-06:00,0.000000,P,,0,,NOAA,2013-08-08T07:41:24.4230000-06:00,in
37,USC00051772,Snow,1984-06-19T00:00:00.0000000-06:00,0.000000,P,,0,,NOAA,2013-08-08T07:41:24.4230000-06:00,in
37,USC00051772,Snow,1984-06-20T00:00:00.0000000-06:00,0.000000,P,,0,,NOAA,2013-08-08T07:41:24.4230000-06:00,in
37,USC00051772,Snow,1984-06-21T00:00:00.0000000-06:00,0.000000,P,,0,,NOAA,2013-08-08T07:41:24.4230000-06:00,in
37,USC00051772,Snow,1984-06-22T00:00:00.0000000-06:00,0.000000,P,,0,,NOAA,2013-08-08T07:41:24.4230000-06:00,in
37,USC00051772,Snow,1984-06-23T00:00:00.0000000-06:00,0.000000,P,,0,,NOAA,2013-08-08T07:41:24.4230000-06:00,in
37,USC00051772,Snow,1984-06-24T00:00:00.0000000-06:00,0.000000,P,,0,,NOAA,2013-08-08T07:41:24.4230000-06:00,in
37,USC00051772,Snow,1984-06-25T00:00:00.0000000-06:00,0.000000,P,,0,,NOAA,2013-08-08T07:41:24.4230000-06:00,in
37,USC00051772,Snow,1984-06-26T00:00:00.0000000-06:00,0.000000,P,,0,,NOAA,2013-08-08T07:41:24.4230000-06:00,in
37,USC00051772,Snow,1984-06-27T00:00:00.0000000-06:00,0.000000,P,,0,,NOAA,2013-08-08T07:41:24.4230000-06:00,in
37,USC00051772,Snow,1984-06-28T00:00:00.0000000-06:00,0.000000,P,,0,,NOAA,2013-08-08T07:41:24.4230000-06:00,in
37,USC00051772,Snow,1984-06-29T00:00:00.0000000-06:00,0.000000,P,,0,,NOAA,2013-08-08T07:41:24.4230000-06:00,in
37,USC00051772,Snow,1984-06-30T00:00:00.0000000-06:00,0.000000,P,,0,,NOAA,2013-08-08T07:41:24.4230000-06:00,in
37,USC00051772,Snow,1984-07-01T00:00:00.0000000-06:00,0.000000,P,,0,,NOAA,2013-08-08T07:41:24.4230000-06:00,in
37,USC00051772,Snow,1984-07-02T00:00:00.0000000-06:00,0.000000,P,,0,,NOAA,2013-08-08T07:41:24.4230000-06:00,in
37,USC00051772,Snow,1984-07-03T00:00:00.0000000-06:00,0.000000,P,,0,,NOAA,2013-08-08T07:41:24.4230000-06:00,in
37,USC00051772,Snow,1984-07-04T00:00:00.0000000-06:00,0.000000,P,,0,,NOAA,2013-08-08T07:41:24.4230000-06:00,in
37,USC00051772,Snow,1984-07-05T00:00:00.0000000-06:00,0.000000,P,,0,,NOAA,2013-08-08T07:41:24.4230000-06:00,in
37,USC00051772,Snow,1984-07-06T00:00:00.0000000-06:00,0.000000,P,,0,,NOAA,2013-08-08T07:41:24.4230000-06:00,in
37,USC00051772,Snow,1984-07-07T00:00:00.0000000-06:00,0.000000,P,,0,,NOAA,2013-08-08T07:41:24.4230000-06:00,in
37,USC00051772,Snow,1984-07-08T00:00:00.0000000-06:00,0.000000,P,,0,,NOAA,2013-08-08T07:41:24.4230000-06:00,in
37,USC00051772,Snow,1984-07-09T00:00:00.0000000-06:00,0.000000,P,,0,,NOAA,2013-08-08T07:41:24.4230000-06:00,in
37,USC00051772,Snow,1984-07-10T00:00:00.0000000-06:00,0.000000,P,,0,,NOAA,2013-08-08T07:41:24.4230000-06:00,in
37,USC00051772,Snow,1984-07-11T00:00:00.0000000-06:00,0.000000,P,,0,,NOAA,2013-08-08T07:41:24.4230000-06:00,in
37,USC00051772,Snow,1984-07-12T00:00:00.0000000-06:00,0.000000,P,,0,,NOAA,2013-08-08T07:41:24.4230000-06:00,in
37,USC00051772,Snow,1984-07-13T00:00:00.0000000-06:00,0.000000,P,,0,,NOAA,2013-08-08T07:41:24.4230000-06:00,in
37,USC00051772,Snow,1984-07-14T00:00:00.0000000-06:00,0.000000,P,,0,,NOAA,2013-08-08T07:41:24.4230000-06:00,in
37,USC00051772,Snow,1984-07-15T00:00:00.0000000-06:00,0.000000,P,,0,,NOAA,2013-08-08T07:41:24.4230000-06:00,in
37,USC00051772,Snow,1984-07-16T00:00:00.0000000-06:00,0.000000,P,,0,,NOAA,2013-08-08T07:41:24.4230000-06:00,in
37,USC00051772,Snow,1984-07-17T00:00:00.0000000-06:00,0.000000,P,,0,,NOAA,2013-08-08T07:41:24.4230000-06:00,in
37,USC00051772,Snow,1984-07-18T00:00:00.0000000-06:00,0.000000,P,,0,,NOAA,2013-08-08T07:41:24.4230000-06:00,in
37,USC00051772,Snow,1984-07-19T00:00:00.0000000-06:00,0.000000,P,,0,,NOAA,2013-08-08T07:41:24.4230000-06:00,in
37,USC00051772,Snow,1984-07-20T00:00:00.0000000-06:00,0.000000,P,,0,,NOAA,2013-08-08T07:41:24.4230000-06:00,in
37,USC00051772,Snow,1984-07-21T00:00:00.0000000-06:00,0.000000,P,,0,,NOAA,2013-08-08T07:41:24.4230000-06:00,in
37,USC00051772,Snow,1984-07-22T00:00:00.0000000-06:00,0.000000,P,,0,,NOAA,2013-08-08T07:41:24.4230000-06:00,in
37,USC00051772,Snow,1984-07-23T00:00:00.0000000-06:00,0.000000,P,,0,,NOAA,2013-08-08T07:41:24.4230000-06:00,in
37,USC00051772,Snow,1984-07-24T00:00:00.0000000-06:00,0.000000,P,,0,,NOAA,2013-08-08T07:41:24.4230000-06:00,in
37,USC00051772,Snow,1984-07-25T00:00:00.0000000-06:00,0.000000,P,,0,,NOAA,2013-08-08T07:41:24.4230000-06:00,in
37,USC00051772,Snow,1984-07-26T00:00:00.0000000-06:00,0.000000,P,,0,,NOAA,2013-08-08T07:41:24.4230000-06:00,in
37,USC00051772,Snow,1984-07-27T00:00:00.0000000-06:00,0.000000,P,,0,,NOAA,2013-08-08T07:41:24.4230000-06:00,in
37,USC00051772,Snow,1984-07-28T00:00:00.0000000-06:00,0.000000,P,,0,,NOAA,2013-08-08T07:41:24.4230000-06:00,in
37,USC00051772,Snow,1984-07-29T00:00:00.0000000-06:00,0.000000,P,,0,,NOAA,2013-08-08T07:41:24.4230000-06:00,in
37,USC00051772,Snow,1984-07-30T00:00:00.0000000-06:00,0.000000,P,,0,,NOAA,2013-08-08T07:41:24.4230000-06:00,in
37,USC00051772,Snow,1984-07-31T00:00:00.0000000-06:00,0.000000,P,,0,,NOAA,2013-08-08T07:41:24.4230000-06:00,in
37,USC00051772,Snow,1984-08-01T00:00:00.0000000-06:00,0.000000,P,,0,,NOAA,2013-08-08T07:41:24.4230000-06:00,in
37,USC00051772,Snow,1984-08-02T00:00:00.0000000-06:00,0.000000,P,,0,,NOAA,2013-08-08T07:41:24.4230000-06:00,in
37,USC00051772,Snow,1984-08-03T00:00:00.0000000-06:00,0.000000,P,,0,,NOAA,2013-08-08T07:41:24.4230000-06:00,in
37,USC00051772,Snow,1984-08-04T00:00:00.0000000-06:00,0.000000,P,,0,,NOAA,2013-08-08T07:41:24.4230000-06:00,in
37,USC00051772,Snow,1984-08-05T00:00:00.0000000-06:00,0.000000,P,,0,,NOAA,2013-08-08T07:41:24.4230000-06:00,in
37,USC00051772,Snow,1984-08-06T00:00:00.0000000-06:00,0.000000,P,,0,,NOAA,2013-08-08T07:41:24.4230000-06:00,in
37,USC00051772,Snow,1984-08-07T00:00:00.0000000-06:00,0.000000,P,,0,,NOAA,2013-08-08T07:41:24.4230000-06:00,in
37,USC00051772,Snow,1984-08-08T00:00:00.0000000-06:00,0.000000,P,,0,,NOAA,2013-08-08T07:41:24.4230000-06:00,in
37,USC00051772,Snow,1984-08-09T00:00:00.0000000-06:00,0.000000,P,,0,,NOAA,2013-08-08T07:41:24.4230000-06:00,in
37,USC00051772,Snow,1984-08-10T00:00:00.0000000-06:00,0.000000,P,,0,,NOAA,2013-08-08T07:41:24.4230000-06:00,in
37,USC00051772,Snow,1984-08-11T00:00:00.0000000-06:00,0.000000,P,,0,,NOAA,2013-08-08T07:41:24.4230000-06:00,in
37,USC00051772,Snow,1984-08-12T00:00:00.0000000-06:00,0.000000,P,,0,,NOAA,2013-08-08T07:41:24.4230000-06:00,in
37,USC00051772,Snow,1984-08-13T00:00:00.0000000-06:00,0.000000,P,,0,,NOAA,2013-08-08T07:41:24.4230000-06:00,in
37,USC00051772,Snow,1984-08-14T00:00:00.0000000-06:00,0.000000,P,,0,,NOAA,2013-08-08T07:41:24.4230000-06:00,in
37,USC00051772,Snow,1984-08-15T00:00:00.0000000-06:00,0.000000,P,,0,,NOAA,2013-08-08T07:41:24.4230000-06:00,in
37,USC00051772,Snow,1984-08-16T00:00:00.0000000-06:00,0.000000,P,,0,,NOAA,2013-08-08T07:41:24.4230000-06:00,in
37,USC00051772,Snow,1984-08-17T00:00:00.0000000-06:00,0.000000,P,,0,,NOAA,2013-08-08T07:41:24.4230000-06:00,in
37,USC00051772,Snow,1984-08-18T00:00:00.0000000-06:00,0.000000,P,,0,,NOAA,2013-08-08T07:41:24.4230000-06:00,in
37,USC00051772,Snow,1984-08-19T00:00:00.0000000-06:00,0.000000,P,,0,,NOAA,2013-08-08T07:41:24.4230000-06:00,in
37,USC00051772,Snow,1984-08-20T00:00:00.0000000-06:00,0.000000,P,,0,,NOAA,2013-08-08T07:41:24.4230000-06:00,in
37,USC00051772,Snow,1984-08-21T00:00:00.0000000-06:00,0.000000,P,,0,,NOAA,2013-08-08T07:41:24.4230000-06:00,in
37,USC00051772,Snow,1984-08-22T00:00:00.0000000-06:00,0.000000,P,,0,,NOAA,2013-08-08T07:41:24.4230000-06:00,in
37,USC00051772,Snow,1984-08-23T00:00:00.0000000-06:00,0.000000,P,,0,,NOAA,2013-08-08T07:41:24.4230000-06:00,in
37,USC00051772,Snow,1984-08-24T00:00:00.0000000-06:00,0.000000,P,,0,,NOAA,2013-08-08T07:41:24.4230000-06:00,in
37,USC00051772,Snow,1984-08-25T00:00:00.0000000-06:00,0.000000,P,,0,,NOAA,2013-08-08T07:41:24.4230000-06:00,in
37,USC00051772,Snow,1984-08-26T00:00:00.0000000-06:00,0.000000,P,,0,,NOAA,2013-08-08T07:41:24.4230000-06:00,in
37,USC00051772,Snow,1984-08-27T00:00:00.0000000-06:00,0.000000,P,,0,,NOAA,2013-08-08T07:41:24.4230000-06:00,in
37,USC00051772,Snow,1984-08-28T00:00:00.0000000-06:00,0.000000,P,,0,,NOAA,2013-08-08T07:41:24.4230000-06:00,in
37,USC00051772,Snow,1984-08-29T00:00:00.0000000-06:00,0.000000,P,,0,,NOAA,2013-08-08T07:41:24.4230000-06:00,in
37,USC00051772,Snow,1984-08-30T00:00:00.0000000-06:00,0.000000,P,,0,,NOAA,2013-08-08T07:41:24.4230000-06:00,in
37,USC00051772,Snow,1984-08-31T00:00:00.0000000-06:00,0.000000,P,,0,,NOAA,2013-08-08T07:41:24.4230000-06:00,in
37,USC00051772,Snow,1984-09-01T00:00:00.0000000-06:00,0.000000,P,,0,,NOAA,2013-08-08T07:41:24.4230000-06:00,in
37,USC00051772,Snow,1984-09-02T00:00:00.0000000-06:00,0.000000,P,,0,,NOAA,2013-08-08T07:41:24.4230000-06:00,in
37,USC00051772,Snow,1984-09-03T00:00:00.0000000-06:00,0.000000,P,,0,,NOAA,2013-08-08T07:41:24.4230000-06:00,in
37,USC00051772,Snow,1984-09-04T00:00:00.0000000-06:00,0.000000,P,,0,,NOAA,2013-08-08T07:41:24.4230000-06:00,in
37,USC00051772,Snow,1984-09-05T00:00:00.0000000-06:00,0.000000,P,,0,,NOAA,2013-08-08T07:41:24.4230000-06:00,in
37,USC00051772,Snow,1984-09-06T00:00:00.0000000-06:00,0.000000,P,,0,,NOAA,2013-08-08T07:41:24.4230000-06:00,in
37,USC00051772,Snow,1984-09-07T00:00:00.0000000-06:00,0.000000,P,,0,,NOAA,2013-08-08T07:41:24.4230000-06:00,in
37,USC00051772,Snow,1984-09-08T00:00:00.0000000-06:00,0.000000,P,,0,,NOAA,2013-08-08T07:41:24.4230000-06:00,in
37,USC00051772,Snow,1984-09-09T00:00:00.0000000-06:00,0.000000,P,,0,,NOAA,2013-08-08T07:41:24.4230000-06:00,in
37,USC00051772,Snow,1984-09-10T00:00:00.0000000-06:00,0.000000,P,,0,,NOAA,2013-08-08T07:41:24.4230000-06:00,in
37,USC00051772,Snow,1984-09-11T00:00:00.0000000-06:00,0.000000,P,,0,,NOAA,2013-08-08T07:41:24.4230000-06:00,in
37,USC00051772,Snow,1984-09-12T00:00:00.0000000-06:00,0.000000,P,,0,,NOAA,2013-08-08T07:41:24.4230000-06:00,in
37,USC00051772,Snow,1984-09-13T00:00:00.0000000-06:00,0.000000,P,,0,,NOAA,2013-08-08T07:41:24.4230000-06:00,in
37,USC00051772,Snow,1984-09-14T00:00:00.0000000-06:00,0.000000,P,,0,,NOAA,2013-08-08T07:41:24.4230000-06:00,in
37,USC00051772,Snow,1984-09-15T00:00:00.0000000-06:00,0.000000,P,,0,,NOAA,2013-08-08T07:41:24.4230000-06:00,in
37,USC00051772,Snow,1984-09-16T00:00:00.0000000-06:00,0.000000,P,,0,,NOAA,2013-08-08T07:41:24.4230000-06:00,in
37,USC00051772,Snow,1984-09-17T00:00:00.0000000-06:00,0.000000,P,,0,,NOAA,2013-08-08T07:41:24.4230000-06:00,in
37,USC00051772,Snow,1984-09-18T00:00:00.0000000-06:00,0.000000,P,,0,,NOAA,2013-08-08T07:41:24.4230000-06:00,in
37,USC00051772,Snow,1984-09-19T00:00:00.0000000-06:00,0.000000,P,,0,,NOAA,2013-08-08T07:41:24.4230000-06:00,in
37,USC00051772,Snow,1984-09-20T00:00:00.0000000-06:00,0.000000,P,,0,,NOAA,2013-08-08T07:41:24.4230000-06:00,in
37,USC00051772,Snow,1984-09-21T00:00:00.0000000-06:00,0.000000,P,,0,,NOAA,2013-08-08T07:41:24.4230000-06:00,in
37,USC00051772,Snow,1984-09-22T00:00:00.0000000-06:00,0.000000,P,,0,,NOAA,2013-08-08T07:41:24.4230000-06:00,in
37,USC00051772,Snow,1984-09-23T00:00:00.0000000-06:00,0.000000,P,,0,,NOAA,2013-08-08T07:41:24.4230000-06:00,in
37,USC00051772,Snow,1984-09-24T00:00:00.0000000-06:00,0.000000,P,,0,,NOAA,2013-08-08T07:41:24.4230000-06:00,in
37,USC00051772,Snow,1984-09-25T00:00:00.0000000-06:00,0.000000,P,,0,,NOAA,2013-08-08T07:41:24.4230000-06:00,in
37,USC00051772,Snow,1984-09-26T00:00:00.0000000-06:00,0.000000,P,,0,,NOAA,2013-08-08T07:41:24.4230000-06:00,in
37,USC00051772,Snow,1984-09-27T00:00:00.0000000-06:00,0.000000,P,,0,,NOAA,2013-08-08T07:41:24.4230000-06:00,in
37,USC00051772,Snow,1984-09-28T00:00:00.0000000-06:00,0.000000,P,,0,,NOAA,2013-08-08T07:41:24.4230000-06:00,in
37,USC00051772,Snow,1984-09-29T00:00:00.0000000-06:00,0.000000,P,,0,,NOAA,2013-08-08T07:41:24.4230000-06:00,in
37,USC00051772,Snow,1984-09-30T00:00:00.0000000-06:00,0.000000,P,,0,,NOAA,2013-08-08T07:41:24.4230000-06:00,in
37,USC00051772,Snow,1984-10-01T00:00:00.0000000-06:00,0.000000,P,,0,,NOAA,2013-08-08T07:41:24.4230000-06:00,in
37,USC00051772,Snow,1984-10-02T00:00:00.0000000-06:00,0.000000,P,,0,,NOAA,2013-08-08T07:41:24.4230000-06:00,in
37,USC00051772,Snow,1984-10-03T00:00:00.0000000-06:00,0.000000,P,,0,,NOAA,2013-08-08T07:41:24.4230000-06:00,in
37,USC00051772,Snow,1984-10-04T00:00:00.0000000-06:00,0.000000,P,,0,,NOAA,2013-08-08T07:41:24.4230000-06:00,in
37,USC00051772,Snow,1984-10-05T00:00:00.0000000-06:00,0.000000,P,,0,,NOAA,2013-08-08T07:41:24.4230000-06:00,in
37,USC00051772,Snow,1984-10-06T00:00:00.0000000-06:00,0.000000,P,,0,,NOAA,2013-08-08T07:41:24.4230000-06:00,in
37,USC00051772,Snow,1984-10-07T00:00:00.0000000-06:00,0.000000,P,,0,,NOAA,2013-08-08T07:41:24.4230000-06:00,in
37,USC00051772,Snow,1984-10-08T00:00:00.0000000-06:00,0.000000,P,,0,,NOAA,2013-08-08T07:41:24.4230000-06:00,in
37,USC00051772,Snow,1984-10-09T00:00:00.0000000-06:00,0.000000,P,,0,,NOAA,2013-08-08T07:41:24.4230000-06:00,in
37,USC00051772,Snow,1984-10-10T00:00:00.0000000-06:00,0.000000,P,,0,,NOAA,2013-08-08T07:41:24.4230000-06:00,in
37,USC00051772,Snow,1984-10-11T00:00:00.0000000-06:00,0.000000,P,,0,,NOAA,2013-08-08T07:41:24.4230000-06:00,in
37,USC00051772,Snow,1984-10-12T00:00:00.0000000-06:00,0.000000,P,,0,,NOAA,2013-08-08T07:41:24.4230000-06:00,in
37,USC00051772,Snow,1984-10-13T00:00:00.0000000-06:00,0.000000,P,,0,,NOAA,2013-08-08T07:41:24.4230000-06:00,in
37,USC00051772,Snow,1984-10-14T00:00:00.0000000-06:00,0.000000,P,,0,,NOAA,2013-08-08T07:41:24.4230000-06:00,in
37,USC00051772,Snow,1984-10-15T00:00:00.0000000-06:00,0.000000,T,,0,,NOAA,2013-08-08T07:41:24.4230000-06:00,in
37,USC00051772,Snow,1984-10-16T00:00:00.0000000-06:00,0.000000,P,,0,,NOAA,2013-08-08T07:41:24.4230000-06:00,in
37,USC00051772,Snow,1984-10-17T00:00:00.0000000-06:00,0.000000,T,,0,,NOAA,2013-08-08T07:41:24.4230000-06:00,in
37,USC00051772,Snow,1984-10-18T00:00:00.0000000-06:00,0.511811,,,0,,NOAA,2013-08-08T07:41:24.4230000-06:00,in
37,USC00051772,Snow,1984-10-19T00:00:00.0000000-06:00,0.000000,T,,0,,NOAA,2013-08-08T07:41:24.4230000-06:00,in
37,USC00051772,Snow,1984-10-20T00:00:00.0000000-06:00,0.000000,T,,0,,NOAA,2013-08-08T07:41:24.4230000-06:00,in
37,USC00051772,Snow,1984-10-21T00:00:00.0000000-06:00,2.519685,,,0,,NOAA,2013-08-08T07:41:24.4230000-06:00,in
37,USC00051772,Snow,1984-10-22T00:00:00.0000000-06:00,0.000000,P,,0,,NOAA,2013-08-08T07:41:24.4230000-06:00,in
37,USC00051772,Snow,1984-10-23T00:00:00.0000000-06:00,2.519685,,,0,,NOAA,2013-08-08T07:41:24.4230000-06:00,in
37,USC00051772,Snow,1984-10-24T00:00:00.0000000-06:00,0.000000,P,,0,,NOAA,2013-08-08T07:41:24.4230000-06:00,in
37,USC00051772,Snow,1984-10-25T00:00:00.0000000-06:00,0.000000,P,,0,,NOAA,2013-08-08T07:41:24.4230000-06:00,in
37,USC00051772,Snow,1984-10-26T00:00:00.0000000-06:00,0.000000,P,,0,,NOAA,2013-08-08T07:41:24.4230000-06:00,in
37,USC00051772,Snow,1984-10-27T00:00:00.0000000-06:00,0.000000,P,,0,,NOAA,2013-08-08T07:41:24.4230000-06:00,in
37,USC00051772,Snow,1984-10-28T00:00:00.0000000-06:00,0.000000,T,,0,,NOAA,2013-08-08T07:41:24.4230000-06:00,in
37,USC00051772,Snow,1984-10-29T00:00:00.0000000-07:00,0.000000,,,0,,NOAA,2013-08-08T07:41:24.4230000-06:00,in
37,USC00051772,Snow,1984-10-30T00:00:00.0000000-07:00,0.000000,P,,0,,NOAA,2013-08-08T07:41:24.4230000-06:00,in
37,USC00051772,Snow,1984-10-31T00:00:00.0000000-07:00,0.000000,P,,0,,NOAA,2013-08-08T07:41:24.4230000-06:00,in
37,USC00051772,Snow,1984-11-01T00:00:00.0000000-07:00,0.000000,P,,0,,NOAA,2013-08-08T07:41:24.4230000-06:00,in
37,USC00051772,Snow,1984-11-02T00:00:00.0000000-07:00,0.000000,P,,0,,NOAA,2013-08-08T07:41:24.4230000-06:00,in
37,USC00051772,Snow,1984-11-03T00:00:00.0000000-07:00,0.000000,P,,0,,NOAA,2013-08-08T07:41:24.4230000-06:00,in
37,USC00051772,Snow,1984-11-04T00:00:00.0000000-07:00,0.000000,P,,0,,NOAA,2013-08-08T07:41:24.4230000-06:00,in
37,USC00051772,Snow,1984-11-05T00:00:00.0000000-07:00,0.000000,P,,0,,NOAA,2013-08-08T07:41:24.4230000-06:00,in
37,USC00051772,Snow,1984-11-06T00:00:00.0000000-07:00,0.000000,P,,0,,NOAA,2013-08-08T07:41:24.4230000-06:00,in
37,USC00051772,Snow,1984-11-07T00:00:00.0000000-07:00,0.000000,P,,0,,NOAA,2013-08-08T07:41:24.4230000-06:00,in
37,USC00051772,Snow,1984-11-08T00:00:00.0000000-07:00,0.000000,P,,0,,NOAA,2013-08-08T07:41:24.4230000-06:00,in
37,USC00051772,Snow,1984-11-09T00:00:00.0000000-07:00,2.992126,,,0,,NOAA,2013-08-08T07:41:24.4230000-06:00,in
37,USC00051772,Snow,1984-11-10T00:00:00.0000000-07:00,0.000000,P,,0,,NOAA,2013-08-08T07:41:24.4230000-06:00,in
37,USC00051772,Snow,1984-11-11T00:00:00.0000000-07:00,0.000000,P,,0,,NOAA,2013-08-08T07:41:24.4230000-06:00,in
37,USC00051772,Snow,1984-11-12T00:00:00.0000000-07:00,0.000000,P,,0,,NOAA,2013-08-08T07:41:24.4230000-06:00,in
37,USC00051772,Snow,1984-11-13T00:00:00.0000000-07:00,0.000000,T,,0,,NOAA,2013-08-08T07:41:24.4230000-06:00,in
37,USC00051772,Snow,1984-11-14T00:00:00.0000000-07:00,0.000000,P,,0,,NOAA,2013-08-08T07:41:24.4230000-06:00,in
37,USC00051772,Snow,1984-11-15T00:00:00.0000000-07:00,0.000000,P,,0,,NOAA,2013-08-08T07:41:24.4230000-06:00,in
37,USC00051772,Snow,1984-11-16T00:00:00.0000000-07:00,0.000000,P,,0,,NOAA,2013-08-08T07:41:24.4230000-06:00,in
37,USC00051772,Snow,1984-11-17T00:00:00.0000000-07:00,0.000000,P,,0,,NOAA,2013-08-08T07:41:24.4230000-06:00,in
37,USC00051772,Snow,1984-11-18T00:00:00.0000000-07:00,0.000000,P,,0,,NOAA,2013-08-08T07:41:24.4230000-06:00,in
37,USC00051772,Snow,1984-11-19T00:00:00.0000000-07:00,0.000000,P,,0,,NOAA,2013-08-08T07:41:24.4230000-06:00,in
37,USC00051772,Snow,1984-11-20T00:00:00.0000000-07:00,0.000000,P,,0,,NOAA,2013-08-08T07:41:24.4230000-06:00,in
37,USC00051772,Snow,1984-11-21T00:00:00.0000000-07:00,0.000000,P,,0,,NOAA,2013-08-08T07:41:24.4230000-06:00,in
37,USC00051772,Snow,1984-11-22T00:00:00.0000000-07:00,0.000000,P,,0,,NOAA,2013-08-08T07:41:24.4230000-06:00,in
37,USC00051772,Snow,1984-11-23T00:00:00.0000000-07:00,0.000000,P,,0,,NOAA,2013-08-08T07:41:24.4230000-06:00,in
37,USC00051772,Snow,1984-11-24T00:00:00.0000000-07:00,0.000000,P,,0,,NOAA,2013-08-08T07:41:24.4230000-06:00,in
37,USC00051772,Snow,1984-11-25T00:00:00.0000000-07:00,0.000000,P,,0,,NOAA,2013-08-08T07:41:24.4230000-06:00,in
37,USC00051772,Snow,1984-11-26T00:00:00.0000000-07:00,1.496063,,,0,,NOAA,2013-08-08T07:41:24.4230000-06:00,in
37,USC00051772,Snow,1984-11-27T00:00:00.0000000-07:00,0.000000,P,,0,,NOAA,2013-08-08T07:41:24.4230000-06:00,in
37,USC00051772,Snow,1984-11-28T00:00:00.0000000-07:00,0.000000,P,,0,,NOAA,2013-08-08T07:41:24.4230000-06:00,in
37,USC00051772,Snow,1984-11-29T00:00:00.0000000-07:00,2.007874,,,0,,NOAA,2013-08-08T07:41:24.4230000-06:00,in
37,USC00051772,Snow,1984-11-30T00:00:00.0000000-07:00,0.000000,P,,0,,NOAA,2013-08-08T07:41:24.4230000-06:00,in
37,USC00051772,Snow,1984-12-01T00:00:00.0000000-07:00,0.000000,P,,0,,NOAA,2013-08-08T07:41:24.4230000-06:00,in
37,USC00051772,Snow,1984-12-02T00:00:00.0000000-07:00,0.984252,,,0,,NOAA,2013-08-08T07:41:24.4230000-06:00,in
37,USC00051772,Snow,1984-12-03T00:00:00.0000000-07:00,0.000000,P,,0,,NOAA,2013-08-08T07:41:24.4230000-06:00,in
37,USC00051772,Snow,1984-12-04T00:00:00.0000000-07:00,0.000000,P,,0,,NOAA,2013-08-08T07:41:24.4230000-06:00,in
37,USC00051772,Snow,1984-12-05T00:00:00.0000000-07:00,0.000000,P,,0,,NOAA,2013-08-08T07:41:24.4230000-06:00,in
37,USC00051772,Snow,1984-12-06T00:00:00.0000000-07:00,0.000000,P,,0,,NOAA,2013-08-08T07:41:24.4230000-06:00,in
37,USC00051772,Snow,1984-12-07T00:00:00.0000000-07:00,0.000000,P,,0,,NOAA,2013-08-08T07:41:24.4230000-06:00,in
37,USC00051772,Snow,1984-12-08T00:00:00.0000000-07:00,0.000000,P,,0,,NOAA,2013-08-08T07:41:24.4230000-06:00,in
37,USC00051772,Snow,1984-12-09T00:00:00.0000000-07:00,0.000000,P,,0,,NOAA,2013-08-08T07:41:24.4230000-06:00,in
37,USC00051772,Snow,1984-12-10T00:00:00.0000000-07:00,0.000000,P,,0,,NOAA,2013-08-08T07:41:24.4230000-06:00,in
37,USC00051772,Snow,1984-12-11T00:00:00.0000000-07:00,0.984252,,,0,,NOAA,2013-08-08T07:41:24.4230000-06:00,in
37,USC00051772,Snow,1984-12-12T00:00:00.0000000-07:00,0.000000,T,,0,,NOAA,2013-08-08T07:41:24.4230000-06:00,in
37,USC00051772,Snow,1984-12-13T00:00:00.0000000-07:00,4.015748,,,0,,NOAA,2013-08-08T07:41:24.4230000-06:00,in
37,USC00051772,Snow,1984-12-14T00:00:00.0000000-07:00,0.314961,,,0,,NOAA,2013-08-08T07:41:24.4230000-06:00,in
37,USC00051772,Snow,1984-12-15T00:00:00.0000000-07:00,0.000000,P,,0,,NOAA,2013-08-08T07:41:24.4230000-06:00,in
37,USC00051772,Snow,1984-12-16T00:00:00.0000000-07:00,0.000000,P,,0,,NOAA,2013-08-08T07:41:24.4230000-06:00,in
37,USC00051772,Snow,1984-12-17T00:00:00.0000000-07:00,0.984252,,,0,,NOAA,2013-08-08T07:41:24.4230000-06:00,in
37,USC00051772,Snow,1984-12-18T00:00:00.0000000-07:00,0.000000,P,,0,,NOAA,2013-08-08T07:41:24.4230000-06:00,in
37,USC00051772,Snow,1984-12-19T00:00:00.0000000-07:00,0.000000,P,,0,,NOAA,2013-08-08T07:41:24.4230000-06:00,in
37,USC00051772,Snow,1984-12-20T00:00:00.0000000-07:00,0.000000,P,,0,,NOAA,2013-08-08T07:41:24.4230000-06:00,in
37,USC00051772,Snow,1984-12-21T00:00:00.0000000-07:00,2.007874,,,0,,NOAA,2013-08-08T07:41:24.4230000-06:00,in
37,USC00051772,Snow,1984-12-22T00:00:00.0000000-07:00,0.000000,P,,0,,NOAA,2013-08-08T07:41:24.4230000-06:00,in
37,USC00051772,Snow,1984-12-23T00:00:00.0000000-07:00,0.000000,P,,0,,NOAA,2013-08-08T07:41:24.4230000-06:00,in
37,USC00051772,Snow,1984-12-24T00:00:00.0000000-07:00,0.000000,P,,0,,NOAA,2013-08-08T07:41:24.4230000-06:00,in
37,USC00051772,Snow,1984-12-25T00:00:00.0000000-07:00,0.000000,P,,0,,NOAA,2013-08-08T07:41:24.4230000-06:00,in
37,USC00051772,Snow,1984-12-26T00:00:00.0000000-07:00,0.196850,,,0,,NOAA,2013-08-08T07:41:24.4230000-06:00,in
37,USC00051772,Snow,1984-12-27T00:00:00.0000000-07:00,0.000000,P,,0,,NOAA,2013-08-08T07:41:24.4230000-06:00,in
37,USC00051772,Snow,1984-12-28T00:00:00.0000000-07:00,0.000000,T,,0,,NOAA,2013-08-08T07:41:24.4230000-06:00,in
37,USC00051772,Snow,1984-12-29T00:00:00.0000000-07:00,0.000000,P,,0,,NOAA,2013-08-08T07:41:24.4230000-06:00,in
37,USC00051772,Snow,1984-12-30T00:00:00.0000000-07:00,0.000000,P,,0,,NOAA,2013-08-08T07:41:24.4230000-06:00,in
37,USC00051772,Snow,1984-12-31T00:00:00.0000000-07:00,0.000000,P,,0,,NOAA,2013-08-08T07:41:24.4230000-06:00,in
37,USC00051772,Snow,1985-01-01T00:00:00.0000000-07:00,0.000000,P,,0,,NOAA,2013-08-08T07:41:24.4230000-06:00,in
37,USC00051772,Snow,1985-01-02T00:00:00.0000000-07:00,0.000000,P,,0,,NOAA,2013-08-08T07:41:24.4230000-06:00,in
37,USC00051772,Snow,1985-01-03T00:00:00.0000000-07:00,0.000000,P,,0,,NOAA,2013-08-08T07:41:24.4230000-06:00,in
37,USC00051772,Snow,1985-01-04T00:00:00.0000000-07:00,0.000000,P,,0,,NOAA,2013-08-08T07:41:24.4230000-06:00,in
37,USC00051772,Snow,1985-01-05T00:00:00.0000000-07:00,0.000000,P,,0,,NOAA,2013-08-08T07:41:24.4230000-06:00,in
37,USC00051772,Snow,1985-01-06T00:00:00.0000000-07:00,0.000000,P,,0,,NOAA,2013-08-08T07:41:24.4230000-06:00,in
37,USC00051772,Snow,1985-01-07T00:00:00.0000000-07:00,0.000000,P,,0,,NOAA,2013-08-08T07:41:24.4230000-06:00,in
37,USC00051772,Snow,1985-01-08T00:00:00.0000000-07:00,0.984252,,,0,,NOAA,2013-08-08T07:41:24.4230000-06:00,in
37,USC00051772,Snow,1985-01-09T00:00:00.0000000-07:00,0.984252,,,0,,NOAA,2013-08-08T07:41:24.4230000-06:00,in
37,USC00051772,Snow,1985-01-10T00:00:00.0000000-07:00,0.000000,T,,0,,NOAA,2013-08-08T07:41:24.4230000-06:00,in
37,USC00051772,Snow,1985-01-11T00:00:00.0000000-07:00,0.000000,P,,0,,NOAA,2013-08-08T07:41:24.4230000-06:00,in
37,USC00051772,Snow,1985-01-12T00:00:00.0000000-07:00,0.000000,T,,0,,NOAA,2013-08-08T07:41:24.4230000-06:00,in
37,USC00051772,Snow,1985-01-13T00:00:00.0000000-07:00,0.000000,P,,0,,NOAA,2013-08-08T07:41:24.4230000-06:00,in
37,USC00051772,Snow,1985-01-14T00:00:00.0000000-07:00,0.000000,P,,0,,NOAA,2013-08-08T07:41:24.4230000-06:00,in
37,USC00051772,Snow,1985-01-15T00:00:00.0000000-07:00,0.000000,P,,0,,NOAA,2013-08-08T07:41:24.4230000-06:00,in
37,USC00051772,Snow,1985-01-16T00:00:00.0000000-07:00,0.000000,P,,0,,NOAA,2013-08-08T07:41:24.4230000-06:00,in
37,USC00051772,Snow,1985-01-17T00:00:00.0000000-07:00,0.000000,P,,0,,NOAA,2013-08-08T07:41:24.4230000-06:00,in
37,USC00051772,Snow,1985-01-18T00:00:00.0000000-07:00,0.000000,P,,0,,NOAA,2013-08-08T07:41:24.4230000-06:00,in
37,USC00051772,Snow,1985-01-19T00:00:00.0000000-07:00,0.000000,P,,0,,NOAA,2013-08-08T07:41:24.4230000-06:00,in
37,USC00051772,Snow,1985-01-20T00:00:00.0000000-07:00,0.000000,P,,0,,NOAA,2013-08-08T07:41:24.4230000-06:00,in
37,USC00051772,Snow,1985-01-21T00:00:00.0000000-07:00,0.000000,P,,0,,NOAA,2013-08-08T07:41:24.4230000-06:00,in
37,USC00051772,Snow,1985-01-22T00:00:00.0000000-07:00,2.007874,,,0,,NOAA,2013-08-08T07:41:24.4230000-06:00,in
37,USC00051772,Snow,1985-01-23T00:00:00.0000000-07:00,0.000000,P,,0,,NOAA,2013-08-08T07:41:24.4230000-06:00,in
37,USC00051772,Snow,1985-01-24T00:00:00.0000000-07:00,0.000000,P,,0,,NOAA,2013-08-08T07:41:24.4230000-06:00,in
37,USC00051772,Snow,1985-01-25T00:00:00.0000000-07:00,0.000000,P,,0,,NOAA,2013-08-08T07:41:24.4230000-06:00,in
37,USC00051772,Snow,1985-01-26T00:00:00.0000000-07:00,0.000000,P,,0,,NOAA,2013-08-08T07:41:24.4230000-06:00,in
37,USC00051772,Snow,1985-01-27T00:00:00.0000000-07:00,0.314961,,,0,,NOAA,2013-08-08T07:41:24.4230000-06:00,in
37,USC00051772,Snow,1985-01-28T00:00:00.0000000-07:00,0.000000,T,,0,,NOAA,2013-08-08T07:41:24.4230000-06:00,in
37,USC00051772,Snow,1985-01-29T00:00:00.0000000-07:00,2.519685,,,0,,NOAA,2013-08-08T07:41:24.4230000-06:00,in
37,USC00051772,Snow,1985-01-30T00:00:00.0000000-07:00,0.000000,P,,0,,NOAA,2013-08-08T07:41:24.4230000-06:00,in
37,USC00051772,Snow,1985-01-31T00:00:00.0000000-07:00,0.000000,P,,0,,NOAA,2013-08-08T07:41:24.4230000-06:00,in
37,USC00051772,Snow,1985-02-01T00:00:00.0000000-07:00,0.000000,P,,0,,NOAA,2013-08-08T07:41:24.4230000-06:00,in
37,USC00051772,Snow,1985-02-02T00:00:00.0000000-07:00,0.000000,P,,0,,NOAA,2013-08-08T07:41:24.4230000-06:00,in
37,USC00051772,Snow,1985-02-03T00:00:00.0000000-07:00,0.000000,T,,0,,NOAA,2013-08-08T07:41:24.4230000-06:00,in
37,USC00051772,Snow,1985-02-04T00:00:00.0000000-07:00,2.283465,,,0,,NOAA,2013-08-08T07:41:24.4230000-06:00,in
37,USC00051772,Snow,1985-02-05T00:00:00.0000000-07:00,0.984252,,,0,,NOAA,2013-08-08T07:41:24.4230000-06:00,in
37,USC00051772,Snow,1985-02-06T00:00:00.0000000-07:00,0.314961,,,0,,NOAA,2013-08-08T07:41:24.4230000-06:00,in
37,USC00051772,Snow,1985-02-07T00:00:00.0000000-07:00,0.000000,P,,0,,NOAA,2013-08-08T07:41:24.4230000-06:00,in
37,USC00051772,Snow,1985-02-08T00:00:00.0000000-07:00,0.000000,P,,0,,NOAA,2013-08-08T07:41:24.4230000-06:00,in
37,USC00051772,Snow,1985-02-09T00:00:00.0000000-07:00,0.314961,,,0,,NOAA,2013-08-08T07:41:24.4230000-06:00,in
37,USC00051772,Snow,1985-02-10T00:00:00.0000000-07:00,4.015748,,,0,,NOAA,2013-08-08T07:41:24.4230000-06:00,in
37,USC00051772,Snow,1985-02-11T00:00:00.0000000-07:00,0.000000,P,,0,,NOAA,2013-08-08T07:41:24.4230000-06:00,in
37,USC00051772,Snow,1985-02-12T00:00:00.0000000-07:00,0.000000,P,,0,,NOAA,2013-08-08T07:41:24.4230000-06:00,in
37,USC00051772,Snow,1985-02-13T00:00:00.0000000-07:00,0.000000,P,,0,,NOAA,2013-08-08T07:41:24.4230000-06:00,in
37,USC00051772,Snow,1985-02-14T00:00:00.0000000-07:00,0.000000,P,,0,,NOAA,2013-08-08T07:41:24.4230000-06:00,in
37,USC00051772,Snow,1985-02-15T00:00:00.0000000-07:00,0.000000,P,,0,,NOAA,2013-08-08T07:41:24.4230000-06:00,in
37,USC00051772,Snow,1985-02-16T00:00:00.0000000-07:00,0.000000,P,,0,,NOAA,2013-08-08T07:41:24.4230000-06:00,in
37,USC00051772,Snow,1985-02-17T00:00:00.0000000-07:00,0.000000,P,,0,,NOAA,2013-08-08T07:41:24.4230000-06:00,in
37,USC00051772,Snow,1985-02-18T00:00:00.0000000-07:00,0.000000,P,,0,,NOAA,2013-08-08T07:41:24.4230000-06:00,in
37,USC00051772,Snow,1985-02-19T00:00:00.0000000-07:00,0.000000,P,,0,,NOAA,2013-08-08T07:41:24.4230000-06:00,in
37,USC00051772,Snow,1985-02-20T00:00:00.0000000-07:00,0.000000,P,,0,,NOAA,2013-08-08T07:41:24.4230000-06:00,in
37,USC00051772,Snow,1985-02-21T00:00:00.0000000-07:00,0.511811,,,0,,NOAA,2013-08-08T07:41:24.4230000-06:00,in
37,USC00051772,Snow,1985-02-22T00:00:00.0000000-07:00,0.000000,P,,0,,NOAA,2013-08-08T07:41:24.4230000-06:00,in
37,USC00051772,Snow,1985-02-23T00:00:00.0000000-07:00,0.000000,T,,0,,NOAA,2013-08-08T07:41:24.4230000-06:00,in
37,USC00051772,Snow,1985-02-24T00:00:00.0000000-07:00,0.000000,P,,0,,NOAA,2013-08-08T07:41:24.4230000-06:00,in
37,USC00051772,Snow,1985-02-25T00:00:00.0000000-07:00,0.000000,P,,0,,NOAA,2013-08-08T07:41:24.4230000-06:00,in
37,USC00051772,Snow,1985-02-26T00:00:00.0000000-07:00,0.000000,P,,0,,NOAA,2013-08-08T07:41:24.4230000-06:00,in
37,USC00051772,Snow,1985-02-27T00:00:00.0000000-07:00,0.000000,P,,0,,NOAA,2013-08-08T07:41:24.4230000-06:00,in
37,USC00051772,Snow,1985-02-28T00:00:00.0000000-07:00,0.000000,P,,0,,NOAA,2013-08-08T07:41:24.4230000-06:00,in
37,USC00051772,Snow,1985-03-01T00:00:00.0000000-07:00,0.000000,P,,0,,NOAA,2013-08-08T07:41:24.4230000-06:00,in
37,USC00051772,Snow,1985-03-02T00:00:00.0000000-07:00,0.511811,,,0,,NOAA,2013-08-08T07:41:24.4230000-06:00,in
37,USC00051772,Snow,1985-03-03T00:00:00.0000000-07:00,0.000000,P,,0,,NOAA,2013-08-08T07:41:24.4230000-06:00,in
37,USC00051772,Snow,1985-03-04T00:00:00.0000000-07:00,0.000000,P,,0,,NOAA,2013-08-08T07:41:24.4230000-06:00,in
37,USC00051772,Snow,1985-03-05T00:00:00.0000000-07:00,0.000000,P,,0,,NOAA,2013-08-08T07:41:24.4230000-06:00,in
37,USC00051772,Snow,1985-03-06T00:00:00.0000000-07:00,0.000000,P,,0,,NOAA,2013-08-08T07:41:24.4230000-06:00,in
37,USC00051772,Snow,1985-03-07T00:00:00.0000000-07:00,0.000000,P,,0,,NOAA,2013-08-08T07:41:24.4230000-06:00,in
37,USC00051772,Snow,1985-03-08T00:00:00.0000000-07:00,0.000000,P,,0,,NOAA,2013-08-08T07:41:24.4230000-06:00,in
37,USC00051772,Snow,1985-03-09T00:00:00.0000000-07:00,0.000000,P,,0,,NOAA,2013-08-08T07:41:24.4230000-06:00,in
37,USC00051772,Snow,1985-03-10T00:00:00.0000000-07:00,0.000000,P,,0,,NOAA,2013-08-08T07:41:24.4230000-06:00,in
37,USC00051772,Snow,1985-03-11T00:00:00.0000000-07:00,0.000000,P,,0,,NOAA,2013-08-08T07:41:24.4230000-06:00,in
37,USC00051772,Snow,1985-03-12T00:00:00.0000000-07:00,0.000000,P,,0,,NOAA,2013-08-08T07:41:24.4230000-06:00,in
37,USC00051772,Snow,1985-03-13T00:00:00.0000000-07:00,0.000000,P,,0,,NOAA,2013-08-08T07:41:24.4230000-06:00,in
37,USC00051772,Snow,1985-03-14T00:00:00.0000000-07:00,0.000000,P,,0,,NOAA,2013-08-08T07:41:24.4230000-06:00,in
37,USC00051772,Snow,1985-03-15T00:00:00.0000000-07:00,0.000000,P,,0,,NOAA,2013-08-08T07:41:24.4230000-06:00,in
37,USC00051772,Snow,1985-03-16T00:00:00.0000000-07:00,0.000000,P,,0,,NOAA,2013-08-08T07:41:24.4230000-06:00,in
37,USC00051772,Snow,1985-03-17T00:00:00.0000000-07:00,0.000000,P,,0,,NOAA,2013-08-08T07:41:24.4230000-06:00,in
37,USC00051772,Snow,1985-03-18T00:00:00.0000000-07:00,0.000000,P,,0,,NOAA,2013-08-08T07:41:24.4230000-06:00,in
37,USC00051772,Snow,1985-03-19T00:00:00.0000000-07:00,0.000000,P,,0,,NOAA,2013-08-08T07:41:24.4230000-06:00,in
37,USC00051772,Snow,1985-03-20T00:00:00.0000000-07:00,0.000000,P,,0,,NOAA,2013-08-08T07:41:24.4230000-06:00,in
37,USC00051772,Snow,1985-03-21T00:00:00.0000000-07:00,0.000000,P,,0,,NOAA,2013-08-08T07:41:24.4230000-06:00,in
37,USC00051772,Snow,1985-03-22T00:00:00.0000000-07:00,0.000000,P,,0,,NOAA,2013-08-08T07:41:24.4230000-06:00,in
37,USC00051772,Snow,1985-03-23T00:00:00.0000000-07:00,0.000000,P,,0,,NOAA,2013-08-08T07:41:24.4230000-06:00,in
37,USC00051772,Snow,1985-03-24T00:00:00.0000000-07:00,0.000000,P,,0,,NOAA,2013-08-08T07:41:24.4230000-06:00,in
37,USC00051772,Snow,1985-03-25T00:00:00.0000000-07:00,0.000000,P,,0,,NOAA,2013-08-08T07:41:24.4230000-06:00,in
37,USC00051772,Snow,1985-03-26T00:00:00.0000000-07:00,0.000000,P,,0,,NOAA,2013-08-08T07:41:24.4230000-06:00,in
37,USC00051772,Snow,1985-03-27T00:00:00.0000000-07:00,0.000000,P,,0,,NOAA,2013-08-08T07:41:24.4230000-06:00,in
37,USC00051772,Snow,1985-03-28T00:00:00.0000000-07:00,7.992126,,,0,,NOAA,2013-08-08T07:41:24.4230000-06:00,in
37,USC00051772,Snow,1985-03-29T00:00:00.0000000-07:00,0.984252,,,0,,NOAA,2013-08-08T07:41:24.4230000-06:00,in
37,USC00051772,Snow,1985-03-30T00:00:00.0000000-07:00,2.519685,,,0,,NOAA,2013-08-08T07:41:24.4230000-06:00,in
37,USC00051772,Snow,1985-03-31T00:00:00.0000000-07:00,0.000000,P,,0,,NOAA,2013-08-08T07:41:24.4230000-06:00,in
37,USC00051772,Snow,1985-04-01T00:00:00.0000000-07:00,0.000000,P,,0,,NOAA,2013-08-08T07:41:24.4230000-06:00,in
37,USC00051772,Snow,1985-04-02T00:00:00.0000000-07:00,0.000000,P,,0,,NOAA,2013-08-08T07:41:24.4230000-06:00,in
37,USC00051772,Snow,1985-04-03T00:00:00.0000000-07:00,0.000000,P,,0,,NOAA,2013-08-08T07:41:24.4230000-06:00,in
37,USC00051772,Snow,1985-04-04T00:00:00.0000000-07:00,0.000000,P,,0,,NOAA,2013-08-08T07:41:24.4230000-06:00,in
37,USC00051772,Snow,1985-04-05T00:00:00.0000000-07:00,0.000000,P,,0,,NOAA,2013-08-08T07:41:24.4230000-06:00,in
37,USC00051772,Snow,1985-04-06T00:00:00.0000000-07:00,0.000000,P,,0,,NOAA,2013-08-08T07:41:24.4230000-06:00,in
37,USC00051772,Snow,1985-04-07T00:00:00.0000000-07:00,0.000000,P,,0,,NOAA,2013-08-08T07:41:24.4230000-06:00,in
37,USC00051772,Snow,1985-04-08T00:00:00.0000000-06:00,0.000000,P,,0,,NOAA,2013-08-08T07:41:24.4230000-06:00,in
37,USC00051772,Snow,1985-04-09T00:00:00.0000000-06:00,0.000000,P,,0,,NOAA,2013-08-08T07:41:24.4230000-06:00,in
37,USC00051772,Snow,1985-04-10T00:00:00.0000000-06:00,0.000000,P,,0,,NOAA,2013-08-08T07:41:24.4230000-06:00,in
37,USC00051772,Snow,1985-04-11T00:00:00.0000000-06:00,0.000000,P,,0,,NOAA,2013-08-08T07:41:24.4230000-06:00,in
37,USC00051772,Snow,1985-04-12T00:00:00.0000000-06:00,0.000000,P,,0,,NOAA,2013-08-08T07:41:24.4230000-06:00,in
37,USC00051772,Snow,1985-04-13T00:00:00.0000000-06:00,0.000000,P,,0,,NOAA,2013-08-08T07:41:24.4230000-06:00,in
37,USC00051772,Snow,1985-04-14T00:00:00.0000000-06:00,0.000000,P,,0,,NOAA,2013-08-08T07:41:24.4230000-06:00,in
37,USC00051772,Snow,1985-04-15T00:00:00.0000000-06:00,0.000000,P,,0,,NOAA,2013-08-08T07:41:24.4230000-06:00,in
37,USC00051772,Snow,1985-04-20T00:00:00.0000000-06:00,2.007874,,,0,,NOAA,2013-08-08T07:41:24.4230000-06:00,in
37,USC00051772,Snow,1985-04-21T00:00:00.0000000-06:00,0.000000,P,,0,,NOAA,2013-08-08T07:41:24.4230000-06:00,in
37,USC00051772,Snow,1985-04-22T00:00:00.0000000-06:00,0.000000,P,,0,,NOAA,2013-08-08T07:41:24.4230000-06:00,in
37,USC00051772,Snow,1985-04-23T00:00:00.0000000-06:00,0.000000,P,,0,,NOAA,2013-08-08T07:41:24.4230000-06:00,in
37,USC00051772,Snow,1985-04-24T00:00:00.0000000-06:00,0.000000,P,,0,,NOAA,2013-08-08T07:41:24.4230000-06:00,in
37,USC00051772,Snow,1985-04-25T00:00:00.0000000-06:00,0.000000,P,,0,,NOAA,2013-08-08T07:41:24.4230000-06:00,in
37,USC00051772,Snow,1985-04-26T00:00:00.0000000-06:00,0.984252,,,0,,NOAA,2013-08-08T07:41:24.4230000-06:00,in
37,USC00051772,Snow,1985-04-27T00:00:00.0000000-06:00,0.000000,P,,0,,NOAA,2013-08-08T07:41:24.4230000-06:00,in
37,USC00051772,Snow,1985-04-28T00:00:00.0000000-06:00,0.000000,P,,0,,NOAA,2013-08-08T07:41:24.4230000-06:00,in
37,USC00051772,Snow,1985-04-29T00:00:00.0000000-06:00,0.000000,P,,0,,NOAA,2013-08-08T07:41:24.4230000-06:00,in
37,USC00051772,Snow,1985-04-30T00:00:00.0000000-06:00,0.000000,P,,0,,NOAA,2013-08-08T07:41:24.4230000-06:00,in
37,USC00051772,Snow,1985-05-01T00:00:00.0000000-06:00,0.000000,P,,0,,NOAA,2013-08-08T07:41:24.4230000-06:00,in
37,USC00051772,Snow,1985-05-02T00:00:00.0000000-06:00,0.000000,P,,0,,NOAA,2013-08-08T07:41:24.4230000-06:00,in
37,USC00051772,Snow,1985-05-03T00:00:00.0000000-06:00,0.000000,P,,0,,NOAA,2013-08-08T07:41:24.4230000-06:00,in
37,USC00051772,Snow,1985-05-04T00:00:00.0000000-06:00,0.000000,P,,0,,NOAA,2013-08-08T07:41:24.4230000-06:00,in
37,USC00051772,Snow,1985-05-05T00:00:00.0000000-06:00,0.000000,P,,0,,NOAA,2013-08-08T07:41:24.4230000-06:00,in
37,USC00051772,Snow,1985-05-06T00:00:00.0000000-06:00,0.000000,P,,0,,NOAA,2013-08-08T07:41:24.4230000-06:00,in
37,USC00051772,Snow,1985-05-07T00:00:00.0000000-06:00,0.000000,P,,0,,NOAA,2013-08-08T07:41:24.4230000-06:00,in
37,USC00051772,Snow,1985-05-08T00:00:00.0000000-06:00,0.000000,P,,0,,NOAA,2013-08-08T07:41:24.4230000-06:00,in
37,USC00051772,Snow,1985-05-09T00:00:00.0000000-06:00,0.000000,P,,0,,NOAA,2013-08-08T07:41:24.4230000-06:00,in
37,USC00051772,Snow,1985-05-10T00:00:00.0000000-06:00,0.000000,P,,0,,NOAA,2013-08-08T07:41:24.4230000-06:00,in
37,USC00051772,Snow,1985-05-11T00:00:00.0000000-06:00,0.000000,P,,0,,NOAA,2013-08-08T07:41:24.4230000-06:00,in
37,USC00051772,Snow,1985-05-12T00:00:00.0000000-06:00,0.000000,P,,0,,NOAA,2013-08-08T07:41:24.4230000-06:00,in
37,USC00051772,Snow,1985-05-13T00:00:00.0000000-06:00,0.000000,P,,0,,NOAA,2013-08-08T07:41:24.4230000-06:00,in
37,USC00051772,Snow,1985-05-14T00:00:00.0000000-06:00,0.000000,P,,0,,NOAA,2013-08-08T07:41:24.4230000-06:00,in
37,USC00051772,Snow,1985-05-15T00:00:00.0000000-06:00,0.000000,P,,0,,NOAA,2013-08-08T07:41:24.4230000-06:00,in
37,USC00051772,Snow,1985-05-16T00:00:00.0000000-06:00,0.000000,P,,0,,NOAA,2013-08-08T07:41:24.4230000-06:00,in
37,USC00051772,Snow,1985-05-17T00:00:00.0000000-06:00,0.000000,P,,0,,NOAA,2013-08-08T07:41:24.4230000-06:00,in
37,USC00051772,Snow,1985-05-18T00:00:00.0000000-06:00,0.000000,P,,0,,NOAA,2013-08-08T07:41:24.4230000-06:00,in
37,USC00051772,Snow,1985-05-19T00:00:00.0000000-06:00,0.000000,P,,0,,NOAA,2013-08-08T07:41:24.4230000-06:00,in
37,USC00051772,Snow,1985-05-20T00:00:00.0000000-06:00,0.000000,P,,0,,NOAA,2013-08-08T07:41:24.4230000-06:00,in
37,USC00051772,Snow,1985-05-21T00:00:00.0000000-06:00,0.000000,P,,0,,NOAA,2013-08-08T07:41:24.4230000-06:00,in
37,USC00051772,Snow,1985-05-22T00:00:00.0000000-06:00,0.000000,P,,0,,NOAA,2013-08-08T07:41:24.4230000-06:00,in
37,USC00051772,Snow,1985-05-23T00:00:00.0000000-06:00,0.000000,P,,0,,NOAA,2013-08-08T07:41:24.4230000-06:00,in
37,USC00051772,Snow,1985-05-24T00:00:00.0000000-06:00,0.000000,P,,0,,NOAA,2013-08-08T07:41:24.4230000-06:00,in
37,USC00051772,Snow,1985-05-25T00:00:00.0000000-06:00,0.000000,P,,0,,NOAA,2013-08-08T07:41:24.4230000-06:00,in
37,USC00051772,Snow,1985-05-26T00:00:00.0000000-06:00,0.000000,P,,0,,NOAA,2013-08-08T07:41:24.4230000-06:00,in
37,USC00051772,Snow,1985-05-27T00:00:00.0000000-06:00,0.000000,P,,0,,NOAA,2013-08-08T07:41:24.4230000-06:00,in
37,USC00051772,Snow,1985-05-28T00:00:00.0000000-06:00,0.000000,P,,0,,NOAA,2013-08-08T07:41:24.4230000-06:00,in
37,USC00051772,Snow,1985-05-29T00:00:00.0000000-06:00,0.000000,P,,0,,NOAA,2013-08-08T07:41:24.4230000-06:00,in
37,USC00051772,Snow,1985-05-30T00:00:00.0000000-06:00,0.000000,P,,0,,NOAA,2013-08-08T07:41:24.4230000-06:00,in
37,USC00051772,Snow,1985-05-31T00:00:00.0000000-06:00,0.000000,P,,0,,NOAA,2013-08-08T07:41:24.4230000-06:00,in
37,USC00051772,Snow,1985-06-01T00:00:00.0000000-06:00,0.000000,P,,0,,NOAA,2013-08-08T07:41:24.4230000-06:00,in
37,USC00051772,Snow,1985-06-02T00:00:00.0000000-06:00,0.000000,P,,0,,NOAA,2013-08-08T07:41:24.4230000-06:00,in
37,USC00051772,Snow,1985-06-03T00:00:00.0000000-06:00,0.000000,P,,0,,NOAA,2013-08-08T07:41:24.4230000-06:00,in
37,USC00051772,Snow,1985-06-04T00:00:00.0000000-06:00,0.000000,P,,0,,NOAA,2013-08-08T07:41:24.4230000-06:00,in
37,USC00051772,Snow,1985-06-05T00:00:00.0000000-06:00,0.000000,P,,0,,NOAA,2013-08-08T07:41:24.4230000-06:00,in
37,USC00051772,Snow,1985-06-06T00:00:00.0000000-06:00,0.000000,P,,0,,NOAA,2013-08-08T07:41:24.4230000-06:00,in
37,USC00051772,Snow,1985-06-07T00:00:00.0000000-06:00,0.000000,P,,0,,NOAA,2013-08-08T07:41:24.4230000-06:00,in
37,USC00051772,Snow,1985-06-08T00:00:00.0000000-06:00,0.000000,P,,0,,NOAA,2013-08-08T07:41:24.4230000-06:00,in
37,USC00051772,Snow,1985-06-09T00:00:00.0000000-06:00,0.000000,P,,0,,NOAA,2013-08-08T07:41:24.4230000-06:00,in
37,USC00051772,Snow,1985-06-10T00:00:00.0000000-06:00,0.000000,P,,0,,NOAA,2013-08-08T07:41:24.4230000-06:00,in
37,USC00051772,Snow,1985-06-11T00:00:00.0000000-06:00,0.000000,P,,0,,NOAA,2013-08-08T07:41:24.4230000-06:00,in
37,USC00051772,Snow,1985-06-12T00:00:00.0000000-06:00,0.000000,P,,0,,NOAA,2013-08-08T07:41:24.4230000-06:00,in
37,USC00051772,Snow,1985-06-13T00:00:00.0000000-06:00,0.000000,P,,0,,NOAA,2013-08-08T07:41:24.4230000-06:00,in
37,USC00051772,Snow,1985-06-14T00:00:00.0000000-06:00,0.000000,P,,0,,NOAA,2013-08-08T07:41:24.4230000-06:00,in
37,USC00051772,Snow,1985-06-15T00:00:00.0000000-06:00,0.000000,P,,0,,NOAA,2013-08-08T07:41:24.4230000-06:00,in
37,USC00051772,Snow,1985-06-16T00:00:00.0000000-06:00,0.000000,P,,0,,NOAA,2013-08-08T07:41:24.4230000-06:00,in
37,USC00051772,Snow,1985-06-17T00:00:00.0000000-06:00,0.000000,P,,0,,NOAA,2013-08-08T07:41:24.4230000-06:00,in
37,USC00051772,Snow,1985-06-18T00:00:00.0000000-06:00,0.000000,P,,0,,NOAA,2013-08-08T07:41:24.4230000-06:00,in
37,USC00051772,Snow,1985-06-19T00:00:00.0000000-06:00,0.000000,P,,0,,NOAA,2013-08-08T07:41:24.4230000-06:00,in
37,USC00051772,Snow,1985-06-20T00:00:00.0000000-06:00,0.000000,P,,0,,NOAA,2013-08-08T07:41:24.4230000-06:00,in
37,USC00051772,Snow,1985-06-21T00:00:00.0000000-06:00,0.000000,P,,0,,NOAA,2013-08-08T07:41:24.4230000-06:00,in
37,USC00051772,Snow,1985-06-22T00:00:00.0000000-06:00,0.000000,P,,0,,NOAA,2013-08-08T07:41:24.4230000-06:00,in
37,USC00051772,Snow,1985-06-23T00:00:00.0000000-06:00,0.000000,P,,0,,NOAA,2013-08-08T07:41:24.4230000-06:00,in
37,USC00051772,Snow,1985-06-24T00:00:00.0000000-06:00,0.000000,P,,0,,NOAA,2013-08-08T07:41:24.4230000-06:00,in
37,USC00051772,Snow,1985-06-25T00:00:00.0000000-06:00,0.000000,P,,0,,NOAA,2013-08-08T07:41:24.4230000-06:00,in
37,USC00051772,Snow,1985-06-26T00:00:00.0000000-06:00,0.000000,P,,0,,NOAA,2013-08-08T07:41:24.4230000-06:00,in
37,USC00051772,Snow,1985-06-27T00:00:00.0000000-06:00,0.000000,P,,0,,NOAA,2013-08-08T07:41:24.4230000-06:00,in
37,USC00051772,Snow,1985-06-28T00:00:00.0000000-06:00,0.000000,P,,0,,NOAA,2013-08-08T07:41:24.4230000-06:00,in
37,USC00051772,Snow,1985-06-29T00:00:00.0000000-06:00,0.000000,P,,0,,NOAA,2013-08-08T07:41:24.4230000-06:00,in
37,USC00051772,Snow,1985-06-30T00:00:00.0000000-06:00,0.000000,P,,0,,NOAA,2013-08-08T07:41:24.4230000-06:00,in
37,USC00051772,Snow,1985-07-01T00:00:00.0000000-06:00,0.000000,P,,0,,NOAA,2013-08-08T07:41:24.4230000-06:00,in
37,USC00051772,Snow,1985-07-02T00:00:00.0000000-06:00,0.000000,P,,0,,NOAA,2013-08-08T07:41:24.4230000-06:00,in
37,USC00051772,Snow,1985-07-03T00:00:00.0000000-06:00,0.000000,P,,0,,NOAA,2013-08-08T07:41:24.4230000-06:00,in
37,USC00051772,Snow,1985-07-04T00:00:00.0000000-06:00,0.000000,P,,0,,NOAA,2013-08-08T07:41:24.4230000-06:00,in
37,USC00051772,Snow,1985-07-05T00:00:00.0000000-06:00,0.000000,P,,0,,NOAA,2013-08-08T07:41:24.4230000-06:00,in
37,USC00051772,Snow,1985-07-06T00:00:00.0000000-06:00,0.000000,P,,0,,NOAA,2013-08-08T07:41:24.4230000-06:00,in
37,USC00051772,Snow,1985-07-07T00:00:00.0000000-06:00,0.000000,P,,0,,NOAA,2013-08-08T07:41:24.4230000-06:00,in
37,USC00051772,Snow,1985-07-08T00:00:00.0000000-06:00,0.000000,P,,0,,NOAA,2013-08-08T07:41:24.4230000-06:00,in
37,USC00051772,Snow,1985-07-09T00:00:00.0000000-06:00,0.000000,P,,0,,NOAA,2013-08-08T07:41:24.4230000-06:00,in
37,USC00051772,Snow,1985-07-10T00:00:00.0000000-06:00,0.000000,P,,0,,NOAA,2013-08-08T07:41:24.4230000-06:00,in
37,USC00051772,Snow,1985-07-11T00:00:00.0000000-06:00,0.000000,P,,0,,NOAA,2013-08-08T07:41:24.4230000-06:00,in
37,USC00051772,Snow,1985-07-12T00:00:00.0000000-06:00,0.000000,P,,0,,NOAA,2013-08-08T07:41:24.4230000-06:00,in
37,USC00051772,Snow,1985-07-13T00:00:00.0000000-06:00,0.000000,P,,0,,NOAA,2013-08-08T07:41:24.4230000-06:00,in
37,USC00051772,Snow,1985-07-14T00:00:00.0000000-06:00,0.000000,P,,0,,NOAA,2013-08-08T07:41:24.4230000-06:00,in
37,USC00051772,Snow,1985-07-15T00:00:00.0000000-06:00,0.000000,P,,0,,NOAA,2013-08-08T07:41:24.4230000-06:00,in
37,USC00051772,Snow,1985-07-16T00:00:00.0000000-06:00,0.000000,P,,0,,NOAA,2013-08-08T07:41:24.4230000-06:00,in
37,USC00051772,Snow,1985-07-17T00:00:00.0000000-06:00,0.000000,P,,0,,NOAA,2013-08-08T07:41:24.4230000-06:00,in
37,USC00051772,Snow,1985-07-18T00:00:00.0000000-06:00,0.000000,P,,0,,NOAA,2013-08-08T07:41:24.4230000-06:00,in
37,USC00051772,Snow,1985-07-19T00:00:00.0000000-06:00,0.000000,P,,0,,NOAA,2013-08-08T07:41:24.4230000-06:00,in
37,USC00051772,Snow,1985-07-20T00:00:00.0000000-06:00,0.000000,P,,0,,NOAA,2013-08-08T07:41:24.4230000-06:00,in
37,USC00051772,Snow,1985-07-21T00:00:00.0000000-06:00,0.000000,P,,0,,NOAA,2013-08-08T07:41:24.4230000-06:00,in
37,USC00051772,Snow,1985-07-22T00:00:00.0000000-06:00,0.000000,P,,0,,NOAA,2013-08-08T07:41:24.4230000-06:00,in
37,USC00051772,Snow,1985-07-23T00:00:00.0000000-06:00,0.000000,P,,0,,NOAA,2013-08-08T07:41:24.4230000-06:00,in
37,USC00051772,Snow,1985-07-24T00:00:00.0000000-06:00,0.000000,P,,0,,NOAA,2013-08-08T07:41:24.4230000-06:00,in
37,USC00051772,Snow,1985-07-25T00:00:00.0000000-06:00,0.000000,P,,0,,NOAA,2013-08-08T07:41:24.4230000-06:00,in
37,USC00051772,Snow,1985-07-26T00:00:00.0000000-06:00,0.000000,P,,0,,NOAA,2013-08-08T07:41:24.4230000-06:00,in
37,USC00051772,Snow,1985-07-27T00:00:00.0000000-06:00,0.000000,P,,0,,NOAA,2013-08-08T07:41:24.4230000-06:00,in
37,USC00051772,Snow,1985-07-28T00:00:00.0000000-06:00,0.000000,P,,0,,NOAA,2013-08-08T07:41:24.4230000-06:00,in
37,USC00051772,Snow,1985-07-29T00:00:00.0000000-06:00,0.000000,P,,0,,NOAA,2013-08-08T07:41:24.4230000-06:00,in
37,USC00051772,Snow,1985-07-30T00:00:00.0000000-06:00,0.000000,P,,0,,NOAA,2013-08-08T07:41:24.4230000-06:00,in
37,USC00051772,Snow,1985-07-31T00:00:00.0000000-06:00,0.000000,P,,0,,NOAA,2013-08-08T07:41:24.4230000-06:00,in
37,USC00051772,Snow,1985-08-01T00:00:00.0000000-06:00,0.000000,P,,0,,NOAA,2013-08-08T07:41:24.4230000-06:00,in
37,USC00051772,Snow,1985-08-02T00:00:00.0000000-06:00,0.000000,P,,0,,NOAA,2013-08-08T07:41:24.4230000-06:00,in
37,USC00051772,Snow,1985-08-03T00:00:00.0000000-06:00,0.000000,P,,0,,NOAA,2013-08-08T07:41:24.4230000-06:00,in
37,USC00051772,Snow,1985-08-04T00:00:00.0000000-06:00,0.000000,P,,0,,NOAA,2013-08-08T07:41:24.4230000-06:00,in
37,USC00051772,Snow,1985-08-05T00:00:00.0000000-06:00,0.000000,P,,0,,NOAA,2013-08-08T07:41:24.4230000-06:00,in
37,USC00051772,Snow,1985-08-06T00:00:00.0000000-06:00,0.000000,P,,0,,NOAA,2013-08-08T07:41:24.4230000-06:00,in
37,USC00051772,Snow,1985-08-07T00:00:00.0000000-06:00,0.000000,P,,0,,NOAA,2013-08-08T07:41:24.4230000-06:00,in
37,USC00051772,Snow,1985-08-08T00:00:00.0000000-06:00,0.000000,P,,0,,NOAA,2013-08-08T07:41:24.4230000-06:00,in
37,USC00051772,Snow,1985-08-09T00:00:00.0000000-06:00,0.000000,P,,0,,NOAA,2013-08-08T07:41:24.4230000-06:00,in
37,USC00051772,Snow,1985-08-10T00:00:00.0000000-06:00,0.000000,P,,0,,NOAA,2013-08-08T07:41:24.4230000-06:00,in
37,USC00051772,Snow,1985-08-11T00:00:00.0000000-06:00,0.000000,P,,0,,NOAA,2013-08-08T07:41:24.4230000-06:00,in
37,USC00051772,Snow,1985-08-12T00:00:00.0000000-06:00,0.000000,P,,0,,NOAA,2013-08-08T07:41:24.4230000-06:00,in
37,USC00051772,Snow,1985-08-13T00:00:00.0000000-06:00,0.000000,P,,0,,NOAA,2013-08-08T07:41:24.4230000-06:00,in
37,USC00051772,Snow,1985-08-14T00:00:00.0000000-06:00,0.000000,P,,0,,NOAA,2013-08-08T07:41:24.4230000-06:00,in
37,USC00051772,Snow,1985-08-15T00:00:00.0000000-06:00,0.000000,P,,0,,NOAA,2013-08-08T07:41:24.4230000-06:00,in
37,USC00051772,Snow,1985-08-16T00:00:00.0000000-06:00,0.000000,P,,0,,NOAA,2013-08-08T07:41:24.4230000-06:00,in
37,USC00051772,Snow,1985-08-17T00:00:00.0000000-06:00,0.000000,P,,0,,NOAA,2013-08-08T07:41:24.4230000-06:00,in
37,USC00051772,Snow,1985-08-18T00:00:00.0000000-06:00,0.000000,P,,0,,NOAA,2013-08-08T07:41:24.4230000-06:00,in
37,USC00051772,Snow,1985-08-19T00:00:00.0000000-06:00,0.000000,P,,0,,NOAA,2013-08-08T07:41:24.4230000-06:00,in
37,USC00051772,Snow,1985-08-20T00:00:00.0000000-06:00,0.000000,P,,0,,NOAA,2013-08-08T07:41:24.4230000-06:00,in
37,USC00051772,Snow,1985-08-21T00:00:00.0000000-06:00,0.000000,P,,0,,NOAA,2013-08-08T07:41:24.4230000-06:00,in
37,USC00051772,Snow,1985-08-22T00:00:00.0000000-06:00,0.000000,P,,0,,NOAA,2013-08-08T07:41:24.4230000-06:00,in
37,USC00051772,Snow,1985-08-23T00:00:00.0000000-06:00,0.000000,P,,0,,NOAA,2013-08-08T07:41:24.4230000-06:00,in
37,USC00051772,Snow,1985-08-24T00:00:00.0000000-06:00,0.000000,P,,0,,NOAA,2013-08-08T07:41:24.4230000-06:00,in
37,USC00051772,Snow,1985-08-25T00:00:00.0000000-06:00,0.000000,P,,0,,NOAA,2013-08-08T07:41:24.4230000-06:00,in
37,USC00051772,Snow,1985-08-26T00:00:00.0000000-06:00,0.000000,P,,0,,NOAA,2013-08-08T07:41:24.4230000-06:00,in
37,USC00051772,Snow,1985-08-27T00:00:00.0000000-06:00,0.000000,P,,0,,NOAA,2013-08-08T07:41:24.4230000-06:00,in
37,USC00051772,Snow,1985-08-28T00:00:00.0000000-06:00,0.000000,P,,0,,NOAA,2013-08-08T07:41:24.4230000-06:00,in
37,USC00051772,Snow,1985-08-29T00:00:00.0000000-06:00,0.000000,P,,0,,NOAA,2013-08-08T07:41:24.4230000-06:00,in
37,USC00051772,Snow,1985-08-30T00:00:00.0000000-06:00,0.000000,P,,0,,NOAA,2013-08-08T07:41:24.4230000-06:00,in
37,USC00051772,Snow,1985-08-31T00:00:00.0000000-06:00,0.000000,P,,0,,NOAA,2013-08-08T07:41:24.4230000-06:00,in
37,USC00051772,Snow,1985-09-01T00:00:00.0000000-06:00,0.000000,P,,0,,NOAA,2013-08-08T07:41:24.4230000-06:00,in
37,USC00051772,Snow,1985-09-02T00:00:00.0000000-06:00,0.000000,P,,0,,NOAA,2013-08-08T07:41:24.4230000-06:00,in
37,USC00051772,Snow,1985-09-03T00:00:00.0000000-06:00,0.000000,P,,0,,NOAA,2013-08-08T07:41:24.4230000-06:00,in
37,USC00051772,Snow,1985-09-04T00:00:00.0000000-06:00,0.000000,P,,0,,NOAA,2013-08-08T07:41:24.4230000-06:00,in
37,USC00051772,Snow,1985-09-05T00:00:00.0000000-06:00,0.000000,P,,0,,NOAA,2013-08-08T07:41:24.4230000-06:00,in
37,USC00051772,Snow,1985-09-06T00:00:00.0000000-06:00,0.000000,P,,0,,NOAA,2013-08-08T07:41:24.4230000-06:00,in
37,USC00051772,Snow,1985-09-07T00:00:00.0000000-06:00,0.000000,P,,0,,NOAA,2013-08-08T07:41:24.4230000-06:00,in
37,USC00051772,Snow,1985-09-08T00:00:00.0000000-06:00,0.000000,P,,0,,NOAA,2013-08-08T07:41:24.4230000-06:00,in
37,USC00051772,Snow,1985-09-09T00:00:00.0000000-06:00,0.000000,P,,0,,NOAA,2013-08-08T07:41:24.4230000-06:00,in
37,USC00051772,Snow,1985-09-10T00:00:00.0000000-06:00,0.000000,P,,0,,NOAA,2013-08-08T07:41:24.4230000-06:00,in
37,USC00051772,Snow,1985-09-11T00:00:00.0000000-06:00,0.000000,P,,0,,NOAA,2013-08-08T07:41:24.4230000-06:00,in
37,USC00051772,Snow,1985-09-12T00:00:00.0000000-06:00,0.000000,P,,0,,NOAA,2013-08-08T07:41:24.4230000-06:00,in
37,USC00051772,Snow,1985-09-13T00:00:00.0000000-06:00,0.000000,P,,0,,NOAA,2013-08-08T07:41:24.4230000-06:00,in
37,USC00051772,Snow,1985-09-14T00:00:00.0000000-06:00,0.000000,P,,0,,NOAA,2013-08-08T07:41:24.4230000-06:00,in
37,USC00051772,Snow,1985-09-15T00:00:00.0000000-06:00,0.000000,P,,0,,NOAA,2013-08-08T07:41:24.4230000-06:00,in
37,USC00051772,Snow,1985-09-16T00:00:00.0000000-06:00,0.000000,P,,0,,NOAA,2013-08-08T07:41:24.4230000-06:00,in
37,USC00051772,Snow,1985-09-17T00:00:00.0000000-06:00,0.000000,P,,0,,NOAA,2013-08-08T07:41:24.4230000-06:00,in
37,USC00051772,Snow,1985-09-18T00:00:00.0000000-06:00,0.000000,P,,0,,NOAA,2013-08-08T07:41:24.4230000-06:00,in
37,USC00051772,Snow,1985-09-19T00:00:00.0000000-06:00,0.000000,P,,0,,NOAA,2013-08-08T07:41:24.4230000-06:00,in
37,USC00051772,Snow,1985-09-20T00:00:00.0000000-06:00,0.000000,P,,0,,NOAA,2013-08-08T07:41:24.4230000-06:00,in
37,USC00051772,Snow,1985-09-21T00:00:00.0000000-06:00,0.000000,P,,0,,NOAA,2013-08-08T07:41:24.4230000-06:00,in
37,USC00051772,Snow,1985-09-22T00:00:00.0000000-06:00,0.000000,P,,0,,NOAA,2013-08-08T07:41:24.4230000-06:00,in
37,USC00051772,Snow,1985-09-23T00:00:00.0000000-06:00,0.000000,P,,0,,NOAA,2013-08-08T07:41:24.4230000-06:00,in
37,USC00051772,Snow,1985-09-24T00:00:00.0000000-06:00,0.000000,P,,0,,NOAA,2013-08-08T07:41:24.4230000-06:00,in
37,USC00051772,Snow,1985-09-25T00:00:00.0000000-06:00,0.000000,P,,0,,NOAA,2013-08-08T07:41:24.4230000-06:00,in
37,USC00051772,Snow,1985-09-26T00:00:00.0000000-06:00,0.000000,P,,0,,NOAA,2013-08-08T07:41:24.4230000-06:00,in
37,USC00051772,Snow,1985-09-27T00:00:00.0000000-06:00,0.000000,P,,0,,NOAA,2013-08-08T07:41:24.4230000-06:00,in
37,USC00051772,Snow,1985-09-28T00:00:00.0000000-06:00,0.000000,P,,0,,NOAA,2013-08-08T07:41:24.4230000-06:00,in
37,USC00051772,Snow,1985-09-29T00:00:00.0000000-06:00,0.000000,P,,0,,NOAA,2013-08-08T07:41:24.4230000-06:00,in
37,USC00051772,Snow,1985-09-30T00:00:00.0000000-06:00,0.000000,P,,0,,NOAA,2013-08-08T07:41:24.4230000-06:00,in
37,USC00051772,Snow,1985-10-01T00:00:00.0000000-06:00,0.000000,P,,0,,NOAA,2013-08-08T07:41:24.4230000-06:00,in
37,USC00051772,Snow,1985-10-02T00:00:00.0000000-06:00,0.000000,P,,0,,NOAA,2013-08-08T07:41:24.4230000-06:00,in
37,USC00051772,Snow,1985-10-03T00:00:00.0000000-06:00,0.000000,P,,0,,NOAA,2013-08-08T07:41:24.4230000-06:00,in
37,USC00051772,Snow,1985-10-04T00:00:00.0000000-06:00,0.000000,P,,0,,NOAA,2013-08-08T07:41:24.4230000-06:00,in
37,USC00051772,Snow,1985-10-05T00:00:00.0000000-06:00,0.000000,P,,0,,NOAA,2013-08-08T07:41:24.4230000-06:00,in
37,USC00051772,Snow,1985-10-06T00:00:00.0000000-06:00,0.000000,P,,0,,NOAA,2013-08-08T07:41:24.4230000-06:00,in
37,USC00051772,Snow,1985-10-07T00:00:00.0000000-06:00,0.000000,P,,0,,NOAA,2013-08-08T07:41:24.4230000-06:00,in
37,USC00051772,Snow,1985-10-08T00:00:00.0000000-06:00,0.000000,T,,0,,NOAA,2013-08-08T07:41:24.4230000-06:00,in
37,USC00051772,Snow,1985-10-09T00:00:00.0000000-06:00,0.000000,T,,0,,NOAA,2013-08-08T07:41:24.4230000-06:00,in
37,USC00051772,Snow,1985-10-10T00:00:00.0000000-06:00,0.000000,P,,0,,NOAA,2013-08-08T07:41:24.4230000-06:00,in
37,USC00051772,Snow,1985-10-11T00:00:00.0000000-06:00,0.000000,P,,0,,NOAA,2013-08-08T07:41:24.4230000-06:00,in
37,USC00051772,Snow,1985-10-12T00:00:00.0000000-06:00,0.000000,P,,0,,NOAA,2013-08-08T07:41:24.4230000-06:00,in
37,USC00051772,Snow,1985-10-13T00:00:00.0000000-06:00,0.000000,P,,0,,NOAA,2013-08-08T07:41:24.4230000-06:00,in
37,USC00051772,Snow,1985-10-14T00:00:00.0000000-06:00,0.000000,P,,0,,NOAA,2013-08-08T07:41:24.4230000-06:00,in
37,USC00051772,Snow,1985-10-15T00:00:00.0000000-06:00,0.000000,P,,0,,NOAA,2013-08-08T07:41:24.4230000-06:00,in
37,USC00051772,Snow,1985-10-16T00:00:00.0000000-06:00,0.000000,P,,0,,NOAA,2013-08-08T07:41:24.4230000-06:00,in
37,USC00051772,Snow,1985-10-17T00:00:00.0000000-06:00,0.000000,P,,0,,NOAA,2013-08-08T07:41:24.4230000-06:00,in
37,USC00051772,Snow,1985-10-18T00:00:00.0000000-06:00,0.000000,P,,0,,NOAA,2013-08-08T07:41:24.4230000-06:00,in
37,USC00051772,Snow,1985-10-19T00:00:00.0000000-06:00,0.000000,P,,0,,NOAA,2013-08-08T07:41:24.4230000-06:00,in
37,USC00051772,Snow,1985-10-20T00:00:00.0000000-06:00,0.000000,P,,0,,NOAA,2013-08-08T07:41:24.4230000-06:00,in
37,USC00051772,Snow,1985-10-21T00:00:00.0000000-06:00,0.000000,P,,0,,NOAA,2013-08-08T07:41:24.4230000-06:00,in
37,USC00051772,Snow,1985-10-22T00:00:00.0000000-06:00,0.000000,P,,0,,NOAA,2013-08-08T07:41:24.4230000-06:00,in
37,USC00051772,Snow,1985-10-23T00:00:00.0000000-06:00,0.000000,P,,0,,NOAA,2013-08-08T07:41:24.4230000-06:00,in
37,USC00051772,Snow,1985-10-24T00:00:00.0000000-06:00,0.000000,P,,0,,NOAA,2013-08-08T07:41:24.4230000-06:00,in
37,USC00051772,Snow,1985-10-25T00:00:00.0000000-06:00,0.000000,P,,0,,NOAA,2013-08-08T07:41:24.4230000-06:00,in
37,USC00051772,Snow,1985-10-26T00:00:00.0000000-06:00,0.000000,P,,0,,NOAA,2013-08-08T07:41:24.4230000-06:00,in
37,USC00051772,Snow,1985-10-27T00:00:00.0000000-06:00,0.000000,P,,0,,NOAA,2013-08-08T07:41:24.4230000-06:00,in
37,USC00051772,Snow,1985-10-28T00:00:00.0000000-07:00,0.000000,P,,0,,NOAA,2013-08-08T07:41:24.4230000-06:00,in
37,USC00051772,Snow,1985-10-29T00:00:00.0000000-07:00,0.000000,P,,0,,NOAA,2013-08-08T07:41:24.4230000-06:00,in
37,USC00051772,Snow,1985-10-30T00:00:00.0000000-07:00,0.000000,P,,0,,NOAA,2013-08-08T07:41:24.4230000-06:00,in
37,USC00051772,Snow,1985-10-31T00:00:00.0000000-07:00,0.000000,P,,0,,NOAA,2013-08-08T07:41:24.4230000-06:00,in
37,USC00051772,Snow,1985-11-01T00:00:00.0000000-07:00,0.000000,P,,0,,NOAA,2013-08-08T07:41:24.4230000-06:00,in
37,USC00051772,Snow,1985-11-02T00:00:00.0000000-07:00,0.000000,P,,0,,NOAA,2013-08-08T07:41:24.4230000-06:00,in
37,USC00051772,Snow,1985-11-03T00:00:00.0000000-07:00,0.000000,P,,0,,NOAA,2013-08-08T07:41:24.4230000-06:00,in
37,USC00051772,Snow,1985-11-04T00:00:00.0000000-07:00,0.000000,P,,0,,NOAA,2013-08-08T07:41:24.4230000-06:00,in
37,USC00051772,Snow,1985-11-05T00:00:00.0000000-07:00,0.000000,P,,0,,NOAA,2013-08-08T07:41:24.4230000-06:00,in
37,USC00051772,Snow,1985-11-06T00:00:00.0000000-07:00,0.000000,P,,0,,NOAA,2013-08-08T07:41:24.4230000-06:00,in
37,USC00051772,Snow,1985-11-07T00:00:00.0000000-07:00,0.000000,P,,0,,NOAA,2013-08-08T07:41:24.4230000-06:00,in
37,USC00051772,Snow,1985-11-08T00:00:00.0000000-07:00,0.000000,P,,0,,NOAA,2013-08-08T07:41:24.4230000-06:00,in
37,USC00051772,Snow,1985-11-09T00:00:00.0000000-07:00,0.511811,,,0,,NOAA,2013-08-08T07:41:24.4230000-06:00,in
37,USC00051772,Snow,1985-11-10T00:00:00.0000000-07:00,0.000000,T,,0,,NOAA,2013-08-08T07:41:24.4230000-06:00,in
37,USC00051772,Snow,1985-11-11T00:00:00.0000000-07:00,0.000000,P,,0,,NOAA,2013-08-08T07:41:24.4230000-06:00,in
37,USC00051772,Snow,1985-11-12T00:00:00.0000000-07:00,0.000000,P,,0,,NOAA,2013-08-08T07:41:24.4230000-06:00,in
37,USC00051772,Snow,1985-11-13T00:00:00.0000000-07:00,0.000000,,,0,,NOAA,2013-08-08T07:41:24.4230000-06:00,in
37,USC00051772,Snow,1985-11-14T00:00:00.0000000-07:00,0.000000,P,,0,,NOAA,2013-08-08T07:41:24.4230000-06:00,in
37,USC00051772,Snow,1985-11-15T00:00:00.0000000-07:00,0.000000,T,,0,,NOAA,2013-08-08T07:41:24.4230000-06:00,in
37,USC00051772,Snow,1985-11-16T00:00:00.0000000-07:00,0.000000,,,0,,NOAA,2013-08-08T07:41:24.4230000-06:00,in
37,USC00051772,Snow,1985-11-17T00:00:00.0000000-07:00,0.000000,P,,0,,NOAA,2013-08-08T07:41:24.4230000-06:00,in
37,USC00051772,Snow,1985-11-18T00:00:00.0000000-07:00,0.000000,P,,0,,NOAA,2013-08-08T07:41:24.4230000-06:00,in
37,USC00051772,Snow,1985-11-19T00:00:00.0000000-07:00,2.519685,,,0,,NOAA,2013-08-08T07:41:24.4230000-06:00,in
37,USC00051772,Snow,1985-11-20T00:00:00.0000000-07:00,0.000000,P,,0,,NOAA,2013-08-08T07:41:24.4230000-06:00,in
37,USC00051772,Snow,1985-11-21T00:00:00.0000000-07:00,0.000000,T,,0,,NOAA,2013-08-08T07:41:24.4230000-06:00,in
37,USC00051772,Snow,1985-11-22T00:00:00.0000000-07:00,0.000000,,,0,,NOAA,2013-08-08T07:41:24.4230000-06:00,in
37,USC00051772,Snow,1985-11-23T00:00:00.0000000-07:00,0.000000,P,,0,,NOAA,2013-08-08T07:41:24.4230000-06:00,in
37,USC00051772,Snow,1985-11-24T00:00:00.0000000-07:00,0.000000,P,,0,,NOAA,2013-08-08T07:41:24.4230000-06:00,in
37,USC00051772,Snow,1985-11-25T00:00:00.0000000-07:00,0.000000,P,,0,,NOAA,2013-08-08T07:41:24.4230000-06:00,in
37,USC00051772,Snow,1985-11-26T00:00:00.0000000-07:00,0.000000,P,,0,,NOAA,2013-08-08T07:41:24.4230000-06:00,in
37,USC00051772,Snow,1985-11-27T00:00:00.0000000-07:00,0.000000,P,,0,,NOAA,2013-08-08T07:41:24.4230000-06:00,in
37,USC00051772,Snow,1985-11-28T00:00:00.0000000-07:00,0.000000,P,,0,,NOAA,2013-08-08T07:41:24.4230000-06:00,in
37,USC00051772,Snow,1985-11-29T00:00:00.0000000-07:00,0.000000,P,,0,,NOAA,2013-08-08T07:41:24.4230000-06:00,in
37,USC00051772,Snow,1985-11-30T00:00:00.0000000-07:00,0.000000,T,,0,,NOAA,2013-08-08T07:41:24.4230000-06:00,in
37,USC00051772,Snow,1985-12-01T00:00:00.0000000-07:00,0.000000,T,,0,,NOAA,2013-08-08T07:41:24.4230000-06:00,in
37,USC00051772,Snow,1985-12-02T00:00:00.0000000-07:00,0.000000,P,,0,,NOAA,2013-08-08T07:41:24.4230000-06:00,in
37,USC00051772,Snow,1985-12-03T00:00:00.0000000-07:00,1.496063,,,0,,NOAA,2013-08-08T07:41:24.4230000-06:00,in
37,USC00051772,Snow,1985-12-04T00:00:00.0000000-07:00,0.000000,P,,0,,NOAA,2013-08-08T07:41:24.4230000-06:00,in
37,USC00051772,Snow,1985-12-05T00:00:00.0000000-07:00,0.000000,P,,0,,NOAA,2013-08-08T07:41:24.4230000-06:00,in
37,USC00051772,Snow,1985-12-06T00:00:00.0000000-07:00,0.000000,P,,0,,NOAA,2013-08-08T07:41:24.4230000-06:00,in
37,USC00051772,Snow,1985-12-07T00:00:00.0000000-07:00,0.000000,P,,0,,NOAA,2013-08-08T07:41:24.4230000-06:00,in
37,USC00051772,Snow,1985-12-08T00:00:00.0000000-07:00,2.992126,,,0,,NOAA,2013-08-08T07:41:24.4230000-06:00,in
37,USC00051772,Snow,1985-12-09T00:00:00.0000000-07:00,1.496063,,,0,,NOAA,2013-08-08T07:41:24.4230000-06:00,in
37,USC00051772,Snow,1985-12-10T00:00:00.0000000-07:00,0.511811,,,0,,NOAA,2013-08-08T07:41:24.4230000-06:00,in
37,USC00051772,Snow,1985-12-11T00:00:00.0000000-07:00,0.000000,P,,0,,NOAA,2013-08-08T07:41:24.4230000-06:00,in
37,USC00051772,Snow,1985-12-12T00:00:00.0000000-07:00,0.000000,P,,0,,NOAA,2013-08-08T07:41:24.4230000-06:00,in
37,USC00051772,Snow,1985-12-13T00:00:00.0000000-07:00,0.000000,P,,0,,NOAA,2013-08-08T07:41:24.4230000-06:00,in
37,USC00051772,Snow,1985-12-14T00:00:00.0000000-07:00,0.000000,P,,0,,NOAA,2013-08-08T07:41:24.4230000-06:00,in
37,USC00051772,Snow,1985-12-15T00:00:00.0000000-07:00,0.000000,P,,0,,NOAA,2013-08-08T07:41:24.4230000-06:00,in
37,USC00051772,Snow,1985-12-16T00:00:00.0000000-07:00,0.000000,P,,0,,NOAA,2013-08-08T07:41:24.4230000-06:00,in
37,USC00051772,Snow,1985-12-17T00:00:00.0000000-07:00,0.000000,P,,0,,NOAA,2013-08-08T07:41:24.4230000-06:00,in
37,USC00051772,Snow,1985-12-18T00:00:00.0000000-07:00,0.000000,P,,0,,NOAA,2013-08-08T07:41:24.4230000-06:00,in
37,USC00051772,Snow,1985-12-19T00:00:00.0000000-07:00,0.000000,P,,0,,NOAA,2013-08-08T07:41:24.4230000-06:00,in
37,USC00051772,Snow,1985-12-20T00:00:00.0000000-07:00,0.000000,P,,0,,NOAA,2013-08-08T07:41:24.4230000-06:00,in
37,USC00051772,Snow,1985-12-21T00:00:00.0000000-07:00,0.000000,P,,0,,NOAA,2013-08-08T07:41:24.4230000-06:00,in
37,USC00051772,Snow,1985-12-22T00:00:00.0000000-07:00,0.000000,P,,0,,NOAA,2013-08-08T07:41:24.4230000-06:00,in
37,USC00051772,Snow,1985-12-23T00:00:00.0000000-07:00,0.000000,P,,0,,NOAA,2013-08-08T07:41:24.4230000-06:00,in
37,USC00051772,Snow,1985-12-24T00:00:00.0000000-07:00,0.000000,P,,0,,NOAA,2013-08-08T07:41:24.4230000-06:00,in
37,USC00051772,Snow,1985-12-25T00:00:00.0000000-07:00,0.000000,P,,0,,NOAA,2013-08-08T07:41:24.4230000-06:00,in
37,USC00051772,Snow,1985-12-26T00:00:00.0000000-07:00,0.000000,P,,0,,NOAA,2013-08-08T07:41:24.4230000-06:00,in
37,USC00051772,Snow,1985-12-27T00:00:00.0000000-07:00,0.000000,P,,0,,NOAA,2013-08-08T07:41:24.4230000-06:00,in
37,USC00051772,Snow,1985-12-28T00:00:00.0000000-07:00,0.000000,P,,0,,NOAA,2013-08-08T07:41:24.4230000-06:00,in
37,USC00051772,Snow,1985-12-29T00:00:00.0000000-07:00,0.000000,P,,0,,NOAA,2013-08-08T07:41:24.4230000-06:00,in
37,USC00051772,Snow,1985-12-30T00:00:00.0000000-07:00,0.000000,P,,0,,NOAA,2013-08-08T07:41:24.4230000-06:00,in
37,USC00051772,Snow,1985-12-31T00:00:00.0000000-07:00,2.992126,,,0,,NOAA,2013-08-08T07:41:24.4230000-06:00,in
37,USC00051772,Snow,1986-01-01T00:00:00.0000000-07:00,0.000000,P,,0,,NOAA,2013-08-08T07:41:24.4230000-06:00,in
37,USC00051772,Snow,1986-01-02T00:00:00.0000000-07:00,0.000000,P,,0,,NOAA,2013-08-08T07:41:24.4230000-06:00,in
37,USC00051772,Snow,1986-01-03T00:00:00.0000000-07:00,0.000000,P,,0,,NOAA,2013-08-08T07:41:24.4230000-06:00,in
37,USC00051772,Snow,1986-01-04T00:00:00.0000000-07:00,0.000000,P,,0,,NOAA,2013-08-08T07:41:24.4230000-06:00,in
37,USC00051772,Snow,1986-01-05T00:00:00.0000000-07:00,0.000000,P,,0,,NOAA,2013-08-08T07:41:24.4230000-06:00,in
37,USC00051772,Snow,1986-01-06T00:00:00.0000000-07:00,0.000000,P,,0,,NOAA,2013-08-08T07:41:24.4230000-06:00,in
37,USC00051772,Snow,1986-01-07T00:00:00.0000000-07:00,0.984252,,,0,,NOAA,2013-08-08T07:41:24.4230000-06:00,in
37,USC00051772,Snow,1986-01-08T00:00:00.0000000-07:00,0.000000,P,,0,,NOAA,2013-08-08T07:41:24.4230000-06:00,in
37,USC00051772,Snow,1986-01-09T00:00:00.0000000-07:00,0.000000,P,,0,,NOAA,2013-08-08T07:41:24.4230000-06:00,in
37,USC00051772,Snow,1986-01-10T00:00:00.0000000-07:00,0.000000,P,,0,,NOAA,2013-08-08T07:41:24.4230000-06:00,in
37,USC00051772,Snow,1986-01-11T00:00:00.0000000-07:00,0.000000,P,,0,,NOAA,2013-08-08T07:41:24.4230000-06:00,in
37,USC00051772,Snow,1986-01-12T00:00:00.0000000-07:00,0.000000,P,,0,,NOAA,2013-08-08T07:41:24.4230000-06:00,in
37,USC00051772,Snow,1986-01-13T00:00:00.0000000-07:00,0.000000,P,,0,,NOAA,2013-08-08T07:41:24.4230000-06:00,in
37,USC00051772,Snow,1986-01-14T00:00:00.0000000-07:00,0.000000,P,,0,,NOAA,2013-08-08T07:41:24.4230000-06:00,in
37,USC00051772,Snow,1986-01-15T00:00:00.0000000-07:00,0.000000,P,,0,,NOAA,2013-08-08T07:41:24.4230000-06:00,in
37,USC00051772,Snow,1986-01-16T00:00:00.0000000-07:00,0.000000,T,,0,,NOAA,2013-08-08T07:41:24.4230000-06:00,in
37,USC00051772,Snow,1986-01-17T00:00:00.0000000-07:00,0.000000,P,,0,,NOAA,2013-08-08T07:41:24.4230000-06:00,in
37,USC00051772,Snow,1986-01-18T00:00:00.0000000-07:00,0.000000,P,,0,,NOAA,2013-08-08T07:41:24.4230000-06:00,in
37,USC00051772,Snow,1986-01-19T00:00:00.0000000-07:00,0.000000,P,,0,,NOAA,2013-08-08T07:41:24.4230000-06:00,in
37,USC00051772,Snow,1986-01-20T00:00:00.0000000-07:00,0.000000,T,,0,,NOAA,2013-08-08T07:41:24.4230000-06:00,in
37,USC00051772,Snow,1986-01-21T00:00:00.0000000-07:00,0.000000,P,,0,,NOAA,2013-08-08T07:41:24.4230000-06:00,in
37,USC00051772,Snow,1986-01-22T00:00:00.0000000-07:00,0.000000,P,,0,,NOAA,2013-08-08T07:41:24.4230000-06:00,in
37,USC00051772,Snow,1986-01-23T00:00:00.0000000-07:00,0.000000,P,,0,,NOAA,2013-08-08T07:41:24.4230000-06:00,in
37,USC00051772,Snow,1986-01-24T00:00:00.0000000-07:00,0.000000,P,,0,,NOAA,2013-08-08T07:41:24.4230000-06:00,in
37,USC00051772,Snow,1986-01-25T00:00:00.0000000-07:00,0.000000,P,,0,,NOAA,2013-08-08T07:41:24.4230000-06:00,in
37,USC00051772,Snow,1986-01-26T00:00:00.0000000-07:00,0.000000,P,,0,,NOAA,2013-08-08T07:41:24.4230000-06:00,in
37,USC00051772,Snow,1986-01-27T00:00:00.0000000-07:00,0.000000,P,,0,,NOAA,2013-08-08T07:41:24.4230000-06:00,in
37,USC00051772,Snow,1986-01-28T00:00:00.0000000-07:00,0.000000,P,,0,,NOAA,2013-08-08T07:41:24.4230000-06:00,in
37,USC00051772,Snow,1986-01-29T00:00:00.0000000-07:00,0.000000,P,,0,,NOAA,2013-08-08T07:41:24.4230000-06:00,in
37,USC00051772,Snow,1986-01-30T00:00:00.0000000-07:00,0.000000,P,,0,,NOAA,2013-08-08T07:41:24.4230000-06:00,in
37,USC00051772,Snow,1986-01-31T00:00:00.0000000-07:00,0.000000,P,,0,,NOAA,2013-08-08T07:41:24.4230000-06:00,in
37,USC00051772,Snow,1986-02-01T00:00:00.0000000-07:00,0.000000,P,,0,,NOAA,2013-08-08T07:41:24.4230000-06:00,in
37,USC00051772,Snow,1986-02-02T00:00:00.0000000-07:00,0.000000,P,,0,,NOAA,2013-08-08T07:41:24.4230000-06:00,in
37,USC00051772,Snow,1986-02-03T00:00:00.0000000-07:00,0.000000,T,,0,,NOAA,2013-08-08T07:41:24.4230000-06:00,in
37,USC00051772,Snow,1986-02-04T00:00:00.0000000-07:00,0.000000,P,,0,,NOAA,2013-08-08T07:41:24.4230000-06:00,in
37,USC00051772,Snow,1986-02-05T00:00:00.0000000-07:00,0.000000,P,,0,,NOAA,2013-08-08T07:41:24.4230000-06:00,in
37,USC00051772,Snow,1986-02-06T00:00:00.0000000-07:00,0.000000,P,,0,,NOAA,2013-08-08T07:41:24.4230000-06:00,in
37,USC00051772,Snow,1986-02-07T00:00:00.0000000-07:00,0.000000,P,,0,,NOAA,2013-08-08T07:41:24.4230000-06:00,in
37,USC00051772,Snow,1986-02-08T00:00:00.0000000-07:00,0.000000,P,,0,,NOAA,2013-08-08T07:41:24.4230000-06:00,in
37,USC00051772,Snow,1986-02-09T00:00:00.0000000-07:00,0.000000,P,,0,,NOAA,2013-08-08T07:41:24.4230000-06:00,in
37,USC00051772,Snow,1986-02-10T00:00:00.0000000-07:00,0.000000,P,,0,,NOAA,2013-08-08T07:41:24.4230000-06:00,in
37,USC00051772,Snow,1986-02-11T00:00:00.0000000-07:00,0.984252,,,0,,NOAA,2013-08-08T07:41:24.4230000-06:00,in
37,USC00051772,Snow,1986-02-12T00:00:00.0000000-07:00,0.196850,,,0,,NOAA,2013-08-08T07:41:24.4230000-06:00,in
37,USC00051772,Snow,1986-02-13T00:00:00.0000000-07:00,0.511811,,,0,,NOAA,2013-08-08T07:41:24.4230000-06:00,in
37,USC00051772,Snow,1986-02-14T00:00:00.0000000-07:00,0.984252,,,0,,NOAA,2013-08-08T07:41:24.4230000-06:00,in
37,USC00051772,Snow,1986-02-15T00:00:00.0000000-07:00,0.000000,P,,0,,NOAA,2013-08-08T07:41:24.4230000-06:00,in
37,USC00051772,Snow,1986-02-16T00:00:00.0000000-07:00,0.000000,P,,0,,NOAA,2013-08-08T07:41:24.4230000-06:00,in
37,USC00051772,Snow,1986-02-17T00:00:00.0000000-07:00,0.000000,P,,0,,NOAA,2013-08-08T07:41:24.4230000-06:00,in
37,USC00051772,Snow,1986-02-18T00:00:00.0000000-07:00,0.000000,P,,0,,NOAA,2013-08-08T07:41:24.4230000-06:00,in
37,USC00051772,Snow,1986-02-19T00:00:00.0000000-07:00,0.000000,P,,0,,NOAA,2013-08-08T07:41:24.4230000-06:00,in
37,USC00051772,Snow,1986-02-20T00:00:00.0000000-07:00,0.000000,P,,0,,NOAA,2013-08-08T07:41:24.4230000-06:00,in
37,USC00051772,Snow,1986-02-21T00:00:00.0000000-07:00,0.000000,P,,0,,NOAA,2013-08-08T07:41:24.4230000-06:00,in
37,USC00051772,Snow,1986-02-22T00:00:00.0000000-07:00,0.000000,P,,0,,NOAA,2013-08-08T07:41:24.4230000-06:00,in
37,USC00051772,Snow,1986-02-23T00:00:00.0000000-07:00,0.000000,P,,0,,NOAA,2013-08-08T07:41:24.4230000-06:00,in
37,USC00051772,Snow,1986-02-24T00:00:00.0000000-07:00,0.000000,P,,0,,NOAA,2013-08-08T07:41:24.4230000-06:00,in
37,USC00051772,Snow,1986-02-25T00:00:00.0000000-07:00,0.000000,P,,0,,NOAA,2013-08-08T07:41:24.4230000-06:00,in
37,USC00051772,Snow,1986-02-26T00:00:00.0000000-07:00,0.000000,P,,0,,NOAA,2013-08-08T07:41:24.4230000-06:00,in
37,USC00051772,Snow,1986-02-27T00:00:00.0000000-07:00,0.000000,P,,0,,NOAA,2013-08-08T07:41:24.4230000-06:00,in
37,USC00051772,Snow,1986-02-28T00:00:00.0000000-07:00,0.000000,P,,0,,NOAA,2013-08-08T07:41:24.4230000-06:00,in
37,USC00051772,Snow,1986-03-01T00:00:00.0000000-07:00,0.000000,P,,0,,NOAA,2013-08-08T07:41:24.4230000-06:00,in
37,USC00051772,Snow,1986-03-02T00:00:00.0000000-07:00,0.000000,P,,0,,NOAA,2013-08-08T07:41:24.4230000-06:00,in
37,USC00051772,Snow,1986-03-03T00:00:00.0000000-07:00,0.000000,P,,0,,NOAA,2013-08-08T07:41:24.4230000-06:00,in
37,USC00051772,Snow,1986-03-04T00:00:00.0000000-07:00,0.000000,P,,0,,NOAA,2013-08-08T07:41:24.4230000-06:00,in
37,USC00051772,Snow,1986-03-05T00:00:00.0000000-07:00,0.000000,P,,0,,NOAA,2013-08-08T07:41:24.4230000-06:00,in
37,USC00051772,Snow,1986-03-06T00:00:00.0000000-07:00,0.000000,P,,0,,NOAA,2013-08-08T07:41:24.4230000-06:00,in
37,USC00051772,Snow,1986-03-07T00:00:00.0000000-07:00,0.000000,P,,0,,NOAA,2013-08-08T07:41:24.4230000-06:00,in
37,USC00051772,Snow,1986-03-08T00:00:00.0000000-07:00,0.000000,P,,0,,NOAA,2013-08-08T07:41:24.4230000-06:00,in
37,USC00051772,Snow,1986-03-09T00:00:00.0000000-07:00,0.000000,P,,0,,NOAA,2013-08-08T07:41:24.4230000-06:00,in
37,USC00051772,Snow,1986-03-10T00:00:00.0000000-07:00,2.007874,,,0,,NOAA,2013-08-08T07:41:24.4230000-06:00,in
37,USC00051772,Snow,1986-03-11T00:00:00.0000000-07:00,0.000000,P,,0,,NOAA,2013-08-08T07:41:24.4230000-06:00,in
37,USC00051772,Snow,1986-03-12T00:00:00.0000000-07:00,0.000000,T,,0,,NOAA,2013-08-08T07:41:24.4230000-06:00,in
37,USC00051772,Snow,1986-03-13T00:00:00.0000000-07:00,0.000000,P,,0,,NOAA,2013-08-08T07:41:24.4230000-06:00,in
37,USC00051772,Snow,1986-03-14T00:00:00.0000000-07:00,0.511811,,,0,,NOAA,2013-08-08T07:41:24.4230000-06:00,in
37,USC00051772,Snow,1986-03-15T00:00:00.0000000-07:00,0.511811,,,0,,NOAA,2013-08-08T07:41:24.4230000-06:00,in
37,USC00051772,Snow,1986-03-16T00:00:00.0000000-07:00,0.000000,P,,0,,NOAA,2013-08-08T07:41:24.4230000-06:00,in
37,USC00051772,Snow,1986-03-17T00:00:00.0000000-07:00,0.000000,P,,0,,NOAA,2013-08-08T07:41:24.4230000-06:00,in
37,USC00051772,Snow,1986-03-18T00:00:00.0000000-07:00,0.000000,P,,0,,NOAA,2013-08-08T07:41:24.4230000-06:00,in
37,USC00051772,Snow,1986-03-19T00:00:00.0000000-07:00,0.000000,P,,0,,NOAA,2013-08-08T07:41:24.4230000-06:00,in
37,USC00051772,Snow,1986-03-20T00:00:00.0000000-07:00,0.000000,P,,0,,NOAA,2013-08-08T07:41:24.4230000-06:00,in
37,USC00051772,Snow,1986-03-21T00:00:00.0000000-07:00,0.000000,P,,0,,NOAA,2013-08-08T07:41:24.4230000-06:00,in
37,USC00051772,Snow,1986-03-22T00:00:00.0000000-07:00,0.000000,P,,0,,NOAA,2013-08-08T07:41:24.4230000-06:00,in
37,USC00051772,Snow,1986-03-23T00:00:00.0000000-07:00,0.000000,P,,0,,NOAA,2013-08-08T07:41:24.4230000-06:00,in
37,USC00051772,Snow,1986-03-24T00:00:00.0000000-07:00,0.000000,P,,0,,NOAA,2013-08-08T07:41:24.4230000-06:00,in
37,USC00051772,Snow,1986-03-25T00:00:00.0000000-07:00,0.000000,P,,0,,NOAA,2013-08-08T07:41:24.4230000-06:00,in
37,USC00051772,Snow,1986-03-26T00:00:00.0000000-07:00,0.000000,P,,0,,NOAA,2013-08-08T07:41:24.4230000-06:00,in
37,USC00051772,Snow,1986-03-27T00:00:00.0000000-07:00,0.000000,P,,0,,NOAA,2013-08-08T07:41:24.4230000-06:00,in
37,USC00051772,Snow,1986-03-28T00:00:00.0000000-07:00,0.000000,P,,0,,NOAA,2013-08-08T07:41:24.4230000-06:00,in
37,USC00051772,Snow,1986-03-29T00:00:00.0000000-07:00,0.000000,P,,0,,NOAA,2013-08-08T07:41:24.4230000-06:00,in
37,USC00051772,Snow,1986-03-30T00:00:00.0000000-07:00,0.000000,P,,0,,NOAA,2013-08-08T07:41:24.4230000-06:00,in
37,USC00051772,Snow,1986-03-31T00:00:00.0000000-07:00,0.000000,P,,0,,NOAA,2013-08-08T07:41:24.4230000-06:00,in
37,USC00051772,Snow,1986-04-01T00:00:00.0000000-07:00,0.000000,P,,0,,NOAA,2013-08-08T07:41:24.4230000-06:00,in
37,USC00051772,Snow,1986-04-02T00:00:00.0000000-07:00,0.000000,P,,0,,NOAA,2013-08-08T07:41:24.4230000-06:00,in
37,USC00051772,Snow,1986-04-03T00:00:00.0000000-07:00,0.000000,P,,0,,NOAA,2013-08-08T07:41:24.4230000-06:00,in
37,USC00051772,Snow,1986-04-04T00:00:00.0000000-07:00,0.000000,P,,0,,NOAA,2013-08-08T07:41:24.4230000-06:00,in
37,USC00051772,Snow,1986-04-05T00:00:00.0000000-07:00,0.000000,P,,0,,NOAA,2013-08-08T07:41:24.4230000-06:00,in
37,USC00051772,Snow,1986-04-06T00:00:00.0000000-07:00,0.000000,P,,0,,NOAA,2013-08-08T07:41:24.4230000-06:00,in
37,USC00051772,Snow,1986-04-07T00:00:00.0000000-06:00,0.000000,P,,0,,NOAA,2013-08-08T07:41:24.4230000-06:00,in
37,USC00051772,Snow,1986-04-08T00:00:00.0000000-06:00,0.000000,P,,0,,NOAA,2013-08-08T07:41:24.4230000-06:00,in
37,USC00051772,Snow,1986-04-09T00:00:00.0000000-06:00,0.000000,P,,0,,NOAA,2013-08-08T07:41:24.4230000-06:00,in
37,USC00051772,Snow,1986-04-10T00:00:00.0000000-06:00,0.000000,P,,0,,NOAA,2013-08-08T07:41:24.4230000-06:00,in
37,USC00051772,Snow,1986-04-11T00:00:00.0000000-06:00,0.000000,P,,0,,NOAA,2013-08-08T07:41:24.4230000-06:00,in
37,USC00051772,Snow,1986-04-12T00:00:00.0000000-06:00,0.000000,P,,0,,NOAA,2013-08-08T07:41:24.4230000-06:00,in
37,USC00051772,Snow,1986-04-13T00:00:00.0000000-06:00,0.000000,P,,0,,NOAA,2013-08-08T07:41:24.4230000-06:00,in
37,USC00051772,Snow,1986-04-14T00:00:00.0000000-06:00,0.000000,P,,0,,NOAA,2013-08-08T07:41:24.4230000-06:00,in
37,USC00051772,Snow,1986-04-15T00:00:00.0000000-06:00,0.000000,P,,0,,NOAA,2013-08-08T07:41:24.4230000-06:00,in
37,USC00051772,Snow,1986-04-16T00:00:00.0000000-06:00,0.000000,P,,0,,NOAA,2013-08-08T07:41:24.4230000-06:00,in
37,USC00051772,Snow,1986-04-17T00:00:00.0000000-06:00,0.000000,P,,0,,NOAA,2013-08-08T07:41:24.4230000-06:00,in
37,USC00051772,Snow,1986-04-18T00:00:00.0000000-06:00,0.000000,P,,0,,NOAA,2013-08-08T07:41:24.4230000-06:00,in
37,USC00051772,Snow,1986-04-19T00:00:00.0000000-06:00,0.000000,P,,0,,NOAA,2013-08-08T07:41:24.4230000-06:00,in
37,USC00051772,Snow,1986-04-20T00:00:00.0000000-06:00,0.000000,P,,0,,NOAA,2013-08-08T07:41:24.4230000-06:00,in
37,USC00051772,Snow,1986-04-21T00:00:00.0000000-06:00,0.000000,P,,0,,NOAA,2013-08-08T07:41:24.4230000-06:00,in
37,USC00051772,Snow,1986-04-22T00:00:00.0000000-06:00,0.000000,P,,0,,NOAA,2013-08-08T07:41:24.4230000-06:00,in
37,USC00051772,Snow,1986-04-23T00:00:00.0000000-06:00,0.000000,P,,0,,NOAA,2013-08-08T07:41:24.4230000-06:00,in
37,USC00051772,Snow,1986-04-24T00:00:00.0000000-06:00,0.000000,P,,0,,NOAA,2013-08-08T07:41:24.4230000-06:00,in
37,USC00051772,Snow,1986-04-25T00:00:00.0000000-06:00,0.000000,P,,0,,NOAA,2013-08-08T07:41:24.4230000-06:00,in
37,USC00051772,Snow,1986-04-26T00:00:00.0000000-06:00,0.000000,P,,0,,NOAA,2013-08-08T07:41:24.4230000-06:00,in
37,USC00051772,Snow,1986-04-27T00:00:00.0000000-06:00,0.000000,P,,0,,NOAA,2013-08-08T07:41:24.4230000-06:00,in
37,USC00051772,Snow,1986-04-28T00:00:00.0000000-06:00,0.000000,P,,0,,NOAA,2013-08-08T07:41:24.4230000-06:00,in
37,USC00051772,Snow,1986-04-29T00:00:00.0000000-06:00,0.000000,P,,0,,NOAA,2013-08-08T07:41:24.4230000-06:00,in
37,USC00051772,Snow,1986-04-30T00:00:00.0000000-06:00,0.000000,P,,0,,NOAA,2013-08-08T07:41:24.4230000-06:00,in
37,USC00051772,Snow,1986-05-01T00:00:00.0000000-06:00,0.000000,P,,0,,NOAA,2013-08-08T07:41:24.4230000-06:00,in
37,USC00051772,Snow,1986-05-02T00:00:00.0000000-06:00,0.000000,P,,0,,NOAA,2013-08-08T07:41:24.4230000-06:00,in
37,USC00051772,Snow,1986-05-03T00:00:00.0000000-06:00,0.000000,P,,0,,NOAA,2013-08-08T07:41:24.4230000-06:00,in
37,USC00051772,Snow,1986-05-04T00:00:00.0000000-06:00,0.000000,P,,0,,NOAA,2013-08-08T07:41:24.4230000-06:00,in
37,USC00051772,Snow,1986-05-05T00:00:00.0000000-06:00,0.000000,P,,0,,NOAA,2013-08-08T07:41:24.4230000-06:00,in
37,USC00051772,Snow,1986-05-06T00:00:00.0000000-06:00,0.000000,P,,0,,NOAA,2013-08-08T07:41:24.4230000-06:00,in
37,USC00051772,Snow,1986-05-07T00:00:00.0000000-06:00,0.000000,T,,0,,NOAA,2013-08-08T07:41:24.4230000-06:00,in
37,USC00051772,Snow,1986-05-08T00:00:00.0000000-06:00,0.000000,P,,0,,NOAA,2013-08-08T07:41:24.4230000-06:00,in
37,USC00051772,Snow,1986-05-09T00:00:00.0000000-06:00,0.000000,P,,0,,NOAA,2013-08-08T07:41:24.4230000-06:00,in
37,USC00051772,Snow,1986-05-10T00:00:00.0000000-06:00,0.000000,P,,0,,NOAA,2013-08-08T07:41:24.4230000-06:00,in
37,USC00051772,Snow,1986-05-11T00:00:00.0000000-06:00,0.000000,P,,0,,NOAA,2013-08-08T07:41:24.4230000-06:00,in
37,USC00051772,Snow,1986-05-12T00:00:00.0000000-06:00,0.000000,P,,0,,NOAA,2013-08-08T07:41:24.4230000-06:00,in
37,USC00051772,Snow,1986-05-13T00:00:00.0000000-06:00,0.000000,P,,0,,NOAA,2013-08-08T07:41:24.4230000-06:00,in
37,USC00051772,Snow,1986-05-14T00:00:00.0000000-06:00,0.000000,P,,0,,NOAA,2013-08-08T07:41:24.4230000-06:00,in
37,USC00051772,Snow,1986-05-15T00:00:00.0000000-06:00,0.000000,P,,0,,NOAA,2013-08-08T07:41:24.4230000-06:00,in
37,USC00051772,Snow,1986-05-16T00:00:00.0000000-06:00,0.000000,P,,0,,NOAA,2013-08-08T07:41:24.4230000-06:00,in
37,USC00051772,Snow,1986-05-17T00:00:00.0000000-06:00,0.000000,P,,0,,NOAA,2013-08-08T07:41:24.4230000-06:00,in
37,USC00051772,Snow,1986-05-18T00:00:00.0000000-06:00,0.000000,P,,0,,NOAA,2013-08-08T07:41:24.4230000-06:00,in
37,USC00051772,Snow,1986-05-19T00:00:00.0000000-06:00,0.000000,P,,0,,NOAA,2013-08-08T07:41:24.4230000-06:00,in
37,USC00051772,Snow,1986-05-20T00:00:00.0000000-06:00,0.000000,P,,0,,NOAA,2013-08-08T07:41:24.4230000-06:00,in
37,USC00051772,Snow,1986-05-21T00:00:00.0000000-06:00,0.000000,P,,0,,NOAA,2013-08-08T07:41:24.4230000-06:00,in
37,USC00051772,Snow,1986-05-22T00:00:00.0000000-06:00,0.000000,P,,0,,NOAA,2013-08-08T07:41:24.4230000-06:00,in
37,USC00051772,Snow,1986-05-23T00:00:00.0000000-06:00,0.000000,P,,0,,NOAA,2013-08-08T07:41:24.4230000-06:00,in
37,USC00051772,Snow,1986-05-24T00:00:00.0000000-06:00,0.000000,P,,0,,NOAA,2013-08-08T07:41:24.4230000-06:00,in
37,USC00051772,Snow,1986-05-25T00:00:00.0000000-06:00,0.000000,P,,0,,NOAA,2013-08-08T07:41:24.4230000-06:00,in
37,USC00051772,Snow,1986-05-26T00:00:00.0000000-06:00,0.000000,P,,0,,NOAA,2013-08-08T07:41:24.4230000-06:00,in
37,USC00051772,Snow,1986-05-27T00:00:00.0000000-06:00,0.000000,P,,0,,NOAA,2013-08-08T07:41:24.4230000-06:00,in
37,USC00051772,Snow,1986-05-28T00:00:00.0000000-06:00,0.000000,P,,0,,NOAA,2013-08-08T07:41:24.4230000-06:00,in
37,USC00051772,Snow,1986-05-29T00:00:00.0000000-06:00,0.000000,P,,0,,NOAA,2013-08-08T07:41:24.4230000-06:00,in
37,USC00051772,Snow,1986-05-30T00:00:00.0000000-06:00,0.000000,P,,0,,NOAA,2013-08-08T07:41:24.4230000-06:00,in
37,USC00051772,Snow,1986-05-31T00:00:00.0000000-06:00,0.000000,P,,0,,NOAA,2013-08-08T07:41:24.4230000-06:00,in
37,USC00051772,Snow,1986-06-01T00:00:00.0000000-06:00,0.000000,P,,0,,NOAA,2013-08-08T07:41:24.4230000-06:00,in
37,USC00051772,Snow,1986-06-02T00:00:00.0000000-06:00,0.000000,P,,0,,NOAA,2013-08-08T07:41:24.4230000-06:00,in
37,USC00051772,Snow,1986-06-03T00:00:00.0000000-06:00,0.000000,P,,0,,NOAA,2013-08-08T07:41:24.4230000-06:00,in
37,USC00051772,Snow,1986-06-04T00:00:00.0000000-06:00,0.000000,P,,0,,NOAA,2013-08-08T07:41:24.4230000-06:00,in
37,USC00051772,Snow,1986-06-05T00:00:00.0000000-06:00,0.000000,P,,0,,NOAA,2013-08-08T07:41:24.4230000-06:00,in
37,USC00051772,Snow,1986-06-06T00:00:00.0000000-06:00,0.000000,P,,0,,NOAA,2013-08-08T07:41:24.4230000-06:00,in
37,USC00051772,Snow,1986-06-07T00:00:00.0000000-06:00,0.000000,P,,0,,NOAA,2013-08-08T07:41:24.4230000-06:00,in
37,USC00051772,Snow,1986-06-08T00:00:00.0000000-06:00,0.000000,P,,0,,NOAA,2013-08-08T07:41:24.4230000-06:00,in
37,USC00051772,Snow,1986-06-09T00:00:00.0000000-06:00,0.000000,P,,0,,NOAA,2013-08-08T07:41:24.4230000-06:00,in
37,USC00051772,Snow,1986-06-10T00:00:00.0000000-06:00,0.000000,P,,0,,NOAA,2013-08-08T07:41:24.4230000-06:00,in
37,USC00051772,Snow,1986-06-11T00:00:00.0000000-06:00,0.000000,P,,0,,NOAA,2013-08-08T07:41:24.4230000-06:00,in
37,USC00051772,Snow,1986-06-12T00:00:00.0000000-06:00,0.000000,P,,0,,NOAA,2013-08-08T07:41:24.4230000-06:00,in
37,USC00051772,Snow,1986-06-13T00:00:00.0000000-06:00,0.000000,P,,0,,NOAA,2013-08-08T07:41:24.4230000-06:00,in
37,USC00051772,Snow,1986-06-14T00:00:00.0000000-06:00,0.000000,P,,0,,NOAA,2013-08-08T07:41:24.4230000-06:00,in
37,USC00051772,Snow,1986-06-15T00:00:00.0000000-06:00,0.000000,P,,0,,NOAA,2013-08-08T07:41:24.4230000-06:00,in
37,USC00051772,Snow,1986-06-16T00:00:00.0000000-06:00,0.000000,P,,0,,NOAA,2013-08-08T07:41:24.4230000-06:00,in
37,USC00051772,Snow,1986-06-17T00:00:00.0000000-06:00,0.000000,P,,0,,NOAA,2013-08-08T07:41:24.4230000-06:00,in
37,USC00051772,Snow,1986-06-18T00:00:00.0000000-06:00,0.000000,P,,0,,NOAA,2013-08-08T07:41:24.4230000-06:00,in
37,USC00051772,Snow,1986-06-19T00:00:00.0000000-06:00,0.000000,P,,0,,NOAA,2013-08-08T07:41:24.4230000-06:00,in
37,USC00051772,Snow,1986-06-20T00:00:00.0000000-06:00,0.000000,P,,0,,NOAA,2013-08-08T07:41:24.4230000-06:00,in
37,USC00051772,Snow,1986-06-21T00:00:00.0000000-06:00,0.000000,P,,0,,NOAA,2013-08-08T07:41:24.4230000-06:00,in
37,USC00051772,Snow,1986-06-22T00:00:00.0000000-06:00,0.000000,P,,0,,NOAA,2013-08-08T07:41:24.4230000-06:00,in
37,USC00051772,Snow,1986-06-23T00:00:00.0000000-06:00,0.000000,P,,0,,NOAA,2013-08-08T07:41:24.4230000-06:00,in
37,USC00051772,Snow,1986-06-24T00:00:00.0000000-06:00,0.000000,P,,0,,NOAA,2013-08-08T07:41:24.4230000-06:00,in
37,USC00051772,Snow,1986-06-25T00:00:00.0000000-06:00,0.000000,P,,0,,NOAA,2013-08-08T07:41:24.4230000-06:00,in
37,USC00051772,Snow,1986-06-26T00:00:00.0000000-06:00,0.000000,P,,0,,NOAA,2013-08-08T07:41:24.4230000-06:00,in
37,USC00051772,Snow,1986-06-27T00:00:00.0000000-06:00,0.000000,P,,0,,NOAA,2013-08-08T07:41:24.4230000-06:00,in
37,USC00051772,Snow,1986-06-28T00:00:00.0000000-06:00,0.000000,P,,0,,NOAA,2013-08-08T07:41:24.4230000-06:00,in
37,USC00051772,Snow,1986-06-29T00:00:00.0000000-06:00,0.000000,P,,0,,NOAA,2013-08-08T07:41:24.4230000-06:00,in
37,USC00051772,Snow,1986-06-30T00:00:00.0000000-06:00,0.000000,P,,0,,NOAA,2013-08-08T07:41:24.4230000-06:00,in
37,USC00051772,Snow,1986-07-01T00:00:00.0000000-06:00,0.000000,P,,0,,NOAA,2013-08-08T07:41:24.4230000-06:00,in
37,USC00051772,Snow,1986-07-02T00:00:00.0000000-06:00,0.000000,P,,0,,NOAA,2013-08-08T07:41:24.4230000-06:00,in
37,USC00051772,Snow,1986-07-03T00:00:00.0000000-06:00,0.000000,P,,0,,NOAA,2013-08-08T07:41:24.4230000-06:00,in
37,USC00051772,Snow,1986-07-04T00:00:00.0000000-06:00,0.000000,P,,0,,NOAA,2013-08-08T07:41:24.4230000-06:00,in
37,USC00051772,Snow,1986-07-05T00:00:00.0000000-06:00,0.000000,P,,0,,NOAA,2013-08-08T07:41:24.4230000-06:00,in
37,USC00051772,Snow,1986-07-06T00:00:00.0000000-06:00,0.000000,P,,0,,NOAA,2013-08-08T07:41:24.4230000-06:00,in
37,USC00051772,Snow,1986-07-07T00:00:00.0000000-06:00,0.000000,P,,0,,NOAA,2013-08-08T07:41:24.4230000-06:00,in
37,USC00051772,Snow,1986-07-08T00:00:00.0000000-06:00,0.000000,P,,0,,NOAA,2013-08-08T07:41:24.4230000-06:00,in
37,USC00051772,Snow,1986-07-09T00:00:00.0000000-06:00,0.000000,P,,0,,NOAA,2013-08-08T07:41:24.4230000-06:00,in
37,USC00051772,Snow,1986-07-10T00:00:00.0000000-06:00,0.000000,P,,0,,NOAA,2013-08-08T07:41:24.4230000-06:00,in
37,USC00051772,Snow,1986-07-11T00:00:00.0000000-06:00,0.000000,P,,0,,NOAA,2013-08-08T07:41:24.4230000-06:00,in
37,USC00051772,Snow,1986-07-12T00:00:00.0000000-06:00,0.000000,P,,0,,NOAA,2013-08-08T07:41:24.4230000-06:00,in
37,USC00051772,Snow,1986-07-13T00:00:00.0000000-06:00,0.000000,P,,0,,NOAA,2013-08-08T07:41:24.4230000-06:00,in
37,USC00051772,Snow,1986-07-14T00:00:00.0000000-06:00,0.000000,P,,0,,NOAA,2013-08-08T07:41:24.4230000-06:00,in
37,USC00051772,Snow,1986-07-15T00:00:00.0000000-06:00,0.000000,P,,0,,NOAA,2013-08-08T07:41:24.4230000-06:00,in
37,USC00051772,Snow,1986-07-16T00:00:00.0000000-06:00,0.000000,P,,0,,NOAA,2013-08-08T07:41:24.4230000-06:00,in
37,USC00051772,Snow,1986-07-17T00:00:00.0000000-06:00,0.000000,P,,0,,NOAA,2013-08-08T07:41:24.4230000-06:00,in
37,USC00051772,Snow,1986-07-18T00:00:00.0000000-06:00,0.000000,P,,0,,NOAA,2013-08-08T07:41:24.4230000-06:00,in
37,USC00051772,Snow,1986-07-19T00:00:00.0000000-06:00,0.000000,P,,0,,NOAA,2013-08-08T07:41:24.4230000-06:00,in
37,USC00051772,Snow,1986-07-20T00:00:00.0000000-06:00,0.000000,P,,0,,NOAA,2013-08-08T07:41:24.4230000-06:00,in
37,USC00051772,Snow,1986-07-21T00:00:00.0000000-06:00,0.000000,P,,0,,NOAA,2013-08-08T07:41:24.4230000-06:00,in
37,USC00051772,Snow,1986-07-22T00:00:00.0000000-06:00,0.000000,P,,0,,NOAA,2013-08-08T07:41:24.4230000-06:00,in
37,USC00051772,Snow,1986-07-23T00:00:00.0000000-06:00,0.000000,P,,0,,NOAA,2013-08-08T07:41:24.4230000-06:00,in
37,USC00051772,Snow,1986-07-24T00:00:00.0000000-06:00,0.000000,P,,0,,NOAA,2013-08-08T07:41:24.4230000-06:00,in
37,USC00051772,Snow,1986-07-25T00:00:00.0000000-06:00,0.000000,P,,0,,NOAA,2013-08-08T07:41:24.4230000-06:00,in
37,USC00051772,Snow,1986-07-26T00:00:00.0000000-06:00,0.000000,P,,0,,NOAA,2013-08-08T07:41:24.4230000-06:00,in
37,USC00051772,Snow,1986-07-27T00:00:00.0000000-06:00,0.000000,P,,0,,NOAA,2013-08-08T07:41:24.4230000-06:00,in
37,USC00051772,Snow,1986-07-28T00:00:00.0000000-06:00,0.000000,P,,0,,NOAA,2013-08-08T07:41:24.4230000-06:00,in
37,USC00051772,Snow,1986-07-29T00:00:00.0000000-06:00,0.000000,P,,0,,NOAA,2013-08-08T07:41:24.4230000-06:00,in
37,USC00051772,Snow,1986-07-30T00:00:00.0000000-06:00,0.000000,P,,0,,NOAA,2013-08-08T07:41:24.4230000-06:00,in
37,USC00051772,Snow,1986-07-31T00:00:00.0000000-06:00,0.000000,P,,0,,NOAA,2013-08-08T07:41:24.4230000-06:00,in
37,USC00051772,Snow,1986-08-01T00:00:00.0000000-06:00,0.000000,P,,0,,NOAA,2013-08-08T07:41:24.4230000-06:00,in
37,USC00051772,Snow,1986-08-02T00:00:00.0000000-06:00,0.000000,P,,0,,NOAA,2013-08-08T07:41:24.4230000-06:00,in
37,USC00051772,Snow,1986-08-03T00:00:00.0000000-06:00,0.000000,P,,0,,NOAA,2013-08-08T07:41:24.4230000-06:00,in
37,USC00051772,Snow,1986-08-04T00:00:00.0000000-06:00,0.000000,P,,0,,NOAA,2013-08-08T07:41:24.4230000-06:00,in
37,USC00051772,Snow,1986-08-05T00:00:00.0000000-06:00,0.000000,P,,0,,NOAA,2013-08-08T07:41:24.4230000-06:00,in
37,USC00051772,Snow,1986-08-06T00:00:00.0000000-06:00,0.000000,P,,0,,NOAA,2013-08-08T07:41:24.4230000-06:00,in
37,USC00051772,Snow,1986-08-07T00:00:00.0000000-06:00,0.000000,P,,0,,NOAA,2013-08-08T07:41:24.4230000-06:00,in
37,USC00051772,Snow,1986-08-08T00:00:00.0000000-06:00,0.000000,P,,0,,NOAA,2013-08-08T07:41:24.4230000-06:00,in
37,USC00051772,Snow,1986-08-09T00:00:00.0000000-06:00,0.000000,P,,0,,NOAA,2013-08-08T07:41:24.4230000-06:00,in
37,USC00051772,Snow,1986-08-10T00:00:00.0000000-06:00,0.000000,P,,0,,NOAA,2013-08-08T07:41:24.4230000-06:00,in
37,USC00051772,Snow,1986-08-11T00:00:00.0000000-06:00,0.000000,P,,0,,NOAA,2013-08-08T07:41:24.4230000-06:00,in
37,USC00051772,Snow,1986-08-12T00:00:00.0000000-06:00,0.000000,P,,0,,NOAA,2013-08-08T07:41:24.4230000-06:00,in
37,USC00051772,Snow,1986-08-13T00:00:00.0000000-06:00,0.000000,P,,0,,NOAA,2013-08-08T07:41:24.4230000-06:00,in
37,USC00051772,Snow,1986-08-14T00:00:00.0000000-06:00,0.000000,P,,0,,NOAA,2013-08-08T07:41:24.4230000-06:00,in
37,USC00051772,Snow,1986-08-15T00:00:00.0000000-06:00,0.000000,P,,0,,NOAA,2013-08-08T07:41:24.4230000-06:00,in
37,USC00051772,Snow,1986-08-16T00:00:00.0000000-06:00,0.000000,P,,0,,NOAA,2013-08-08T07:41:24.4230000-06:00,in
37,USC00051772,Snow,1986-08-17T00:00:00.0000000-06:00,0.000000,P,,0,,NOAA,2013-08-08T07:41:24.4230000-06:00,in
37,USC00051772,Snow,1986-08-18T00:00:00.0000000-06:00,0.000000,P,,0,,NOAA,2013-08-08T07:41:24.4230000-06:00,in
37,USC00051772,Snow,1986-08-19T00:00:00.0000000-06:00,0.000000,P,,0,,NOAA,2013-08-08T07:41:24.4230000-06:00,in
37,USC00051772,Snow,1986-08-20T00:00:00.0000000-06:00,0.000000,P,,0,,NOAA,2013-08-08T07:41:24.4230000-06:00,in
37,USC00051772,Snow,1986-08-21T00:00:00.0000000-06:00,0.000000,P,,0,,NOAA,2013-08-08T07:41:24.4230000-06:00,in
37,USC00051772,Snow,1986-08-22T00:00:00.0000000-06:00,0.000000,P,,0,,NOAA,2013-08-08T07:41:24.4230000-06:00,in
37,USC00051772,Snow,1986-08-23T00:00:00.0000000-06:00,0.000000,P,,0,,NOAA,2013-08-08T07:41:24.4230000-06:00,in
37,USC00051772,Snow,1986-08-24T00:00:00.0000000-06:00,0.000000,P,,0,,NOAA,2013-08-08T07:41:24.4230000-06:00,in
37,USC00051772,Snow,1986-08-25T00:00:00.0000000-06:00,0.000000,P,,0,,NOAA,2013-08-08T07:41:24.4230000-06:00,in
37,USC00051772,Snow,1986-08-26T00:00:00.0000000-06:00,0.000000,P,,0,,NOAA,2013-08-08T07:41:24.4230000-06:00,in
37,USC00051772,Snow,1986-08-27T00:00:00.0000000-06:00,0.000000,P,,0,,NOAA,2013-08-08T07:41:24.4230000-06:00,in
37,USC00051772,Snow,1986-08-28T00:00:00.0000000-06:00,0.000000,P,,0,,NOAA,2013-08-08T07:41:24.4230000-06:00,in
37,USC00051772,Snow,1986-08-29T00:00:00.0000000-06:00,0.000000,P,,0,,NOAA,2013-08-08T07:41:24.4230000-06:00,in
37,USC00051772,Snow,1986-08-30T00:00:00.0000000-06:00,0.000000,P,,0,,NOAA,2013-08-08T07:41:24.4230000-06:00,in
37,USC00051772,Snow,1986-08-31T00:00:00.0000000-06:00,0.000000,P,,0,,NOAA,2013-08-08T07:41:24.4230000-06:00,in
37,USC00051772,Snow,1986-09-01T00:00:00.0000000-06:00,0.000000,P,,0,,NOAA,2013-08-08T07:41:24.4230000-06:00,in
37,USC00051772,Snow,1986-09-02T00:00:00.0000000-06:00,0.000000,P,,0,,NOAA,2013-08-08T07:41:24.4230000-06:00,in
37,USC00051772,Snow,1986-09-03T00:00:00.0000000-06:00,0.000000,P,,0,,NOAA,2013-08-08T07:41:24.4230000-06:00,in
37,USC00051772,Snow,1986-09-04T00:00:00.0000000-06:00,0.000000,P,,0,,NOAA,2013-08-08T07:41:24.4230000-06:00,in
37,USC00051772,Snow,1986-09-05T00:00:00.0000000-06:00,0.000000,P,,0,,NOAA,2013-08-08T07:41:24.4230000-06:00,in
37,USC00051772,Snow,1986-09-06T00:00:00.0000000-06:00,0.000000,P,,0,,NOAA,2013-08-08T07:41:24.4230000-06:00,in
37,USC00051772,Snow,1986-09-07T00:00:00.0000000-06:00,0.000000,P,,0,,NOAA,2013-08-08T07:41:24.4230000-06:00,in
37,USC00051772,Snow,1986-09-08T00:00:00.0000000-06:00,0.000000,P,,0,,NOAA,2013-08-08T07:41:24.4230000-06:00,in
37,USC00051772,Snow,1986-09-09T00:00:00.0000000-06:00,0.000000,P,,0,,NOAA,2013-08-08T07:41:24.4230000-06:00,in
37,USC00051772,Snow,1986-09-10T00:00:00.0000000-06:00,0.000000,P,,0,,NOAA,2013-08-08T07:41:24.4230000-06:00,in
37,USC00051772,Snow,1986-09-11T00:00:00.0000000-06:00,0.000000,P,,0,,NOAA,2013-08-08T07:41:24.4230000-06:00,in
37,USC00051772,Snow,1986-09-12T00:00:00.0000000-06:00,0.000000,P,,0,,NOAA,2013-08-08T07:41:24.4230000-06:00,in
37,USC00051772,Snow,1986-09-13T00:00:00.0000000-06:00,0.000000,P,,0,,NOAA,2013-08-08T07:41:24.4230000-06:00,in
37,USC00051772,Snow,1986-09-14T00:00:00.0000000-06:00,0.000000,P,,0,,NOAA,2013-08-08T07:41:24.4230000-06:00,in
37,USC00051772,Snow,1986-09-15T00:00:00.0000000-06:00,0.000000,P,,0,,NOAA,2013-08-08T07:41:24.4230000-06:00,in
37,USC00051772,Snow,1986-09-16T00:00:00.0000000-06:00,0.000000,P,,0,,NOAA,2013-08-08T07:41:24.4230000-06:00,in
37,USC00051772,Snow,1986-09-17T00:00:00.0000000-06:00,0.000000,P,,0,,NOAA,2013-08-08T07:41:24.4230000-06:00,in
37,USC00051772,Snow,1986-09-18T00:00:00.0000000-06:00,0.000000,P,,0,,NOAA,2013-08-08T07:41:24.4230000-06:00,in
37,USC00051772,Snow,1986-09-19T00:00:00.0000000-06:00,0.000000,P,,0,,NOAA,2013-08-08T07:41:24.4230000-06:00,in
37,USC00051772,Snow,1986-09-20T00:00:00.0000000-06:00,0.000000,P,,0,,NOAA,2013-08-08T07:41:24.4230000-06:00,in
37,USC00051772,Snow,1986-09-21T00:00:00.0000000-06:00,0.000000,P,,0,,NOAA,2013-08-08T07:41:24.4230000-06:00,in
37,USC00051772,Snow,1986-09-22T00:00:00.0000000-06:00,0.000000,P,,0,,NOAA,2013-08-08T07:41:24.4230000-06:00,in
37,USC00051772,Snow,1986-09-23T00:00:00.0000000-06:00,0.000000,P,,0,,NOAA,2013-08-08T07:41:24.4230000-06:00,in
37,USC00051772,Snow,1986-09-24T00:00:00.0000000-06:00,0.000000,P,,0,,NOAA,2013-08-08T07:41:24.4230000-06:00,in
37,USC00051772,Snow,1986-09-25T00:00:00.0000000-06:00,0.000000,P,,0,,NOAA,2013-08-08T07:41:24.4230000-06:00,in
37,USC00051772,Snow,1986-09-26T00:00:00.0000000-06:00,0.000000,P,,0,,NOAA,2013-08-08T07:41:24.4230000-06:00,in
37,USC00051772,Snow,1986-09-27T00:00:00.0000000-06:00,0.000000,P,,0,,NOAA,2013-08-08T07:41:24.4230000-06:00,in
37,USC00051772,Snow,1986-09-28T00:00:00.0000000-06:00,0.000000,P,,0,,NOAA,2013-08-08T07:41:24.4230000-06:00,in
37,USC00051772,Snow,1986-09-29T00:00:00.0000000-06:00,0.000000,P,,0,,NOAA,2013-08-08T07:41:24.4230000-06:00,in
37,USC00051772,Snow,1986-09-30T00:00:00.0000000-06:00,0.000000,P,,0,,NOAA,2013-08-08T07:41:24.4230000-06:00,in
37,USC00051772,Snow,1986-10-01T00:00:00.0000000-06:00,0.000000,P,,0,,NOAA,2013-08-08T07:41:24.4230000-06:00,in
37,USC00051772,Snow,1986-10-02T00:00:00.0000000-06:00,0.000000,P,,0,,NOAA,2013-08-08T07:41:24.4230000-06:00,in
37,USC00051772,Snow,1986-10-03T00:00:00.0000000-06:00,0.000000,P,,0,,NOAA,2013-08-08T07:41:24.4230000-06:00,in
37,USC00051772,Snow,1986-10-04T00:00:00.0000000-06:00,0.000000,P,,0,,NOAA,2013-08-08T07:41:24.4230000-06:00,in
37,USC00051772,Snow,1986-10-05T00:00:00.0000000-06:00,0.000000,P,,0,,NOAA,2013-08-08T07:41:24.4230000-06:00,in
37,USC00051772,Snow,1986-10-06T00:00:00.0000000-06:00,0.000000,P,,0,,NOAA,2013-08-08T07:41:24.4230000-06:00,in
37,USC00051772,Snow,1986-10-07T00:00:00.0000000-06:00,0.000000,P,,0,,NOAA,2013-08-08T07:41:24.4230000-06:00,in
37,USC00051772,Snow,1986-10-08T00:00:00.0000000-06:00,0.000000,P,,0,,NOAA,2013-08-08T07:41:24.4230000-06:00,in
37,USC00051772,Snow,1986-10-09T00:00:00.0000000-06:00,0.000000,P,,0,,NOAA,2013-08-08T07:41:24.4230000-06:00,in
37,USC00051772,Snow,1986-10-10T00:00:00.0000000-06:00,0.000000,P,,0,,NOAA,2013-08-08T07:41:24.4230000-06:00,in
37,USC00051772,Snow,1986-10-11T00:00:00.0000000-06:00,0.000000,P,,0,,NOAA,2013-08-08T07:41:24.4230000-06:00,in
37,USC00051772,Snow,1986-10-12T00:00:00.0000000-06:00,2.007874,,,0,,NOAA,2013-08-08T07:41:24.4230000-06:00,in
37,USC00051772,Snow,1986-10-13T00:00:00.0000000-06:00,0.984252,,,0,,NOAA,2013-08-08T07:41:24.4230000-06:00,in
37,USC00051772,Snow,1986-10-14T00:00:00.0000000-06:00,0.000000,P,,0,,NOAA,2013-08-08T07:41:24.4230000-06:00,in
37,USC00051772,Snow,1986-10-15T00:00:00.0000000-06:00,0.000000,P,,0,,NOAA,2013-08-08T07:41:24.4230000-06:00,in
37,USC00051772,Snow,1986-10-16T00:00:00.0000000-06:00,0.000000,P,,0,,NOAA,2013-08-08T07:41:24.4230000-06:00,in
37,USC00051772,Snow,1986-10-17T00:00:00.0000000-06:00,0.000000,P,,0,,NOAA,2013-08-08T07:41:24.4230000-06:00,in
37,USC00051772,Snow,1986-10-18T00:00:00.0000000-06:00,0.000000,P,,0,,NOAA,2013-08-08T07:41:24.4230000-06:00,in
37,USC00051772,Snow,1986-10-19T00:00:00.0000000-06:00,0.000000,P,,0,,NOAA,2013-08-08T07:41:24.4230000-06:00,in
37,USC00051772,Snow,1986-10-20T00:00:00.0000000-06:00,0.000000,P,,0,,NOAA,2013-08-08T07:41:24.4230000-06:00,in
37,USC00051772,Snow,1986-10-21T00:00:00.0000000-06:00,0.000000,P,,0,,NOAA,2013-08-08T07:41:24.4230000-06:00,in
37,USC00051772,Snow,1986-10-22T00:00:00.0000000-06:00,0.000000,P,,0,,NOAA,2013-08-08T07:41:24.4230000-06:00,in
37,USC00051772,Snow,1986-10-23T00:00:00.0000000-06:00,0.000000,P,,0,,NOAA,2013-08-08T07:41:24.4230000-06:00,in
37,USC00051772,Snow,1986-10-24T00:00:00.0000000-06:00,0.000000,P,,0,,NOAA,2013-08-08T07:41:24.4230000-06:00,in
37,USC00051772,Snow,1986-10-25T00:00:00.0000000-06:00,0.000000,P,,0,,NOAA,2013-08-08T07:41:24.4230000-06:00,in
37,USC00051772,Snow,1986-10-26T00:00:00.0000000-06:00,0.000000,P,,0,,NOAA,2013-08-08T07:41:24.4230000-06:00,in
37,USC00051772,Snow,1986-10-27T00:00:00.0000000-07:00,0.000000,P,,0,,NOAA,2013-08-08T07:41:24.4230000-06:00,in
37,USC00051772,Snow,1986-10-28T00:00:00.0000000-07:00,0.000000,P,,0,,NOAA,2013-08-08T07:41:24.4230000-06:00,in
37,USC00051772,Snow,1986-10-29T00:00:00.0000000-07:00,0.000000,P,,0,,NOAA,2013-08-08T07:41:24.4230000-06:00,in
37,USC00051772,Snow,1986-10-30T00:00:00.0000000-07:00,0.000000,P,,0,,NOAA,2013-08-08T07:41:24.4230000-06:00,in
37,USC00051772,Snow,1986-10-31T00:00:00.0000000-07:00,0.000000,P,,0,,NOAA,2013-08-08T07:41:24.4230000-06:00,in
37,USC00051772,Snow,1986-11-01T00:00:00.0000000-07:00,0.000000,T,,0,,NOAA,2013-08-08T07:41:24.4230000-06:00,in
37,USC00051772,Snow,1986-11-02T00:00:00.0000000-07:00,0.000000,P,,0,,NOAA,2013-08-08T07:41:24.4230000-06:00,in
37,USC00051772,Snow,1986-11-03T00:00:00.0000000-07:00,0.000000,P,,0,,NOAA,2013-08-08T07:41:24.4230000-06:00,in
37,USC00051772,Snow,1986-11-04T00:00:00.0000000-07:00,0.000000,P,,0,,NOAA,2013-08-08T07:41:24.4230000-06:00,in
37,USC00051772,Snow,1986-11-05T00:00:00.0000000-07:00,0.000000,P,,0,,NOAA,2013-08-08T07:41:24.4230000-06:00,in
37,USC00051772,Snow,1986-11-06T00:00:00.0000000-07:00,0.000000,P,,0,,NOAA,2013-08-08T07:41:24.4230000-06:00,in
37,USC00051772,Snow,1986-11-07T00:00:00.0000000-07:00,0.511811,,,0,,NOAA,2013-08-08T07:41:24.4230000-06:00,in
37,USC00051772,Snow,1986-11-08T00:00:00.0000000-07:00,0.000000,P,,0,,NOAA,2013-08-08T07:41:24.4230000-06:00,in
37,USC00051772,Snow,1986-11-09T00:00:00.0000000-07:00,0.000000,P,,0,,NOAA,2013-08-08T07:41:24.4230000-06:00,in
37,USC00051772,Snow,1986-11-10T00:00:00.0000000-07:00,0.000000,P,,0,,NOAA,2013-08-08T07:41:24.4230000-06:00,in
37,USC00051772,Snow,1986-11-11T00:00:00.0000000-07:00,0.000000,P,,0,,NOAA,2013-08-08T07:41:24.4230000-06:00,in
37,USC00051772,Snow,1986-11-12T00:00:00.0000000-07:00,0.000000,P,,0,,NOAA,2013-08-08T07:41:24.4230000-06:00,in
37,USC00051772,Snow,1986-11-13T00:00:00.0000000-07:00,0.000000,P,,0,,NOAA,2013-08-08T07:41:24.4230000-06:00,in
37,USC00051772,Snow,1986-11-14T00:00:00.0000000-07:00,0.000000,P,,0,,NOAA,2013-08-08T07:41:24.4230000-06:00,in
37,USC00051772,Snow,1986-11-15T00:00:00.0000000-07:00,0.000000,P,,0,,NOAA,2013-08-08T07:41:24.4230000-06:00,in
37,USC00051772,Snow,1986-11-16T00:00:00.0000000-07:00,0.000000,P,,0,,NOAA,2013-08-08T07:41:24.4230000-06:00,in
37,USC00051772,Snow,1986-11-17T00:00:00.0000000-07:00,0.000000,P,,0,,NOAA,2013-08-08T07:41:24.4230000-06:00,in
37,USC00051772,Snow,1986-11-18T00:00:00.0000000-07:00,0.000000,P,,0,,NOAA,2013-08-08T07:41:24.4230000-06:00,in
37,USC00051772,Snow,1986-11-19T00:00:00.0000000-07:00,0.000000,P,,0,,NOAA,2013-08-08T07:41:24.4230000-06:00,in
37,USC00051772,Snow,1986-11-20T00:00:00.0000000-07:00,0.000000,P,,0,,NOAA,2013-08-08T07:41:24.4230000-06:00,in
37,USC00051772,Snow,1986-11-21T00:00:00.0000000-07:00,0.000000,P,,0,,NOAA,2013-08-08T07:41:24.4230000-06:00,in
37,USC00051772,Snow,1986-11-22T00:00:00.0000000-07:00,0.000000,P,,0,,NOAA,2013-08-08T07:41:24.4230000-06:00,in
37,USC00051772,Snow,1986-11-23T00:00:00.0000000-07:00,0.000000,P,,0,,NOAA,2013-08-08T07:41:24.4230000-06:00,in
37,USC00051772,Snow,1986-11-24T00:00:00.0000000-07:00,0.000000,P,,0,,NOAA,2013-08-08T07:41:24.4230000-06:00,in
37,USC00051772,Snow,1986-11-25T00:00:00.0000000-07:00,0.000000,P,,0,,NOAA,2013-08-08T07:41:24.4230000-06:00,in
37,USC00051772,Snow,1986-11-26T00:00:00.0000000-07:00,0.000000,T,,0,,NOAA,2013-08-08T07:41:24.4230000-06:00,in
37,USC00051772,Snow,1986-11-27T00:00:00.0000000-07:00,0.000000,P,,0,,NOAA,2013-08-08T07:41:24.4230000-06:00,in
37,USC00051772,Snow,1986-11-28T00:00:00.0000000-07:00,0.000000,P,,0,,NOAA,2013-08-08T07:41:24.4230000-06:00,in
37,USC00051772,Snow,1986-11-29T00:00:00.0000000-07:00,0.000000,P,,0,,NOAA,2013-08-08T07:41:24.4230000-06:00,in
37,USC00051772,Snow,1986-11-30T00:00:00.0000000-07:00,0.000000,P,,0,,NOAA,2013-08-08T07:41:24.4230000-06:00,in
37,USC00051772,Snow,1986-12-01T00:00:00.0000000-07:00,0.000000,P,,0,,NOAA,2013-08-08T07:41:24.4230000-06:00,in
37,USC00051772,Snow,1986-12-02T00:00:00.0000000-07:00,0.000000,P,,0,,NOAA,2013-08-08T07:41:24.4230000-06:00,in
37,USC00051772,Snow,1986-12-03T00:00:00.0000000-07:00,0.000000,P,,0,,NOAA,2013-08-08T07:41:24.4230000-06:00,in
37,USC00051772,Snow,1986-12-04T00:00:00.0000000-07:00,0.000000,P,,0,,NOAA,2013-08-08T07:41:24.4230000-06:00,in
37,USC00051772,Snow,1986-12-05T00:00:00.0000000-07:00,0.000000,P,,0,,NOAA,2013-08-08T07:41:24.4230000-06:00,in
37,USC00051772,Snow,1986-12-06T00:00:00.0000000-07:00,0.000000,P,,0,,NOAA,2013-08-08T07:41:24.4230000-06:00,in
37,USC00051772,Snow,1986-12-07T00:00:00.0000000-07:00,0.000000,P,,0,,NOAA,2013-08-08T07:41:24.4230000-06:00,in
37,USC00051772,Snow,1986-12-08T00:00:00.0000000-07:00,0.000000,P,,0,,NOAA,2013-08-08T07:41:24.4230000-06:00,in
37,USC00051772,Snow,1986-12-09T00:00:00.0000000-07:00,0.984252,,,0,,NOAA,2013-08-08T07:41:24.4230000-06:00,in
37,USC00051772,Snow,1986-12-10T00:00:00.0000000-07:00,0.000000,P,,0,,NOAA,2013-08-08T07:41:24.4230000-06:00,in
37,USC00051772,Snow,1986-12-11T00:00:00.0000000-07:00,0.000000,P,,0,,NOAA,2013-08-08T07:41:24.4230000-06:00,in
37,USC00051772,Snow,1986-12-12T00:00:00.0000000-07:00,0.000000,P,,0,,NOAA,2013-08-08T07:41:24.4230000-06:00,in
37,USC00051772,Snow,1986-12-13T00:00:00.0000000-07:00,0.000000,P,,0,,NOAA,2013-08-08T07:41:24.4230000-06:00,in
37,USC00051772,Snow,1986-12-14T00:00:00.0000000-07:00,0.000000,P,,0,,NOAA,2013-08-08T07:41:24.4230000-06:00,in
37,USC00051772,Snow,1986-12-15T00:00:00.0000000-07:00,0.000000,P,,0,,NOAA,2013-08-08T07:41:24.4230000-06:00,in
37,USC00051772,Snow,1986-12-16T00:00:00.0000000-07:00,0.000000,P,,0,,NOAA,2013-08-08T07:41:24.4230000-06:00,in
37,USC00051772,Snow,1986-12-17T00:00:00.0000000-07:00,0.000000,P,,0,,NOAA,2013-08-08T07:41:24.4230000-06:00,in
37,USC00051772,Snow,1986-12-18T00:00:00.0000000-07:00,0.000000,P,,0,,NOAA,2013-08-08T07:41:24.4230000-06:00,in
37,USC00051772,Snow,1986-12-19T00:00:00.0000000-07:00,0.314961,,,0,,NOAA,2013-08-08T07:41:24.4230000-06:00,in
37,USC00051772,Snow,1986-12-20T00:00:00.0000000-07:00,0.000000,P,,0,,NOAA,2013-08-08T07:41:24.4230000-06:00,in
37,USC00051772,Snow,1986-12-21T00:00:00.0000000-07:00,0.000000,P,,0,,NOAA,2013-08-08T07:41:24.4230000-06:00,in
37,USC00051772,Snow,1986-12-22T00:00:00.0000000-07:00,0.000000,P,,0,,NOAA,2013-08-08T07:41:24.4230000-06:00,in
37,USC00051772,Snow,1986-12-23T00:00:00.0000000-07:00,0.000000,P,,0,,NOAA,2013-08-08T07:41:24.4230000-06:00,in
37,USC00051772,Snow,1986-12-24T00:00:00.0000000-07:00,0.000000,P,,0,,NOAA,2013-08-08T07:41:24.4230000-06:00,in
37,USC00051772,Snow,1986-12-25T00:00:00.0000000-07:00,0.000000,P,,0,,NOAA,2013-08-08T07:41:24.4230000-06:00,in
37,USC00051772,Snow,1986-12-26T00:00:00.0000000-07:00,0.000000,P,,0,,NOAA,2013-08-08T07:41:24.4230000-06:00,in
37,USC00051772,Snow,1986-12-27T00:00:00.0000000-07:00,0.000000,P,,0,,NOAA,2013-08-08T07:41:24.4230000-06:00,in
37,USC00051772,Snow,1986-12-28T00:00:00.0000000-07:00,0.000000,P,,0,,NOAA,2013-08-08T07:41:24.4230000-06:00,in
37,USC00051772,Snow,1986-12-29T00:00:00.0000000-07:00,0.000000,P,,0,,NOAA,2013-08-08T07:41:24.4230000-06:00,in
37,USC00051772,Snow,1986-12-30T00:00:00.0000000-07:00,0.000000,P,,0,,NOAA,2013-08-08T07:41:24.4230000-06:00,in
37,USC00051772,Snow,1986-12-31T00:00:00.0000000-07:00,0.000000,P,,0,,NOAA,2013-08-08T07:41:24.4230000-06:00,in
37,USC00051772,Snow,1987-01-01T00:00:00.0000000-07:00,0.000000,P,,0,,NOAA,2013-08-08T07:41:24.4230000-06:00,in
37,USC00051772,Snow,1987-01-02T00:00:00.0000000-07:00,0.000000,P,,0,,NOAA,2013-08-08T07:41:24.4230000-06:00,in
37,USC00051772,Snow,1987-01-03T00:00:00.0000000-07:00,0.000000,P,,0,,NOAA,2013-08-08T07:41:24.4230000-06:00,in
37,USC00051772,Snow,1987-01-04T00:00:00.0000000-07:00,0.000000,P,,0,,NOAA,2013-08-08T07:41:24.4230000-06:00,in
37,USC00051772,Snow,1987-01-05T00:00:00.0000000-07:00,0.000000,P,,0,,NOAA,2013-08-08T07:41:24.4230000-06:00,in
37,USC00051772,Snow,1987-01-06T00:00:00.0000000-07:00,0.000000,P,,0,,NOAA,2013-08-08T07:41:24.4230000-06:00,in
37,USC00051772,Snow,1987-01-07T00:00:00.0000000-07:00,0.511811,,,0,,NOAA,2013-08-08T07:41:24.4230000-06:00,in
37,USC00051772,Snow,1987-01-08T00:00:00.0000000-07:00,0.787402,,,0,,NOAA,2013-08-08T07:41:24.4230000-06:00,in
37,USC00051772,Snow,1987-01-09T00:00:00.0000000-07:00,0.000000,P,,0,,NOAA,2013-08-08T07:41:24.4230000-06:00,in
37,USC00051772,Snow,1987-01-10T00:00:00.0000000-07:00,0.000000,P,,0,,NOAA,2013-08-08T07:41:24.4230000-06:00,in
37,USC00051772,Snow,1987-01-11T00:00:00.0000000-07:00,0.000000,P,,0,,NOAA,2013-08-08T07:41:24.4230000-06:00,in
37,USC00051772,Snow,1987-01-12T00:00:00.0000000-07:00,0.000000,P,,0,,NOAA,2013-08-08T07:41:24.4230000-06:00,in
37,USC00051772,Snow,1987-01-13T00:00:00.0000000-07:00,0.000000,P,,0,,NOAA,2013-08-08T07:41:24.4230000-06:00,in
37,USC00051772,Snow,1987-01-14T00:00:00.0000000-07:00,0.000000,P,,0,,NOAA,2013-08-08T07:41:24.4230000-06:00,in
37,USC00051772,Snow,1987-01-15T00:00:00.0000000-07:00,0.000000,P,,0,,NOAA,2013-08-08T07:41:24.4230000-06:00,in
37,USC00051772,Snow,1987-01-16T00:00:00.0000000-07:00,2.007874,,,0,,NOAA,2013-08-08T07:41:24.4230000-06:00,in
37,USC00051772,Snow,1987-01-17T00:00:00.0000000-07:00,0.000000,P,,0,,NOAA,2013-08-08T07:41:24.4230000-06:00,in
37,USC00051772,Snow,1987-01-18T00:00:00.0000000-07:00,0.000000,P,,0,,NOAA,2013-08-08T07:41:24.4230000-06:00,in
37,USC00051772,Snow,1987-01-19T00:00:00.0000000-07:00,0.000000,P,,0,,NOAA,2013-08-08T07:41:24.4230000-06:00,in
37,USC00051772,Snow,1987-01-20T00:00:00.0000000-07:00,0.984252,,,0,,NOAA,2013-08-08T07:41:24.4230000-06:00,in
37,USC00051772,Snow,1987-01-21T00:00:00.0000000-07:00,0.000000,P,,0,,NOAA,2013-08-08T07:41:24.4230000-06:00,in
37,USC00051772,Snow,1987-01-22T00:00:00.0000000-07:00,0.000000,P,,0,,NOAA,2013-08-08T07:41:24.4230000-06:00,in
37,USC00051772,Snow,1987-01-23T00:00:00.0000000-07:00,0.000000,P,,0,,NOAA,2013-08-08T07:41:24.4230000-06:00,in
37,USC00051772,Snow,1987-01-24T00:00:00.0000000-07:00,0.000000,P,,0,,NOAA,2013-08-08T07:41:24.4230000-06:00,in
37,USC00051772,Snow,1987-01-25T00:00:00.0000000-07:00,0.000000,P,,0,,NOAA,2013-08-08T07:41:24.4230000-06:00,in
37,USC00051772,Snow,1987-01-26T00:00:00.0000000-07:00,0.000000,P,,0,,NOAA,2013-08-08T07:41:24.4230000-06:00,in
37,USC00051772,Snow,1987-01-27T00:00:00.0000000-07:00,0.000000,P,,0,,NOAA,2013-08-08T07:41:24.4230000-06:00,in
37,USC00051772,Snow,1987-01-28T00:00:00.0000000-07:00,0.000000,P,,0,,NOAA,2013-08-08T07:41:24.4230000-06:00,in
37,USC00051772,Snow,1987-01-29T00:00:00.0000000-07:00,0.000000,P,,0,,NOAA,2013-08-08T07:41:24.4230000-06:00,in
37,USC00051772,Snow,1987-01-30T00:00:00.0000000-07:00,0.000000,P,,0,,NOAA,2013-08-08T07:41:24.4230000-06:00,in
37,USC00051772,Snow,1987-01-31T00:00:00.0000000-07:00,0.000000,P,,0,,NOAA,2013-08-08T07:41:24.4230000-06:00,in
37,USC00051772,Snow,1987-02-01T00:00:00.0000000-07:00,0.000000,P,,0,,NOAA,2013-08-08T07:41:24.4230000-06:00,in
37,USC00051772,Snow,1987-02-02T00:00:00.0000000-07:00,0.000000,P,,0,,NOAA,2013-08-08T07:41:24.4230000-06:00,in
37,USC00051772,Snow,1987-02-03T00:00:00.0000000-07:00,0.000000,P,,0,,NOAA,2013-08-08T07:41:24.4230000-06:00,in
37,USC00051772,Snow,1987-02-04T00:00:00.0000000-07:00,2.992126,,,0,,NOAA,2013-08-08T07:41:24.4230000-06:00,in
37,USC00051772,Snow,1987-02-05T00:00:00.0000000-07:00,0.000000,P,,0,,NOAA,2013-08-08T07:41:24.4230000-06:00,in
37,USC00051772,Snow,1987-02-06T00:00:00.0000000-07:00,0.000000,P,,0,,NOAA,2013-08-08T07:41:24.4230000-06:00,in
37,USC00051772,Snow,1987-02-07T00:00:00.0000000-07:00,0.000000,P,,0,,NOAA,2013-08-08T07:41:24.4230000-06:00,in
37,USC00051772,Snow,1987-02-08T00:00:00.0000000-07:00,0.000000,P,,0,,NOAA,2013-08-08T07:41:24.4230000-06:00,in
37,USC00051772,Snow,1987-02-09T00:00:00.0000000-07:00,0.000000,P,,0,,NOAA,2013-08-08T07:41:24.4230000-06:00,in
37,USC00051772,Snow,1987-02-10T00:00:00.0000000-07:00,0.000000,P,,0,,NOAA,2013-08-08T07:41:24.4230000-06:00,in
37,USC00051772,Snow,1987-02-11T00:00:00.0000000-07:00,0.000000,P,,0,,NOAA,2013-08-08T07:41:24.4230000-06:00,in
37,USC00051772,Snow,1987-02-12T00:00:00.0000000-07:00,0.000000,P,,0,,NOAA,2013-08-08T07:41:24.4230000-06:00,in
37,USC00051772,Snow,1987-02-13T00:00:00.0000000-07:00,0.000000,P,,0,,NOAA,2013-08-08T07:41:24.4230000-06:00,in
37,USC00051772,Snow,1987-02-14T00:00:00.0000000-07:00,0.000000,P,,0,,NOAA,2013-08-08T07:41:24.4230000-06:00,in
37,USC00051772,Snow,1987-02-15T00:00:00.0000000-07:00,0.000000,T,,0,,NOAA,2013-08-08T07:41:24.4230000-06:00,in
37,USC00051772,Snow,1987-02-16T00:00:00.0000000-07:00,0.000000,P,,0,,NOAA,2013-08-08T07:41:24.4230000-06:00,in
37,USC00051772,Snow,1987-02-17T00:00:00.0000000-07:00,0.000000,P,,0,,NOAA,2013-08-08T07:41:24.4230000-06:00,in
37,USC00051772,Snow,1987-02-18T00:00:00.0000000-07:00,0.000000,P,,0,,NOAA,2013-08-08T07:41:24.4230000-06:00,in
37,USC00051772,Snow,1987-02-19T00:00:00.0000000-07:00,0.000000,P,,0,,NOAA,2013-08-08T07:41:24.4230000-06:00,in
37,USC00051772,Snow,1987-02-20T00:00:00.0000000-07:00,0.314961,,,0,,NOAA,2013-08-08T07:41:24.4230000-06:00,in
37,USC00051772,Snow,1987-02-21T00:00:00.0000000-07:00,0.000000,P,,0,,NOAA,2013-08-08T07:41:24.4230000-06:00,in
37,USC00051772,Snow,1987-02-22T00:00:00.0000000-07:00,0.000000,P,,0,,NOAA,2013-08-08T07:41:24.4230000-06:00,in
37,USC00051772,Snow,1987-02-23T00:00:00.0000000-07:00,0.000000,P,,0,,NOAA,2013-08-08T07:41:24.4230000-06:00,in
37,USC00051772,Snow,1987-02-24T00:00:00.0000000-07:00,0.000000,P,,0,,NOAA,2013-08-08T07:41:24.4230000-06:00,in
37,USC00051772,Snow,1987-02-25T00:00:00.0000000-07:00,4.488189,,,0,,NOAA,2013-08-08T07:41:24.4230000-06:00,in
37,USC00051772,Snow,1987-02-26T00:00:00.0000000-07:00,0.000000,T,,0,,NOAA,2013-08-08T07:41:24.4230000-06:00,in
37,USC00051772,Snow,1987-02-27T00:00:00.0000000-07:00,3.503937,,,0,,NOAA,2013-08-08T07:41:24.4230000-06:00,in
37,USC00051772,Snow,1987-02-28T00:00:00.0000000-07:00,0.000000,P,,0,,NOAA,2013-08-08T07:41:24.4230000-06:00,in
37,USC00051772,Snow,1987-03-01T00:00:00.0000000-07:00,0.000000,P,,0,,NOAA,2013-08-08T07:41:24.4230000-06:00,in
37,USC00051772,Snow,1987-03-02T00:00:00.0000000-07:00,0.000000,P,,0,,NOAA,2013-08-08T07:41:24.4230000-06:00,in
37,USC00051772,Snow,1987-03-03T00:00:00.0000000-07:00,0.000000,P,,0,,NOAA,2013-08-08T07:41:24.4230000-06:00,in
37,USC00051772,Snow,1987-03-04T00:00:00.0000000-07:00,0.000000,P,,0,,NOAA,2013-08-08T07:41:24.4230000-06:00,in
37,USC00051772,Snow,1987-03-05T00:00:00.0000000-07:00,0.000000,P,,0,,NOAA,2013-08-08T07:41:24.4230000-06:00,in
37,USC00051772,Snow,1987-03-06T00:00:00.0000000-07:00,0.000000,P,,0,,NOAA,2013-08-08T07:41:24.4230000-06:00,in
37,USC00051772,Snow,1987-03-07T00:00:00.0000000-07:00,0.000000,P,,0,,NOAA,2013-08-08T07:41:24.4230000-06:00,in
37,USC00051772,Snow,1987-03-08T00:00:00.0000000-07:00,0.000000,P,,0,,NOAA,2013-08-08T07:41:24.4230000-06:00,in
37,USC00051772,Snow,1987-03-09T00:00:00.0000000-07:00,0.000000,P,,0,,NOAA,2013-08-08T07:41:24.4230000-06:00,in
37,USC00051772,Snow,1987-03-10T00:00:00.0000000-07:00,0.000000,P,,0,,NOAA,2013-08-08T07:41:24.4230000-06:00,in
37,USC00051772,Snow,1987-03-11T00:00:00.0000000-07:00,0.000000,P,,0,,NOAA,2013-08-08T07:41:24.4230000-06:00,in
37,USC00051772,Snow,1987-03-12T00:00:00.0000000-07:00,0.000000,P,,0,,NOAA,2013-08-08T07:41:24.4230000-06:00,in
37,USC00051772,Snow,1987-03-13T00:00:00.0000000-07:00,0.000000,P,,0,,NOAA,2013-08-08T07:41:24.4230000-06:00,in
37,USC00051772,Snow,1987-03-14T00:00:00.0000000-07:00,0.000000,P,,0,,NOAA,2013-08-08T07:41:24.4230000-06:00,in
37,USC00051772,Snow,1987-03-15T00:00:00.0000000-07:00,0.000000,P,,0,,NOAA,2013-08-08T07:41:24.4230000-06:00,in
37,USC00051772,Snow,1987-03-16T00:00:00.0000000-07:00,2.992126,,,0,,NOAA,2013-08-08T07:41:24.4230000-06:00,in
37,USC00051772,Snow,1987-03-17T00:00:00.0000000-07:00,1.496063,,,0,,NOAA,2013-08-08T07:41:24.4230000-06:00,in
37,USC00051772,Snow,1987-03-18T00:00:00.0000000-07:00,0.000000,P,,0,,NOAA,2013-08-08T07:41:24.4230000-06:00,in
37,USC00051772,Snow,1987-03-19T00:00:00.0000000-07:00,0.000000,P,,0,,NOAA,2013-08-08T07:41:24.4230000-06:00,in
37,USC00051772,Snow,1987-03-20T00:00:00.0000000-07:00,3.503937,,,0,,NOAA,2013-08-08T07:41:24.4230000-06:00,in
37,USC00051772,Snow,1987-03-21T00:00:00.0000000-07:00,0.000000,P,,0,,NOAA,2013-08-08T07:41:24.4230000-06:00,in
37,USC00051772,Snow,1987-03-22T00:00:00.0000000-07:00,2.283465,,,0,,NOAA,2013-08-08T07:41:24.4230000-06:00,in
37,USC00051772,Snow,1987-03-23T00:00:00.0000000-07:00,0.000000,P,,0,,NOAA,2013-08-08T07:41:24.4230000-06:00,in
37,USC00051772,Snow,1987-03-24T00:00:00.0000000-07:00,0.000000,P,,0,,NOAA,2013-08-08T07:41:24.4230000-06:00,in
37,USC00051772,Snow,1987-03-25T00:00:00.0000000-07:00,0.000000,P,,0,,NOAA,2013-08-08T07:41:24.4230000-06:00,in
37,USC00051772,Snow,1987-03-26T00:00:00.0000000-07:00,0.000000,P,,0,,NOAA,2013-08-08T07:41:24.4230000-06:00,in
37,USC00051772,Snow,1987-03-27T00:00:00.0000000-07:00,0.787402,,,0,,NOAA,2013-08-08T07:41:24.4230000-06:00,in
37,USC00051772,Snow,1987-03-28T00:00:00.0000000-07:00,0.000000,P,,0,,NOAA,2013-08-08T07:41:24.4230000-06:00,in
37,USC00051772,Snow,1987-03-29T00:00:00.0000000-07:00,0.000000,P,,0,,NOAA,2013-08-08T07:41:24.4230000-06:00,in
37,USC00051772,Snow,1987-03-30T00:00:00.0000000-07:00,0.000000,P,,0,,NOAA,2013-08-08T07:41:24.4230000-06:00,in
37,USC00051772,Snow,1987-03-31T00:00:00.0000000-07:00,0.000000,P,,0,,NOAA,2013-08-08T07:41:24.4230000-06:00,in
37,USC00051772,Snow,1987-04-01T00:00:00.0000000-07:00,0.000000,P,,0,,NOAA,2013-08-08T07:41:24.4230000-06:00,in
37,USC00051772,Snow,1987-04-02T00:00:00.0000000-07:00,0.000000,P,,0,,NOAA,2013-08-08T07:41:24.4230000-06:00,in
37,USC00051772,Snow,1987-04-03T00:00:00.0000000-07:00,0.000000,P,,0,,NOAA,2013-08-08T07:41:24.4230000-06:00,in
37,USC00051772,Snow,1987-04-04T00:00:00.0000000-07:00,0.000000,P,,0,,NOAA,2013-08-08T07:41:24.4230000-06:00,in
37,USC00051772,Snow,1987-04-05T00:00:00.0000000-07:00,0.000000,P,,0,,NOAA,2013-08-08T07:41:24.4230000-06:00,in
37,USC00051772,Snow,1987-04-06T00:00:00.0000000-06:00,0.000000,P,,0,,NOAA,2013-08-08T07:41:24.4230000-06:00,in
37,USC00051772,Snow,1987-04-07T00:00:00.0000000-06:00,0.000000,P,,0,,NOAA,2013-08-08T07:41:24.4230000-06:00,in
37,USC00051772,Snow,1987-04-08T00:00:00.0000000-06:00,0.000000,P,,0,,NOAA,2013-08-08T07:41:24.4230000-06:00,in
37,USC00051772,Snow,1987-04-09T00:00:00.0000000-06:00,0.000000,P,,0,,NOAA,2013-08-08T07:41:24.4230000-06:00,in
37,USC00051772,Snow,1987-04-10T00:00:00.0000000-06:00,0.000000,P,,0,,NOAA,2013-08-08T07:41:24.4230000-06:00,in
37,USC00051772,Snow,1987-04-11T00:00:00.0000000-06:00,0.000000,P,,0,,NOAA,2013-08-08T07:41:24.4230000-06:00,in
37,USC00051772,Snow,1987-04-12T00:00:00.0000000-06:00,2.007874,,,0,,NOAA,2013-08-08T07:41:24.4230000-06:00,in
37,USC00051772,Snow,1987-04-13T00:00:00.0000000-06:00,0.000000,P,,0,,NOAA,2013-08-08T07:41:24.4230000-06:00,in
37,USC00051772,Snow,1987-04-14T00:00:00.0000000-06:00,0.000000,P,,0,,NOAA,2013-08-08T07:41:24.4230000-06:00,in
37,USC00051772,Snow,1987-04-15T00:00:00.0000000-06:00,0.000000,P,,0,,NOAA,2013-08-08T07:41:24.4230000-06:00,in
37,USC00051772,Snow,1987-04-16T00:00:00.0000000-06:00,0.000000,P,,0,,NOAA,2013-08-08T07:41:24.4230000-06:00,in
37,USC00051772,Snow,1987-04-17T00:00:00.0000000-06:00,0.000000,P,,0,,NOAA,2013-08-08T07:41:24.4230000-06:00,in
37,USC00051772,Snow,1987-04-18T00:00:00.0000000-06:00,0.000000,P,,0,,NOAA,2013-08-08T07:41:24.4230000-06:00,in
37,USC00051772,Snow,1987-04-19T00:00:00.0000000-06:00,0.000000,P,,0,,NOAA,2013-08-08T07:41:24.4230000-06:00,in
37,USC00051772,Snow,1987-04-20T00:00:00.0000000-06:00,0.000000,P,,0,,NOAA,2013-08-08T07:41:24.4230000-06:00,in
37,USC00051772,Snow,1987-04-21T00:00:00.0000000-06:00,0.000000,P,,0,,NOAA,2013-08-08T07:41:24.4230000-06:00,in
37,USC00051772,Snow,1987-04-22T00:00:00.0000000-06:00,0.000000,P,,0,,NOAA,2013-08-08T07:41:24.4230000-06:00,in
37,USC00051772,Snow,1987-04-23T00:00:00.0000000-06:00,0.000000,P,,0,,NOAA,2013-08-08T07:41:24.4230000-06:00,in
37,USC00051772,Snow,1987-04-24T00:00:00.0000000-06:00,0.000000,P,,0,,NOAA,2013-08-08T07:41:24.4230000-06:00,in
37,USC00051772,Snow,1987-04-25T00:00:00.0000000-06:00,0.000000,P,,0,,NOAA,2013-08-08T07:41:24.4230000-06:00,in
37,USC00051772,Snow,1987-04-26T00:00:00.0000000-06:00,0.000000,P,,0,,NOAA,2013-08-08T07:41:24.4230000-06:00,in
37,USC00051772,Snow,1987-04-27T00:00:00.0000000-06:00,0.000000,P,,0,,NOAA,2013-08-08T07:41:24.4230000-06:00,in
37,USC00051772,Snow,1987-04-28T00:00:00.0000000-06:00,0.000000,P,,0,,NOAA,2013-08-08T07:41:24.4230000-06:00,in
37,USC00051772,Snow,1987-04-29T00:00:00.0000000-06:00,0.000000,P,,0,,NOAA,2013-08-08T07:41:24.4230000-06:00,in
37,USC00051772,Snow,1987-04-30T00:00:00.0000000-06:00,0.000000,P,,0,,NOAA,2013-08-08T07:41:24.4230000-06:00,in
37,USC00051772,Snow,1987-05-01T00:00:00.0000000-06:00,0.000000,P,,0,,NOAA,2013-08-08T07:41:24.4230000-06:00,in
37,USC00051772,Snow,1987-05-02T00:00:00.0000000-06:00,0.000000,P,,0,,NOAA,2013-08-08T07:41:24.4230000-06:00,in
37,USC00051772,Snow,1987-05-03T00:00:00.0000000-06:00,0.000000,P,,0,,NOAA,2013-08-08T07:41:24.4230000-06:00,in
37,USC00051772,Snow,1987-05-04T00:00:00.0000000-06:00,0.000000,P,,0,,NOAA,2013-08-08T07:41:24.4230000-06:00,in
37,USC00051772,Snow,1987-05-05T00:00:00.0000000-06:00,0.000000,P,,0,,NOAA,2013-08-08T07:41:24.4230000-06:00,in
37,USC00051772,Snow,1987-05-06T00:00:00.0000000-06:00,0.000000,P,,0,,NOAA,2013-08-08T07:41:24.4230000-06:00,in
37,USC00051772,Snow,1987-05-07T00:00:00.0000000-06:00,0.000000,P,,0,,NOAA,2013-08-08T07:41:24.4230000-06:00,in
37,USC00051772,Snow,1987-05-08T00:00:00.0000000-06:00,0.000000,P,,0,,NOAA,2013-08-08T07:41:24.4230000-06:00,in
37,USC00051772,Snow,1987-05-09T00:00:00.0000000-06:00,0.000000,P,,0,,NOAA,2013-08-08T07:41:24.4230000-06:00,in
37,USC00051772,Snow,1987-05-10T00:00:00.0000000-06:00,0.000000,P,,0,,NOAA,2013-08-08T07:41:24.4230000-06:00,in
37,USC00051772,Snow,1987-05-11T00:00:00.0000000-06:00,0.000000,P,,0,,NOAA,2013-08-08T07:41:24.4230000-06:00,in
37,USC00051772,Snow,1987-05-12T00:00:00.0000000-06:00,0.000000,P,,0,,NOAA,2013-08-08T07:41:24.4230000-06:00,in
37,USC00051772,Snow,1987-05-13T00:00:00.0000000-06:00,0.000000,P,,0,,NOAA,2013-08-08T07:41:24.4230000-06:00,in
37,USC00051772,Snow,1987-05-14T00:00:00.0000000-06:00,0.000000,P,,0,,NOAA,2013-08-08T07:41:24.4230000-06:00,in
37,USC00051772,Snow,1987-05-15T00:00:00.0000000-06:00,0.000000,P,,0,,NOAA,2013-08-08T07:41:24.4230000-06:00,in
37,USC00051772,Snow,1987-05-16T00:00:00.0000000-06:00,0.000000,P,,0,,NOAA,2013-08-08T07:41:24.4230000-06:00,in
37,USC00051772,Snow,1987-05-17T00:00:00.0000000-06:00,0.000000,P,,0,,NOAA,2013-08-08T07:41:24.4230000-06:00,in
37,USC00051772,Snow,1987-05-18T00:00:00.0000000-06:00,0.000000,P,,0,,NOAA,2013-08-08T07:41:24.4230000-06:00,in
37,USC00051772,Snow,1987-05-19T00:00:00.0000000-06:00,0.000000,P,,0,,NOAA,2013-08-08T07:41:24.4230000-06:00,in
37,USC00051772,Snow,1987-05-20T00:00:00.0000000-06:00,0.000000,P,,0,,NOAA,2013-08-08T07:41:24.4230000-06:00,in
37,USC00051772,Snow,1987-05-21T00:00:00.0000000-06:00,0.000000,P,,0,,NOAA,2013-08-08T07:41:24.4230000-06:00,in
37,USC00051772,Snow,1987-05-22T00:00:00.0000000-06:00,0.000000,P,,0,,NOAA,2013-08-08T07:41:24.4230000-06:00,in
37,USC00051772,Snow,1987-05-23T00:00:00.0000000-06:00,0.000000,P,,0,,NOAA,2013-08-08T07:41:24.4230000-06:00,in
37,USC00051772,Snow,1987-05-24T00:00:00.0000000-06:00,0.000000,P,,0,,NOAA,2013-08-08T07:41:24.4230000-06:00,in
37,USC00051772,Snow,1987-05-25T00:00:00.0000000-06:00,0.000000,P,,0,,NOAA,2013-08-08T07:41:24.4230000-06:00,in
37,USC00051772,Snow,1987-05-26T00:00:00.0000000-06:00,0.000000,P,,0,,NOAA,2013-08-08T07:41:24.4230000-06:00,in
37,USC00051772,Snow,1987-05-27T00:00:00.0000000-06:00,0.000000,P,,0,,NOAA,2013-08-08T07:41:24.4230000-06:00,in
37,USC00051772,Snow,1987-05-28T00:00:00.0000000-06:00,0.000000,P,,0,,NOAA,2013-08-08T07:41:24.4230000-06:00,in
37,USC00051772,Snow,1987-05-29T00:00:00.0000000-06:00,0.000000,P,,0,,NOAA,2013-08-08T07:41:24.4230000-06:00,in
37,USC00051772,Snow,1987-05-30T00:00:00.0000000-06:00,0.000000,P,,0,,NOAA,2013-08-08T07:41:24.4230000-06:00,in
37,USC00051772,Snow,1987-05-31T00:00:00.0000000-06:00,0.000000,P,,0,,NOAA,2013-08-08T07:41:24.4230000-06:00,in
37,USC00051772,Snow,1987-06-01T00:00:00.0000000-06:00,0.000000,P,,0,,NOAA,2013-08-08T07:41:24.4230000-06:00,in
37,USC00051772,Snow,1987-06-02T00:00:00.0000000-06:00,0.000000,P,,0,,NOAA,2013-08-08T07:41:24.4230000-06:00,in
37,USC00051772,Snow,1987-06-03T00:00:00.0000000-06:00,0.000000,P,,0,,NOAA,2013-08-08T07:41:24.4230000-06:00,in
37,USC00051772,Snow,1987-06-04T00:00:00.0000000-06:00,0.000000,P,,0,,NOAA,2013-08-08T07:41:24.4230000-06:00,in
37,USC00051772,Snow,1987-06-05T00:00:00.0000000-06:00,0.000000,P,,0,,NOAA,2013-08-08T07:41:24.4230000-06:00,in
37,USC00051772,Snow,1987-06-06T00:00:00.0000000-06:00,0.000000,P,,0,,NOAA,2013-08-08T07:41:24.4230000-06:00,in
37,USC00051772,Snow,1987-06-07T00:00:00.0000000-06:00,0.000000,P,,0,,NOAA,2013-08-08T07:41:24.4230000-06:00,in
37,USC00051772,Snow,1987-06-08T00:00:00.0000000-06:00,0.000000,P,,0,,NOAA,2013-08-08T07:41:24.4230000-06:00,in
37,USC00051772,Snow,1987-06-09T00:00:00.0000000-06:00,0.000000,P,,0,,NOAA,2013-08-08T07:41:24.4230000-06:00,in
37,USC00051772,Snow,1987-06-10T00:00:00.0000000-06:00,0.000000,P,,0,,NOAA,2013-08-08T07:41:24.4230000-06:00,in
37,USC00051772,Snow,1987-06-11T00:00:00.0000000-06:00,0.000000,P,,0,,NOAA,2013-08-08T07:41:24.4230000-06:00,in
37,USC00051772,Snow,1987-06-12T00:00:00.0000000-06:00,0.000000,P,,0,,NOAA,2013-08-08T07:41:24.4230000-06:00,in
37,USC00051772,Snow,1987-06-13T00:00:00.0000000-06:00,0.000000,P,,0,,NOAA,2013-08-08T07:41:24.4230000-06:00,in
37,USC00051772,Snow,1987-06-14T00:00:00.0000000-06:00,0.000000,P,,0,,NOAA,2013-08-08T07:41:24.4230000-06:00,in
37,USC00051772,Snow,1987-06-15T00:00:00.0000000-06:00,0.000000,P,,0,,NOAA,2013-08-08T07:41:24.4230000-06:00,in
37,USC00051772,Snow,1987-06-16T00:00:00.0000000-06:00,0.000000,P,,0,,NOAA,2013-08-08T07:41:24.4230000-06:00,in
37,USC00051772,Snow,1987-06-17T00:00:00.0000000-06:00,0.000000,P,,0,,NOAA,2013-08-08T07:41:24.4230000-06:00,in
37,USC00051772,Snow,1987-06-18T00:00:00.0000000-06:00,0.000000,P,,0,,NOAA,2013-08-08T07:41:24.4230000-06:00,in
37,USC00051772,Snow,1987-06-19T00:00:00.0000000-06:00,0.000000,P,,0,,NOAA,2013-08-08T07:41:24.4230000-06:00,in
37,USC00051772,Snow,1987-06-20T00:00:00.0000000-06:00,0.000000,P,,0,,NOAA,2013-08-08T07:41:24.4230000-06:00,in
37,USC00051772,Snow,1987-06-21T00:00:00.0000000-06:00,0.000000,P,,0,,NOAA,2013-08-08T07:41:24.4230000-06:00,in
37,USC00051772,Snow,1987-06-22T00:00:00.0000000-06:00,0.000000,P,,0,,NOAA,2013-08-08T07:41:24.4230000-06:00,in
37,USC00051772,Snow,1987-06-23T00:00:00.0000000-06:00,0.000000,P,,0,,NOAA,2013-08-08T07:41:24.4230000-06:00,in
37,USC00051772,Snow,1987-06-24T00:00:00.0000000-06:00,0.000000,P,,0,,NOAA,2013-08-08T07:41:24.4230000-06:00,in
37,USC00051772,Snow,1987-06-25T00:00:00.0000000-06:00,0.000000,P,,0,,NOAA,2013-08-08T07:41:24.4230000-06:00,in
37,USC00051772,Snow,1987-06-26T00:00:00.0000000-06:00,0.000000,P,,0,,NOAA,2013-08-08T07:41:24.4230000-06:00,in
37,USC00051772,Snow,1987-06-27T00:00:00.0000000-06:00,0.000000,P,,0,,NOAA,2013-08-08T07:41:24.4230000-06:00,in
37,USC00051772,Snow,1987-06-28T00:00:00.0000000-06:00,0.000000,P,,0,,NOAA,2013-08-08T07:41:24.4230000-06:00,in
37,USC00051772,Snow,1987-06-29T00:00:00.0000000-06:00,0.000000,P,,0,,NOAA,2013-08-08T07:41:24.4230000-06:00,in
37,USC00051772,Snow,1987-06-30T00:00:00.0000000-06:00,0.000000,P,,0,,NOAA,2013-08-08T07:41:24.4230000-06:00,in
37,USC00051772,Snow,1987-07-01T00:00:00.0000000-06:00,0.000000,P,,0,,NOAA,2013-08-08T07:41:24.4230000-06:00,in
37,USC00051772,Snow,1987-07-02T00:00:00.0000000-06:00,0.000000,P,,0,,NOAA,2013-08-08T07:41:24.4230000-06:00,in
37,USC00051772,Snow,1987-07-03T00:00:00.0000000-06:00,0.000000,P,,0,,NOAA,2013-08-08T07:41:24.4230000-06:00,in
37,USC00051772,Snow,1987-07-04T00:00:00.0000000-06:00,0.000000,P,,0,,NOAA,2013-08-08T07:41:24.4230000-06:00,in
37,USC00051772,Snow,1987-07-05T00:00:00.0000000-06:00,0.000000,P,,0,,NOAA,2013-08-08T07:41:24.4230000-06:00,in
37,USC00051772,Snow,1987-07-06T00:00:00.0000000-06:00,0.000000,P,,0,,NOAA,2013-08-08T07:41:24.4230000-06:00,in
37,USC00051772,Snow,1987-07-07T00:00:00.0000000-06:00,0.000000,P,,0,,NOAA,2013-08-08T07:41:24.4230000-06:00,in
37,USC00051772,Snow,1987-07-08T00:00:00.0000000-06:00,0.000000,P,,0,,NOAA,2013-08-08T07:41:24.4230000-06:00,in
37,USC00051772,Snow,1987-07-09T00:00:00.0000000-06:00,0.000000,P,,0,,NOAA,2013-08-08T07:41:24.4230000-06:00,in
37,USC00051772,Snow,1987-07-10T00:00:00.0000000-06:00,0.000000,P,,0,,NOAA,2013-08-08T07:41:24.4230000-06:00,in
37,USC00051772,Snow,1987-07-11T00:00:00.0000000-06:00,0.000000,P,,0,,NOAA,2013-08-08T07:41:24.4230000-06:00,in
37,USC00051772,Snow,1987-07-12T00:00:00.0000000-06:00,0.000000,P,,0,,NOAA,2013-08-08T07:41:24.4230000-06:00,in
37,USC00051772,Snow,1987-07-13T00:00:00.0000000-06:00,0.000000,P,,0,,NOAA,2013-08-08T07:41:24.4230000-06:00,in
37,USC00051772,Snow,1987-07-14T00:00:00.0000000-06:00,0.000000,P,,0,,NOAA,2013-08-08T07:41:24.4230000-06:00,in
37,USC00051772,Snow,1987-07-15T00:00:00.0000000-06:00,0.000000,P,,0,,NOAA,2013-08-08T07:41:24.4230000-06:00,in
37,USC00051772,Snow,1987-07-16T00:00:00.0000000-06:00,0.000000,P,,0,,NOAA,2013-08-08T07:41:24.4230000-06:00,in
37,USC00051772,Snow,1987-07-17T00:00:00.0000000-06:00,0.000000,P,,0,,NOAA,2013-08-08T07:41:24.4230000-06:00,in
37,USC00051772,Snow,1987-07-18T00:00:00.0000000-06:00,0.000000,P,,0,,NOAA,2013-08-08T07:41:24.4230000-06:00,in
37,USC00051772,Snow,1987-07-19T00:00:00.0000000-06:00,0.000000,P,,0,,NOAA,2013-08-08T07:41:24.4230000-06:00,in
37,USC00051772,Snow,1987-07-20T00:00:00.0000000-06:00,0.000000,P,,0,,NOAA,2013-08-08T07:41:24.4230000-06:00,in
37,USC00051772,Snow,1987-07-21T00:00:00.0000000-06:00,0.000000,P,,0,,NOAA,2013-08-08T07:41:24.4230000-06:00,in
37,USC00051772,Snow,1987-07-22T00:00:00.0000000-06:00,0.000000,P,,0,,NOAA,2013-08-08T07:41:24.4230000-06:00,in
37,USC00051772,Snow,1987-07-23T00:00:00.0000000-06:00,0.000000,P,,0,,NOAA,2013-08-08T07:41:24.4230000-06:00,in
37,USC00051772,Snow,1987-07-24T00:00:00.0000000-06:00,0.000000,P,,0,,NOAA,2013-08-08T07:41:24.4230000-06:00,in
37,USC00051772,Snow,1987-07-25T00:00:00.0000000-06:00,0.000000,P,,0,,NOAA,2013-08-08T07:41:24.4230000-06:00,in
37,USC00051772,Snow,1987-07-26T00:00:00.0000000-06:00,0.000000,P,,0,,NOAA,2013-08-08T07:41:24.4230000-06:00,in
37,USC00051772,Snow,1987-07-27T00:00:00.0000000-06:00,0.000000,P,,0,,NOAA,2013-08-08T07:41:24.4230000-06:00,in
37,USC00051772,Snow,1987-07-28T00:00:00.0000000-06:00,0.000000,P,,0,,NOAA,2013-08-08T07:41:24.4230000-06:00,in
37,USC00051772,Snow,1987-07-29T00:00:00.0000000-06:00,0.000000,P,,0,,NOAA,2013-08-08T07:41:24.4230000-06:00,in
37,USC00051772,Snow,1987-07-30T00:00:00.0000000-06:00,0.000000,P,,0,,NOAA,2013-08-08T07:41:24.4230000-06:00,in
37,USC00051772,Snow,1987-07-31T00:00:00.0000000-06:00,0.000000,P,,0,,NOAA,2013-08-08T07:41:24.4230000-06:00,in
37,USC00051772,Snow,1987-08-01T00:00:00.0000000-06:00,0.000000,P,,0,,NOAA,2013-08-08T07:41:24.4230000-06:00,in
37,USC00051772,Snow,1987-08-02T00:00:00.0000000-06:00,0.000000,P,,0,,NOAA,2013-08-08T07:41:24.4230000-06:00,in
37,USC00051772,Snow,1987-08-03T00:00:00.0000000-06:00,0.000000,P,,0,,NOAA,2013-08-08T07:41:24.4230000-06:00,in
37,USC00051772,Snow,1987-08-04T00:00:00.0000000-06:00,0.000000,P,,0,,NOAA,2013-08-08T07:41:24.4230000-06:00,in
37,USC00051772,Snow,1987-08-05T00:00:00.0000000-06:00,0.000000,P,,0,,NOAA,2013-08-08T07:41:24.4230000-06:00,in
37,USC00051772,Snow,1987-08-06T00:00:00.0000000-06:00,0.000000,P,,0,,NOAA,2013-08-08T07:41:24.4230000-06:00,in
37,USC00051772,Snow,1987-08-07T00:00:00.0000000-06:00,0.000000,P,,0,,NOAA,2013-08-08T07:41:24.4230000-06:00,in
37,USC00051772,Snow,1987-08-08T00:00:00.0000000-06:00,0.000000,P,,0,,NOAA,2013-08-08T07:41:24.4230000-06:00,in
37,USC00051772,Snow,1987-08-09T00:00:00.0000000-06:00,0.000000,P,,0,,NOAA,2013-08-08T07:41:24.4230000-06:00,in
37,USC00051772,Snow,1987-08-10T00:00:00.0000000-06:00,0.000000,P,,0,,NOAA,2013-08-08T07:41:24.4230000-06:00,in
37,USC00051772,Snow,1987-08-11T00:00:00.0000000-06:00,0.000000,P,,0,,NOAA,2013-08-08T07:41:24.4230000-06:00,in
37,USC00051772,Snow,1987-08-12T00:00:00.0000000-06:00,0.000000,P,,0,,NOAA,2013-08-08T07:41:24.4230000-06:00,in
37,USC00051772,Snow,1987-08-13T00:00:00.0000000-06:00,0.000000,P,,0,,NOAA,2013-08-08T07:41:24.4230000-06:00,in
37,USC00051772,Snow,1987-08-14T00:00:00.0000000-06:00,0.000000,P,,0,,NOAA,2013-08-08T07:41:24.4230000-06:00,in
37,USC00051772,Snow,1987-08-15T00:00:00.0000000-06:00,0.000000,P,,0,,NOAA,2013-08-08T07:41:24.4230000-06:00,in
37,USC00051772,Snow,1987-08-16T00:00:00.0000000-06:00,0.000000,P,,0,,NOAA,2013-08-08T07:41:24.4230000-06:00,in
37,USC00051772,Snow,1987-08-17T00:00:00.0000000-06:00,0.000000,P,,0,,NOAA,2013-08-08T07:41:24.4230000-06:00,in
37,USC00051772,Snow,1987-08-18T00:00:00.0000000-06:00,0.000000,P,,0,,NOAA,2013-08-08T07:41:24.4230000-06:00,in
37,USC00051772,Snow,1987-08-19T00:00:00.0000000-06:00,0.000000,P,,0,,NOAA,2013-08-08T07:41:24.4230000-06:00,in
37,USC00051772,Snow,1987-08-20T00:00:00.0000000-06:00,0.000000,P,,0,,NOAA,2013-08-08T07:41:24.4230000-06:00,in
37,USC00051772,Snow,1987-08-21T00:00:00.0000000-06:00,0.000000,P,,0,,NOAA,2013-08-08T07:41:24.4230000-06:00,in
37,USC00051772,Snow,1987-08-22T00:00:00.0000000-06:00,0.000000,P,,0,,NOAA,2013-08-08T07:41:24.4230000-06:00,in
37,USC00051772,Snow,1987-08-23T00:00:00.0000000-06:00,0.000000,P,,0,,NOAA,2013-08-08T07:41:24.4230000-06:00,in
37,USC00051772,Snow,1987-08-24T00:00:00.0000000-06:00,0.000000,P,,0,,NOAA,2013-08-08T07:41:24.4230000-06:00,in
37,USC00051772,Snow,1987-08-25T00:00:00.0000000-06:00,0.000000,P,,0,,NOAA,2013-08-08T07:41:24.4230000-06:00,in
37,USC00051772,Snow,1987-08-26T00:00:00.0000000-06:00,0.000000,P,,0,,NOAA,2013-08-08T07:41:24.4230000-06:00,in
37,USC00051772,Snow,1987-08-27T00:00:00.0000000-06:00,0.000000,P,,0,,NOAA,2013-08-08T07:41:24.4230000-06:00,in
37,USC00051772,Snow,1987-08-28T00:00:00.0000000-06:00,0.000000,P,,0,,NOAA,2013-08-08T07:41:24.4230000-06:00,in
37,USC00051772,Snow,1987-08-29T00:00:00.0000000-06:00,0.000000,P,,0,,NOAA,2013-08-08T07:41:24.4230000-06:00,in
37,USC00051772,Snow,1987-08-30T00:00:00.0000000-06:00,0.000000,P,,0,,NOAA,2013-08-08T07:41:24.4230000-06:00,in
37,USC00051772,Snow,1987-08-31T00:00:00.0000000-06:00,0.000000,P,,0,,NOAA,2013-08-08T07:41:24.4230000-06:00,in
37,USC00051772,Snow,1987-09-01T00:00:00.0000000-06:00,0.000000,P,,0,,NOAA,2013-08-08T07:41:24.4230000-06:00,in
37,USC00051772,Snow,1987-09-02T00:00:00.0000000-06:00,0.000000,P,,0,,NOAA,2013-08-08T07:41:24.4230000-06:00,in
37,USC00051772,Snow,1987-09-03T00:00:00.0000000-06:00,0.000000,P,,0,,NOAA,2013-08-08T07:41:24.4230000-06:00,in
37,USC00051772,Snow,1987-09-04T00:00:00.0000000-06:00,0.000000,P,,0,,NOAA,2013-08-08T07:41:24.4230000-06:00,in
37,USC00051772,Snow,1987-09-05T00:00:00.0000000-06:00,0.000000,P,,0,,NOAA,2013-08-08T07:41:24.4230000-06:00,in
37,USC00051772,Snow,1987-09-06T00:00:00.0000000-06:00,0.000000,P,,0,,NOAA,2013-08-08T07:41:24.4230000-06:00,in
37,USC00051772,Snow,1987-09-07T00:00:00.0000000-06:00,0.000000,P,,0,,NOAA,2013-08-08T07:41:24.4230000-06:00,in
37,USC00051772,Snow,1987-09-08T00:00:00.0000000-06:00,0.000000,P,,0,,NOAA,2013-08-08T07:41:24.4230000-06:00,in
37,USC00051772,Snow,1987-09-09T00:00:00.0000000-06:00,0.000000,P,,0,,NOAA,2013-08-08T07:41:24.4230000-06:00,in
37,USC00051772,Snow,1987-09-10T00:00:00.0000000-06:00,0.000000,P,,0,,NOAA,2013-08-08T07:41:24.4230000-06:00,in
37,USC00051772,Snow,1987-09-11T00:00:00.0000000-06:00,0.000000,P,,0,,NOAA,2013-08-08T07:41:24.4230000-06:00,in
37,USC00051772,Snow,1987-09-12T00:00:00.0000000-06:00,0.000000,P,,0,,NOAA,2013-08-08T07:41:24.4230000-06:00,in
37,USC00051772,Snow,1987-09-13T00:00:00.0000000-06:00,0.000000,P,,0,,NOAA,2013-08-08T07:41:24.4230000-06:00,in
37,USC00051772,Snow,1987-09-14T00:00:00.0000000-06:00,0.000000,P,,0,,NOAA,2013-08-08T07:41:24.4230000-06:00,in
37,USC00051772,Snow,1987-09-15T00:00:00.0000000-06:00,0.000000,P,,0,,NOAA,2013-08-08T07:41:24.4230000-06:00,in
37,USC00051772,Snow,1987-09-16T00:00:00.0000000-06:00,0.000000,P,,0,,NOAA,2013-08-08T07:41:24.4230000-06:00,in
37,USC00051772,Snow,1987-09-17T00:00:00.0000000-06:00,0.000000,P,,0,,NOAA,2013-08-08T07:41:24.4230000-06:00,in
37,USC00051772,Snow,1987-09-18T00:00:00.0000000-06:00,0.000000,P,,0,,NOAA,2013-08-08T07:41:24.4230000-06:00,in
37,USC00051772,Snow,1987-09-19T00:00:00.0000000-06:00,0.000000,P,,0,,NOAA,2013-08-08T07:41:24.4230000-06:00,in
37,USC00051772,Snow,1987-09-20T00:00:00.0000000-06:00,0.000000,P,,0,,NOAA,2013-08-08T07:41:24.4230000-06:00,in
37,USC00051772,Snow,1987-09-21T00:00:00.0000000-06:00,0.000000,P,,0,,NOAA,2013-08-08T07:41:24.4230000-06:00,in
37,USC00051772,Snow,1987-09-22T00:00:00.0000000-06:00,0.000000,P,,0,,NOAA,2013-08-08T07:41:24.4230000-06:00,in
37,USC00051772,Snow,1987-09-23T00:00:00.0000000-06:00,0.000000,P,,0,,NOAA,2013-08-08T07:41:24.4230000-06:00,in
37,USC00051772,Snow,1987-09-24T00:00:00.0000000-06:00,0.000000,P,,0,,NOAA,2013-08-08T07:41:24.4230000-06:00,in
37,USC00051772,Snow,1987-09-25T00:00:00.0000000-06:00,0.000000,P,,0,,NOAA,2013-08-08T07:41:24.4230000-06:00,in
37,USC00051772,Snow,1987-09-26T00:00:00.0000000-06:00,0.000000,P,,0,,NOAA,2013-08-08T07:41:24.4230000-06:00,in
37,USC00051772,Snow,1987-09-27T00:00:00.0000000-06:00,0.000000,P,,0,,NOAA,2013-08-08T07:41:24.4230000-06:00,in
37,USC00051772,Snow,1987-09-28T00:00:00.0000000-06:00,0.000000,P,,0,,NOAA,2013-08-08T07:41:24.4230000-06:00,in
37,USC00051772,Snow,1987-09-29T00:00:00.0000000-06:00,0.000000,P,,0,,NOAA,2013-08-08T07:41:24.4230000-06:00,in
37,USC00051772,Snow,1987-09-30T00:00:00.0000000-06:00,0.000000,P,,0,,NOAA,2013-08-08T07:41:24.4230000-06:00,in
37,USC00051772,Snow,1987-10-01T00:00:00.0000000-06:00,0.000000,P,,0,,NOAA,2013-08-08T07:41:24.4230000-06:00,in
37,USC00051772,Snow,1987-10-02T00:00:00.0000000-06:00,0.000000,P,,0,,NOAA,2013-08-08T07:41:24.4230000-06:00,in
37,USC00051772,Snow,1987-10-03T00:00:00.0000000-06:00,0.000000,P,,0,,NOAA,2013-08-08T07:41:24.4230000-06:00,in
37,USC00051772,Snow,1987-10-04T00:00:00.0000000-06:00,0.000000,P,,0,,NOAA,2013-08-08T07:41:24.4230000-06:00,in
37,USC00051772,Snow,1987-10-05T00:00:00.0000000-06:00,0.000000,P,,0,,NOAA,2013-08-08T07:41:24.4230000-06:00,in
37,USC00051772,Snow,1987-10-06T00:00:00.0000000-06:00,0.000000,P,,0,,NOAA,2013-08-08T07:41:24.4230000-06:00,in
37,USC00051772,Snow,1987-10-07T00:00:00.0000000-06:00,0.000000,P,,0,,NOAA,2013-08-08T07:41:24.4230000-06:00,in
37,USC00051772,Snow,1987-10-08T00:00:00.0000000-06:00,0.000000,P,,0,,NOAA,2013-08-08T07:41:24.4230000-06:00,in
37,USC00051772,Snow,1987-10-09T00:00:00.0000000-06:00,0.000000,P,,0,,NOAA,2013-08-08T07:41:24.4230000-06:00,in
37,USC00051772,Snow,1987-10-10T00:00:00.0000000-06:00,0.000000,P,,0,,NOAA,2013-08-08T07:41:24.4230000-06:00,in
37,USC00051772,Snow,1987-10-11T00:00:00.0000000-06:00,0.000000,P,,0,,NOAA,2013-08-08T07:41:24.4230000-06:00,in
37,USC00051772,Snow,1987-10-12T00:00:00.0000000-06:00,0.000000,P,,0,,NOAA,2013-08-08T07:41:24.4230000-06:00,in
37,USC00051772,Snow,1987-10-13T00:00:00.0000000-06:00,0.000000,P,,0,,NOAA,2013-08-08T07:41:24.4230000-06:00,in
37,USC00051772,Snow,1987-10-14T00:00:00.0000000-06:00,0.000000,P,,0,,NOAA,2013-08-08T07:41:24.4230000-06:00,in
37,USC00051772,Snow,1987-10-15T00:00:00.0000000-06:00,0.000000,P,,0,,NOAA,2013-08-08T07:41:24.4230000-06:00,in
37,USC00051772,Snow,1987-10-16T00:00:00.0000000-06:00,0.000000,P,,0,,NOAA,2013-08-08T07:41:24.4230000-06:00,in
37,USC00051772,Snow,1987-10-17T00:00:00.0000000-06:00,0.000000,P,,0,,NOAA,2013-08-08T07:41:24.4230000-06:00,in
37,USC00051772,Snow,1987-10-18T00:00:00.0000000-06:00,0.000000,P,,0,,NOAA,2013-08-08T07:41:24.4230000-06:00,in
37,USC00051772,Snow,1987-10-19T00:00:00.0000000-06:00,0.000000,P,,0,,NOAA,2013-08-08T07:41:24.4230000-06:00,in
37,USC00051772,Snow,1987-10-20T00:00:00.0000000-06:00,0.000000,P,,0,,NOAA,2013-08-08T07:41:24.4230000-06:00,in
37,USC00051772,Snow,1987-10-21T00:00:00.0000000-06:00,0.000000,P,,0,,NOAA,2013-08-08T07:41:24.4230000-06:00,in
37,USC00051772,Snow,1987-10-22T00:00:00.0000000-06:00,0.000000,P,,0,,NOAA,2013-08-08T07:41:24.4230000-06:00,in
37,USC00051772,Snow,1987-10-23T00:00:00.0000000-06:00,0.000000,P,,0,,NOAA,2013-08-08T07:41:24.4230000-06:00,in
37,USC00051772,Snow,1987-10-24T00:00:00.0000000-06:00,0.000000,P,,0,,NOAA,2013-08-08T07:41:24.4230000-06:00,in
37,USC00051772,Snow,1987-10-25T00:00:00.0000000-06:00,0.000000,P,,0,,NOAA,2013-08-08T07:41:24.4230000-06:00,in
37,USC00051772,Snow,1987-10-26T00:00:00.0000000-07:00,0.000000,P,,0,,NOAA,2013-08-08T07:41:24.4230000-06:00,in
37,USC00051772,Snow,1987-10-27T00:00:00.0000000-07:00,0.000000,P,,0,,NOAA,2013-08-08T07:41:24.4230000-06:00,in
37,USC00051772,Snow,1987-10-28T00:00:00.0000000-07:00,0.000000,P,,0,,NOAA,2013-08-08T07:41:24.4230000-06:00,in
37,USC00051772,Snow,1987-10-29T00:00:00.0000000-07:00,0.000000,P,,0,,NOAA,2013-08-08T07:41:24.4230000-06:00,in
37,USC00051772,Snow,1987-10-30T00:00:00.0000000-07:00,0.000000,P,,0,,NOAA,2013-08-08T07:41:24.4230000-06:00,in
37,USC00051772,Snow,1987-10-31T00:00:00.0000000-07:00,0.000000,P,,0,,NOAA,2013-08-08T07:41:24.4230000-06:00,in
37,USC00051772,Snow,1987-11-01T00:00:00.0000000-07:00,0.000000,P,,0,,NOAA,2013-08-08T07:41:24.4230000-06:00,in
37,USC00051772,Snow,1987-11-02T00:00:00.0000000-07:00,0.000000,P,,0,,NOAA,2013-08-08T07:41:24.4230000-06:00,in
37,USC00051772,Snow,1987-11-03T00:00:00.0000000-07:00,0.000000,P,,0,,NOAA,2013-08-08T07:41:24.4230000-06:00,in
37,USC00051772,Snow,1987-11-04T00:00:00.0000000-07:00,0.000000,P,,0,,NOAA,2013-08-08T07:41:24.4230000-06:00,in
37,USC00051772,Snow,1987-11-05T00:00:00.0000000-07:00,0.000000,P,,0,,NOAA,2013-08-08T07:41:24.4230000-06:00,in
37,USC00051772,Snow,1987-11-06T00:00:00.0000000-07:00,0.000000,P,,0,,NOAA,2013-08-08T07:41:24.4230000-06:00,in
37,USC00051772,Snow,1987-11-07T00:00:00.0000000-07:00,0.000000,P,,0,,NOAA,2013-08-08T07:41:24.4230000-06:00,in
37,USC00051772,Snow,1987-11-08T00:00:00.0000000-07:00,0.000000,P,,0,,NOAA,2013-08-08T07:41:24.4230000-06:00,in
37,USC00051772,Snow,1987-11-09T00:00:00.0000000-07:00,0.000000,P,,0,,NOAA,2013-08-08T07:41:24.4230000-06:00,in
37,USC00051772,Snow,1987-11-10T00:00:00.0000000-07:00,0.000000,P,,0,,NOAA,2013-08-08T07:41:24.4230000-06:00,in
37,USC00051772,Snow,1987-11-11T00:00:00.0000000-07:00,0.000000,P,,0,,NOAA,2013-08-08T07:41:24.4230000-06:00,in
37,USC00051772,Snow,1987-11-12T00:00:00.0000000-07:00,0.000000,P,,0,,NOAA,2013-08-08T07:41:24.4230000-06:00,in
37,USC00051772,Snow,1987-11-13T00:00:00.0000000-07:00,0.000000,P,,0,,NOAA,2013-08-08T07:41:24.4230000-06:00,in
37,USC00051772,Snow,1987-11-14T00:00:00.0000000-07:00,0.000000,P,,0,,NOAA,2013-08-08T07:41:24.4230000-06:00,in
37,USC00051772,Snow,1987-11-15T00:00:00.0000000-07:00,0.984252,,,0,,NOAA,2013-08-08T07:41:24.4230000-06:00,in
37,USC00051772,Snow,1987-11-16T00:00:00.0000000-07:00,0.000000,P,,0,,NOAA,2013-08-08T07:41:24.4230000-06:00,in
37,USC00051772,Snow,1987-11-17T00:00:00.0000000-07:00,0.000000,P,,0,,NOAA,2013-08-08T07:41:24.4230000-06:00,in
37,USC00051772,Snow,1987-11-18T00:00:00.0000000-07:00,0.984252,,,0,,NOAA,2013-08-08T07:41:24.4230000-06:00,in
37,USC00051772,Snow,1987-11-19T00:00:00.0000000-07:00,0.000000,P,,0,,NOAA,2013-08-08T07:41:24.4230000-06:00,in
37,USC00051772,Snow,1987-11-20T00:00:00.0000000-07:00,0.000000,P,,0,,NOAA,2013-08-08T07:41:24.4230000-06:00,in
37,USC00051772,Snow,1987-11-21T00:00:00.0000000-07:00,0.000000,P,,0,,NOAA,2013-08-08T07:41:24.4230000-06:00,in
37,USC00051772,Snow,1987-11-22T00:00:00.0000000-07:00,0.000000,P,,0,,NOAA,2013-08-08T07:41:24.4230000-06:00,in
37,USC00051772,Snow,1987-11-23T00:00:00.0000000-07:00,0.000000,P,,0,,NOAA,2013-08-08T07:41:24.4230000-06:00,in
37,USC00051772,Snow,1987-11-24T00:00:00.0000000-07:00,0.000000,P,,0,,NOAA,2013-08-08T07:41:24.4230000-06:00,in
37,USC00051772,Snow,1987-11-25T00:00:00.0000000-07:00,0.000000,P,,0,,NOAA,2013-08-08T07:41:24.4230000-06:00,in
37,USC00051772,Snow,1987-11-26T00:00:00.0000000-07:00,0.314961,,,0,,NOAA,2013-08-08T07:41:24.4230000-06:00,in
37,USC00051772,Snow,1987-11-27T00:00:00.0000000-07:00,0.984252,,,0,,NOAA,2013-08-08T07:41:24.4230000-06:00,in
37,USC00051772,Snow,1987-11-28T00:00:00.0000000-07:00,0.000000,P,,0,,NOAA,2013-08-08T07:41:24.4230000-06:00,in
37,USC00051772,Snow,1987-11-29T00:00:00.0000000-07:00,0.000000,P,,0,,NOAA,2013-08-08T07:41:24.4230000-06:00,in
37,USC00051772,Snow,1987-11-30T00:00:00.0000000-07:00,0.000000,P,,0,,NOAA,2013-08-08T07:41:24.4230000-06:00,in
37,USC00051772,Snow,1987-12-01T00:00:00.0000000-07:00,0.000000,P,,0,,NOAA,2013-08-08T07:41:24.4230000-06:00,in
37,USC00051772,Snow,1987-12-02T00:00:00.0000000-07:00,0.000000,P,,0,,NOAA,2013-08-08T07:41:24.4230000-06:00,in
37,USC00051772,Snow,1987-12-03T00:00:00.0000000-07:00,0.000000,P,,0,,NOAA,2013-08-08T07:41:24.4230000-06:00,in
37,USC00051772,Snow,1987-12-04T00:00:00.0000000-07:00,0.000000,P,,0,,NOAA,2013-08-08T07:41:24.4230000-06:00,in
37,USC00051772,Snow,1987-12-05T00:00:00.0000000-07:00,0.000000,P,,0,,NOAA,2013-08-08T07:41:24.4230000-06:00,in
37,USC00051772,Snow,1987-12-06T00:00:00.0000000-07:00,0.000000,T,,0,,NOAA,2013-08-08T07:41:24.4230000-06:00,in
37,USC00051772,Snow,1987-12-07T00:00:00.0000000-07:00,0.000000,P,,0,,NOAA,2013-08-08T07:41:24.4230000-06:00,in
37,USC00051772,Snow,1987-12-08T00:00:00.0000000-07:00,0.000000,P,,0,,NOAA,2013-08-08T07:41:24.4230000-06:00,in
37,USC00051772,Snow,1987-12-09T00:00:00.0000000-07:00,0.000000,P,,0,,NOAA,2013-08-08T07:41:24.4230000-06:00,in
37,USC00051772,Snow,1987-12-10T00:00:00.0000000-07:00,0.000000,P,,0,,NOAA,2013-08-08T07:41:24.4230000-06:00,in
37,USC00051772,Snow,1987-12-11T00:00:00.0000000-07:00,0.000000,P,,0,,NOAA,2013-08-08T07:41:24.4230000-06:00,in
37,USC00051772,Snow,1987-12-12T00:00:00.0000000-07:00,0.000000,P,,0,,NOAA,2013-08-08T07:41:24.4230000-06:00,in
37,USC00051772,Snow,1987-12-13T00:00:00.0000000-07:00,0.314961,,,0,,NOAA,2013-08-08T07:41:24.4230000-06:00,in
37,USC00051772,Snow,1987-12-14T00:00:00.0000000-07:00,0.000000,P,,0,,NOAA,2013-08-08T07:41:24.4230000-06:00,in
37,USC00051772,Snow,1987-12-15T00:00:00.0000000-07:00,0.000000,P,,0,,NOAA,2013-08-08T07:41:24.4230000-06:00,in
37,USC00051772,Snow,1987-12-16T00:00:00.0000000-07:00,0.000000,P,,0,,NOAA,2013-08-08T07:41:24.4230000-06:00,in
37,USC00051772,Snow,1987-12-17T00:00:00.0000000-07:00,0.000000,P,,0,,NOAA,2013-08-08T07:41:24.4230000-06:00,in
37,USC00051772,Snow,1987-12-18T00:00:00.0000000-07:00,2.992126,,,0,,NOAA,2013-08-08T07:41:24.4230000-06:00,in
37,USC00051772,Snow,1987-12-19T00:00:00.0000000-07:00,0.511811,,,0,,NOAA,2013-08-08T07:41:24.4230000-06:00,in
37,USC00051772,Snow,1987-12-20T00:00:00.0000000-07:00,0.000000,P,,0,,NOAA,2013-08-08T07:41:24.4230000-06:00,in
37,USC00051772,Snow,1987-12-21T00:00:00.0000000-07:00,0.000000,P,,0,,NOAA,2013-08-08T07:41:24.4230000-06:00,in
37,USC00051772,Snow,1987-12-22T00:00:00.0000000-07:00,0.000000,P,,0,,NOAA,2013-08-08T07:41:24.4230000-06:00,in
37,USC00051772,Snow,1987-12-23T00:00:00.0000000-07:00,0.984252,,,0,,NOAA,2013-08-08T07:41:24.4230000-06:00,in
37,USC00051772,Snow,1987-12-24T00:00:00.0000000-07:00,2.007874,,,0,,NOAA,2013-08-08T07:41:24.4230000-06:00,in
37,USC00051772,Snow,1987-12-25T00:00:00.0000000-07:00,0.511811,,,0,,NOAA,2013-08-08T07:41:24.4230000-06:00,in
37,USC00051772,Snow,1987-12-26T00:00:00.0000000-07:00,0.000000,P,,0,,NOAA,2013-08-08T07:41:24.4230000-06:00,in
37,USC00051772,Snow,1987-12-28T00:00:00.0000000-07:00,0.000000,P,,0,,NOAA,2013-08-08T07:41:24.4230000-06:00,in
37,USC00051772,Snow,1987-12-29T00:00:00.0000000-07:00,0.000000,P,,0,,NOAA,2013-08-08T07:41:24.4230000-06:00,in
37,USC00051772,Snow,1987-12-30T00:00:00.0000000-07:00,0.000000,P,,0,,NOAA,2013-08-08T07:41:24.4230000-06:00,in
37,USC00051772,Snow,1987-12-31T00:00:00.0000000-07:00,0.000000,P,,0,,NOAA,2013-08-08T07:41:24.4230000-06:00,in
37,USC00051772,Snow,1988-01-01T00:00:00.0000000-07:00,0.000000,P,,0,,NOAA,2013-08-08T07:41:24.4230000-06:00,in
37,USC00051772,Snow,1988-01-02T00:00:00.0000000-07:00,0.000000,P,,0,,NOAA,2013-08-08T07:41:24.4230000-06:00,in
37,USC00051772,Snow,1988-01-03T00:00:00.0000000-07:00,0.000000,P,,0,,NOAA,2013-08-08T07:41:24.4230000-06:00,in
37,USC00051772,Snow,1988-01-04T00:00:00.0000000-07:00,0.000000,P,,0,,NOAA,2013-08-08T07:41:24.4230000-06:00,in
37,USC00051772,Snow,1988-01-05T00:00:00.0000000-07:00,2.519685,,,0,,NOAA,2013-08-08T07:41:24.4230000-06:00,in
37,USC00051772,Snow,1988-01-06T00:00:00.0000000-07:00,2.992126,,,0,,NOAA,2013-08-08T07:41:24.4230000-06:00,in
37,USC00051772,Snow,1988-01-07T00:00:00.0000000-07:00,0.984252,,,0,,NOAA,2013-08-08T07:41:24.4230000-06:00,in
37,USC00051772,Snow,1988-01-08T00:00:00.0000000-07:00,0.314961,,,0,,NOAA,2013-08-08T07:41:24.4230000-06:00,in
37,USC00051772,Snow,1988-01-09T00:00:00.0000000-07:00,0.000000,P,,0,,NOAA,2013-08-08T07:41:24.4230000-06:00,in
37,USC00051772,Snow,1988-01-10T00:00:00.0000000-07:00,0.000000,P,,0,,NOAA,2013-08-08T07:41:24.4230000-06:00,in
37,USC00051772,Snow,1988-01-11T00:00:00.0000000-07:00,0.000000,P,,0,,NOAA,2013-08-08T07:41:24.4230000-06:00,in
37,USC00051772,Snow,1988-01-12T00:00:00.0000000-07:00,1.496063,,,0,,NOAA,2013-08-08T07:41:24.4230000-06:00,in
37,USC00051772,Snow,1988-01-13T00:00:00.0000000-07:00,0.000000,P,,0,,NOAA,2013-08-08T07:41:24.4230000-06:00,in
37,USC00051772,Snow,1988-01-14T00:00:00.0000000-07:00,0.000000,P,,0,,NOAA,2013-08-08T07:41:24.4230000-06:00,in
37,USC00051772,Snow,1988-01-15T00:00:00.0000000-07:00,0.000000,P,,0,,NOAA,2013-08-08T07:41:24.4230000-06:00,in
37,USC00051772,Snow,1988-01-16T00:00:00.0000000-07:00,0.000000,P,,0,,NOAA,2013-08-08T07:41:24.4230000-06:00,in
37,USC00051772,Snow,1988-01-17T00:00:00.0000000-07:00,2.519685,,,0,,NOAA,2013-08-08T07:41:24.4230000-06:00,in
37,USC00051772,Snow,1988-01-18T00:00:00.0000000-07:00,0.000000,P,,0,,NOAA,2013-08-08T07:41:24.4230000-06:00,in
37,USC00051772,Snow,1988-01-19T00:00:00.0000000-07:00,2.992126,,,0,,NOAA,2013-08-08T07:41:24.4230000-06:00,in
37,USC00051772,Snow,1988-01-20T00:00:00.0000000-07:00,0.000000,P,,0,,NOAA,2013-08-08T07:41:24.4230000-06:00,in
37,USC00051772,Snow,1988-01-21T00:00:00.0000000-07:00,0.000000,P,,0,,NOAA,2013-08-08T07:41:24.4230000-06:00,in
37,USC00051772,Snow,1988-01-22T00:00:00.0000000-07:00,0.000000,P,,0,,NOAA,2013-08-08T07:41:24.4230000-06:00,in
37,USC00051772,Snow,1988-01-23T00:00:00.0000000-07:00,0.000000,P,,0,,NOAA,2013-08-08T07:41:24.4230000-06:00,in
37,USC00051772,Snow,1988-01-24T00:00:00.0000000-07:00,0.000000,P,,0,,NOAA,2013-08-08T07:41:24.4230000-06:00,in
37,USC00051772,Snow,1988-01-25T00:00:00.0000000-07:00,0.000000,P,,0,,NOAA,2013-08-08T07:41:24.4230000-06:00,in
37,USC00051772,Snow,1988-01-26T00:00:00.0000000-07:00,0.000000,P,,0,,NOAA,2013-08-08T07:41:24.4230000-06:00,in
37,USC00051772,Snow,1988-01-27T00:00:00.0000000-07:00,0.000000,P,,0,,NOAA,2013-08-08T07:41:24.4230000-06:00,in
37,USC00051772,Snow,1988-01-28T00:00:00.0000000-07:00,0.000000,P,,0,,NOAA,2013-08-08T07:41:24.4230000-06:00,in
37,USC00051772,Snow,1988-01-29T00:00:00.0000000-07:00,0.000000,P,,0,,NOAA,2013-08-08T07:41:24.4230000-06:00,in
37,USC00051772,Snow,1988-01-30T00:00:00.0000000-07:00,0.000000,P,,0,,NOAA,2013-08-08T07:41:24.4230000-06:00,in
37,USC00051772,Snow,1988-01-31T00:00:00.0000000-07:00,0.000000,P,,0,,NOAA,2013-08-08T07:41:24.4230000-06:00,in
37,USC00051772,Snow,1988-02-01T00:00:00.0000000-07:00,0.000000,P,,0,,NOAA,2013-08-08T07:41:24.4230000-06:00,in
37,USC00051772,Snow,1988-02-02T00:00:00.0000000-07:00,0.511811,,,0,,NOAA,2013-08-08T07:41:24.4230000-06:00,in
37,USC00051772,Snow,1988-02-03T00:00:00.0000000-07:00,2.007874,,,0,,NOAA,2013-08-08T07:41:24.4230000-06:00,in
37,USC00051772,Snow,1988-02-04T00:00:00.0000000-07:00,0.000000,P,,0,,NOAA,2013-08-08T07:41:24.4230000-06:00,in
37,USC00051772,Snow,1988-02-05T00:00:00.0000000-07:00,0.000000,P,,0,,NOAA,2013-08-08T07:41:24.4230000-06:00,in
37,USC00051772,Snow,1988-02-06T00:00:00.0000000-07:00,0.000000,P,,0,,NOAA,2013-08-08T07:41:24.4230000-06:00,in
37,USC00051772,Snow,1988-02-07T00:00:00.0000000-07:00,0.000000,P,,0,,NOAA,2013-08-08T07:41:24.4230000-06:00,in
37,USC00051772,Snow,1988-02-08T00:00:00.0000000-07:00,0.000000,P,,0,,NOAA,2013-08-08T07:41:24.4230000-06:00,in
37,USC00051772,Snow,1988-02-09T00:00:00.0000000-07:00,0.000000,P,,0,,NOAA,2013-08-08T07:41:24.4230000-06:00,in
37,USC00051772,Snow,1988-02-10T00:00:00.0000000-07:00,0.000000,P,,0,,NOAA,2013-08-08T07:41:24.4230000-06:00,in
37,USC00051772,Snow,1988-02-11T00:00:00.0000000-07:00,0.000000,P,,0,,NOAA,2013-08-08T07:41:24.4230000-06:00,in
37,USC00051772,Snow,1988-02-12T00:00:00.0000000-07:00,0.000000,P,,0,,NOAA,2013-08-08T07:41:24.4230000-06:00,in
37,USC00051772,Snow,1988-02-13T00:00:00.0000000-07:00,0.000000,P,,0,,NOAA,2013-08-08T07:41:24.4230000-06:00,in
37,USC00051772,Snow,1988-02-14T00:00:00.0000000-07:00,0.000000,P,,0,,NOAA,2013-08-08T07:41:24.4230000-06:00,in
37,USC00051772,Snow,1988-02-15T00:00:00.0000000-07:00,0.000000,P,,0,,NOAA,2013-08-08T07:41:24.4230000-06:00,in
37,USC00051772,Snow,1988-02-16T00:00:00.0000000-07:00,0.000000,P,,0,,NOAA,2013-08-08T07:41:24.4230000-06:00,in
37,USC00051772,Snow,1988-02-17T00:00:00.0000000-07:00,0.000000,P,,0,,NOAA,2013-08-08T07:41:24.4230000-06:00,in
37,USC00051772,Snow,1988-02-18T00:00:00.0000000-07:00,0.000000,P,,0,,NOAA,2013-08-08T07:41:24.4230000-06:00,in
37,USC00051772,Snow,1988-02-19T00:00:00.0000000-07:00,0.000000,P,,0,,NOAA,2013-08-08T07:41:24.4230000-06:00,in
37,USC00051772,Snow,1988-02-20T00:00:00.0000000-07:00,0.000000,P,,0,,NOAA,2013-08-08T07:41:24.4230000-06:00,in
37,USC00051772,Snow,1988-02-21T00:00:00.0000000-07:00,0.000000,P,,0,,NOAA,2013-08-08T07:41:24.4230000-06:00,in
37,USC00051772,Snow,1988-02-22T00:00:00.0000000-07:00,0.000000,P,,0,,NOAA,2013-08-08T07:41:24.4230000-06:00,in
37,USC00051772,Snow,1988-02-23T00:00:00.0000000-07:00,0.000000,P,,0,,NOAA,2013-08-08T07:41:24.4230000-06:00,in
37,USC00051772,Snow,1988-02-24T00:00:00.0000000-07:00,0.000000,P,,0,,NOAA,2013-08-08T07:41:24.4230000-06:00,in
37,USC00051772,Snow,1988-02-25T00:00:00.0000000-07:00,0.000000,P,,0,,NOAA,2013-08-08T07:41:24.4230000-06:00,in
37,USC00051772,Snow,1988-02-26T00:00:00.0000000-07:00,0.000000,P,,0,,NOAA,2013-08-08T07:41:24.4230000-06:00,in
37,USC00051772,Snow,1988-02-27T00:00:00.0000000-07:00,0.000000,P,,0,,NOAA,2013-08-08T07:41:24.4230000-06:00,in
37,USC00051772,Snow,1988-02-28T00:00:00.0000000-07:00,0.000000,P,,0,,NOAA,2013-08-08T07:41:24.4230000-06:00,in
37,USC00051772,Snow,1988-02-29T00:00:00.0000000-07:00,0.000000,P,,0,,NOAA,2013-08-08T07:41:24.4230000-06:00,in
37,USC00051772,Snow,1988-03-01T00:00:00.0000000-07:00,0.000000,P,,0,,NOAA,2013-08-08T07:41:24.4230000-06:00,in
37,USC00051772,Snow,1988-03-02T00:00:00.0000000-07:00,0.000000,P,,0,,NOAA,2013-08-08T07:41:24.4230000-06:00,in
37,USC00051772,Snow,1988-03-03T00:00:00.0000000-07:00,0.000000,P,,0,,NOAA,2013-08-08T07:41:24.4230000-06:00,in
37,USC00051772,Snow,1988-03-04T00:00:00.0000000-07:00,0.000000,P,,0,,NOAA,2013-08-08T07:41:24.4230000-06:00,in
37,USC00051772,Snow,1988-03-05T00:00:00.0000000-07:00,0.000000,P,,0,,NOAA,2013-08-08T07:41:24.4230000-06:00,in
37,USC00051772,Snow,1988-03-06T00:00:00.0000000-07:00,0.000000,P,,0,,NOAA,2013-08-08T07:41:24.4230000-06:00,in
37,USC00051772,Snow,1988-03-07T00:00:00.0000000-07:00,0.000000,P,,0,,NOAA,2013-08-08T07:41:24.4230000-06:00,in
37,USC00051772,Snow,1988-03-08T00:00:00.0000000-07:00,0.000000,P,,0,,NOAA,2013-08-08T07:41:24.4230000-06:00,in
37,USC00051772,Snow,1988-03-09T00:00:00.0000000-07:00,0.000000,P,,0,,NOAA,2013-08-08T07:41:24.4230000-06:00,in
37,USC00051772,Snow,1988-03-10T00:00:00.0000000-07:00,0.000000,P,,0,,NOAA,2013-08-08T07:41:24.4230000-06:00,in
37,USC00051772,Snow,1988-03-11T00:00:00.0000000-07:00,0.000000,T,,0,,NOAA,2013-08-08T07:41:24.4230000-06:00,in
37,USC00051772,Snow,1988-03-12T00:00:00.0000000-07:00,0.000000,P,,0,,NOAA,2013-08-08T07:41:24.4230000-06:00,in
37,USC00051772,Snow,1988-03-13T00:00:00.0000000-07:00,1.496063,,,0,,NOAA,2013-08-08T07:41:24.4230000-06:00,in
37,USC00051772,Snow,1988-03-14T00:00:00.0000000-07:00,0.000000,P,,0,,NOAA,2013-08-08T07:41:24.4230000-06:00,in
37,USC00051772,Snow,1988-03-15T00:00:00.0000000-07:00,0.000000,P,,0,,NOAA,2013-08-08T07:41:24.4230000-06:00,in
37,USC00051772,Snow,1988-03-16T00:00:00.0000000-07:00,0.984252,,,0,,NOAA,2013-08-08T07:41:24.4230000-06:00,in
37,USC00051772,Snow,1988-03-17T00:00:00.0000000-07:00,0.984252,,,0,,NOAA,2013-08-08T07:41:24.4230000-06:00,in
37,USC00051772,Snow,1988-03-18T00:00:00.0000000-07:00,0.000000,P,,0,,NOAA,2013-08-08T07:41:24.4230000-06:00,in
37,USC00051772,Snow,1988-03-19T00:00:00.0000000-07:00,0.000000,P,,0,,NOAA,2013-08-08T07:41:24.4230000-06:00,in
37,USC00051772,Snow,1988-03-20T00:00:00.0000000-07:00,0.000000,P,,0,,NOAA,2013-08-08T07:41:24.4230000-06:00,in
37,USC00051772,Snow,1988-03-21T00:00:00.0000000-07:00,0.000000,P,,0,,NOAA,2013-08-08T07:41:24.4230000-06:00,in
37,USC00051772,Snow,1988-03-22T00:00:00.0000000-07:00,0.000000,P,,0,,NOAA,2013-08-08T07:41:24.4230000-06:00,in
37,USC00051772,Snow,1988-03-23T00:00:00.0000000-07:00,0.000000,P,,0,,NOAA,2013-08-08T07:41:24.4230000-06:00,in
37,USC00051772,Snow,1988-03-24T00:00:00.0000000-07:00,0.000000,P,,0,,NOAA,2013-08-08T07:41:24.4230000-06:00,in
37,USC00051772,Snow,1988-03-25T00:00:00.0000000-07:00,0.000000,P,,0,,NOAA,2013-08-08T07:41:24.4230000-06:00,in
37,USC00051772,Snow,1988-03-26T00:00:00.0000000-07:00,0.000000,P,,0,,NOAA,2013-08-08T07:41:24.4230000-06:00,in
37,USC00051772,Snow,1988-03-27T00:00:00.0000000-07:00,0.000000,P,,0,,NOAA,2013-08-08T07:41:24.4230000-06:00,in
37,USC00051772,Snow,1988-03-28T00:00:00.0000000-07:00,0.000000,P,,0,,NOAA,2013-08-08T07:41:24.4230000-06:00,in
37,USC00051772,Snow,1988-03-29T00:00:00.0000000-07:00,0.000000,P,,0,,NOAA,2013-08-08T07:41:24.4230000-06:00,in
37,USC00051772,Snow,1988-03-30T00:00:00.0000000-07:00,0.000000,P,,0,,NOAA,2013-08-08T07:41:24.4230000-06:00,in
37,USC00051772,Snow,1988-03-31T00:00:00.0000000-07:00,2.992126,,,0,,NOAA,2013-08-08T07:41:24.4230000-06:00,in
37,USC00051772,Snow,1988-04-01T00:00:00.0000000-07:00,0.000000,P,,0,,NOAA,2013-08-08T07:41:24.4230000-06:00,in
37,USC00051772,Snow,1988-04-02T00:00:00.0000000-07:00,0.000000,P,,0,,NOAA,2013-08-08T07:41:24.4230000-06:00,in
37,USC00051772,Snow,1988-04-03T00:00:00.0000000-07:00,0.000000,P,,0,,NOAA,2013-08-08T07:41:24.4230000-06:00,in
37,USC00051772,Snow,1988-04-04T00:00:00.0000000-06:00,0.000000,P,,0,,NOAA,2013-08-08T07:41:24.4230000-06:00,in
37,USC00051772,Snow,1988-04-05T00:00:00.0000000-06:00,0.000000,P,,0,,NOAA,2013-08-08T07:41:24.4230000-06:00,in
37,USC00051772,Snow,1988-04-06T00:00:00.0000000-06:00,0.000000,P,,0,,NOAA,2013-08-08T07:41:24.4230000-06:00,in
37,USC00051772,Snow,1988-04-07T00:00:00.0000000-06:00,0.000000,P,,0,,NOAA,2013-08-08T07:41:24.4230000-06:00,in
37,USC00051772,Snow,1988-04-08T00:00:00.0000000-06:00,0.000000,P,,0,,NOAA,2013-08-08T07:41:24.4230000-06:00,in
37,USC00051772,Snow,1988-04-09T00:00:00.0000000-06:00,0.000000,P,,0,,NOAA,2013-08-08T07:41:24.4230000-06:00,in
37,USC00051772,Snow,1988-04-10T00:00:00.0000000-06:00,0.000000,P,,0,,NOAA,2013-08-08T07:41:24.4230000-06:00,in
37,USC00051772,Snow,1988-04-11T00:00:00.0000000-06:00,0.000000,P,,0,,NOAA,2013-08-08T07:41:24.4230000-06:00,in
37,USC00051772,Snow,1988-04-12T00:00:00.0000000-06:00,0.000000,P,,0,,NOAA,2013-08-08T07:41:24.4230000-06:00,in
37,USC00051772,Snow,1988-04-13T00:00:00.0000000-06:00,0.000000,P,,0,,NOAA,2013-08-08T07:41:24.4230000-06:00,in
37,USC00051772,Snow,1988-04-14T00:00:00.0000000-06:00,0.000000,P,,0,,NOAA,2013-08-08T07:41:24.4230000-06:00,in
37,USC00051772,Snow,1988-04-15T00:00:00.0000000-06:00,0.000000,P,,0,,NOAA,2013-08-08T07:41:24.4230000-06:00,in
37,USC00051772,Snow,1988-04-16T00:00:00.0000000-06:00,0.000000,P,,0,,NOAA,2013-08-08T07:41:24.4230000-06:00,in
37,USC00051772,Snow,1988-04-17T00:00:00.0000000-06:00,0.000000,P,,0,,NOAA,2013-08-08T07:41:24.4230000-06:00,in
37,USC00051772,Snow,1988-04-18T00:00:00.0000000-06:00,0.000000,P,,0,,NOAA,2013-08-08T07:41:24.4230000-06:00,in
37,USC00051772,Snow,1988-04-19T00:00:00.0000000-06:00,0.000000,P,,0,,NOAA,2013-08-08T07:41:24.4230000-06:00,in
37,USC00051772,Snow,1988-04-20T00:00:00.0000000-06:00,0.000000,P,,0,,NOAA,2013-08-08T07:41:24.4230000-06:00,in
37,USC00051772,Snow,1988-04-21T00:00:00.0000000-06:00,0.000000,P,,0,,NOAA,2013-08-08T07:41:24.4230000-06:00,in
37,USC00051772,Snow,1988-04-22T00:00:00.0000000-06:00,0.000000,P,,0,,NOAA,2013-08-08T07:41:24.4230000-06:00,in
37,USC00051772,Snow,1988-04-23T00:00:00.0000000-06:00,0.000000,P,,0,,NOAA,2013-08-08T07:41:24.4230000-06:00,in
37,USC00051772,Snow,1988-04-24T00:00:00.0000000-06:00,0.000000,P,,0,,NOAA,2013-08-08T07:41:24.4230000-06:00,in
37,USC00051772,Snow,1988-04-25T00:00:00.0000000-06:00,0.000000,P,,0,,NOAA,2013-08-08T07:41:24.4230000-06:00,in
37,USC00051772,Snow,1988-04-26T00:00:00.0000000-06:00,0.000000,P,,0,,NOAA,2013-08-08T07:41:24.4230000-06:00,in
37,USC00051772,Snow,1988-04-27T00:00:00.0000000-06:00,0.000000,P,,0,,NOAA,2013-08-08T07:41:24.4230000-06:00,in
37,USC00051772,Snow,1988-04-28T00:00:00.0000000-06:00,0.000000,P,,0,,NOAA,2013-08-08T07:41:24.4230000-06:00,in
37,USC00051772,Snow,1988-04-29T00:00:00.0000000-06:00,0.000000,P,,0,,NOAA,2013-08-08T07:41:24.4230000-06:00,in
37,USC00051772,Snow,1988-04-30T00:00:00.0000000-06:00,0.000000,P,,0,,NOAA,2013-08-08T07:41:24.4230000-06:00,in
37,USC00051772,Snow,1988-05-01T00:00:00.0000000-06:00,0.000000,P,,0,,NOAA,2013-08-08T07:41:24.4230000-06:00,in
37,USC00051772,Snow,1988-05-02T00:00:00.0000000-06:00,0.000000,P,,0,,NOAA,2013-08-08T07:41:24.4230000-06:00,in
37,USC00051772,Snow,1988-05-03T00:00:00.0000000-06:00,0.000000,P,,0,,NOAA,2013-08-08T07:41:24.4230000-06:00,in
37,USC00051772,Snow,1988-05-04T00:00:00.0000000-06:00,0.000000,P,,0,,NOAA,2013-08-08T07:41:24.4230000-06:00,in
37,USC00051772,Snow,1988-05-05T00:00:00.0000000-06:00,0.000000,P,,0,,NOAA,2013-08-08T07:41:24.4230000-06:00,in
37,USC00051772,Snow,1988-05-06T00:00:00.0000000-06:00,0.000000,P,,0,,NOAA,2013-08-08T07:41:24.4230000-06:00,in
37,USC00051772,Snow,1988-05-07T00:00:00.0000000-06:00,0.000000,P,,0,,NOAA,2013-08-08T07:41:24.4230000-06:00,in
37,USC00051772,Snow,1988-05-08T00:00:00.0000000-06:00,0.000000,P,,0,,NOAA,2013-08-08T07:41:24.4230000-06:00,in
37,USC00051772,Snow,1988-05-09T00:00:00.0000000-06:00,0.000000,P,,0,,NOAA,2013-08-08T07:41:24.4230000-06:00,in
37,USC00051772,Snow,1988-05-10T00:00:00.0000000-06:00,0.000000,P,,0,,NOAA,2013-08-08T07:41:24.4230000-06:00,in
37,USC00051772,Snow,1988-05-11T00:00:00.0000000-06:00,0.000000,P,,0,,NOAA,2013-08-08T07:41:24.4230000-06:00,in
37,USC00051772,Snow,1988-05-12T00:00:00.0000000-06:00,0.000000,P,,0,,NOAA,2013-08-08T07:41:24.4230000-06:00,in
37,USC00051772,Snow,1988-05-13T00:00:00.0000000-06:00,0.000000,P,,0,,NOAA,2013-08-08T07:41:24.4230000-06:00,in
37,USC00051772,Snow,1988-05-14T00:00:00.0000000-06:00,0.000000,P,,0,,NOAA,2013-08-08T07:41:24.4230000-06:00,in
37,USC00051772,Snow,1988-05-15T00:00:00.0000000-06:00,0.000000,P,,0,,NOAA,2013-08-08T07:41:24.4230000-06:00,in
37,USC00051772,Snow,1988-05-16T00:00:00.0000000-06:00,0.000000,P,,0,,NOAA,2013-08-08T07:41:24.4230000-06:00,in
37,USC00051772,Snow,1988-05-17T00:00:00.0000000-06:00,0.000000,P,,0,,NOAA,2013-08-08T07:41:24.4230000-06:00,in
37,USC00051772,Snow,1988-05-18T00:00:00.0000000-06:00,0.000000,P,,0,,NOAA,2013-08-08T07:41:24.4230000-06:00,in
37,USC00051772,Snow,1988-05-19T00:00:00.0000000-06:00,0.000000,P,,0,,NOAA,2013-08-08T07:41:24.4230000-06:00,in
37,USC00051772,Snow,1988-05-20T00:00:00.0000000-06:00,0.000000,P,,0,,NOAA,2013-08-08T07:41:24.4230000-06:00,in
37,USC00051772,Snow,1988-05-21T00:00:00.0000000-06:00,0.000000,P,,0,,NOAA,2013-08-08T07:41:24.4230000-06:00,in
37,USC00051772,Snow,1988-05-22T00:00:00.0000000-06:00,0.000000,P,,0,,NOAA,2013-08-08T07:41:24.4230000-06:00,in
37,USC00051772,Snow,1988-05-23T00:00:00.0000000-06:00,0.000000,P,,0,,NOAA,2013-08-08T07:41:24.4230000-06:00,in
37,USC00051772,Snow,1988-05-24T00:00:00.0000000-06:00,0.000000,P,,0,,NOAA,2013-08-08T07:41:24.4230000-06:00,in
37,USC00051772,Snow,1988-05-25T00:00:00.0000000-06:00,0.000000,P,,0,,NOAA,2013-08-08T07:41:24.4230000-06:00,in
37,USC00051772,Snow,1988-05-26T00:00:00.0000000-06:00,0.000000,P,,0,,NOAA,2013-08-08T07:41:24.4230000-06:00,in
37,USC00051772,Snow,1988-05-27T00:00:00.0000000-06:00,0.000000,P,,0,,NOAA,2013-08-08T07:41:24.4230000-06:00,in
37,USC00051772,Snow,1988-05-28T00:00:00.0000000-06:00,0.000000,P,,0,,NOAA,2013-08-08T07:41:24.4230000-06:00,in
37,USC00051772,Snow,1988-05-29T00:00:00.0000000-06:00,0.000000,P,,0,,NOAA,2013-08-08T07:41:24.4230000-06:00,in
37,USC00051772,Snow,1988-05-30T00:00:00.0000000-06:00,0.000000,P,,0,,NOAA,2013-08-08T07:41:24.4230000-06:00,in
37,USC00051772,Snow,1988-05-31T00:00:00.0000000-06:00,0.000000,P,,0,,NOAA,2013-08-08T07:41:24.4230000-06:00,in
37,USC00051772,Snow,1988-06-01T00:00:00.0000000-06:00,0.000000,P,,0,,NOAA,2013-08-08T07:41:24.4230000-06:00,in
37,USC00051772,Snow,1988-06-02T00:00:00.0000000-06:00,0.000000,P,,0,,NOAA,2013-08-08T07:41:24.4230000-06:00,in
37,USC00051772,Snow,1988-06-03T00:00:00.0000000-06:00,0.000000,P,,0,,NOAA,2013-08-08T07:41:24.4230000-06:00,in
37,USC00051772,Snow,1988-06-04T00:00:00.0000000-06:00,0.000000,P,,0,,NOAA,2013-08-08T07:41:24.4230000-06:00,in
37,USC00051772,Snow,1988-06-05T00:00:00.0000000-06:00,0.000000,P,,0,,NOAA,2013-08-08T07:41:24.4230000-06:00,in
37,USC00051772,Snow,1988-06-06T00:00:00.0000000-06:00,0.000000,P,,0,,NOAA,2013-08-08T07:41:24.4230000-06:00,in
37,USC00051772,Snow,1988-06-07T00:00:00.0000000-06:00,0.000000,P,,0,,NOAA,2013-08-08T07:41:24.4230000-06:00,in
37,USC00051772,Snow,1988-06-08T00:00:00.0000000-06:00,0.000000,P,,0,,NOAA,2013-08-08T07:41:24.4230000-06:00,in
37,USC00051772,Snow,1988-06-09T00:00:00.0000000-06:00,0.000000,P,,0,,NOAA,2013-08-08T07:41:24.4230000-06:00,in
37,USC00051772,Snow,1988-06-10T00:00:00.0000000-06:00,0.000000,P,,0,,NOAA,2013-08-08T07:41:24.4230000-06:00,in
37,USC00051772,Snow,1988-06-11T00:00:00.0000000-06:00,0.000000,P,,0,,NOAA,2013-08-08T07:41:24.4230000-06:00,in
37,USC00051772,Snow,1988-06-12T00:00:00.0000000-06:00,0.000000,P,,0,,NOAA,2013-08-08T07:41:24.4230000-06:00,in
37,USC00051772,Snow,1988-06-13T00:00:00.0000000-06:00,0.000000,P,,0,,NOAA,2013-08-08T07:41:24.4230000-06:00,in
37,USC00051772,Snow,1988-06-14T00:00:00.0000000-06:00,0.000000,P,,0,,NOAA,2013-08-08T07:41:24.4230000-06:00,in
37,USC00051772,Snow,1988-06-15T00:00:00.0000000-06:00,0.000000,P,,0,,NOAA,2013-08-08T07:41:24.4230000-06:00,in
37,USC00051772,Snow,1988-06-16T00:00:00.0000000-06:00,0.000000,P,,0,,NOAA,2013-08-08T07:41:24.4230000-06:00,in
37,USC00051772,Snow,1988-06-17T00:00:00.0000000-06:00,0.000000,P,,0,,NOAA,2013-08-08T07:41:24.4230000-06:00,in
37,USC00051772,Snow,1988-06-18T00:00:00.0000000-06:00,0.000000,P,,0,,NOAA,2013-08-08T07:41:24.4230000-06:00,in
37,USC00051772,Snow,1988-06-19T00:00:00.0000000-06:00,0.000000,P,,0,,NOAA,2013-08-08T07:41:24.4230000-06:00,in
37,USC00051772,Snow,1988-06-20T00:00:00.0000000-06:00,0.000000,P,,0,,NOAA,2013-08-08T07:41:24.4230000-06:00,in
37,USC00051772,Snow,1988-06-21T00:00:00.0000000-06:00,0.000000,P,,0,,NOAA,2013-08-08T07:41:24.4230000-06:00,in
37,USC00051772,Snow,1988-06-22T00:00:00.0000000-06:00,0.000000,P,,0,,NOAA,2013-08-08T07:41:24.4230000-06:00,in
37,USC00051772,Snow,1988-06-23T00:00:00.0000000-06:00,0.000000,P,,0,,NOAA,2013-08-08T07:41:24.4230000-06:00,in
37,USC00051772,Snow,1988-06-24T00:00:00.0000000-06:00,0.000000,P,,0,,NOAA,2013-08-08T07:41:24.4230000-06:00,in
37,USC00051772,Snow,1988-06-25T00:00:00.0000000-06:00,0.000000,P,,0,,NOAA,2013-08-08T07:41:24.4230000-06:00,in
37,USC00051772,Snow,1988-06-26T00:00:00.0000000-06:00,0.000000,P,,0,,NOAA,2013-08-08T07:41:24.4230000-06:00,in
37,USC00051772,Snow,1988-06-27T00:00:00.0000000-06:00,0.000000,P,,0,,NOAA,2013-08-08T07:41:24.4230000-06:00,in
37,USC00051772,Snow,1988-06-28T00:00:00.0000000-06:00,0.000000,P,,0,,NOAA,2013-08-08T07:41:24.4230000-06:00,in
37,USC00051772,Snow,1988-06-29T00:00:00.0000000-06:00,0.000000,P,,0,,NOAA,2013-08-08T07:41:24.4230000-06:00,in
37,USC00051772,Snow,1988-06-30T00:00:00.0000000-06:00,0.000000,P,,0,,NOAA,2013-08-08T07:41:24.4230000-06:00,in
37,USC00051772,Snow,1988-07-01T00:00:00.0000000-06:00,0.000000,P,,0,,NOAA,2013-08-08T07:41:24.4230000-06:00,in
37,USC00051772,Snow,1988-07-02T00:00:00.0000000-06:00,0.000000,P,,0,,NOAA,2013-08-08T07:41:24.4230000-06:00,in
37,USC00051772,Snow,1988-07-03T00:00:00.0000000-06:00,0.000000,P,,0,,NOAA,2013-08-08T07:41:24.4230000-06:00,in
37,USC00051772,Snow,1988-07-04T00:00:00.0000000-06:00,0.000000,P,,0,,NOAA,2013-08-08T07:41:24.4230000-06:00,in
37,USC00051772,Snow,1988-07-05T00:00:00.0000000-06:00,0.000000,P,,0,,NOAA,2013-08-08T07:41:24.4230000-06:00,in
37,USC00051772,Snow,1988-07-06T00:00:00.0000000-06:00,0.000000,P,,0,,NOAA,2013-08-08T07:41:24.4230000-06:00,in
37,USC00051772,Snow,1988-07-07T00:00:00.0000000-06:00,0.000000,P,,0,,NOAA,2013-08-08T07:41:24.4230000-06:00,in
37,USC00051772,Snow,1988-07-08T00:00:00.0000000-06:00,0.000000,P,,0,,NOAA,2013-08-08T07:41:24.4230000-06:00,in
37,USC00051772,Snow,1988-07-09T00:00:00.0000000-06:00,0.000000,P,,0,,NOAA,2013-08-08T07:41:24.4230000-06:00,in
37,USC00051772,Snow,1988-07-10T00:00:00.0000000-06:00,0.000000,P,,0,,NOAA,2013-08-08T07:41:24.4230000-06:00,in
37,USC00051772,Snow,1988-07-11T00:00:00.0000000-06:00,0.000000,P,,0,,NOAA,2013-08-08T07:41:24.4230000-06:00,in
37,USC00051772,Snow,1988-07-12T00:00:00.0000000-06:00,0.000000,P,,0,,NOAA,2013-08-08T07:41:24.4230000-06:00,in
37,USC00051772,Snow,1988-07-13T00:00:00.0000000-06:00,0.000000,P,,0,,NOAA,2013-08-08T07:41:24.4230000-06:00,in
37,USC00051772,Snow,1988-07-14T00:00:00.0000000-06:00,0.000000,P,,0,,NOAA,2013-08-08T07:41:24.4230000-06:00,in
37,USC00051772,Snow,1988-07-15T00:00:00.0000000-06:00,0.000000,P,,0,,NOAA,2013-08-08T07:41:24.4230000-06:00,in
37,USC00051772,Snow,1988-07-16T00:00:00.0000000-06:00,0.000000,P,,0,,NOAA,2013-08-08T07:41:24.4230000-06:00,in
37,USC00051772,Snow,1988-07-17T00:00:00.0000000-06:00,0.000000,P,,0,,NOAA,2013-08-08T07:41:24.4230000-06:00,in
37,USC00051772,Snow,1988-07-18T00:00:00.0000000-06:00,0.000000,P,,0,,NOAA,2013-08-08T07:41:24.4230000-06:00,in
37,USC00051772,Snow,1988-07-19T00:00:00.0000000-06:00,0.000000,P,,0,,NOAA,2013-08-08T07:41:24.4230000-06:00,in
37,USC00051772,Snow,1988-07-20T00:00:00.0000000-06:00,0.000000,P,,0,,NOAA,2013-08-08T07:41:24.4230000-06:00,in
37,USC00051772,Snow,1988-07-21T00:00:00.0000000-06:00,0.000000,P,,0,,NOAA,2013-08-08T07:41:24.4230000-06:00,in
37,USC00051772,Snow,1988-07-22T00:00:00.0000000-06:00,0.000000,P,,0,,NOAA,2013-08-08T07:41:24.4230000-06:00,in
37,USC00051772,Snow,1988-07-23T00:00:00.0000000-06:00,0.000000,P,,0,,NOAA,2013-08-08T07:41:24.4230000-06:00,in
37,USC00051772,Snow,1988-07-24T00:00:00.0000000-06:00,0.000000,P,,0,,NOAA,2013-08-08T07:41:24.4230000-06:00,in
37,USC00051772,Snow,1988-07-25T00:00:00.0000000-06:00,0.000000,P,,0,,NOAA,2013-08-08T07:41:24.4230000-06:00,in
37,USC00051772,Snow,1988-07-26T00:00:00.0000000-06:00,0.000000,P,,0,,NOAA,2013-08-08T07:41:24.4230000-06:00,in
37,USC00051772,Snow,1988-07-27T00:00:00.0000000-06:00,0.000000,P,,0,,NOAA,2013-08-08T07:41:24.4230000-06:00,in
37,USC00051772,Snow,1988-07-28T00:00:00.0000000-06:00,0.000000,P,,0,,NOAA,2013-08-08T07:41:24.4230000-06:00,in
37,USC00051772,Snow,1988-07-29T00:00:00.0000000-06:00,0.000000,P,,0,,NOAA,2013-08-08T07:41:24.4230000-06:00,in
37,USC00051772,Snow,1988-07-30T00:00:00.0000000-06:00,0.000000,P,,0,,NOAA,2013-08-08T07:41:24.4230000-06:00,in
37,USC00051772,Snow,1988-07-31T00:00:00.0000000-06:00,0.000000,P,,0,,NOAA,2013-08-08T07:41:24.4230000-06:00,in
37,USC00051772,Snow,1988-08-01T00:00:00.0000000-06:00,0.000000,P,,0,,NOAA,2013-08-08T07:41:24.4230000-06:00,in
37,USC00051772,Snow,1988-08-02T00:00:00.0000000-06:00,0.000000,P,,0,,NOAA,2013-08-08T07:41:24.4230000-06:00,in
37,USC00051772,Snow,1988-08-03T00:00:00.0000000-06:00,0.000000,P,,0,,NOAA,2013-08-08T07:41:24.4230000-06:00,in
37,USC00051772,Snow,1988-08-04T00:00:00.0000000-06:00,0.000000,P,,0,,NOAA,2013-08-08T07:41:24.4230000-06:00,in
37,USC00051772,Snow,1988-08-05T00:00:00.0000000-06:00,0.000000,P,,0,,NOAA,2013-08-08T07:41:24.4230000-06:00,in
37,USC00051772,Snow,1988-08-06T00:00:00.0000000-06:00,0.000000,P,,0,,NOAA,2013-08-08T07:41:24.4230000-06:00,in
37,USC00051772,Snow,1988-08-07T00:00:00.0000000-06:00,0.000000,P,,0,,NOAA,2013-08-08T07:41:24.4230000-06:00,in
37,USC00051772,Snow,1988-08-08T00:00:00.0000000-06:00,0.000000,P,,0,,NOAA,2013-08-08T07:41:24.4230000-06:00,in
37,USC00051772,Snow,1988-08-09T00:00:00.0000000-06:00,0.000000,P,,0,,NOAA,2013-08-08T07:41:24.4230000-06:00,in
37,USC00051772,Snow,1988-08-10T00:00:00.0000000-06:00,0.000000,P,,0,,NOAA,2013-08-08T07:41:24.4230000-06:00,in
37,USC00051772,Snow,1988-08-11T00:00:00.0000000-06:00,0.000000,P,,0,,NOAA,2013-08-08T07:41:24.4230000-06:00,in
37,USC00051772,Snow,1988-08-12T00:00:00.0000000-06:00,0.000000,P,,0,,NOAA,2013-08-08T07:41:24.4230000-06:00,in
37,USC00051772,Snow,1988-08-13T00:00:00.0000000-06:00,0.000000,P,,0,,NOAA,2013-08-08T07:41:24.4230000-06:00,in
37,USC00051772,Snow,1988-08-14T00:00:00.0000000-06:00,0.000000,P,,0,,NOAA,2013-08-08T07:41:24.4230000-06:00,in
37,USC00051772,Snow,1988-08-15T00:00:00.0000000-06:00,0.000000,P,,0,,NOAA,2013-08-08T07:41:24.4230000-06:00,in
37,USC00051772,Snow,1988-08-16T00:00:00.0000000-06:00,0.000000,P,,0,,NOAA,2013-08-08T07:41:24.4230000-06:00,in
37,USC00051772,Snow,1988-08-17T00:00:00.0000000-06:00,0.000000,P,,0,,NOAA,2013-08-08T07:41:24.4230000-06:00,in
37,USC00051772,Snow,1988-08-18T00:00:00.0000000-06:00,0.000000,P,,0,,NOAA,2013-08-08T07:41:24.4230000-06:00,in
37,USC00051772,Snow,1988-08-19T00:00:00.0000000-06:00,0.000000,P,,0,,NOAA,2013-08-08T07:41:24.4230000-06:00,in
37,USC00051772,Snow,1988-08-20T00:00:00.0000000-06:00,0.000000,P,,0,,NOAA,2013-08-08T07:41:24.4230000-06:00,in
37,USC00051772,Snow,1988-08-21T00:00:00.0000000-06:00,0.000000,P,,0,,NOAA,2013-08-08T07:41:24.4230000-06:00,in
37,USC00051772,Snow,1988-08-22T00:00:00.0000000-06:00,0.000000,P,,0,,NOAA,2013-08-08T07:41:24.4230000-06:00,in
37,USC00051772,Snow,1988-08-23T00:00:00.0000000-06:00,0.000000,P,,0,,NOAA,2013-08-08T07:41:24.4230000-06:00,in
37,USC00051772,Snow,1988-08-24T00:00:00.0000000-06:00,0.000000,P,,0,,NOAA,2013-08-08T07:41:24.4230000-06:00,in
37,USC00051772,Snow,1988-08-25T00:00:00.0000000-06:00,0.000000,P,,0,,NOAA,2013-08-08T07:41:24.4230000-06:00,in
37,USC00051772,Snow,1988-08-26T00:00:00.0000000-06:00,0.000000,P,,0,,NOAA,2013-08-08T07:41:24.4230000-06:00,in
37,USC00051772,Snow,1988-08-27T00:00:00.0000000-06:00,0.000000,P,,0,,NOAA,2013-08-08T07:41:24.4230000-06:00,in
37,USC00051772,Snow,1988-08-28T00:00:00.0000000-06:00,0.000000,P,,0,,NOAA,2013-08-08T07:41:24.4230000-06:00,in
37,USC00051772,Snow,1988-08-29T00:00:00.0000000-06:00,0.000000,P,,0,,NOAA,2013-08-08T07:41:24.4230000-06:00,in
37,USC00051772,Snow,1988-08-30T00:00:00.0000000-06:00,0.000000,P,,0,,NOAA,2013-08-08T07:41:24.4230000-06:00,in
37,USC00051772,Snow,1988-08-31T00:00:00.0000000-06:00,0.000000,P,,0,,NOAA,2013-08-08T07:41:24.4230000-06:00,in
37,USC00051772,Snow,1988-09-01T00:00:00.0000000-06:00,0.000000,P,,0,,NOAA,2013-08-08T07:41:24.4230000-06:00,in
37,USC00051772,Snow,1988-09-02T00:00:00.0000000-06:00,0.000000,P,,0,,NOAA,2013-08-08T07:41:24.4230000-06:00,in
37,USC00051772,Snow,1988-09-03T00:00:00.0000000-06:00,0.000000,P,,0,,NOAA,2013-08-08T07:41:24.4230000-06:00,in
37,USC00051772,Snow,1988-09-04T00:00:00.0000000-06:00,0.000000,P,,0,,NOAA,2013-08-08T07:41:24.4230000-06:00,in
37,USC00051772,Snow,1988-09-05T00:00:00.0000000-06:00,0.000000,P,,0,,NOAA,2013-08-08T07:41:24.4230000-06:00,in
37,USC00051772,Snow,1988-09-06T00:00:00.0000000-06:00,0.000000,P,,0,,NOAA,2013-08-08T07:41:24.4230000-06:00,in
37,USC00051772,Snow,1988-09-07T00:00:00.0000000-06:00,0.000000,P,,0,,NOAA,2013-08-08T07:41:24.4230000-06:00,in
37,USC00051772,Snow,1988-09-08T00:00:00.0000000-06:00,0.000000,P,,0,,NOAA,2013-08-08T07:41:24.4230000-06:00,in
37,USC00051772,Snow,1988-09-09T00:00:00.0000000-06:00,0.000000,P,,0,,NOAA,2013-08-08T07:41:24.4230000-06:00,in
37,USC00051772,Snow,1988-09-10T00:00:00.0000000-06:00,0.000000,P,,0,,NOAA,2013-08-08T07:41:24.4230000-06:00,in
37,USC00051772,Snow,1988-09-11T00:00:00.0000000-06:00,0.000000,P,,0,,NOAA,2013-08-08T07:41:24.4230000-06:00,in
37,USC00051772,Snow,1988-09-12T00:00:00.0000000-06:00,0.000000,P,,0,,NOAA,2013-08-08T07:41:24.4230000-06:00,in
37,USC00051772,Snow,1988-09-13T00:00:00.0000000-06:00,0.000000,P,,0,,NOAA,2013-08-08T07:41:24.4230000-06:00,in
37,USC00051772,Snow,1988-09-14T00:00:00.0000000-06:00,0.000000,P,,0,,NOAA,2013-08-08T07:41:24.4230000-06:00,in
37,USC00051772,Snow,1988-09-15T00:00:00.0000000-06:00,0.000000,P,,0,,NOAA,2013-08-08T07:41:24.4230000-06:00,in
37,USC00051772,Snow,1988-09-16T00:00:00.0000000-06:00,0.000000,P,,0,,NOAA,2013-08-08T07:41:24.4230000-06:00,in
37,USC00051772,Snow,1988-09-17T00:00:00.0000000-06:00,0.000000,P,,0,,NOAA,2013-08-08T07:41:24.4230000-06:00,in
37,USC00051772,Snow,1988-09-18T00:00:00.0000000-06:00,0.000000,P,,0,,NOAA,2013-08-08T07:41:24.4230000-06:00,in
37,USC00051772,Snow,1988-09-19T00:00:00.0000000-06:00,0.000000,P,,0,,NOAA,2013-08-08T07:41:24.4230000-06:00,in
37,USC00051772,Snow,1988-09-20T00:00:00.0000000-06:00,0.000000,P,,0,,NOAA,2013-08-08T07:41:24.4230000-06:00,in
37,USC00051772,Snow,1988-09-21T00:00:00.0000000-06:00,0.000000,P,,0,,NOAA,2013-08-08T07:41:24.4230000-06:00,in
37,USC00051772,Snow,1988-09-22T00:00:00.0000000-06:00,0.000000,P,,0,,NOAA,2013-08-08T07:41:24.4230000-06:00,in
37,USC00051772,Snow,1988-09-23T00:00:00.0000000-06:00,0.000000,P,,0,,NOAA,2013-08-08T07:41:24.4230000-06:00,in
37,USC00051772,Snow,1988-09-24T00:00:00.0000000-06:00,0.000000,P,,0,,NOAA,2013-08-08T07:41:24.4230000-06:00,in
37,USC00051772,Snow,1988-09-25T00:00:00.0000000-06:00,0.000000,P,,0,,NOAA,2013-08-08T07:41:24.4230000-06:00,in
37,USC00051772,Snow,1988-09-26T00:00:00.0000000-06:00,0.000000,P,,0,,NOAA,2013-08-08T07:41:24.4230000-06:00,in
37,USC00051772,Snow,1988-09-27T00:00:00.0000000-06:00,0.000000,P,,0,,NOAA,2013-08-08T07:41:24.4230000-06:00,in
37,USC00051772,Snow,1988-09-28T00:00:00.0000000-06:00,0.000000,P,,0,,NOAA,2013-08-08T07:41:24.4230000-06:00,in
37,USC00051772,Snow,1988-09-29T00:00:00.0000000-06:00,0.000000,P,,0,,NOAA,2013-08-08T07:41:24.4230000-06:00,in
37,USC00051772,Snow,1988-09-30T00:00:00.0000000-06:00,0.000000,P,,0,,NOAA,2013-08-08T07:41:24.4230000-06:00,in
37,USC00051772,Snow,1988-10-01T00:00:00.0000000-06:00,0.000000,P,,0,,NOAA,2013-08-08T07:41:24.4230000-06:00,in
37,USC00051772,Snow,1988-10-02T00:00:00.0000000-06:00,0.000000,P,,0,,NOAA,2013-08-08T07:41:24.4230000-06:00,in
37,USC00051772,Snow,1988-10-03T00:00:00.0000000-06:00,0.000000,P,,0,,NOAA,2013-08-08T07:41:24.4230000-06:00,in
37,USC00051772,Snow,1988-10-04T00:00:00.0000000-06:00,0.000000,P,,0,,NOAA,2013-08-08T07:41:24.4230000-06:00,in
37,USC00051772,Snow,1988-10-05T00:00:00.0000000-06:00,0.000000,P,,0,,NOAA,2013-08-08T07:41:24.4230000-06:00,in
37,USC00051772,Snow,1988-10-06T00:00:00.0000000-06:00,0.000000,P,,0,,NOAA,2013-08-08T07:41:24.4230000-06:00,in
37,USC00051772,Snow,1988-10-07T00:00:00.0000000-06:00,0.000000,P,,0,,NOAA,2013-08-08T07:41:24.4230000-06:00,in
37,USC00051772,Snow,1988-10-08T00:00:00.0000000-06:00,0.000000,P,,0,,NOAA,2013-08-08T07:41:24.4230000-06:00,in
37,USC00051772,Snow,1988-10-09T00:00:00.0000000-06:00,0.000000,P,,0,,NOAA,2013-08-08T07:41:24.4230000-06:00,in
37,USC00051772,Snow,1988-10-10T00:00:00.0000000-06:00,0.000000,P,,0,,NOAA,2013-08-08T07:41:24.4230000-06:00,in
37,USC00051772,Snow,1988-10-11T00:00:00.0000000-06:00,0.000000,P,,0,,NOAA,2013-08-08T07:41:24.4230000-06:00,in
37,USC00051772,Snow,1988-10-12T00:00:00.0000000-06:00,0.000000,P,,0,,NOAA,2013-08-08T07:41:24.4230000-06:00,in
37,USC00051772,Snow,1988-10-13T00:00:00.0000000-06:00,0.000000,P,,0,,NOAA,2013-08-08T07:41:24.4230000-06:00,in
37,USC00051772,Snow,1988-10-14T00:00:00.0000000-06:00,0.000000,P,,0,,NOAA,2013-08-08T07:41:24.4230000-06:00,in
37,USC00051772,Snow,1988-10-15T00:00:00.0000000-06:00,0.000000,P,,0,,NOAA,2013-08-08T07:41:24.4230000-06:00,in
37,USC00051772,Snow,1988-10-16T00:00:00.0000000-06:00,0.000000,P,,0,,NOAA,2013-08-08T07:41:24.4230000-06:00,in
37,USC00051772,Snow,1988-10-17T00:00:00.0000000-06:00,0.000000,P,,0,,NOAA,2013-08-08T07:41:24.4230000-06:00,in
37,USC00051772,Snow,1988-10-18T00:00:00.0000000-06:00,0.000000,P,,0,,NOAA,2013-08-08T07:41:24.4230000-06:00,in
37,USC00051772,Snow,1988-10-19T00:00:00.0000000-06:00,0.000000,P,,0,,NOAA,2013-08-08T07:41:24.4230000-06:00,in
37,USC00051772,Snow,1988-10-20T00:00:00.0000000-06:00,0.000000,P,,0,,NOAA,2013-08-08T07:41:24.4230000-06:00,in
37,USC00051772,Snow,1988-10-21T00:00:00.0000000-06:00,0.000000,P,,0,,NOAA,2013-08-08T07:41:24.4230000-06:00,in
37,USC00051772,Snow,1988-10-22T00:00:00.0000000-06:00,0.000000,P,,0,,NOAA,2013-08-08T07:41:24.4230000-06:00,in
37,USC00051772,Snow,1988-10-23T00:00:00.0000000-06:00,0.000000,P,,0,,NOAA,2013-08-08T07:41:24.4230000-06:00,in
37,USC00051772,Snow,1988-10-24T00:00:00.0000000-06:00,0.000000,P,,0,,NOAA,2013-08-08T07:41:24.4230000-06:00,in
37,USC00051772,Snow,1988-10-25T00:00:00.0000000-06:00,0.000000,P,,0,,NOAA,2013-08-08T07:41:24.4230000-06:00,in
37,USC00051772,Snow,1988-10-26T00:00:00.0000000-06:00,0.000000,P,,0,,NOAA,2013-08-08T07:41:24.4230000-06:00,in
37,USC00051772,Snow,1988-10-27T00:00:00.0000000-06:00,0.000000,P,,0,,NOAA,2013-08-08T07:41:24.4230000-06:00,in
37,USC00051772,Snow,1988-10-28T00:00:00.0000000-06:00,0.000000,P,,0,,NOAA,2013-08-08T07:41:24.4230000-06:00,in
37,USC00051772,Snow,1988-10-29T00:00:00.0000000-06:00,0.000000,P,,0,,NOAA,2013-08-08T07:41:24.4230000-06:00,in
37,USC00051772,Snow,1988-10-30T00:00:00.0000000-06:00,0.000000,P,,0,,NOAA,2013-08-08T07:41:24.4230000-06:00,in
37,USC00051772,Snow,1988-10-31T00:00:00.0000000-07:00,0.000000,P,,0,,NOAA,2013-08-08T07:41:24.4230000-06:00,in
37,USC00051772,Snow,1988-11-01T00:00:00.0000000-07:00,0.000000,P,,0,,NOAA,2013-08-08T07:41:24.4230000-06:00,in
37,USC00051772,Snow,1988-11-02T00:00:00.0000000-07:00,0.000000,P,,0,,NOAA,2013-08-08T07:41:24.4230000-06:00,in
37,USC00051772,Snow,1988-11-03T00:00:00.0000000-07:00,0.000000,P,,0,,NOAA,2013-08-08T07:41:24.4230000-06:00,in
37,USC00051772,Snow,1988-11-04T00:00:00.0000000-07:00,0.000000,P,,0,,NOAA,2013-08-08T07:41:24.4230000-06:00,in
37,USC00051772,Snow,1988-11-05T00:00:00.0000000-07:00,0.000000,P,,0,,NOAA,2013-08-08T07:41:24.4230000-06:00,in
37,USC00051772,Snow,1988-11-06T00:00:00.0000000-07:00,0.000000,P,,0,,NOAA,2013-08-08T07:41:24.4230000-06:00,in
37,USC00051772,Snow,1988-11-07T00:00:00.0000000-07:00,0.000000,P,,0,,NOAA,2013-08-08T07:41:24.4230000-06:00,in
37,USC00051772,Snow,1988-11-08T00:00:00.0000000-07:00,0.000000,P,,0,,NOAA,2013-08-08T07:41:24.4230000-06:00,in
37,USC00051772,Snow,1988-11-09T00:00:00.0000000-07:00,0.000000,P,,0,,NOAA,2013-08-08T07:41:24.4230000-06:00,in
37,USC00051772,Snow,1988-11-10T00:00:00.0000000-07:00,0.000000,P,,0,,NOAA,2013-08-08T07:41:24.4230000-06:00,in
37,USC00051772,Snow,1988-11-11T00:00:00.0000000-07:00,0.000000,P,,0,,NOAA,2013-08-08T07:41:24.4230000-06:00,in
37,USC00051772,Snow,1988-11-12T00:00:00.0000000-07:00,0.000000,P,,0,,NOAA,2013-08-08T07:41:24.4230000-06:00,in
37,USC00051772,Snow,1988-11-13T00:00:00.0000000-07:00,0.000000,P,,0,,NOAA,2013-08-08T07:41:24.4230000-06:00,in
37,USC00051772,Snow,1988-11-14T00:00:00.0000000-07:00,0.000000,P,,0,,NOAA,2013-08-08T07:41:24.4230000-06:00,in
37,USC00051772,Snow,1988-11-15T00:00:00.0000000-07:00,0.000000,T,,0,,NOAA,2013-08-08T07:41:24.4230000-06:00,in
37,USC00051772,Snow,1988-11-16T00:00:00.0000000-07:00,0.000000,P,,0,,NOAA,2013-08-08T07:41:24.4230000-06:00,in
37,USC00051772,Snow,1988-11-17T00:00:00.0000000-07:00,0.000000,P,,0,,NOAA,2013-08-08T07:41:24.4230000-06:00,in
37,USC00051772,Snow,1988-11-18T00:00:00.0000000-07:00,0.000000,T,,0,,NOAA,2013-08-08T07:41:24.4230000-06:00,in
37,USC00051772,Snow,1988-11-19T00:00:00.0000000-07:00,0.000000,P,,0,,NOAA,2013-08-08T07:41:24.4230000-06:00,in
37,USC00051772,Snow,1988-11-20T00:00:00.0000000-07:00,0.000000,P,,0,,NOAA,2013-08-08T07:41:24.4230000-06:00,in
37,USC00051772,Snow,1988-11-21T00:00:00.0000000-07:00,0.000000,P,,0,,NOAA,2013-08-08T07:41:24.4230000-06:00,in
37,USC00051772,Snow,1988-11-22T00:00:00.0000000-07:00,0.000000,P,,0,,NOAA,2013-08-08T07:41:24.4230000-06:00,in
37,USC00051772,Snow,1988-11-23T00:00:00.0000000-07:00,0.000000,P,,0,,NOAA,2013-08-08T07:41:24.4230000-06:00,in
37,USC00051772,Snow,1988-11-24T00:00:00.0000000-07:00,0.000000,T,,0,,NOAA,2013-08-08T07:41:24.4230000-06:00,in
37,USC00051772,Snow,1988-11-25T00:00:00.0000000-07:00,0.000000,P,,0,,NOAA,2013-08-08T07:41:24.4230000-06:00,in
37,USC00051772,Snow,1988-11-26T00:00:00.0000000-07:00,0.000000,T,,0,,NOAA,2013-08-08T07:41:24.4230000-06:00,in
37,USC00051772,Snow,1988-11-27T00:00:00.0000000-07:00,0.000000,P,,0,,NOAA,2013-08-08T07:41:24.4230000-06:00,in
37,USC00051772,Snow,1988-11-28T00:00:00.0000000-07:00,0.000000,P,,0,,NOAA,2013-08-08T07:41:24.4230000-06:00,in
37,USC00051772,Snow,1988-11-29T00:00:00.0000000-07:00,0.000000,P,,0,,NOAA,2013-08-08T07:41:24.4230000-06:00,in
37,USC00051772,Snow,1988-11-30T00:00:00.0000000-07:00,0.000000,P,,0,,NOAA,2013-08-08T07:41:24.4230000-06:00,in
37,USC00051772,Snow,1988-12-01T00:00:00.0000000-07:00,0.000000,P,,0,,NOAA,2013-08-08T07:41:24.4230000-06:00,in
37,USC00051772,Snow,1988-12-02T00:00:00.0000000-07:00,0.000000,P,,0,,NOAA,2013-08-08T07:41:24.4230000-06:00,in
37,USC00051772,Snow,1988-12-03T00:00:00.0000000-07:00,0.000000,P,,0,,NOAA,2013-08-08T07:41:24.4230000-06:00,in
37,USC00051772,Snow,1988-12-04T00:00:00.0000000-07:00,0.000000,P,,0,,NOAA,2013-08-08T07:41:24.4230000-06:00,in
37,USC00051772,Snow,1988-12-05T00:00:00.0000000-07:00,0.000000,P,,0,,NOAA,2013-08-08T07:41:24.4230000-06:00,in
37,USC00051772,Snow,1988-12-06T00:00:00.0000000-07:00,0.000000,P,,0,,NOAA,2013-08-08T07:41:24.4230000-06:00,in
37,USC00051772,Snow,1988-12-07T00:00:00.0000000-07:00,0.314961,,,0,,NOAA,2013-08-08T07:41:24.4230000-06:00,in
37,USC00051772,Snow,1988-12-08T00:00:00.0000000-07:00,0.000000,P,,0,,NOAA,2013-08-08T07:41:24.4230000-06:00,in
37,USC00051772,Snow,1988-12-09T00:00:00.0000000-07:00,0.000000,P,,0,,NOAA,2013-08-08T07:41:24.4230000-06:00,in
37,USC00051772,Snow,1988-12-10T00:00:00.0000000-07:00,0.000000,P,,0,,NOAA,2013-08-08T07:41:24.4230000-06:00,in
37,USC00051772,Snow,1988-12-11T00:00:00.0000000-07:00,0.000000,P,,0,,NOAA,2013-08-08T07:41:24.4230000-06:00,in
37,USC00051772,Snow,1988-12-12T00:00:00.0000000-07:00,0.000000,P,,0,,NOAA,2013-08-08T07:41:24.4230000-06:00,in
37,USC00051772,Snow,1988-12-13T00:00:00.0000000-07:00,0.000000,P,,0,,NOAA,2013-08-08T07:41:24.4230000-06:00,in
37,USC00051772,Snow,1988-12-14T00:00:00.0000000-07:00,0.000000,P,,0,,NOAA,2013-08-08T07:41:24.4230000-06:00,in
37,USC00051772,Snow,1988-12-15T00:00:00.0000000-07:00,1.496063,,,0,,NOAA,2013-08-08T07:41:24.4230000-06:00,in
37,USC00051772,Snow,1988-12-16T00:00:00.0000000-07:00,0.000000,P,,0,,NOAA,2013-08-08T07:41:24.4230000-06:00,in
37,USC00051772,Snow,1988-12-17T00:00:00.0000000-07:00,0.000000,P,,0,,NOAA,2013-08-08T07:41:24.4230000-06:00,in
37,USC00051772,Snow,1988-12-18T00:00:00.0000000-07:00,0.000000,P,,0,,NOAA,2013-08-08T07:41:24.4230000-06:00,in
37,USC00051772,Snow,1988-12-19T00:00:00.0000000-07:00,0.000000,P,,0,,NOAA,2013-08-08T07:41:24.4230000-06:00,in
37,USC00051772,Snow,1988-12-20T00:00:00.0000000-07:00,0.000000,P,,0,,NOAA,2013-08-08T07:41:24.4230000-06:00,in
37,USC00051772,Snow,1988-12-21T00:00:00.0000000-07:00,0.000000,P,,0,,NOAA,2013-08-08T07:41:24.4230000-06:00,in
37,USC00051772,Snow,1988-12-22T00:00:00.0000000-07:00,1.811024,,,0,,NOAA,2013-08-08T07:41:24.4230000-06:00,in
37,USC00051772,Snow,1988-12-23T00:00:00.0000000-07:00,0.511811,,,0,,NOAA,2013-08-08T07:41:24.4230000-06:00,in
37,USC00051772,Snow,1988-12-24T00:00:00.0000000-07:00,0.000000,P,,0,,NOAA,2013-08-08T07:41:24.4230000-06:00,in
37,USC00051772,Snow,1988-12-25T00:00:00.0000000-07:00,0.511811,,,0,,NOAA,2013-08-08T07:41:24.4230000-06:00,in
37,USC00051772,Snow,1988-12-26T00:00:00.0000000-07:00,2.007874,,,0,,NOAA,2013-08-08T07:41:24.4230000-06:00,in
37,USC00051772,Snow,1988-12-27T00:00:00.0000000-07:00,0.000000,P,,0,,NOAA,2013-08-08T07:41:24.4230000-06:00,in
37,USC00051772,Snow,1988-12-28T00:00:00.0000000-07:00,0.000000,P,,0,,NOAA,2013-08-08T07:41:24.4230000-06:00,in
37,USC00051772,Snow,1988-12-29T00:00:00.0000000-07:00,0.511811,,,0,,NOAA,2013-08-08T07:41:24.4230000-06:00,in
37,USC00051772,Snow,1988-12-30T00:00:00.0000000-07:00,0.000000,P,,0,,NOAA,2013-08-08T07:41:24.4230000-06:00,in
37,USC00051772,Snow,1988-12-31T00:00:00.0000000-07:00,0.000000,P,,0,,NOAA,2013-08-08T07:41:24.4230000-06:00,in
37,USC00051772,Snow,1989-01-01T00:00:00.0000000-07:00,0.000000,P,,0,,NOAA,2013-08-08T07:41:24.4230000-06:00,in
37,USC00051772,Snow,1989-01-02T00:00:00.0000000-07:00,0.000000,P,,0,,NOAA,2013-08-08T07:41:24.4230000-06:00,in
37,USC00051772,Snow,1989-01-03T00:00:00.0000000-07:00,0.000000,P,,0,,NOAA,2013-08-08T07:41:24.4230000-06:00,in
37,USC00051772,Snow,1989-01-04T00:00:00.0000000-07:00,0.000000,P,,0,,NOAA,2013-08-08T07:41:24.4230000-06:00,in
37,USC00051772,Snow,1989-01-05T00:00:00.0000000-07:00,0.984252,,,0,,NOAA,2013-08-08T07:41:24.4230000-06:00,in
37,USC00051772,Snow,1989-01-06T00:00:00.0000000-07:00,0.000000,P,,0,,NOAA,2013-08-08T07:41:24.4230000-06:00,in
37,USC00051772,Snow,1989-01-07T00:00:00.0000000-07:00,0.000000,T,,0,,NOAA,2013-08-08T07:41:24.4230000-06:00,in
37,USC00051772,Snow,1989-01-08T00:00:00.0000000-07:00,0.000000,P,,0,,NOAA,2013-08-08T07:41:24.4230000-06:00,in
37,USC00051772,Snow,1989-01-09T00:00:00.0000000-07:00,0.000000,P,,0,,NOAA,2013-08-08T07:41:24.4230000-06:00,in
37,USC00051772,Snow,1989-01-10T00:00:00.0000000-07:00,0.000000,P,,0,,NOAA,2013-08-08T07:41:24.4230000-06:00,in
37,USC00051772,Snow,1989-01-11T00:00:00.0000000-07:00,2.519685,,,0,,NOAA,2013-08-08T07:41:24.4230000-06:00,in
37,USC00051772,Snow,1989-01-12T00:00:00.0000000-07:00,0.787402,,,0,,NOAA,2013-08-08T07:41:24.4230000-06:00,in
37,USC00051772,Snow,1989-01-13T00:00:00.0000000-07:00,0.000000,P,,0,,NOAA,2013-08-08T07:41:24.4230000-06:00,in
37,USC00051772,Snow,1989-01-14T00:00:00.0000000-07:00,0.000000,P,,0,,NOAA,2013-08-08T07:41:24.4230000-06:00,in
37,USC00051772,Snow,1989-01-15T00:00:00.0000000-07:00,0.000000,P,,0,,NOAA,2013-08-08T07:41:24.4230000-06:00,in
37,USC00051772,Snow,1989-01-16T00:00:00.0000000-07:00,0.000000,P,,0,,NOAA,2013-08-08T07:41:24.4230000-06:00,in
37,USC00051772,Snow,1989-01-17T00:00:00.0000000-07:00,0.000000,P,,0,,NOAA,2013-08-08T07:41:24.4230000-06:00,in
37,USC00051772,Snow,1989-01-18T00:00:00.0000000-07:00,0.000000,P,,0,,NOAA,2013-08-08T07:41:24.4230000-06:00,in
37,USC00051772,Snow,1989-01-19T00:00:00.0000000-07:00,0.000000,P,,0,,NOAA,2013-08-08T07:41:24.4230000-06:00,in
37,USC00051772,Snow,1989-01-20T00:00:00.0000000-07:00,0.000000,P,,0,,NOAA,2013-08-08T07:41:24.4230000-06:00,in
37,USC00051772,Snow,1989-01-21T00:00:00.0000000-07:00,0.000000,P,,0,,NOAA,2013-08-08T07:41:24.4230000-06:00,in
37,USC00051772,Snow,1989-01-22T00:00:00.0000000-07:00,0.000000,P,,0,,NOAA,2013-08-08T07:41:24.4230000-06:00,in
37,USC00051772,Snow,1989-01-23T00:00:00.0000000-07:00,0.000000,P,,0,,NOAA,2013-08-08T07:41:24.4230000-06:00,in
37,USC00051772,Snow,1989-01-24T00:00:00.0000000-07:00,0.984252,,,0,,NOAA,2013-08-08T07:41:24.4230000-06:00,in
37,USC00051772,Snow,1989-01-25T00:00:00.0000000-07:00,7.007874,,,0,,NOAA,2013-08-08T07:41:24.4230000-06:00,in
37,USC00051772,Snow,1989-01-26T00:00:00.0000000-07:00,0.000000,P,,0,,NOAA,2013-08-08T07:41:24.4230000-06:00,in
37,USC00051772,Snow,1989-01-27T00:00:00.0000000-07:00,0.000000,P,,0,,NOAA,2013-08-08T07:41:24.4230000-06:00,in
37,USC00051772,Snow,1989-01-28T00:00:00.0000000-07:00,0.000000,P,,0,,NOAA,2013-08-08T07:41:24.4230000-06:00,in
37,USC00051772,Snow,1989-01-29T00:00:00.0000000-07:00,0.000000,P,,0,,NOAA,2013-08-08T07:41:24.4230000-06:00,in
37,USC00051772,Snow,1989-01-30T00:00:00.0000000-07:00,0.000000,P,,0,,NOAA,2013-08-08T07:41:24.4230000-06:00,in
37,USC00051772,Snow,1989-01-31T00:00:00.0000000-07:00,0.000000,P,,0,,NOAA,2013-08-08T07:41:24.4230000-06:00,in
37,USC00051772,Snow,1989-02-01T00:00:00.0000000-07:00,0.000000,P,,0,,NOAA,2013-08-08T07:41:24.4230000-06:00,in
37,USC00051772,Snow,1989-02-02T00:00:00.0000000-07:00,0.000000,P,,0,,NOAA,2013-08-08T07:41:24.4230000-06:00,in
37,USC00051772,Snow,1989-02-03T00:00:00.0000000-07:00,0.000000,P,,0,,NOAA,2013-08-08T07:41:24.4230000-06:00,in
37,USC00051772,Snow,1989-02-04T00:00:00.0000000-07:00,7.992126,,,0,,NOAA,2013-08-08T07:41:24.4230000-06:00,in
37,USC00051772,Snow,1989-02-05T00:00:00.0000000-07:00,7.519685,,,0,,NOAA,2013-08-08T07:41:24.4230000-06:00,in
37,USC00051772,Snow,1989-02-06T00:00:00.0000000-07:00,0.000000,P,,0,,NOAA,2013-08-08T07:41:24.4230000-06:00,in
37,USC00051772,Snow,1989-02-07T00:00:00.0000000-07:00,0.000000,P,,0,,NOAA,2013-08-08T07:41:24.4230000-06:00,in
37,USC00051772,Snow,1989-02-08T00:00:00.0000000-07:00,0.000000,P,,0,,NOAA,2013-08-08T07:41:24.4230000-06:00,in
37,USC00051772,Snow,1989-02-09T00:00:00.0000000-07:00,0.000000,P,,0,,NOAA,2013-08-08T07:41:24.4230000-06:00,in
37,USC00051772,Snow,1989-02-10T00:00:00.0000000-07:00,0.000000,P,,0,,NOAA,2013-08-08T07:41:24.4230000-06:00,in
37,USC00051772,Snow,1989-02-11T00:00:00.0000000-07:00,0.984252,,,0,,NOAA,2013-08-08T07:41:24.4230000-06:00,in
37,USC00051772,Snow,1989-02-12T00:00:00.0000000-07:00,3.307087,,,0,,NOAA,2013-08-08T07:41:24.4230000-06:00,in
37,USC00051772,Snow,1989-02-13T00:00:00.0000000-07:00,0.000000,T,,0,,NOAA,2013-08-08T07:41:24.4230000-06:00,in
37,USC00051772,Snow,1989-02-14T00:00:00.0000000-07:00,0.000000,T,,0,,NOAA,2013-08-08T07:41:24.4230000-06:00,in
37,USC00051772,Snow,1989-02-15T00:00:00.0000000-07:00,0.000000,P,,0,,NOAA,2013-08-08T07:41:24.4230000-06:00,in
37,USC00051772,Snow,1989-02-16T00:00:00.0000000-07:00,0.000000,P,,0,,NOAA,2013-08-08T07:41:24.4230000-06:00,in
37,USC00051772,Snow,1989-02-17T00:00:00.0000000-07:00,0.000000,P,,0,,NOAA,2013-08-08T07:41:24.4230000-06:00,in
37,USC00051772,Snow,1989-02-18T00:00:00.0000000-07:00,0.000000,P,,0,,NOAA,2013-08-08T07:41:24.4230000-06:00,in
37,USC00051772,Snow,1989-02-19T00:00:00.0000000-07:00,0.000000,P,,0,,NOAA,2013-08-08T07:41:24.4230000-06:00,in
37,USC00051772,Snow,1989-02-20T00:00:00.0000000-07:00,1.496063,,,0,,NOAA,2013-08-08T07:41:24.4230000-06:00,in
37,USC00051772,Snow,1989-02-21T00:00:00.0000000-07:00,0.000000,P,,0,,NOAA,2013-08-08T07:41:24.4230000-06:00,in
37,USC00051772,Snow,1989-02-22T00:00:00.0000000-07:00,0.000000,P,,0,,NOAA,2013-08-08T07:41:24.4230000-06:00,in
37,USC00051772,Snow,1989-02-23T00:00:00.0000000-07:00,0.000000,P,,0,,NOAA,2013-08-08T07:41:24.4230000-06:00,in
37,USC00051772,Snow,1989-02-24T00:00:00.0000000-07:00,0.000000,P,,0,,NOAA,2013-08-08T07:41:24.4230000-06:00,in
37,USC00051772,Snow,1989-02-25T00:00:00.0000000-07:00,0.000000,P,,0,,NOAA,2013-08-08T07:41:24.4230000-06:00,in
37,USC00051772,Snow,1989-02-26T00:00:00.0000000-07:00,0.000000,P,,0,,NOAA,2013-08-08T07:41:24.4230000-06:00,in
37,USC00051772,Snow,1989-02-27T00:00:00.0000000-07:00,0.000000,P,,0,,NOAA,2013-08-08T07:41:24.4230000-06:00,in
37,USC00051772,Snow,1989-02-28T00:00:00.0000000-07:00,0.000000,P,,0,,NOAA,2013-08-08T07:41:24.4230000-06:00,in
37,USC00051772,Snow,1989-03-01T00:00:00.0000000-07:00,0.000000,P,,0,,NOAA,2013-08-08T07:41:24.4230000-06:00,in
37,USC00051772,Snow,1989-03-02T00:00:00.0000000-07:00,0.000000,P,,0,,NOAA,2013-08-08T07:41:24.4230000-06:00,in
37,USC00051772,Snow,1989-03-03T00:00:00.0000000-07:00,0.000000,P,,0,,NOAA,2013-08-08T07:41:24.4230000-06:00,in
37,USC00051772,Snow,1989-03-04T00:00:00.0000000-07:00,2.992126,,,0,,NOAA,2013-08-08T07:41:24.4230000-06:00,in
37,USC00051772,Snow,1989-03-05T00:00:00.0000000-07:00,0.000000,P,,0,,NOAA,2013-08-08T07:41:24.4230000-06:00,in
37,USC00051772,Snow,1989-03-06T00:00:00.0000000-07:00,0.000000,P,,0,,NOAA,2013-08-08T07:41:24.4230000-06:00,in
37,USC00051772,Snow,1989-03-07T00:00:00.0000000-07:00,0.000000,P,,0,,NOAA,2013-08-08T07:41:24.4230000-06:00,in
37,USC00051772,Snow,1989-03-08T00:00:00.0000000-07:00,0.000000,P,,0,,NOAA,2013-08-08T07:41:24.4230000-06:00,in
37,USC00051772,Snow,1989-03-09T00:00:00.0000000-07:00,0.000000,P,,0,,NOAA,2013-08-08T07:41:24.4230000-06:00,in
37,USC00051772,Snow,1989-03-10T00:00:00.0000000-07:00,0.000000,P,,0,,NOAA,2013-08-08T07:41:24.4230000-06:00,in
37,USC00051772,Snow,1989-03-11T00:00:00.0000000-07:00,0.000000,P,,0,,NOAA,2013-08-08T07:41:24.4230000-06:00,in
37,USC00051772,Snow,1989-03-12T00:00:00.0000000-07:00,0.000000,P,,0,,NOAA,2013-08-08T07:41:24.4230000-06:00,in
37,USC00051772,Snow,1989-03-13T00:00:00.0000000-07:00,0.000000,P,,0,,NOAA,2013-08-08T07:41:24.4230000-06:00,in
37,USC00051772,Snow,1989-03-14T00:00:00.0000000-07:00,0.000000,P,,0,,NOAA,2013-08-08T07:41:24.4230000-06:00,in
37,USC00051772,Snow,1989-03-15T00:00:00.0000000-07:00,0.000000,P,,0,,NOAA,2013-08-08T07:41:24.4230000-06:00,in
37,USC00051772,Snow,1989-03-16T00:00:00.0000000-07:00,0.000000,P,,0,,NOAA,2013-08-08T07:41:24.4230000-06:00,in
37,USC00051772,Snow,1989-03-17T00:00:00.0000000-07:00,0.000000,P,,0,,NOAA,2013-08-08T07:41:24.4230000-06:00,in
37,USC00051772,Snow,1989-03-18T00:00:00.0000000-07:00,0.000000,P,,0,,NOAA,2013-08-08T07:41:24.4230000-06:00,in
37,USC00051772,Snow,1989-03-19T00:00:00.0000000-07:00,0.000000,P,,0,,NOAA,2013-08-08T07:41:24.4230000-06:00,in
37,USC00051772,Snow,1989-03-20T00:00:00.0000000-07:00,0.000000,P,,0,,NOAA,2013-08-08T07:41:24.4230000-06:00,in
37,USC00051772,Snow,1989-03-21T00:00:00.0000000-07:00,0.000000,P,,0,,NOAA,2013-08-08T07:41:24.4230000-06:00,in
37,USC00051772,Snow,1989-03-22T00:00:00.0000000-07:00,0.000000,P,,0,,NOAA,2013-08-08T07:41:24.4230000-06:00,in
37,USC00051772,Snow,1989-03-23T00:00:00.0000000-07:00,0.000000,P,,0,,NOAA,2013-08-08T07:41:24.4230000-06:00,in
37,USC00051772,Snow,1989-03-24T00:00:00.0000000-07:00,0.000000,P,,0,,NOAA,2013-08-08T07:41:24.4230000-06:00,in
37,USC00051772,Snow,1989-03-25T00:00:00.0000000-07:00,0.000000,P,,0,,NOAA,2013-08-08T07:41:24.4230000-06:00,in
37,USC00051772,Snow,1989-03-26T00:00:00.0000000-07:00,0.000000,P,,0,,NOAA,2013-08-08T07:41:24.4230000-06:00,in
37,USC00051772,Snow,1989-03-27T00:00:00.0000000-07:00,0.000000,P,,0,,NOAA,2013-08-08T07:41:24.4230000-06:00,in
37,USC00051772,Snow,1989-03-28T00:00:00.0000000-07:00,0.000000,P,,0,,NOAA,2013-08-08T07:41:24.4230000-06:00,in
37,USC00051772,Snow,1989-03-29T00:00:00.0000000-07:00,0.000000,P,,0,,NOAA,2013-08-08T07:41:24.4230000-06:00,in
37,USC00051772,Snow,1989-03-30T00:00:00.0000000-07:00,0.000000,P,,0,,NOAA,2013-08-08T07:41:24.4230000-06:00,in
37,USC00051772,Snow,1989-03-31T00:00:00.0000000-07:00,0.000000,P,,0,,NOAA,2013-08-08T07:41:24.4230000-06:00,in
37,USC00051772,Snow,1989-04-01T00:00:00.0000000-07:00,0.000000,P,,0,,NOAA,2013-08-08T07:41:24.4230000-06:00,in
37,USC00051772,Snow,1989-04-02T00:00:00.0000000-07:00,0.000000,P,,0,,NOAA,2013-08-08T07:41:24.4230000-06:00,in
37,USC00051772,Snow,1989-04-03T00:00:00.0000000-06:00,0.000000,P,,0,,NOAA,2013-08-08T07:41:24.4230000-06:00,in
37,USC00051772,Snow,1989-04-04T00:00:00.0000000-06:00,0.000000,P,,0,,NOAA,2013-08-08T07:41:24.4230000-06:00,in
37,USC00051772,Snow,1989-04-05T00:00:00.0000000-06:00,0.000000,P,,0,,NOAA,2013-08-08T07:41:24.4230000-06:00,in
37,USC00051772,Snow,1989-04-06T00:00:00.0000000-06:00,0.000000,P,,0,,NOAA,2013-08-08T07:41:24.4230000-06:00,in
37,USC00051772,Snow,1989-04-07T00:00:00.0000000-06:00,0.000000,P,,0,,NOAA,2013-08-08T07:41:24.4230000-06:00,in
37,USC00051772,Snow,1989-04-08T00:00:00.0000000-06:00,0.000000,P,,0,,NOAA,2013-08-08T07:41:24.4230000-06:00,in
37,USC00051772,Snow,1989-04-09T00:00:00.0000000-06:00,0.000000,P,,0,,NOAA,2013-08-08T07:41:24.4230000-06:00,in
37,USC00051772,Snow,1989-04-10T00:00:00.0000000-06:00,0.000000,P,,0,,NOAA,2013-08-08T07:41:24.4230000-06:00,in
37,USC00051772,Snow,1989-04-11T00:00:00.0000000-06:00,0.000000,P,,0,,NOAA,2013-08-08T07:41:24.4230000-06:00,in
37,USC00051772,Snow,1989-04-12T00:00:00.0000000-06:00,0.000000,P,,0,,NOAA,2013-08-08T07:41:24.4230000-06:00,in
37,USC00051772,Snow,1989-04-13T00:00:00.0000000-06:00,0.000000,P,,0,,NOAA,2013-08-08T07:41:24.4230000-06:00,in
37,USC00051772,Snow,1989-04-14T00:00:00.0000000-06:00,0.000000,P,,0,,NOAA,2013-08-08T07:41:24.4230000-06:00,in
37,USC00051772,Snow,1989-04-15T00:00:00.0000000-06:00,0.000000,P,,0,,NOAA,2013-08-08T07:41:24.4230000-06:00,in
37,USC00051772,Snow,1989-04-16T00:00:00.0000000-06:00,0.000000,P,,0,,NOAA,2013-08-08T07:41:24.4230000-06:00,in
37,USC00051772,Snow,1989-04-17T00:00:00.0000000-06:00,0.000000,P,,0,,NOAA,2013-08-08T07:41:24.4230000-06:00,in
37,USC00051772,Snow,1989-04-18T00:00:00.0000000-06:00,0.000000,P,,0,,NOAA,2013-08-08T07:41:24.4230000-06:00,in
37,USC00051772,Snow,1989-04-19T00:00:00.0000000-06:00,0.000000,P,,0,,NOAA,2013-08-08T07:41:24.4230000-06:00,in
37,USC00051772,Snow,1989-04-20T00:00:00.0000000-06:00,0.000000,P,,0,,NOAA,2013-08-08T07:41:24.4230000-06:00,in
37,USC00051772,Snow,1989-04-21T00:00:00.0000000-06:00,0.000000,P,,0,,NOAA,2013-08-08T07:41:24.4230000-06:00,in
37,USC00051772,Snow,1989-04-22T00:00:00.0000000-06:00,0.000000,P,,0,,NOAA,2013-08-08T07:41:24.4230000-06:00,in
37,USC00051772,Snow,1989-04-23T00:00:00.0000000-06:00,0.000000,P,,0,,NOAA,2013-08-08T07:41:24.4230000-06:00,in
37,USC00051772,Snow,1989-04-24T00:00:00.0000000-06:00,0.000000,P,,0,,NOAA,2013-08-08T07:41:24.4230000-06:00,in
37,USC00051772,Snow,1989-04-25T00:00:00.0000000-06:00,0.000000,P,,0,,NOAA,2013-08-08T07:41:24.4230000-06:00,in
37,USC00051772,Snow,1989-04-26T00:00:00.0000000-06:00,0.000000,P,,0,,NOAA,2013-08-08T07:41:24.4230000-06:00,in
37,USC00051772,Snow,1989-04-27T00:00:00.0000000-06:00,0.000000,P,,0,,NOAA,2013-08-08T07:41:24.4230000-06:00,in
37,USC00051772,Snow,1989-04-28T00:00:00.0000000-06:00,0.000000,P,,0,,NOAA,2013-08-08T07:41:24.4230000-06:00,in
37,USC00051772,Snow,1989-04-29T00:00:00.0000000-06:00,0.000000,P,,0,,NOAA,2013-08-08T07:41:24.4230000-06:00,in
37,USC00051772,Snow,1989-04-30T00:00:00.0000000-06:00,0.000000,P,,0,,NOAA,2013-08-08T07:41:24.4230000-06:00,in
37,USC00051772,Snow,1989-05-01T00:00:00.0000000-06:00,0.000000,P,,0,,NOAA,2013-08-08T07:41:24.4230000-06:00,in
37,USC00051772,Snow,1989-05-02T00:00:00.0000000-06:00,0.000000,P,,0,,NOAA,2013-08-08T07:41:24.4230000-06:00,in
37,USC00051772,Snow,1989-05-03T00:00:00.0000000-06:00,0.000000,P,,0,,NOAA,2013-08-08T07:41:24.4230000-06:00,in
37,USC00051772,Snow,1989-05-04T00:00:00.0000000-06:00,0.000000,P,,0,,NOAA,2013-08-08T07:41:24.4230000-06:00,in
37,USC00051772,Snow,1989-05-05T00:00:00.0000000-06:00,0.000000,P,,0,,NOAA,2013-08-08T07:41:24.4230000-06:00,in
37,USC00051772,Snow,1989-05-06T00:00:00.0000000-06:00,0.000000,P,,0,,NOAA,2013-08-08T07:41:24.4230000-06:00,in
37,USC00051772,Snow,1989-05-07T00:00:00.0000000-06:00,0.000000,P,,0,,NOAA,2013-08-08T07:41:24.4230000-06:00,in
37,USC00051772,Snow,1989-05-08T00:00:00.0000000-06:00,0.000000,P,,0,,NOAA,2013-08-08T07:41:24.4230000-06:00,in
37,USC00051772,Snow,1989-05-09T00:00:00.0000000-06:00,0.000000,P,,0,,NOAA,2013-08-08T07:41:24.4230000-06:00,in
37,USC00051772,Snow,1989-05-10T00:00:00.0000000-06:00,0.000000,P,,0,,NOAA,2013-08-08T07:41:24.4230000-06:00,in
37,USC00051772,Snow,1989-05-11T00:00:00.0000000-06:00,0.000000,P,,0,,NOAA,2013-08-08T07:41:24.4230000-06:00,in
37,USC00051772,Snow,1989-05-12T00:00:00.0000000-06:00,0.000000,P,,0,,NOAA,2013-08-08T07:41:24.4230000-06:00,in
37,USC00051772,Snow,1989-05-13T00:00:00.0000000-06:00,0.000000,P,,0,,NOAA,2013-08-08T07:41:24.4230000-06:00,in
37,USC00051772,Snow,1989-05-14T00:00:00.0000000-06:00,0.000000,P,,0,,NOAA,2013-08-08T07:41:24.4230000-06:00,in
37,USC00051772,Snow,1989-05-15T00:00:00.0000000-06:00,0.000000,P,,0,,NOAA,2013-08-08T07:41:24.4230000-06:00,in
37,USC00051772,Snow,1989-05-16T00:00:00.0000000-06:00,0.000000,P,,0,,NOAA,2013-08-08T07:41:24.4230000-06:00,in
37,USC00051772,Snow,1989-05-17T00:00:00.0000000-06:00,0.000000,P,,0,,NOAA,2013-08-08T07:41:24.4230000-06:00,in
37,USC00051772,Snow,1989-05-18T00:00:00.0000000-06:00,0.000000,P,,0,,NOAA,2013-08-08T07:41:24.4230000-06:00,in
37,USC00051772,Snow,1989-05-19T00:00:00.0000000-06:00,0.000000,P,,0,,NOAA,2013-08-08T07:41:24.4230000-06:00,in
37,USC00051772,Snow,1989-05-20T00:00:00.0000000-06:00,0.000000,P,,0,,NOAA,2013-08-08T07:41:24.4230000-06:00,in
37,USC00051772,Snow,1989-05-21T00:00:00.0000000-06:00,0.000000,P,,0,,NOAA,2013-08-08T07:41:24.4230000-06:00,in
37,USC00051772,Snow,1989-05-22T00:00:00.0000000-06:00,0.000000,P,,0,,NOAA,2013-08-08T07:41:24.4230000-06:00,in
37,USC00051772,Snow,1989-05-23T00:00:00.0000000-06:00,0.000000,P,,0,,NOAA,2013-08-08T07:41:24.4230000-06:00,in
37,USC00051772,Snow,1989-05-24T00:00:00.0000000-06:00,0.000000,P,,0,,NOAA,2013-08-08T07:41:24.4230000-06:00,in
37,USC00051772,Snow,1989-05-25T00:00:00.0000000-06:00,0.000000,P,,0,,NOAA,2013-08-08T07:41:24.4230000-06:00,in
37,USC00051772,Snow,1989-05-26T00:00:00.0000000-06:00,0.000000,P,,0,,NOAA,2013-08-08T07:41:24.4230000-06:00,in
37,USC00051772,Snow,1989-05-27T00:00:00.0000000-06:00,0.000000,P,,0,,NOAA,2013-08-08T07:41:24.4230000-06:00,in
37,USC00051772,Snow,1989-05-28T00:00:00.0000000-06:00,0.000000,P,,0,,NOAA,2013-08-08T07:41:24.4230000-06:00,in
37,USC00051772,Snow,1989-05-29T00:00:00.0000000-06:00,0.000000,P,,0,,NOAA,2013-08-08T07:41:24.4230000-06:00,in
37,USC00051772,Snow,1989-05-30T00:00:00.0000000-06:00,0.000000,P,,0,,NOAA,2013-08-08T07:41:24.4230000-06:00,in
37,USC00051772,Snow,1989-05-31T00:00:00.0000000-06:00,0.000000,P,,0,,NOAA,2013-08-08T07:41:24.4230000-06:00,in
37,USC00051772,Snow,1989-06-01T00:00:00.0000000-06:00,0.000000,P,,0,,NOAA,2013-08-08T07:41:24.4230000-06:00,in
37,USC00051772,Snow,1989-06-02T00:00:00.0000000-06:00,0.000000,P,,0,,NOAA,2013-08-08T07:41:24.4230000-06:00,in
37,USC00051772,Snow,1989-06-03T00:00:00.0000000-06:00,0.000000,P,,0,,NOAA,2013-08-08T07:41:24.4230000-06:00,in
37,USC00051772,Snow,1989-06-04T00:00:00.0000000-06:00,0.000000,P,,0,,NOAA,2013-08-08T07:41:24.4230000-06:00,in
37,USC00051772,Snow,1989-06-05T00:00:00.0000000-06:00,0.000000,P,,0,,NOAA,2013-08-08T07:41:24.4230000-06:00,in
37,USC00051772,Snow,1989-06-06T00:00:00.0000000-06:00,0.000000,P,,0,,NOAA,2013-08-08T07:41:24.4230000-06:00,in
37,USC00051772,Snow,1989-06-07T00:00:00.0000000-06:00,0.000000,P,,0,,NOAA,2013-08-08T07:41:24.4230000-06:00,in
37,USC00051772,Snow,1989-06-08T00:00:00.0000000-06:00,0.000000,P,,0,,NOAA,2013-08-08T07:41:24.4230000-06:00,in
37,USC00051772,Snow,1989-06-09T00:00:00.0000000-06:00,0.000000,P,,0,,NOAA,2013-08-08T07:41:24.4230000-06:00,in
37,USC00051772,Snow,1989-06-10T00:00:00.0000000-06:00,0.000000,P,,0,,NOAA,2013-08-08T07:41:24.4230000-06:00,in
37,USC00051772,Snow,1989-06-11T00:00:00.0000000-06:00,0.000000,P,,0,,NOAA,2013-08-08T07:41:24.4230000-06:00,in
37,USC00051772,Snow,1989-06-12T00:00:00.0000000-06:00,0.000000,P,,0,,NOAA,2013-08-08T07:41:24.4230000-06:00,in
37,USC00051772,Snow,1989-06-13T00:00:00.0000000-06:00,0.000000,P,,0,,NOAA,2013-08-08T07:41:24.4230000-06:00,in
37,USC00051772,Snow,1989-06-14T00:00:00.0000000-06:00,0.000000,P,,0,,NOAA,2013-08-08T07:41:24.4230000-06:00,in
37,USC00051772,Snow,1989-06-15T00:00:00.0000000-06:00,0.000000,P,,0,,NOAA,2013-08-08T07:41:24.4230000-06:00,in
37,USC00051772,Snow,1989-06-16T00:00:00.0000000-06:00,0.000000,P,,0,,NOAA,2013-08-08T07:41:24.4230000-06:00,in
37,USC00051772,Snow,1989-06-17T00:00:00.0000000-06:00,0.000000,P,,0,,NOAA,2013-08-08T07:41:24.4230000-06:00,in
37,USC00051772,Snow,1989-06-18T00:00:00.0000000-06:00,0.000000,P,,0,,NOAA,2013-08-08T07:41:24.4230000-06:00,in
37,USC00051772,Snow,1989-06-19T00:00:00.0000000-06:00,0.000000,P,,0,,NOAA,2013-08-08T07:41:24.4230000-06:00,in
37,USC00051772,Snow,1989-06-20T00:00:00.0000000-06:00,0.000000,P,,0,,NOAA,2013-08-08T07:41:24.4230000-06:00,in
37,USC00051772,Snow,1989-06-21T00:00:00.0000000-06:00,0.000000,P,,0,,NOAA,2013-08-08T07:41:24.4230000-06:00,in
37,USC00051772,Snow,1989-06-22T00:00:00.0000000-06:00,0.000000,P,,0,,NOAA,2013-08-08T07:41:24.4230000-06:00,in
37,USC00051772,Snow,1989-06-23T00:00:00.0000000-06:00,0.000000,P,,0,,NOAA,2013-08-08T07:41:24.4230000-06:00,in
37,USC00051772,Snow,1989-06-24T00:00:00.0000000-06:00,0.000000,P,,0,,NOAA,2013-08-08T07:41:24.4230000-06:00,in
37,USC00051772,Snow,1989-06-25T00:00:00.0000000-06:00,0.000000,P,,0,,NOAA,2013-08-08T07:41:24.4230000-06:00,in
37,USC00051772,Snow,1989-06-26T00:00:00.0000000-06:00,0.000000,P,,0,,NOAA,2013-08-08T07:41:24.4230000-06:00,in
37,USC00051772,Snow,1989-06-27T00:00:00.0000000-06:00,0.000000,P,,0,,NOAA,2013-08-08T07:41:24.4230000-06:00,in
37,USC00051772,Snow,1989-06-28T00:00:00.0000000-06:00,0.000000,P,,0,,NOAA,2013-08-08T07:41:24.4230000-06:00,in
37,USC00051772,Snow,1989-06-29T00:00:00.0000000-06:00,0.000000,P,,0,,NOAA,2013-08-08T07:41:24.4230000-06:00,in
37,USC00051772,Snow,1989-06-30T00:00:00.0000000-06:00,0.000000,P,,0,,NOAA,2013-08-08T07:41:24.4230000-06:00,in
37,USC00051772,Snow,1989-07-01T00:00:00.0000000-06:00,0.000000,P,,0,,NOAA,2013-08-08T07:41:24.4230000-06:00,in
37,USC00051772,Snow,1989-07-02T00:00:00.0000000-06:00,0.000000,P,,0,,NOAA,2013-08-08T07:41:24.4230000-06:00,in
37,USC00051772,Snow,1989-07-03T00:00:00.0000000-06:00,0.000000,P,,0,,NOAA,2013-08-08T07:41:24.4230000-06:00,in
37,USC00051772,Snow,1989-07-04T00:00:00.0000000-06:00,0.000000,P,,0,,NOAA,2013-08-08T07:41:24.4230000-06:00,in
37,USC00051772,Snow,1989-07-05T00:00:00.0000000-06:00,0.000000,P,,0,,NOAA,2013-08-08T07:41:24.4230000-06:00,in
37,USC00051772,Snow,1989-07-06T00:00:00.0000000-06:00,0.000000,P,,0,,NOAA,2013-08-08T07:41:24.4230000-06:00,in
37,USC00051772,Snow,1989-07-07T00:00:00.0000000-06:00,0.000000,P,,0,,NOAA,2013-08-08T07:41:24.4230000-06:00,in
37,USC00051772,Snow,1989-07-08T00:00:00.0000000-06:00,0.000000,P,,0,,NOAA,2013-08-08T07:41:24.4230000-06:00,in
37,USC00051772,Snow,1989-07-09T00:00:00.0000000-06:00,0.000000,P,,0,,NOAA,2013-08-08T07:41:24.4230000-06:00,in
37,USC00051772,Snow,1989-07-10T00:00:00.0000000-06:00,0.000000,P,,0,,NOAA,2013-08-08T07:41:24.4230000-06:00,in
37,USC00051772,Snow,1989-07-11T00:00:00.0000000-06:00,0.000000,P,,0,,NOAA,2013-08-08T07:41:24.4230000-06:00,in
37,USC00051772,Snow,1989-07-12T00:00:00.0000000-06:00,0.000000,P,,0,,NOAA,2013-08-08T07:41:24.4230000-06:00,in
37,USC00051772,Snow,1989-07-13T00:00:00.0000000-06:00,0.000000,P,,0,,NOAA,2013-08-08T07:41:24.4230000-06:00,in
37,USC00051772,Snow,1989-07-14T00:00:00.0000000-06:00,0.000000,P,,0,,NOAA,2013-08-08T07:41:24.4230000-06:00,in
37,USC00051772,Snow,1989-07-15T00:00:00.0000000-06:00,0.000000,P,,0,,NOAA,2013-08-08T07:41:24.4230000-06:00,in
37,USC00051772,Snow,1989-07-16T00:00:00.0000000-06:00,0.000000,P,,0,,NOAA,2013-08-08T07:41:24.4230000-06:00,in
37,USC00051772,Snow,1989-07-17T00:00:00.0000000-06:00,0.000000,P,,0,,NOAA,2013-08-08T07:41:24.4230000-06:00,in
37,USC00051772,Snow,1989-07-18T00:00:00.0000000-06:00,0.000000,P,,0,,NOAA,2013-08-08T07:41:24.4230000-06:00,in
37,USC00051772,Snow,1989-07-19T00:00:00.0000000-06:00,0.000000,P,,0,,NOAA,2013-08-08T07:41:24.4230000-06:00,in
37,USC00051772,Snow,1989-07-20T00:00:00.0000000-06:00,0.000000,P,,0,,NOAA,2013-08-08T07:41:24.4230000-06:00,in
37,USC00051772,Snow,1989-07-21T00:00:00.0000000-06:00,0.000000,P,,0,,NOAA,2013-08-08T07:41:24.4230000-06:00,in
37,USC00051772,Snow,1989-07-22T00:00:00.0000000-06:00,0.000000,P,,0,,NOAA,2013-08-08T07:41:24.4230000-06:00,in
37,USC00051772,Snow,1989-07-23T00:00:00.0000000-06:00,0.000000,P,,0,,NOAA,2013-08-08T07:41:24.4230000-06:00,in
37,USC00051772,Snow,1989-07-24T00:00:00.0000000-06:00,0.000000,P,,0,,NOAA,2013-08-08T07:41:24.4230000-06:00,in
37,USC00051772,Snow,1989-07-25T00:00:00.0000000-06:00,0.000000,P,,0,,NOAA,2013-08-08T07:41:24.4230000-06:00,in
37,USC00051772,Snow,1989-07-26T00:00:00.0000000-06:00,0.000000,P,,0,,NOAA,2013-08-08T07:41:24.4230000-06:00,in
37,USC00051772,Snow,1989-07-27T00:00:00.0000000-06:00,0.000000,P,,0,,NOAA,2013-08-08T07:41:24.4230000-06:00,in
37,USC00051772,Snow,1989-07-28T00:00:00.0000000-06:00,0.000000,P,,0,,NOAA,2013-08-08T07:41:24.4230000-06:00,in
37,USC00051772,Snow,1989-07-29T00:00:00.0000000-06:00,0.000000,P,,0,,NOAA,2013-08-08T07:41:24.4230000-06:00,in
37,USC00051772,Snow,1989-07-30T00:00:00.0000000-06:00,0.000000,P,,0,,NOAA,2013-08-08T07:41:24.4230000-06:00,in
37,USC00051772,Snow,1989-07-31T00:00:00.0000000-06:00,0.000000,P,,0,,NOAA,2013-08-08T07:41:24.4230000-06:00,in
37,USC00051772,Snow,1989-08-01T00:00:00.0000000-06:00,0.000000,P,,0,,NOAA,2013-08-08T07:41:24.4230000-06:00,in
37,USC00051772,Snow,1989-08-02T00:00:00.0000000-06:00,0.000000,P,,0,,NOAA,2013-08-08T07:41:24.4230000-06:00,in
37,USC00051772,Snow,1989-08-03T00:00:00.0000000-06:00,0.000000,P,,0,,NOAA,2013-08-08T07:41:24.4230000-06:00,in
37,USC00051772,Snow,1989-08-04T00:00:00.0000000-06:00,0.000000,P,,0,,NOAA,2013-08-08T07:41:24.4230000-06:00,in
37,USC00051772,Snow,1989-08-05T00:00:00.0000000-06:00,0.000000,P,,0,,NOAA,2013-08-08T07:41:24.4230000-06:00,in
37,USC00051772,Snow,1989-08-06T00:00:00.0000000-06:00,0.000000,P,,0,,NOAA,2013-08-08T07:41:24.4230000-06:00,in
37,USC00051772,Snow,1989-08-07T00:00:00.0000000-06:00,0.000000,P,,0,,NOAA,2013-08-08T07:41:24.4230000-06:00,in
37,USC00051772,Snow,1989-08-08T00:00:00.0000000-06:00,0.000000,P,,0,,NOAA,2013-08-08T07:41:24.4230000-06:00,in
37,USC00051772,Snow,1989-08-09T00:00:00.0000000-06:00,0.000000,P,,0,,NOAA,2013-08-08T07:41:24.4230000-06:00,in
37,USC00051772,Snow,1989-08-10T00:00:00.0000000-06:00,0.000000,P,,0,,NOAA,2013-08-08T07:41:24.4230000-06:00,in
37,USC00051772,Snow,1989-08-11T00:00:00.0000000-06:00,0.000000,P,,0,,NOAA,2013-08-08T07:41:24.4230000-06:00,in
37,USC00051772,Snow,1989-08-12T00:00:00.0000000-06:00,0.000000,P,,0,,NOAA,2013-08-08T07:41:24.4230000-06:00,in
37,USC00051772,Snow,1989-08-13T00:00:00.0000000-06:00,0.000000,P,,0,,NOAA,2013-08-08T07:41:24.4230000-06:00,in
37,USC00051772,Snow,1989-08-14T00:00:00.0000000-06:00,0.000000,P,,0,,NOAA,2013-08-08T07:41:24.4230000-06:00,in
37,USC00051772,Snow,1989-08-15T00:00:00.0000000-06:00,0.000000,P,,0,,NOAA,2013-08-08T07:41:24.4230000-06:00,in
37,USC00051772,Snow,1989-08-16T00:00:00.0000000-06:00,0.000000,P,,0,,NOAA,2013-08-08T07:41:24.4230000-06:00,in
37,USC00051772,Snow,1989-08-17T00:00:00.0000000-06:00,0.000000,P,,0,,NOAA,2013-08-08T07:41:24.4230000-06:00,in
37,USC00051772,Snow,1989-08-18T00:00:00.0000000-06:00,0.000000,P,,0,,NOAA,2013-08-08T07:41:24.4230000-06:00,in
37,USC00051772,Snow,1989-08-19T00:00:00.0000000-06:00,0.000000,P,,0,,NOAA,2013-08-08T07:41:24.4230000-06:00,in
37,USC00051772,Snow,1989-08-20T00:00:00.0000000-06:00,0.000000,P,,0,,NOAA,2013-08-08T07:41:24.4230000-06:00,in
37,USC00051772,Snow,1989-08-21T00:00:00.0000000-06:00,0.000000,P,,0,,NOAA,2013-08-08T07:41:24.4230000-06:00,in
37,USC00051772,Snow,1989-08-22T00:00:00.0000000-06:00,0.000000,P,,0,,NOAA,2013-08-08T07:41:24.4230000-06:00,in
37,USC00051772,Snow,1989-08-23T00:00:00.0000000-06:00,0.000000,P,,0,,NOAA,2013-08-08T07:41:24.4230000-06:00,in
37,USC00051772,Snow,1989-08-24T00:00:00.0000000-06:00,0.000000,P,,0,,NOAA,2013-08-08T07:41:24.4230000-06:00,in
37,USC00051772,Snow,1989-08-25T00:00:00.0000000-06:00,0.000000,P,,0,,NOAA,2013-08-08T07:41:24.4230000-06:00,in
37,USC00051772,Snow,1989-08-26T00:00:00.0000000-06:00,0.000000,P,,0,,NOAA,2013-08-08T07:41:24.4230000-06:00,in
37,USC00051772,Snow,1989-08-27T00:00:00.0000000-06:00,0.000000,P,,0,,NOAA,2013-08-08T07:41:24.4230000-06:00,in
37,USC00051772,Snow,1989-08-28T00:00:00.0000000-06:00,0.000000,P,,0,,NOAA,2013-08-08T07:41:24.4230000-06:00,in
37,USC00051772,Snow,1989-08-29T00:00:00.0000000-06:00,0.000000,P,,0,,NOAA,2013-08-08T07:41:24.4230000-06:00,in
37,USC00051772,Snow,1989-08-30T00:00:00.0000000-06:00,0.000000,P,,0,,NOAA,2013-08-08T07:41:24.4230000-06:00,in
37,USC00051772,Snow,1989-08-31T00:00:00.0000000-06:00,0.000000,P,,0,,NOAA,2013-08-08T07:41:24.4230000-06:00,in
37,USC00051772,Snow,1989-09-01T00:00:00.0000000-06:00,0.000000,P,,0,,NOAA,2013-08-08T07:41:24.4230000-06:00,in
37,USC00051772,Snow,1989-09-02T00:00:00.0000000-06:00,0.000000,P,,0,,NOAA,2013-08-08T07:41:24.4230000-06:00,in
37,USC00051772,Snow,1989-09-03T00:00:00.0000000-06:00,0.000000,P,,0,,NOAA,2013-08-08T07:41:24.4230000-06:00,in
37,USC00051772,Snow,1989-09-04T00:00:00.0000000-06:00,0.000000,P,,0,,NOAA,2013-08-08T07:41:24.4230000-06:00,in
37,USC00051772,Snow,1989-09-05T00:00:00.0000000-06:00,0.000000,P,,0,,NOAA,2013-08-08T07:41:24.4230000-06:00,in
37,USC00051772,Snow,1989-09-06T00:00:00.0000000-06:00,0.000000,P,,0,,NOAA,2013-08-08T07:41:24.4230000-06:00,in
37,USC00051772,Snow,1989-09-07T00:00:00.0000000-06:00,0.000000,P,,0,,NOAA,2013-08-08T07:41:24.4230000-06:00,in
37,USC00051772,Snow,1989-09-08T00:00:00.0000000-06:00,0.000000,P,,0,,NOAA,2013-08-08T07:41:24.4230000-06:00,in
37,USC00051772,Snow,1989-09-09T00:00:00.0000000-06:00,0.000000,P,,0,,NOAA,2013-08-08T07:41:24.4230000-06:00,in
37,USC00051772,Snow,1989-09-10T00:00:00.0000000-06:00,0.000000,P,,0,,NOAA,2013-08-08T07:41:24.4230000-06:00,in
37,USC00051772,Snow,1989-09-11T00:00:00.0000000-06:00,0.000000,P,,0,,NOAA,2013-08-08T07:41:24.4230000-06:00,in
37,USC00051772,Snow,1989-09-12T00:00:00.0000000-06:00,0.000000,P,,0,,NOAA,2013-08-08T07:41:24.4230000-06:00,in
37,USC00051772,Snow,1989-09-13T00:00:00.0000000-06:00,0.000000,P,,0,,NOAA,2013-08-08T07:41:24.4230000-06:00,in
37,USC00051772,Snow,1989-09-14T00:00:00.0000000-06:00,0.000000,P,,0,,NOAA,2013-08-08T07:41:24.4230000-06:00,in
37,USC00051772,Snow,1989-09-15T00:00:00.0000000-06:00,0.000000,P,,0,,NOAA,2013-08-08T07:41:24.4230000-06:00,in
37,USC00051772,Snow,1989-09-16T00:00:00.0000000-06:00,0.000000,P,,0,,NOAA,2013-08-08T07:41:24.4230000-06:00,in
37,USC00051772,Snow,1989-09-17T00:00:00.0000000-06:00,0.000000,P,,0,,NOAA,2013-08-08T07:41:24.4230000-06:00,in
37,USC00051772,Snow,1989-09-18T00:00:00.0000000-06:00,0.000000,P,,0,,NOAA,2013-08-08T07:41:24.4230000-06:00,in
37,USC00051772,Snow,1989-09-19T00:00:00.0000000-06:00,0.000000,P,,0,,NOAA,2013-08-08T07:41:24.4230000-06:00,in
37,USC00051772,Snow,1989-09-20T00:00:00.0000000-06:00,0.000000,P,,0,,NOAA,2013-08-08T07:41:24.4230000-06:00,in
37,USC00051772,Snow,1989-09-21T00:00:00.0000000-06:00,0.000000,P,,0,,NOAA,2013-08-08T07:41:24.4230000-06:00,in
37,USC00051772,Snow,1989-09-22T00:00:00.0000000-06:00,0.000000,P,,0,,NOAA,2013-08-08T07:41:24.4230000-06:00,in
37,USC00051772,Snow,1989-09-23T00:00:00.0000000-06:00,0.000000,P,,0,,NOAA,2013-08-08T07:41:24.4230000-06:00,in
37,USC00051772,Snow,1989-09-24T00:00:00.0000000-06:00,0.000000,P,,0,,NOAA,2013-08-08T07:41:24.4230000-06:00,in
37,USC00051772,Snow,1989-09-25T00:00:00.0000000-06:00,0.000000,P,,0,,NOAA,2013-08-08T07:41:24.4230000-06:00,in
37,USC00051772,Snow,1989-09-26T00:00:00.0000000-06:00,0.000000,P,,0,,NOAA,2013-08-08T07:41:24.4230000-06:00,in
37,USC00051772,Snow,1989-09-27T00:00:00.0000000-06:00,0.000000,P,,0,,NOAA,2013-08-08T07:41:24.4230000-06:00,in
37,USC00051772,Snow,1989-09-28T00:00:00.0000000-06:00,0.000000,P,,0,,NOAA,2013-08-08T07:41:24.4230000-06:00,in
37,USC00051772,Snow,1989-09-29T00:00:00.0000000-06:00,0.000000,P,,0,,NOAA,2013-08-08T07:41:24.4230000-06:00,in
37,USC00051772,Snow,1989-09-30T00:00:00.0000000-06:00,0.000000,P,,0,,NOAA,2013-08-08T07:41:24.4230000-06:00,in
37,USC00051772,Snow,1989-10-01T00:00:00.0000000-06:00,0.000000,P,,0,,NOAA,2013-08-08T07:41:24.4230000-06:00,in
37,USC00051772,Snow,1989-10-02T00:00:00.0000000-06:00,0.000000,P,,0,,NOAA,2013-08-08T07:41:24.4230000-06:00,in
37,USC00051772,Snow,1989-10-03T00:00:00.0000000-06:00,0.000000,P,,0,,NOAA,2013-08-08T07:41:24.4230000-06:00,in
37,USC00051772,Snow,1989-10-04T00:00:00.0000000-06:00,0.000000,P,,0,,NOAA,2013-08-08T07:41:24.4230000-06:00,in
37,USC00051772,Snow,1989-10-05T00:00:00.0000000-06:00,0.000000,P,,0,,NOAA,2013-08-08T07:41:24.4230000-06:00,in
37,USC00051772,Snow,1989-10-06T00:00:00.0000000-06:00,0.000000,P,,0,,NOAA,2013-08-08T07:41:24.4230000-06:00,in
37,USC00051772,Snow,1989-10-07T00:00:00.0000000-06:00,0.000000,P,,0,,NOAA,2013-08-08T07:41:24.4230000-06:00,in
37,USC00051772,Snow,1989-10-08T00:00:00.0000000-06:00,0.000000,P,,0,,NOAA,2013-08-08T07:41:24.4230000-06:00,in
37,USC00051772,Snow,1989-10-09T00:00:00.0000000-06:00,0.000000,P,,0,,NOAA,2013-08-08T07:41:24.4230000-06:00,in
37,USC00051772,Snow,1989-10-10T00:00:00.0000000-06:00,0.000000,P,,0,,NOAA,2013-08-08T07:41:24.4230000-06:00,in
37,USC00051772,Snow,1989-10-11T00:00:00.0000000-06:00,0.000000,P,,0,,NOAA,2013-08-08T07:41:24.4230000-06:00,in
37,USC00051772,Snow,1989-10-12T00:00:00.0000000-06:00,0.000000,P,,0,,NOAA,2013-08-08T07:41:24.4230000-06:00,in
37,USC00051772,Snow,1989-10-13T00:00:00.0000000-06:00,0.000000,P,,0,,NOAA,2013-08-08T07:41:24.4230000-06:00,in
37,USC00051772,Snow,1989-10-14T00:00:00.0000000-06:00,0.000000,P,,0,,NOAA,2013-08-08T07:41:24.4230000-06:00,in
37,USC00051772,Snow,1989-10-15T00:00:00.0000000-06:00,0.000000,P,,0,,NOAA,2013-08-08T07:41:24.4230000-06:00,in
37,USC00051772,Snow,1989-10-16T00:00:00.0000000-06:00,0.000000,P,,0,,NOAA,2013-08-08T07:41:24.4230000-06:00,in
37,USC00051772,Snow,1989-10-17T00:00:00.0000000-06:00,0.000000,P,,0,,NOAA,2013-08-08T07:41:24.4230000-06:00,in
37,USC00051772,Snow,1989-10-18T00:00:00.0000000-06:00,0.000000,P,,0,,NOAA,2013-08-08T07:41:24.4230000-06:00,in
37,USC00051772,Snow,1989-10-19T00:00:00.0000000-06:00,0.000000,P,,0,,NOAA,2013-08-08T07:41:24.4230000-06:00,in
37,USC00051772,Snow,1989-10-20T00:00:00.0000000-06:00,0.000000,P,,0,,NOAA,2013-08-08T07:41:24.4230000-06:00,in
37,USC00051772,Snow,1989-10-21T00:00:00.0000000-06:00,0.000000,P,,0,,NOAA,2013-08-08T07:41:24.4230000-06:00,in
37,USC00051772,Snow,1989-10-22T00:00:00.0000000-06:00,0.000000,P,,0,,NOAA,2013-08-08T07:41:24.4230000-06:00,in
37,USC00051772,Snow,1989-10-23T00:00:00.0000000-06:00,0.000000,P,,0,,NOAA,2013-08-08T07:41:24.4230000-06:00,in
37,USC00051772,Snow,1989-10-24T00:00:00.0000000-06:00,0.000000,P,,0,,NOAA,2013-08-08T07:41:24.4230000-06:00,in
37,USC00051772,Snow,1989-10-25T00:00:00.0000000-06:00,0.000000,P,,0,,NOAA,2013-08-08T07:41:24.4230000-06:00,in
37,USC00051772,Snow,1989-10-26T00:00:00.0000000-06:00,0.000000,P,,0,,NOAA,2013-08-08T07:41:24.4230000-06:00,in
37,USC00051772,Snow,1989-10-27T00:00:00.0000000-06:00,0.000000,P,,0,,NOAA,2013-08-08T07:41:24.4230000-06:00,in
37,USC00051772,Snow,1989-10-28T00:00:00.0000000-06:00,0.000000,P,,0,,NOAA,2013-08-08T07:41:24.4230000-06:00,in
37,USC00051772,Snow,1989-10-29T00:00:00.0000000-06:00,0.000000,P,,0,,NOAA,2013-08-08T07:41:24.4230000-06:00,in
37,USC00051772,Snow,1989-10-30T00:00:00.0000000-07:00,0.000000,P,,0,,NOAA,2013-08-08T07:41:24.4230000-06:00,in
37,USC00051772,Snow,1989-10-31T00:00:00.0000000-07:00,0.000000,P,,0,,NOAA,2013-08-08T07:41:24.4230000-06:00,in
37,USC00051772,Snow,1989-11-01T00:00:00.0000000-07:00,0.000000,P,,0,,NOAA,2013-08-08T07:41:24.4230000-06:00,in
37,USC00051772,Snow,1989-11-02T00:00:00.0000000-07:00,0.000000,P,,0,,NOAA,2013-08-08T07:41:24.4230000-06:00,in
37,USC00051772,Snow,1989-11-03T00:00:00.0000000-07:00,0.000000,P,,0,,NOAA,2013-08-08T07:41:24.4230000-06:00,in
37,USC00051772,Snow,1989-11-04T00:00:00.0000000-07:00,0.000000,P,,0,,NOAA,2013-08-08T07:41:24.4230000-06:00,in
37,USC00051772,Snow,1989-11-05T00:00:00.0000000-07:00,0.000000,P,,0,,NOAA,2013-08-08T07:41:24.4230000-06:00,in
37,USC00051772,Snow,1989-11-06T00:00:00.0000000-07:00,0.000000,P,,0,,NOAA,2013-08-08T07:41:24.4230000-06:00,in
37,USC00051772,Snow,1989-11-07T00:00:00.0000000-07:00,0.000000,P,,0,,NOAA,2013-08-08T07:41:24.4230000-06:00,in
37,USC00051772,Snow,1989-11-08T00:00:00.0000000-07:00,0.000000,P,,0,,NOAA,2013-08-08T07:41:24.4230000-06:00,in
37,USC00051772,Snow,1989-11-09T00:00:00.0000000-07:00,0.000000,P,,0,,NOAA,2013-08-08T07:41:24.4230000-06:00,in
37,USC00051772,Snow,1989-11-10T00:00:00.0000000-07:00,0.000000,P,,0,,NOAA,2013-08-08T07:41:24.4230000-06:00,in
37,USC00051772,Snow,1989-11-11T00:00:00.0000000-07:00,0.000000,P,,0,,NOAA,2013-08-08T07:41:24.4230000-06:00,in
37,USC00051772,Snow,1989-11-12T00:00:00.0000000-07:00,0.000000,P,,0,,NOAA,2013-08-08T07:41:24.4230000-06:00,in
37,USC00051772,Snow,1989-11-13T00:00:00.0000000-07:00,0.000000,P,,0,,NOAA,2013-08-08T07:41:24.4230000-06:00,in
37,USC00051772,Snow,1989-11-14T00:00:00.0000000-07:00,0.000000,P,,0,,NOAA,2013-08-08T07:41:24.4230000-06:00,in
37,USC00051772,Snow,1989-11-15T00:00:00.0000000-07:00,0.000000,P,,0,,NOAA,2013-08-08T07:41:24.4230000-06:00,in
37,USC00051772,Snow,1989-11-16T00:00:00.0000000-07:00,0.000000,P,,0,,NOAA,2013-08-08T07:41:24.4230000-06:00,in
37,USC00051772,Snow,1989-11-17T00:00:00.0000000-07:00,0.000000,P,,0,,NOAA,2013-08-08T07:41:24.4230000-06:00,in
37,USC00051772,Snow,1989-11-18T00:00:00.0000000-07:00,0.000000,P,,0,,NOAA,2013-08-08T07:41:24.4230000-06:00,in
37,USC00051772,Snow,1989-11-19T00:00:00.0000000-07:00,0.000000,P,,0,,NOAA,2013-08-08T07:41:24.4230000-06:00,in
37,USC00051772,Snow,1989-11-20T00:00:00.0000000-07:00,0.000000,P,,0,,NOAA,2013-08-08T07:41:24.4230000-06:00,in
37,USC00051772,Snow,1989-11-21T00:00:00.0000000-07:00,0.000000,P,,0,,NOAA,2013-08-08T07:41:24.4230000-06:00,in
37,USC00051772,Snow,1989-11-22T00:00:00.0000000-07:00,0.000000,P,,0,,NOAA,2013-08-08T07:41:24.4230000-06:00,in
37,USC00051772,Snow,1989-11-23T00:00:00.0000000-07:00,0.000000,P,,0,,NOAA,2013-08-08T07:41:24.4230000-06:00,in
37,USC00051772,Snow,1989-11-24T00:00:00.0000000-07:00,0.000000,P,,0,,NOAA,2013-08-08T07:41:24.4230000-06:00,in
37,USC00051772,Snow,1989-11-25T00:00:00.0000000-07:00,0.000000,P,,0,,NOAA,2013-08-08T07:41:24.4230000-06:00,in
37,USC00051772,Snow,1989-11-26T00:00:00.0000000-07:00,0.000000,P,,0,,NOAA,2013-08-08T07:41:24.4230000-06:00,in
37,USC00051772,Snow,1989-11-27T00:00:00.0000000-07:00,0.000000,T,,0,,NOAA,2013-08-08T07:41:24.4230000-06:00,in
37,USC00051772,Snow,1989-11-28T00:00:00.0000000-07:00,0.000000,P,,0,,NOAA,2013-08-08T07:41:24.4230000-06:00,in
37,USC00051772,Snow,1989-11-29T00:00:00.0000000-07:00,0.000000,P,,0,,NOAA,2013-08-08T07:41:24.4230000-06:00,in
37,USC00051772,Snow,1989-11-30T00:00:00.0000000-07:00,0.000000,P,,0,,NOAA,2013-08-08T07:41:24.4230000-06:00,in
37,USC00051772,Snow,1989-12-01T00:00:00.0000000-07:00,0.000000,P,,0,,NOAA,2013-08-08T07:41:24.4230000-06:00,in
37,USC00051772,Snow,1989-12-02T00:00:00.0000000-07:00,0.000000,P,,0,,NOAA,2013-08-08T07:41:24.4230000-06:00,in
37,USC00051772,Snow,1989-12-03T00:00:00.0000000-07:00,0.000000,P,,0,,NOAA,2013-08-08T07:41:24.4230000-06:00,in
37,USC00051772,Snow,1989-12-04T00:00:00.0000000-07:00,0.000000,P,,0,,NOAA,2013-08-08T07:41:24.4230000-06:00,in
37,USC00051772,Snow,1989-12-05T00:00:00.0000000-07:00,0.000000,P,,0,,NOAA,2013-08-08T07:41:24.4230000-06:00,in
37,USC00051772,Snow,1989-12-06T00:00:00.0000000-07:00,0.000000,P,,0,,NOAA,2013-08-08T07:41:24.4230000-06:00,in
37,USC00051772,Snow,1989-12-07T00:00:00.0000000-07:00,0.000000,P,,0,,NOAA,2013-08-08T07:41:24.4230000-06:00,in
37,USC00051772,Snow,1989-12-08T00:00:00.0000000-07:00,0.000000,P,,0,,NOAA,2013-08-08T07:41:24.4230000-06:00,in
37,USC00051772,Snow,1989-12-09T00:00:00.0000000-07:00,0.000000,P,,0,,NOAA,2013-08-08T07:41:24.4230000-06:00,in
37,USC00051772,Snow,1989-12-10T00:00:00.0000000-07:00,0.314961,,,0,,NOAA,2013-08-08T07:41:24.4230000-06:00,in
37,USC00051772,Snow,1989-12-11T00:00:00.0000000-07:00,0.000000,P,,0,,NOAA,2013-08-08T07:41:24.4230000-06:00,in
37,USC00051772,Snow,1989-12-12T00:00:00.0000000-07:00,0.000000,P,,0,,NOAA,2013-08-08T07:41:24.4230000-06:00,in
37,USC00051772,Snow,1989-12-13T00:00:00.0000000-07:00,0.000000,P,,0,,NOAA,2013-08-08T07:41:24.4230000-06:00,in
37,USC00051772,Snow,1989-12-14T00:00:00.0000000-07:00,0.000000,P,,0,,NOAA,2013-08-08T07:41:24.4230000-06:00,in
37,USC00051772,Snow,1989-12-15T00:00:00.0000000-07:00,0.000000,P,,0,,NOAA,2013-08-08T07:41:24.4230000-06:00,in
37,USC00051772,Snow,1989-12-16T00:00:00.0000000-07:00,0.984252,,,0,,NOAA,2013-08-08T07:41:24.4230000-06:00,in
37,USC00051772,Snow,1989-12-17T00:00:00.0000000-07:00,0.000000,P,,0,,NOAA,2013-08-08T07:41:24.4230000-06:00,in
37,USC00051772,Snow,1989-12-18T00:00:00.0000000-07:00,0.000000,P,,0,,NOAA,2013-08-08T07:41:24.4230000-06:00,in
37,USC00051772,Snow,1989-12-19T00:00:00.0000000-07:00,0.000000,P,,0,,NOAA,2013-08-08T07:41:24.4230000-06:00,in
37,USC00051772,Snow,1989-12-20T00:00:00.0000000-07:00,0.000000,P,,0,,NOAA,2013-08-08T07:41:24.4230000-06:00,in
37,USC00051772,Snow,1989-12-21T00:00:00.0000000-07:00,0.000000,P,,0,,NOAA,2013-08-08T07:41:24.4230000-06:00,in
37,USC00051772,Snow,1989-12-22T00:00:00.0000000-07:00,0.000000,P,,0,,NOAA,2013-08-08T07:41:24.4230000-06:00,in
37,USC00051772,Snow,1989-12-23T00:00:00.0000000-07:00,0.000000,P,,0,,NOAA,2013-08-08T07:41:24.4230000-06:00,in
37,USC00051772,Snow,1989-12-24T00:00:00.0000000-07:00,0.000000,P,,0,,NOAA,2013-08-08T07:41:24.4230000-06:00,in
37,USC00051772,Snow,1989-12-25T00:00:00.0000000-07:00,0.000000,P,,0,,NOAA,2013-08-08T07:41:24.4230000-06:00,in
37,USC00051772,Snow,1989-12-26T00:00:00.0000000-07:00,0.000000,P,,0,,NOAA,2013-08-08T07:41:24.4230000-06:00,in
37,USC00051772,Snow,1989-12-27T00:00:00.0000000-07:00,0.000000,P,,0,,NOAA,2013-08-08T07:41:24.4230000-06:00,in
37,USC00051772,Snow,1989-12-28T00:00:00.0000000-07:00,0.000000,P,,0,,NOAA,2013-08-08T07:41:24.4230000-06:00,in
37,USC00051772,Snow,1989-12-29T00:00:00.0000000-07:00,0.000000,P,,0,,NOAA,2013-08-08T07:41:24.4230000-06:00,in
37,USC00051772,Snow,1989-12-30T00:00:00.0000000-07:00,0.000000,P,,0,,NOAA,2013-08-08T07:41:24.4230000-06:00,in
37,USC00051772,Snow,1989-12-31T00:00:00.0000000-07:00,0.000000,P,,0,,NOAA,2013-08-08T07:41:24.4230000-06:00,in
37,USC00051772,Snow,1990-01-01T00:00:00.0000000-07:00,0.000000,P,,0,,NOAA,2013-08-08T07:41:24.4230000-06:00,in
37,USC00051772,Snow,1990-01-02T00:00:00.0000000-07:00,0.000000,P,,0,,NOAA,2013-08-08T07:41:24.4230000-06:00,in
37,USC00051772,Snow,1990-01-03T00:00:00.0000000-07:00,2.519685,,,0,,NOAA,2013-08-08T07:41:24.4230000-06:00,in
37,USC00051772,Snow,1990-01-04T00:00:00.0000000-07:00,0.000000,P,,0,,NOAA,2013-08-08T07:41:24.4230000-06:00,in
37,USC00051772,Snow,1990-01-05T00:00:00.0000000-07:00,0.000000,P,,0,,NOAA,2013-08-08T07:41:24.4230000-06:00,in
37,USC00051772,Snow,1990-01-06T00:00:00.0000000-07:00,0.000000,P,,0,,NOAA,2013-08-08T07:41:24.4230000-06:00,in
37,USC00051772,Snow,1990-01-07T00:00:00.0000000-07:00,0.000000,P,,0,,NOAA,2013-08-08T07:41:24.4230000-06:00,in
37,USC00051772,Snow,1990-01-08T00:00:00.0000000-07:00,0.000000,P,,0,,NOAA,2013-08-08T07:41:24.4230000-06:00,in
37,USC00051772,Snow,1990-01-09T00:00:00.0000000-07:00,0.000000,P,,0,,NOAA,2013-08-08T07:41:24.4230000-06:00,in
37,USC00051772,Snow,1990-01-10T00:00:00.0000000-07:00,0.000000,P,,0,,NOAA,2013-08-08T07:41:24.4230000-06:00,in
37,USC00051772,Snow,1990-01-11T00:00:00.0000000-07:00,0.000000,P,,0,,NOAA,2013-08-08T07:41:24.4230000-06:00,in
37,USC00051772,Snow,1990-01-12T00:00:00.0000000-07:00,0.000000,P,,0,,NOAA,2013-08-08T07:41:24.4230000-06:00,in
37,USC00051772,Snow,1990-01-13T00:00:00.0000000-07:00,0.000000,P,,0,,NOAA,2013-08-08T07:41:24.4230000-06:00,in
37,USC00051772,Snow,1990-01-14T00:00:00.0000000-07:00,0.000000,P,,0,,NOAA,2013-08-08T07:41:24.4230000-06:00,in
37,USC00051772,Snow,1990-01-15T00:00:00.0000000-07:00,1.299213,,,0,,NOAA,2013-08-08T07:41:24.4230000-06:00,in
37,USC00051772,Snow,1990-01-16T00:00:00.0000000-07:00,1.496063,,,0,,NOAA,2013-08-08T07:41:24.4230000-06:00,in
37,USC00051772,Snow,1990-01-17T00:00:00.0000000-07:00,0.984252,,,0,,NOAA,2013-08-08T07:41:24.4230000-06:00,in
37,USC00051772,Snow,1990-01-18T00:00:00.0000000-07:00,0.000000,P,,0,,NOAA,2013-08-08T07:41:24.4230000-06:00,in
37,USC00051772,Snow,1990-01-19T00:00:00.0000000-07:00,0.000000,P,,0,,NOAA,2013-08-08T07:41:24.4230000-06:00,in
37,USC00051772,Snow,1990-01-20T00:00:00.0000000-07:00,0.000000,P,,0,,NOAA,2013-08-08T07:41:24.4230000-06:00,in
37,USC00051772,Snow,1990-01-21T00:00:00.0000000-07:00,0.000000,P,,0,,NOAA,2013-08-08T07:41:24.4230000-06:00,in
37,USC00051772,Snow,1990-01-22T00:00:00.0000000-07:00,0.000000,P,,0,,NOAA,2013-08-08T07:41:24.4230000-06:00,in
37,USC00051772,Snow,1990-01-23T00:00:00.0000000-07:00,0.000000,P,,0,,NOAA,2013-08-08T07:41:24.4230000-06:00,in
37,USC00051772,Snow,1990-01-24T00:00:00.0000000-07:00,0.000000,T,,0,,NOAA,2013-08-08T07:41:24.4230000-06:00,in
37,USC00051772,Snow,1990-01-25T00:00:00.0000000-07:00,0.000000,P,,0,,NOAA,2013-08-08T07:41:24.4230000-06:00,in
37,USC00051772,Snow,1990-01-26T00:00:00.0000000-07:00,0.000000,P,,0,,NOAA,2013-08-08T07:41:24.4230000-06:00,in
37,USC00051772,Snow,1990-01-27T00:00:00.0000000-07:00,0.000000,P,,0,,NOAA,2013-08-08T07:41:24.4230000-06:00,in
37,USC00051772,Snow,1990-01-28T00:00:00.0000000-07:00,0.000000,P,,0,,NOAA,2013-08-08T07:41:24.4230000-06:00,in
37,USC00051772,Snow,1990-01-29T00:00:00.0000000-07:00,0.000000,P,,0,,NOAA,2013-08-08T07:41:24.4230000-06:00,in
37,USC00051772,Snow,1990-01-30T00:00:00.0000000-07:00,0.000000,P,,0,,NOAA,2013-08-08T07:41:24.4230000-06:00,in
37,USC00051772,Snow,1990-01-31T00:00:00.0000000-07:00,0.000000,P,,0,,NOAA,2013-08-08T07:41:24.4230000-06:00,in
37,USC00051772,Snow,1990-02-01T00:00:00.0000000-07:00,0.314961,,,0,,NOAA,2013-08-08T07:41:24.4230000-06:00,in
37,USC00051772,Snow,1990-02-02T00:00:00.0000000-07:00,5.984252,,,0,,NOAA,2013-08-08T07:41:24.4230000-06:00,in
37,USC00051772,Snow,1990-02-03T00:00:00.0000000-07:00,0.000000,P,,0,,NOAA,2013-08-08T07:41:24.4230000-06:00,in
37,USC00051772,Snow,1990-02-04T00:00:00.0000000-07:00,0.000000,P,,0,,NOAA,2013-08-08T07:41:24.4230000-06:00,in
37,USC00051772,Snow,1990-02-05T00:00:00.0000000-07:00,0.000000,P,,0,,NOAA,2013-08-08T07:41:24.4230000-06:00,in
37,USC00051772,Snow,1990-02-06T00:00:00.0000000-07:00,0.000000,P,,0,,NOAA,2013-08-08T07:41:24.4230000-06:00,in
37,USC00051772,Snow,1990-02-07T00:00:00.0000000-07:00,0.000000,P,,0,,NOAA,2013-08-08T07:41:24.4230000-06:00,in
37,USC00051772,Snow,1990-02-08T00:00:00.0000000-07:00,4.291339,,,0,,NOAA,2013-08-08T07:41:24.4230000-06:00,in
37,USC00051772,Snow,1990-02-09T00:00:00.0000000-07:00,0.000000,P,,0,,NOAA,2013-08-08T07:41:24.4230000-06:00,in
37,USC00051772,Snow,1990-02-10T00:00:00.0000000-07:00,0.000000,P,,0,,NOAA,2013-08-08T07:41:24.4230000-06:00,in
37,USC00051772,Snow,1990-02-11T00:00:00.0000000-07:00,0.000000,P,,0,,NOAA,2013-08-08T07:41:24.4230000-06:00,in
37,USC00051772,Snow,1990-02-12T00:00:00.0000000-07:00,0.000000,P,,0,,NOAA,2013-08-08T07:41:24.4230000-06:00,in
37,USC00051772,Snow,1990-02-13T00:00:00.0000000-07:00,0.000000,P,,0,,NOAA,2013-08-08T07:41:24.4230000-06:00,in
37,USC00051772,Snow,1990-02-14T00:00:00.0000000-07:00,0.000000,T,,0,,NOAA,2013-08-08T07:41:24.4230000-06:00,in
37,USC00051772,Snow,1990-02-15T00:00:00.0000000-07:00,2.519685,,,0,,NOAA,2013-08-08T07:41:24.4230000-06:00,in
37,USC00051772,Snow,1990-02-16T00:00:00.0000000-07:00,0.000000,P,,0,,NOAA,2013-08-08T07:41:24.4230000-06:00,in
37,USC00051772,Snow,1990-02-17T00:00:00.0000000-07:00,0.000000,P,,0,,NOAA,2013-08-08T07:41:24.4230000-06:00,in
37,USC00051772,Snow,1990-02-18T00:00:00.0000000-07:00,1.811024,,,0,,NOAA,2013-08-08T07:41:24.4230000-06:00,in
37,USC00051772,Snow,1990-02-19T00:00:00.0000000-07:00,0.708661,,,0,,NOAA,2013-08-08T07:41:24.4230000-06:00,in
37,USC00051772,Snow,1990-02-20T00:00:00.0000000-07:00,0.000000,P,,0,,NOAA,2013-08-08T07:41:24.4230000-06:00,in
37,USC00051772,Snow,1990-02-21T00:00:00.0000000-07:00,0.000000,P,,0,,NOAA,2013-08-08T07:41:24.4230000-06:00,in
37,USC00051772,Snow,1990-02-22T00:00:00.0000000-07:00,0.000000,P,,0,,NOAA,2013-08-08T07:41:24.4230000-06:00,in
37,USC00051772,Snow,1990-02-23T00:00:00.0000000-07:00,0.000000,P,,0,,NOAA,2013-08-08T07:41:24.4230000-06:00,in
37,USC00051772,Snow,1990-02-24T00:00:00.0000000-07:00,0.000000,P,,0,,NOAA,2013-08-08T07:41:24.4230000-06:00,in
37,USC00051772,Snow,1990-02-25T00:00:00.0000000-07:00,0.000000,P,,0,,NOAA,2013-08-08T07:41:24.4230000-06:00,in
37,USC00051772,Snow,1990-02-26T00:00:00.0000000-07:00,0.000000,P,,0,,NOAA,2013-08-08T07:41:24.4230000-06:00,in
37,USC00051772,Snow,1990-02-27T00:00:00.0000000-07:00,0.000000,P,,0,,NOAA,2013-08-08T07:41:24.4230000-06:00,in
37,USC00051772,Snow,1990-02-28T00:00:00.0000000-07:00,0.000000,P,,0,,NOAA,2013-08-08T07:41:24.4230000-06:00,in
37,USC00051772,Snow,1990-03-01T00:00:00.0000000-07:00,0.000000,P,,0,,NOAA,2013-08-08T07:41:24.4230000-06:00,in
37,USC00051772,Snow,1990-03-02T00:00:00.0000000-07:00,0.000000,P,,0,,NOAA,2013-08-08T07:41:24.4230000-06:00,in
37,USC00051772,Snow,1990-03-03T00:00:00.0000000-07:00,0.000000,P,,0,,NOAA,2013-08-08T07:41:24.4230000-06:00,in
37,USC00051772,Snow,1990-03-04T00:00:00.0000000-07:00,0.000000,P,,0,,NOAA,2013-08-08T07:41:24.4230000-06:00,in
37,USC00051772,Snow,1990-03-05T00:00:00.0000000-07:00,0.000000,P,,0,,NOAA,2013-08-08T07:41:24.4230000-06:00,in
37,USC00051772,Snow,1990-03-06T00:00:00.0000000-07:00,0.000000,P,,0,,NOAA,2013-08-08T07:41:24.4230000-06:00,in
37,USC00051772,Snow,1990-03-07T00:00:00.0000000-07:00,0.000000,P,,0,,NOAA,2013-08-08T07:41:24.4230000-06:00,in
37,USC00051772,Snow,1990-03-08T00:00:00.0000000-07:00,0.000000,P,,0,,NOAA,2013-08-08T07:41:24.4230000-06:00,in
37,USC00051772,Snow,1990-03-09T00:00:00.0000000-07:00,0.000000,P,,0,,NOAA,2013-08-08T07:41:24.4230000-06:00,in
37,USC00051772,Snow,1990-03-10T00:00:00.0000000-07:00,0.000000,P,,0,,NOAA,2013-08-08T07:41:24.4230000-06:00,in
37,USC00051772,Snow,1990-03-11T00:00:00.0000000-07:00,0.000000,P,,0,,NOAA,2013-08-08T07:41:24.4230000-06:00,in
37,USC00051772,Snow,1990-03-12T00:00:00.0000000-07:00,1.496063,,,0,,NOAA,2013-08-08T07:41:24.4230000-06:00,in
37,USC00051772,Snow,1990-03-13T00:00:00.0000000-07:00,0.000000,T,,0,,NOAA,2013-08-08T07:41:24.4230000-06:00,in
37,USC00051772,Snow,1990-03-14T00:00:00.0000000-07:00,0.196850,,,0,,NOAA,2013-08-08T07:41:24.4230000-06:00,in
37,USC00051772,Snow,1990-03-15T00:00:00.0000000-07:00,0.000000,P,,0,,NOAA,2013-08-08T07:41:24.4230000-06:00,in
37,USC00051772,Snow,1990-03-16T00:00:00.0000000-07:00,0.000000,P,,0,,NOAA,2013-08-08T07:41:24.4230000-06:00,in
37,USC00051772,Snow,1990-03-17T00:00:00.0000000-07:00,0.000000,P,,0,,NOAA,2013-08-08T07:41:24.4230000-06:00,in
37,USC00051772,Snow,1990-03-18T00:00:00.0000000-07:00,0.000000,P,,0,,NOAA,2013-08-08T07:41:24.4230000-06:00,in
37,USC00051772,Snow,1990-03-19T00:00:00.0000000-07:00,0.000000,P,,0,,NOAA,2013-08-08T07:41:24.4230000-06:00,in
37,USC00051772,Snow,1990-03-20T00:00:00.0000000-07:00,0.000000,P,,0,,NOAA,2013-08-08T07:41:24.4230000-06:00,in
37,USC00051772,Snow,1990-03-21T00:00:00.0000000-07:00,0.000000,P,,0,,NOAA,2013-08-08T07:41:24.4230000-06:00,in
37,USC00051772,Snow,1990-03-22T00:00:00.0000000-07:00,0.000000,P,,0,,NOAA,2013-08-08T07:41:24.4230000-06:00,in
37,USC00051772,Snow,1990-03-23T00:00:00.0000000-07:00,0.000000,P,,0,,NOAA,2013-08-08T07:41:24.4230000-06:00,in
37,USC00051772,Snow,1990-03-24T00:00:00.0000000-07:00,0.000000,P,,0,,NOAA,2013-08-08T07:41:24.4230000-06:00,in
37,USC00051772,Snow,1990-03-25T00:00:00.0000000-07:00,0.000000,P,,0,,NOAA,2013-08-08T07:41:24.4230000-06:00,in
37,USC00051772,Snow,1990-03-26T00:00:00.0000000-07:00,0.000000,P,,0,,NOAA,2013-08-08T07:41:24.4230000-06:00,in
37,USC00051772,Snow,1990-03-27T00:00:00.0000000-07:00,0.000000,P,,0,,NOAA,2013-08-08T07:41:24.4230000-06:00,in
37,USC00051772,Snow,1990-03-28T00:00:00.0000000-07:00,0.000000,P,,0,,NOAA,2013-08-08T07:41:24.4230000-06:00,in
37,USC00051772,Snow,1990-03-29T00:00:00.0000000-07:00,0.000000,P,,0,,NOAA,2013-08-08T07:41:24.4230000-06:00,in
37,USC00051772,Snow,1990-03-30T00:00:00.0000000-07:00,0.000000,P,,0,,NOAA,2013-08-08T07:41:24.4230000-06:00,in
37,USC00051772,Snow,1990-03-31T00:00:00.0000000-07:00,0.000000,P,,0,,NOAA,2013-08-08T07:41:24.4230000-06:00,in
37,USC00051772,Snow,1990-04-01T00:00:00.0000000-07:00,0.000000,P,,0,,NOAA,2013-08-08T07:41:24.4230000-06:00,in
37,USC00051772,Snow,1990-04-02T00:00:00.0000000-06:00,0.000000,P,,0,,NOAA,2013-08-08T07:41:24.4230000-06:00,in
37,USC00051772,Snow,1990-04-03T00:00:00.0000000-06:00,0.000000,P,,0,,NOAA,2013-08-08T07:41:24.4230000-06:00,in
37,USC00051772,Snow,1990-04-04T00:00:00.0000000-06:00,0.000000,P,,0,,NOAA,2013-08-08T07:41:24.4230000-06:00,in
37,USC00051772,Snow,1990-04-05T00:00:00.0000000-06:00,0.000000,P,,0,,NOAA,2013-08-08T07:41:24.4230000-06:00,in
37,USC00051772,Snow,1990-04-06T00:00:00.0000000-06:00,0.000000,P,,0,,NOAA,2013-08-08T07:41:24.4230000-06:00,in
37,USC00051772,Snow,1990-04-07T00:00:00.0000000-06:00,0.000000,P,,0,,NOAA,2013-08-08T07:41:24.4230000-06:00,in
37,USC00051772,Snow,1990-04-08T00:00:00.0000000-06:00,0.000000,P,,0,,NOAA,2013-08-08T07:41:24.4230000-06:00,in
37,USC00051772,Snow,1990-04-09T00:00:00.0000000-06:00,0.000000,P,,0,,NOAA,2013-08-08T07:41:24.4230000-06:00,in
37,USC00051772,Snow,1990-04-10T00:00:00.0000000-06:00,0.000000,P,,0,,NOAA,2013-08-08T07:41:24.4230000-06:00,in
37,USC00051772,Snow,1990-04-11T00:00:00.0000000-06:00,0.000000,P,,0,,NOAA,2013-08-08T07:41:24.4230000-06:00,in
37,USC00051772,Snow,1990-04-12T00:00:00.0000000-06:00,0.000000,P,,0,,NOAA,2013-08-08T07:41:24.4230000-06:00,in
37,USC00051772,Snow,1990-04-13T00:00:00.0000000-06:00,0.000000,P,,0,,NOAA,2013-08-08T07:41:24.4230000-06:00,in
37,USC00051772,Snow,1990-04-14T00:00:00.0000000-06:00,0.000000,P,,0,,NOAA,2013-08-08T07:41:24.4230000-06:00,in
37,USC00051772,Snow,1990-04-15T00:00:00.0000000-06:00,0.000000,P,,0,,NOAA,2013-08-08T07:41:24.4230000-06:00,in
37,USC00051772,Snow,1990-04-16T00:00:00.0000000-06:00,0.000000,P,,0,,NOAA,2013-08-08T07:41:24.4230000-06:00,in
37,USC00051772,Snow,1990-04-17T00:00:00.0000000-06:00,0.000000,P,,0,,NOAA,2013-08-08T07:41:24.4230000-06:00,in
37,USC00051772,Snow,1990-04-18T00:00:00.0000000-06:00,0.000000,P,,0,,NOAA,2013-08-08T07:41:24.4230000-06:00,in
37,USC00051772,Snow,1990-04-19T00:00:00.0000000-06:00,0.000000,P,,0,,NOAA,2013-08-08T07:41:24.4230000-06:00,in
37,USC00051772,Snow,1990-04-20T00:00:00.0000000-06:00,0.000000,P,,0,,NOAA,2013-08-08T07:41:24.4230000-06:00,in
37,USC00051772,Snow,1990-04-21T00:00:00.0000000-06:00,0.000000,P,,0,,NOAA,2013-08-08T07:41:24.4230000-06:00,in
37,USC00051772,Snow,1990-04-22T00:00:00.0000000-06:00,0.000000,P,,0,,NOAA,2013-08-08T07:41:24.4230000-06:00,in
37,USC00051772,Snow,1990-04-23T00:00:00.0000000-06:00,0.000000,P,,0,,NOAA,2013-08-08T07:41:24.4230000-06:00,in
37,USC00051772,Snow,1990-04-24T00:00:00.0000000-06:00,0.000000,P,,0,,NOAA,2013-08-08T07:41:24.4230000-06:00,in
37,USC00051772,Snow,1990-04-25T00:00:00.0000000-06:00,0.000000,P,,0,,NOAA,2013-08-08T07:41:24.4230000-06:00,in
37,USC00051772,Snow,1990-04-26T00:00:00.0000000-06:00,0.000000,P,,0,,NOAA,2013-08-08T07:41:24.4230000-06:00,in
37,USC00051772,Snow,1990-04-27T00:00:00.0000000-06:00,0.000000,P,,0,,NOAA,2013-08-08T07:41:24.4230000-06:00,in
37,USC00051772,Snow,1990-04-28T00:00:00.0000000-06:00,0.000000,P,,0,,NOAA,2013-08-08T07:41:24.4230000-06:00,in
37,USC00051772,Snow,1990-04-29T00:00:00.0000000-06:00,0.000000,P,,0,,NOAA,2013-08-08T07:41:24.4230000-06:00,in
37,USC00051772,Snow,1990-04-30T00:00:00.0000000-06:00,0.000000,P,,0,,NOAA,2013-08-08T07:41:24.4230000-06:00,in
37,USC00051772,Snow,1990-05-01T00:00:00.0000000-06:00,0.000000,P,,0,,NOAA,2013-08-08T07:41:24.4230000-06:00,in
37,USC00051772,Snow,1990-05-02T00:00:00.0000000-06:00,0.000000,P,,0,,NOAA,2013-08-08T07:41:24.4230000-06:00,in
37,USC00051772,Snow,1990-05-03T00:00:00.0000000-06:00,0.000000,P,,0,,NOAA,2013-08-08T07:41:24.4230000-06:00,in
37,USC00051772,Snow,1990-05-04T00:00:00.0000000-06:00,0.000000,P,,0,,NOAA,2013-08-08T07:41:24.4230000-06:00,in
37,USC00051772,Snow,1990-05-05T00:00:00.0000000-06:00,0.000000,P,,0,,NOAA,2013-08-08T07:41:24.4230000-06:00,in
37,USC00051772,Snow,1990-05-06T00:00:00.0000000-06:00,0.000000,P,,0,,NOAA,2013-08-08T07:41:24.4230000-06:00,in
37,USC00051772,Snow,1990-05-07T00:00:00.0000000-06:00,0.000000,P,,0,,NOAA,2013-08-08T07:41:24.4230000-06:00,in
37,USC00051772,Snow,1990-05-08T00:00:00.0000000-06:00,0.000000,P,,0,,NOAA,2013-08-08T07:41:24.4230000-06:00,in
37,USC00051772,Snow,1990-05-09T00:00:00.0000000-06:00,0.000000,P,,0,,NOAA,2013-08-08T07:41:24.4230000-06:00,in
37,USC00051772,Snow,1990-05-10T00:00:00.0000000-06:00,0.000000,P,,0,,NOAA,2013-08-08T07:41:24.4230000-06:00,in
37,USC00051772,Snow,1990-05-11T00:00:00.0000000-06:00,0.000000,P,,0,,NOAA,2013-08-08T07:41:24.4230000-06:00,in
37,USC00051772,Snow,1990-05-12T00:00:00.0000000-06:00,0.000000,P,,0,,NOAA,2013-08-08T07:41:24.4230000-06:00,in
37,USC00051772,Snow,1990-05-13T00:00:00.0000000-06:00,0.000000,P,,0,,NOAA,2013-08-08T07:41:24.4230000-06:00,in
37,USC00051772,Snow,1990-05-14T00:00:00.0000000-06:00,0.000000,P,,0,,NOAA,2013-08-08T07:41:24.4230000-06:00,in
37,USC00051772,Snow,1990-05-15T00:00:00.0000000-06:00,0.000000,P,,0,,NOAA,2013-08-08T07:41:24.4230000-06:00,in
37,USC00051772,Snow,1990-05-16T00:00:00.0000000-06:00,0.000000,P,,0,,NOAA,2013-08-08T07:41:24.4230000-06:00,in
37,USC00051772,Snow,1990-05-17T00:00:00.0000000-06:00,0.000000,P,,0,,NOAA,2013-08-08T07:41:24.4230000-06:00,in
37,USC00051772,Snow,1990-05-18T00:00:00.0000000-06:00,0.000000,P,,0,,NOAA,2013-08-08T07:41:24.4230000-06:00,in
37,USC00051772,Snow,1990-05-19T00:00:00.0000000-06:00,0.000000,P,,0,,NOAA,2013-08-08T07:41:24.4230000-06:00,in
37,USC00051772,Snow,1990-05-20T00:00:00.0000000-06:00,0.000000,P,,0,,NOAA,2013-08-08T07:41:24.4230000-06:00,in
37,USC00051772,Snow,1990-05-21T00:00:00.0000000-06:00,0.000000,P,,0,,NOAA,2013-08-08T07:41:24.4230000-06:00,in
37,USC00051772,Snow,1990-05-22T00:00:00.0000000-06:00,0.000000,P,,0,,NOAA,2013-08-08T07:41:24.4230000-06:00,in
37,USC00051772,Snow,1990-05-23T00:00:00.0000000-06:00,0.000000,P,,0,,NOAA,2013-08-08T07:41:24.4230000-06:00,in
37,USC00051772,Snow,1990-05-24T00:00:00.0000000-06:00,0.000000,P,,0,,NOAA,2013-08-08T07:41:24.4230000-06:00,in
37,USC00051772,Snow,1990-05-25T00:00:00.0000000-06:00,0.000000,P,,0,,NOAA,2013-08-08T07:41:24.4230000-06:00,in
37,USC00051772,Snow,1990-05-26T00:00:00.0000000-06:00,0.000000,P,,0,,NOAA,2013-08-08T07:41:24.4230000-06:00,in
37,USC00051772,Snow,1990-05-27T00:00:00.0000000-06:00,0.000000,P,,0,,NOAA,2013-08-08T07:41:24.4230000-06:00,in
37,USC00051772,Snow,1990-05-28T00:00:00.0000000-06:00,0.000000,P,,0,,NOAA,2013-08-08T07:41:24.4230000-06:00,in
37,USC00051772,Snow,1990-05-29T00:00:00.0000000-06:00,0.000000,P,,0,,NOAA,2013-08-08T07:41:24.4230000-06:00,in
37,USC00051772,Snow,1990-05-30T00:00:00.0000000-06:00,0.000000,P,,0,,NOAA,2013-08-08T07:41:24.4230000-06:00,in
37,USC00051772,Snow,1990-05-31T00:00:00.0000000-06:00,0.000000,P,,0,,NOAA,2013-08-08T07:41:24.4230000-06:00,in
37,USC00051772,Snow,1990-06-01T00:00:00.0000000-06:00,0.000000,P,,0,,NOAA,2013-08-08T07:41:24.4230000-06:00,in
37,USC00051772,Snow,1990-06-02T00:00:00.0000000-06:00,0.000000,P,,0,,NOAA,2013-08-08T07:41:24.4230000-06:00,in
37,USC00051772,Snow,1990-06-03T00:00:00.0000000-06:00,0.000000,P,,0,,NOAA,2013-08-08T07:41:24.4230000-06:00,in
37,USC00051772,Snow,1990-06-04T00:00:00.0000000-06:00,0.000000,P,,0,,NOAA,2013-08-08T07:41:24.4230000-06:00,in
37,USC00051772,Snow,1990-06-05T00:00:00.0000000-06:00,0.000000,P,,0,,NOAA,2013-08-08T07:41:24.4230000-06:00,in
37,USC00051772,Snow,1990-06-06T00:00:00.0000000-06:00,0.000000,P,,0,,NOAA,2013-08-08T07:41:24.4230000-06:00,in
37,USC00051772,Snow,1990-06-07T00:00:00.0000000-06:00,0.000000,P,,0,,NOAA,2013-08-08T07:41:24.4230000-06:00,in
37,USC00051772,Snow,1990-06-08T00:00:00.0000000-06:00,0.000000,P,,0,,NOAA,2013-08-08T07:41:24.4230000-06:00,in
37,USC00051772,Snow,1990-06-09T00:00:00.0000000-06:00,0.000000,P,,0,,NOAA,2013-08-08T07:41:24.4230000-06:00,in
37,USC00051772,Snow,1990-06-10T00:00:00.0000000-06:00,0.000000,P,,0,,NOAA,2013-08-08T07:41:24.4230000-06:00,in
37,USC00051772,Snow,1990-06-11T00:00:00.0000000-06:00,0.000000,P,,0,,NOAA,2013-08-08T07:41:24.4230000-06:00,in
37,USC00051772,Snow,1990-06-12T00:00:00.0000000-06:00,0.000000,P,,0,,NOAA,2013-08-08T07:41:24.4230000-06:00,in
37,USC00051772,Snow,1990-06-13T00:00:00.0000000-06:00,0.000000,P,,0,,NOAA,2013-08-08T07:41:24.4230000-06:00,in
37,USC00051772,Snow,1990-06-14T00:00:00.0000000-06:00,0.000000,P,,0,,NOAA,2013-08-08T07:41:24.4230000-06:00,in
37,USC00051772,Snow,1990-06-15T00:00:00.0000000-06:00,0.000000,P,,0,,NOAA,2013-08-08T07:41:24.4230000-06:00,in
37,USC00051772,Snow,1990-06-16T00:00:00.0000000-06:00,0.000000,P,,0,,NOAA,2013-08-08T07:41:24.4230000-06:00,in
37,USC00051772,Snow,1990-06-17T00:00:00.0000000-06:00,0.000000,P,,0,,NOAA,2013-08-08T07:41:24.4230000-06:00,in
37,USC00051772,Snow,1990-06-18T00:00:00.0000000-06:00,0.000000,P,,0,,NOAA,2013-08-08T07:41:24.4230000-06:00,in
37,USC00051772,Snow,1990-06-19T00:00:00.0000000-06:00,0.000000,P,,0,,NOAA,2013-08-08T07:41:24.4230000-06:00,in
37,USC00051772,Snow,1990-06-20T00:00:00.0000000-06:00,0.000000,P,,0,,NOAA,2013-08-08T07:41:24.4230000-06:00,in
37,USC00051772,Snow,1990-06-21T00:00:00.0000000-06:00,0.000000,P,,0,,NOAA,2013-08-08T07:41:24.4230000-06:00,in
37,USC00051772,Snow,1990-06-22T00:00:00.0000000-06:00,0.000000,P,,0,,NOAA,2013-08-08T07:41:24.4230000-06:00,in
37,USC00051772,Snow,1990-06-23T00:00:00.0000000-06:00,0.000000,P,,0,,NOAA,2013-08-08T07:41:24.4230000-06:00,in
37,USC00051772,Snow,1990-06-24T00:00:00.0000000-06:00,0.000000,P,,0,,NOAA,2013-08-08T07:41:24.4230000-06:00,in
37,USC00051772,Snow,1990-06-25T00:00:00.0000000-06:00,0.000000,P,,0,,NOAA,2013-08-08T07:41:24.4230000-06:00,in
37,USC00051772,Snow,1990-06-26T00:00:00.0000000-06:00,0.000000,P,,0,,NOAA,2013-08-08T07:41:24.4230000-06:00,in
37,USC00051772,Snow,1990-06-27T00:00:00.0000000-06:00,0.000000,P,,0,,NOAA,2013-08-08T07:41:24.4230000-06:00,in
37,USC00051772,Snow,1990-06-28T00:00:00.0000000-06:00,0.000000,P,,0,,NOAA,2013-08-08T07:41:24.4230000-06:00,in
37,USC00051772,Snow,1990-06-29T00:00:00.0000000-06:00,0.000000,P,,0,,NOAA,2013-08-08T07:41:24.4230000-06:00,in
37,USC00051772,Snow,1990-06-30T00:00:00.0000000-06:00,0.000000,P,,0,,NOAA,2013-08-08T07:41:24.4230000-06:00,in
37,USC00051772,Snow,1990-07-01T00:00:00.0000000-06:00,0.000000,P,,0,,NOAA,2013-08-08T07:41:24.4230000-06:00,in
37,USC00051772,Snow,1990-07-02T00:00:00.0000000-06:00,0.000000,P,,0,,NOAA,2013-08-08T07:41:24.4230000-06:00,in
37,USC00051772,Snow,1990-07-03T00:00:00.0000000-06:00,0.000000,P,,0,,NOAA,2013-08-08T07:41:24.4230000-06:00,in
37,USC00051772,Snow,1990-07-04T00:00:00.0000000-06:00,0.000000,P,,0,,NOAA,2013-08-08T07:41:24.4230000-06:00,in
37,USC00051772,Snow,1990-07-05T00:00:00.0000000-06:00,0.000000,P,,0,,NOAA,2013-08-08T07:41:24.4230000-06:00,in
37,USC00051772,Snow,1990-07-06T00:00:00.0000000-06:00,0.000000,P,,0,,NOAA,2013-08-08T07:41:24.4230000-06:00,in
37,USC00051772,Snow,1990-07-07T00:00:00.0000000-06:00,0.000000,P,,0,,NOAA,2013-08-08T07:41:24.4230000-06:00,in
37,USC00051772,Snow,1990-07-08T00:00:00.0000000-06:00,0.000000,P,,0,,NOAA,2013-08-08T07:41:24.4230000-06:00,in
37,USC00051772,Snow,1990-07-09T00:00:00.0000000-06:00,0.000000,P,,0,,NOAA,2013-08-08T07:41:24.4230000-06:00,in
37,USC00051772,Snow,1990-07-10T00:00:00.0000000-06:00,0.000000,P,,0,,NOAA,2013-08-08T07:41:24.4230000-06:00,in
37,USC00051772,Snow,1990-07-11T00:00:00.0000000-06:00,0.000000,P,,0,,NOAA,2013-08-08T07:41:24.4230000-06:00,in
37,USC00051772,Snow,1990-07-12T00:00:00.0000000-06:00,0.000000,P,,0,,NOAA,2013-08-08T07:41:24.4230000-06:00,in
37,USC00051772,Snow,1990-07-13T00:00:00.0000000-06:00,0.000000,P,,0,,NOAA,2013-08-08T07:41:24.4230000-06:00,in
37,USC00051772,Snow,1990-07-14T00:00:00.0000000-06:00,0.000000,P,,0,,NOAA,2013-08-08T07:41:24.4230000-06:00,in
37,USC00051772,Snow,1990-07-15T00:00:00.0000000-06:00,0.000000,P,,0,,NOAA,2013-08-08T07:41:24.4230000-06:00,in
37,USC00051772,Snow,1990-07-16T00:00:00.0000000-06:00,0.000000,P,,0,,NOAA,2013-08-08T07:41:24.4230000-06:00,in
37,USC00051772,Snow,1990-07-17T00:00:00.0000000-06:00,0.000000,P,,0,,NOAA,2013-08-08T07:41:24.4230000-06:00,in
37,USC00051772,Snow,1990-07-18T00:00:00.0000000-06:00,0.000000,P,,0,,NOAA,2013-08-08T07:41:24.4230000-06:00,in
37,USC00051772,Snow,1990-07-19T00:00:00.0000000-06:00,0.000000,P,,0,,NOAA,2013-08-08T07:41:24.4230000-06:00,in
37,USC00051772,Snow,1990-07-20T00:00:00.0000000-06:00,0.000000,P,,0,,NOAA,2013-08-08T07:41:24.4230000-06:00,in
37,USC00051772,Snow,1990-07-21T00:00:00.0000000-06:00,0.000000,P,,0,,NOAA,2013-08-08T07:41:24.4230000-06:00,in
37,USC00051772,Snow,1990-07-22T00:00:00.0000000-06:00,0.000000,P,,0,,NOAA,2013-08-08T07:41:24.4230000-06:00,in
37,USC00051772,Snow,1990-07-23T00:00:00.0000000-06:00,0.000000,P,,0,,NOAA,2013-08-08T07:41:24.4230000-06:00,in
37,USC00051772,Snow,1990-07-24T00:00:00.0000000-06:00,0.000000,P,,0,,NOAA,2013-08-08T07:41:24.4230000-06:00,in
37,USC00051772,Snow,1990-07-25T00:00:00.0000000-06:00,0.000000,P,,0,,NOAA,2013-08-08T07:41:24.4230000-06:00,in
37,USC00051772,Snow,1990-07-26T00:00:00.0000000-06:00,0.000000,P,,0,,NOAA,2013-08-08T07:41:24.4230000-06:00,in
37,USC00051772,Snow,1990-07-27T00:00:00.0000000-06:00,0.000000,P,,0,,NOAA,2013-08-08T07:41:24.4230000-06:00,in
37,USC00051772,Snow,1990-07-28T00:00:00.0000000-06:00,0.000000,P,,0,,NOAA,2013-08-08T07:41:24.4230000-06:00,in
37,USC00051772,Snow,1990-07-29T00:00:00.0000000-06:00,0.000000,P,,0,,NOAA,2013-08-08T07:41:24.4230000-06:00,in
37,USC00051772,Snow,1990-07-30T00:00:00.0000000-06:00,0.000000,P,,0,,NOAA,2013-08-08T07:41:24.4230000-06:00,in
37,USC00051772,Snow,1990-07-31T00:00:00.0000000-06:00,0.000000,P,,0,,NOAA,2013-08-08T07:41:24.4230000-06:00,in
37,USC00051772,Snow,1990-08-01T00:00:00.0000000-06:00,0.000000,P,,0,,NOAA,2013-08-08T07:41:24.4230000-06:00,in
37,USC00051772,Snow,1990-08-02T00:00:00.0000000-06:00,0.000000,P,,0,,NOAA,2013-08-08T07:41:24.4230000-06:00,in
37,USC00051772,Snow,1990-08-03T00:00:00.0000000-06:00,0.000000,P,,0,,NOAA,2013-08-08T07:41:24.4230000-06:00,in
37,USC00051772,Snow,1990-08-04T00:00:00.0000000-06:00,0.000000,P,,0,,NOAA,2013-08-08T07:41:24.4230000-06:00,in
37,USC00051772,Snow,1990-08-05T00:00:00.0000000-06:00,0.000000,P,,0,,NOAA,2013-08-08T07:41:24.4230000-06:00,in
37,USC00051772,Snow,1990-08-06T00:00:00.0000000-06:00,0.000000,P,,0,,NOAA,2013-08-08T07:41:24.4230000-06:00,in
37,USC00051772,Snow,1990-08-07T00:00:00.0000000-06:00,0.000000,P,,0,,NOAA,2013-08-08T07:41:24.4230000-06:00,in
37,USC00051772,Snow,1990-08-08T00:00:00.0000000-06:00,0.000000,P,,0,,NOAA,2013-08-08T07:41:24.4230000-06:00,in
37,USC00051772,Snow,1990-08-09T00:00:00.0000000-06:00,0.000000,P,,0,,NOAA,2013-08-08T07:41:24.4230000-06:00,in
37,USC00051772,Snow,1990-08-10T00:00:00.0000000-06:00,0.000000,P,,0,,NOAA,2013-08-08T07:41:24.4230000-06:00,in
37,USC00051772,Snow,1990-08-11T00:00:00.0000000-06:00,0.000000,P,,0,,NOAA,2013-08-08T07:41:24.4230000-06:00,in
37,USC00051772,Snow,1990-08-12T00:00:00.0000000-06:00,0.000000,P,,0,,NOAA,2013-08-08T07:41:24.4230000-06:00,in
37,USC00051772,Snow,1990-08-13T00:00:00.0000000-06:00,0.000000,P,,0,,NOAA,2013-08-08T07:41:24.4230000-06:00,in
37,USC00051772,Snow,1990-08-14T00:00:00.0000000-06:00,0.000000,P,,0,,NOAA,2013-08-08T07:41:24.4230000-06:00,in
37,USC00051772,Snow,1990-08-15T00:00:00.0000000-06:00,0.000000,P,,0,,NOAA,2013-08-08T07:41:24.4230000-06:00,in
37,USC00051772,Snow,1990-08-16T00:00:00.0000000-06:00,0.000000,P,,0,,NOAA,2013-08-08T07:41:24.4230000-06:00,in
37,USC00051772,Snow,1990-08-17T00:00:00.0000000-06:00,0.000000,P,,0,,NOAA,2013-08-08T07:41:24.4230000-06:00,in
37,USC00051772,Snow,1990-08-18T00:00:00.0000000-06:00,0.000000,P,,0,,NOAA,2013-08-08T07:41:24.4230000-06:00,in
37,USC00051772,Snow,1990-08-19T00:00:00.0000000-06:00,0.000000,P,,0,,NOAA,2013-08-08T07:41:24.4230000-06:00,in
37,USC00051772,Snow,1990-08-20T00:00:00.0000000-06:00,0.000000,P,,0,,NOAA,2013-08-08T07:41:24.4230000-06:00,in
37,USC00051772,Snow,1990-08-21T00:00:00.0000000-06:00,0.000000,P,,0,,NOAA,2013-08-08T07:41:24.4230000-06:00,in
37,USC00051772,Snow,1990-08-22T00:00:00.0000000-06:00,0.000000,P,,0,,NOAA,2013-08-08T07:41:24.4230000-06:00,in
37,USC00051772,Snow,1990-08-23T00:00:00.0000000-06:00,0.000000,P,,0,,NOAA,2013-08-08T07:41:24.4230000-06:00,in
37,USC00051772,Snow,1990-08-24T00:00:00.0000000-06:00,0.000000,P,,0,,NOAA,2013-08-08T07:41:24.4230000-06:00,in
37,USC00051772,Snow,1990-08-25T00:00:00.0000000-06:00,0.000000,P,,0,,NOAA,2013-08-08T07:41:24.4230000-06:00,in
37,USC00051772,Snow,1990-08-26T00:00:00.0000000-06:00,0.000000,P,,0,,NOAA,2013-08-08T07:41:24.4230000-06:00,in
37,USC00051772,Snow,1990-08-27T00:00:00.0000000-06:00,0.000000,P,,0,,NOAA,2013-08-08T07:41:24.4230000-06:00,in
37,USC00051772,Snow,1990-08-28T00:00:00.0000000-06:00,0.000000,P,,0,,NOAA,2013-08-08T07:41:24.4230000-06:00,in
37,USC00051772,Snow,1990-08-29T00:00:00.0000000-06:00,0.000000,P,,0,,NOAA,2013-08-08T07:41:24.4230000-06:00,in
37,USC00051772,Snow,1990-08-30T00:00:00.0000000-06:00,0.000000,P,,0,,NOAA,2013-08-08T07:41:24.4230000-06:00,in
37,USC00051772,Snow,1990-08-31T00:00:00.0000000-06:00,0.000000,P,,0,,NOAA,2013-08-08T07:41:24.4230000-06:00,in
37,USC00051772,Snow,1990-09-01T00:00:00.0000000-06:00,0.000000,P,,0,,NOAA,2013-08-08T07:41:24.4230000-06:00,in
37,USC00051772,Snow,1990-09-02T00:00:00.0000000-06:00,0.000000,P,,0,,NOAA,2013-08-08T07:41:24.4230000-06:00,in
37,USC00051772,Snow,1990-09-03T00:00:00.0000000-06:00,0.000000,P,,0,,NOAA,2013-08-08T07:41:24.4230000-06:00,in
37,USC00051772,Snow,1990-09-04T00:00:00.0000000-06:00,0.000000,P,,0,,NOAA,2013-08-08T07:41:24.4230000-06:00,in
37,USC00051772,Snow,1990-09-05T00:00:00.0000000-06:00,0.000000,P,,0,,NOAA,2013-08-08T07:41:24.4230000-06:00,in
37,USC00051772,Snow,1990-09-06T00:00:00.0000000-06:00,0.000000,P,,0,,NOAA,2013-08-08T07:41:24.4230000-06:00,in
37,USC00051772,Snow,1990-09-07T00:00:00.0000000-06:00,0.000000,P,,0,,NOAA,2013-08-08T07:41:24.4230000-06:00,in
37,USC00051772,Snow,1990-09-08T00:00:00.0000000-06:00,0.000000,P,,0,,NOAA,2013-08-08T07:41:24.4230000-06:00,in
37,USC00051772,Snow,1990-09-09T00:00:00.0000000-06:00,0.000000,P,,0,,NOAA,2013-08-08T07:41:24.4230000-06:00,in
37,USC00051772,Snow,1990-09-10T00:00:00.0000000-06:00,0.000000,P,,0,,NOAA,2013-08-08T07:41:24.4230000-06:00,in
37,USC00051772,Snow,1990-09-11T00:00:00.0000000-06:00,0.000000,P,,0,,NOAA,2013-08-08T07:41:24.4230000-06:00,in
37,USC00051772,Snow,1990-09-12T00:00:00.0000000-06:00,0.000000,P,,0,,NOAA,2013-08-08T07:41:24.4230000-06:00,in
37,USC00051772,Snow,1990-09-13T00:00:00.0000000-06:00,0.000000,P,,0,,NOAA,2013-08-08T07:41:24.4230000-06:00,in
37,USC00051772,Snow,1990-09-14T00:00:00.0000000-06:00,0.000000,P,,0,,NOAA,2013-08-08T07:41:24.4230000-06:00,in
37,USC00051772,Snow,1990-09-15T00:00:00.0000000-06:00,0.000000,P,,0,,NOAA,2013-08-08T07:41:24.4230000-06:00,in
37,USC00051772,Snow,1990-09-16T00:00:00.0000000-06:00,0.000000,P,,0,,NOAA,2013-08-08T07:41:24.4230000-06:00,in
37,USC00051772,Snow,1990-09-17T00:00:00.0000000-06:00,0.000000,P,,0,,NOAA,2013-08-08T07:41:24.4230000-06:00,in
37,USC00051772,Snow,1990-09-18T00:00:00.0000000-06:00,0.000000,P,,0,,NOAA,2013-08-08T07:41:24.4230000-06:00,in
37,USC00051772,Snow,1990-09-19T00:00:00.0000000-06:00,0.000000,P,,0,,NOAA,2013-08-08T07:41:24.4230000-06:00,in
37,USC00051772,Snow,1990-09-20T00:00:00.0000000-06:00,0.000000,P,,0,,NOAA,2013-08-08T07:41:24.4230000-06:00,in
37,USC00051772,Snow,1990-09-21T00:00:00.0000000-06:00,0.000000,P,,0,,NOAA,2013-08-08T07:41:24.4230000-06:00,in
37,USC00051772,Snow,1990-09-22T00:00:00.0000000-06:00,0.000000,P,,0,,NOAA,2013-08-08T07:41:24.4230000-06:00,in
37,USC00051772,Snow,1990-09-23T00:00:00.0000000-06:00,0.000000,P,,0,,NOAA,2013-08-08T07:41:24.4230000-06:00,in
37,USC00051772,Snow,1990-09-24T00:00:00.0000000-06:00,0.000000,P,,0,,NOAA,2013-08-08T07:41:24.4230000-06:00,in
37,USC00051772,Snow,1990-09-25T00:00:00.0000000-06:00,0.000000,P,,0,,NOAA,2013-08-08T07:41:24.4230000-06:00,in
37,USC00051772,Snow,1990-09-26T00:00:00.0000000-06:00,0.000000,P,,0,,NOAA,2013-08-08T07:41:24.4230000-06:00,in
37,USC00051772,Snow,1990-09-27T00:00:00.0000000-06:00,0.000000,P,,0,,NOAA,2013-08-08T07:41:24.4230000-06:00,in
37,USC00051772,Snow,1990-09-28T00:00:00.0000000-06:00,0.000000,P,,0,,NOAA,2013-08-08T07:41:24.4230000-06:00,in
37,USC00051772,Snow,1990-09-29T00:00:00.0000000-06:00,0.000000,P,,0,,NOAA,2013-08-08T07:41:24.4230000-06:00,in
37,USC00051772,Snow,1990-09-30T00:00:00.0000000-06:00,0.000000,P,,0,,NOAA,2013-08-08T07:41:24.4230000-06:00,in
37,USC00051772,Snow,1990-10-01T00:00:00.0000000-06:00,0.000000,P,,0,,NOAA,2013-08-08T07:41:24.4230000-06:00,in
37,USC00051772,Snow,1990-10-02T00:00:00.0000000-06:00,0.000000,P,,0,,NOAA,2013-08-08T07:41:24.4230000-06:00,in
37,USC00051772,Snow,1990-10-03T00:00:00.0000000-06:00,0.000000,P,,0,,NOAA,2013-08-08T07:41:24.4230000-06:00,in
37,USC00051772,Snow,1990-10-04T00:00:00.0000000-06:00,0.000000,P,,0,,NOAA,2013-08-08T07:41:24.4230000-06:00,in
37,USC00051772,Snow,1990-10-05T00:00:00.0000000-06:00,0.000000,P,,0,,NOAA,2013-08-08T07:41:24.4230000-06:00,in
37,USC00051772,Snow,1990-10-06T00:00:00.0000000-06:00,0.000000,P,,0,,NOAA,2013-08-08T07:41:24.4230000-06:00,in
37,USC00051772,Snow,1990-10-07T00:00:00.0000000-06:00,0.000000,P,,0,,NOAA,2013-08-08T07:41:24.4230000-06:00,in
37,USC00051772,Snow,1990-10-08T00:00:00.0000000-06:00,0.000000,P,,0,,NOAA,2013-08-08T07:41:24.4230000-06:00,in
37,USC00051772,Snow,1990-10-09T00:00:00.0000000-06:00,0.000000,P,,0,,NOAA,2013-08-08T07:41:24.4230000-06:00,in
37,USC00051772,Snow,1990-10-10T00:00:00.0000000-06:00,0.000000,P,,0,,NOAA,2013-08-08T07:41:24.4230000-06:00,in
37,USC00051772,Snow,1990-10-11T00:00:00.0000000-06:00,0.000000,P,,0,,NOAA,2013-08-08T07:41:24.4230000-06:00,in
37,USC00051772,Snow,1990-10-12T00:00:00.0000000-06:00,0.000000,P,,0,,NOAA,2013-08-08T07:41:24.4230000-06:00,in
37,USC00051772,Snow,1990-10-13T00:00:00.0000000-06:00,0.000000,P,,0,,NOAA,2013-08-08T07:41:24.4230000-06:00,in
37,USC00051772,Snow,1990-10-14T00:00:00.0000000-06:00,0.000000,P,,0,,NOAA,2013-08-08T07:41:24.4230000-06:00,in
37,USC00051772,Snow,1990-10-15T00:00:00.0000000-06:00,0.000000,P,,0,,NOAA,2013-08-08T07:41:24.4230000-06:00,in
37,USC00051772,Snow,1990-10-16T00:00:00.0000000-06:00,0.000000,P,,0,,NOAA,2013-08-08T07:41:24.4230000-06:00,in
37,USC00051772,Snow,1990-10-17T00:00:00.0000000-06:00,0.000000,P,,0,,NOAA,2013-08-08T07:41:24.4230000-06:00,in
37,USC00051772,Snow,1990-10-18T00:00:00.0000000-06:00,0.000000,P,,0,,NOAA,2013-08-08T07:41:24.4230000-06:00,in
37,USC00051772,Snow,1990-10-19T00:00:00.0000000-06:00,0.000000,P,,0,,NOAA,2013-08-08T07:41:24.4230000-06:00,in
37,USC00051772,Snow,1990-10-20T00:00:00.0000000-06:00,0.000000,P,,0,,NOAA,2013-08-08T07:41:24.4230000-06:00,in
37,USC00051772,Snow,1990-10-21T00:00:00.0000000-06:00,0.000000,P,,0,,NOAA,2013-08-08T07:41:24.4230000-06:00,in
37,USC00051772,Snow,1990-10-22T00:00:00.0000000-06:00,0.000000,P,,0,,NOAA,2013-08-08T07:41:24.4230000-06:00,in
37,USC00051772,Snow,1990-10-23T00:00:00.0000000-06:00,0.000000,P,,0,,NOAA,2013-08-08T07:41:24.4230000-06:00,in
37,USC00051772,Snow,1990-10-24T00:00:00.0000000-06:00,0.000000,P,,0,,NOAA,2013-08-08T07:41:24.4230000-06:00,in
37,USC00051772,Snow,1990-10-25T00:00:00.0000000-06:00,0.000000,P,,0,,NOAA,2013-08-08T07:41:24.4230000-06:00,in
37,USC00051772,Snow,1990-10-26T00:00:00.0000000-06:00,0.000000,P,,0,,NOAA,2013-08-08T07:41:24.4230000-06:00,in
37,USC00051772,Snow,1990-10-27T00:00:00.0000000-06:00,0.000000,P,,0,,NOAA,2013-08-08T07:41:24.4230000-06:00,in
37,USC00051772,Snow,1990-10-28T00:00:00.0000000-06:00,0.000000,P,,0,,NOAA,2013-08-08T07:41:24.4230000-06:00,in
37,USC00051772,Snow,1990-10-29T00:00:00.0000000-07:00,0.000000,P,,0,,NOAA,2013-08-08T07:41:24.4230000-06:00,in
37,USC00051772,Snow,1990-10-30T00:00:00.0000000-07:00,0.000000,P,,0,,NOAA,2013-08-08T07:41:24.4230000-06:00,in
37,USC00051772,Snow,1990-10-31T00:00:00.0000000-07:00,0.000000,P,,0,,NOAA,2013-08-08T07:41:24.4230000-06:00,in
37,USC00051772,Snow,1990-11-01T00:00:00.0000000-07:00,0.000000,P,,0,,NOAA,2013-08-08T07:41:24.4230000-06:00,in
37,USC00051772,Snow,1990-11-02T00:00:00.0000000-07:00,0.000000,P,,0,,NOAA,2013-08-08T07:41:24.4230000-06:00,in
37,USC00051772,Snow,1990-11-03T00:00:00.0000000-07:00,0.000000,P,,0,,NOAA,2013-08-08T07:41:24.4230000-06:00,in
37,USC00051772,Snow,1990-11-04T00:00:00.0000000-07:00,0.000000,P,,0,,NOAA,2013-08-08T07:41:24.4230000-06:00,in
37,USC00051772,Snow,1990-11-05T00:00:00.0000000-07:00,0.000000,P,,0,,NOAA,2013-08-08T07:41:24.4230000-06:00,in
37,USC00051772,Snow,1990-11-06T00:00:00.0000000-07:00,0.000000,P,,0,,NOAA,2013-08-08T07:41:24.4230000-06:00,in
37,USC00051772,Snow,1990-11-07T00:00:00.0000000-07:00,0.000000,P,,0,,NOAA,2013-08-08T07:41:24.4230000-06:00,in
37,USC00051772,Snow,1990-11-08T00:00:00.0000000-07:00,0.000000,P,,0,,NOAA,2013-08-08T07:41:24.4230000-06:00,in
37,USC00051772,Snow,1990-11-09T00:00:00.0000000-07:00,0.000000,P,,0,,NOAA,2013-08-08T07:41:24.4230000-06:00,in
37,USC00051772,Snow,1990-11-10T00:00:00.0000000-07:00,0.000000,P,,0,,NOAA,2013-08-08T07:41:24.4230000-06:00,in
37,USC00051772,Snow,1990-11-11T00:00:00.0000000-07:00,0.000000,P,,0,,NOAA,2013-08-08T07:41:24.4230000-06:00,in
37,USC00051772,Snow,1990-11-12T00:00:00.0000000-07:00,0.000000,P,,0,,NOAA,2013-08-08T07:41:24.4230000-06:00,in
37,USC00051772,Snow,1990-11-13T00:00:00.0000000-07:00,0.000000,P,,0,,NOAA,2013-08-08T07:41:24.4230000-06:00,in
37,USC00051772,Snow,1990-11-14T00:00:00.0000000-07:00,0.000000,P,,0,,NOAA,2013-08-08T07:41:24.4230000-06:00,in
37,USC00051772,Snow,1990-11-15T00:00:00.0000000-07:00,0.000000,P,,0,,NOAA,2013-08-08T07:41:24.4230000-06:00,in
37,USC00051772,Snow,1990-11-16T00:00:00.0000000-07:00,0.000000,P,,0,,NOAA,2013-08-08T07:41:24.4230000-06:00,in
37,USC00051772,Snow,1990-11-17T00:00:00.0000000-07:00,0.000000,P,,0,,NOAA,2013-08-08T07:41:24.4230000-06:00,in
37,USC00051772,Snow,1990-11-18T00:00:00.0000000-07:00,0.000000,P,,0,,NOAA,2013-08-08T07:41:24.4230000-06:00,in
37,USC00051772,Snow,1990-11-19T00:00:00.0000000-07:00,0.000000,P,,0,,NOAA,2013-08-08T07:41:24.4230000-06:00,in
37,USC00051772,Snow,1990-11-20T00:00:00.0000000-07:00,0.000000,P,,0,,NOAA,2013-08-08T07:41:24.4230000-06:00,in
37,USC00051772,Snow,1990-11-21T00:00:00.0000000-07:00,0.000000,P,,0,,NOAA,2013-08-08T07:41:24.4230000-06:00,in
37,USC00051772,Snow,1990-11-22T00:00:00.0000000-07:00,0.000000,P,,0,,NOAA,2013-08-08T07:41:24.4230000-06:00,in
37,USC00051772,Snow,1990-11-23T00:00:00.0000000-07:00,0.000000,P,,0,,NOAA,2013-08-08T07:41:24.4230000-06:00,in
37,USC00051772,Snow,1990-11-24T00:00:00.0000000-07:00,0.000000,P,,0,,NOAA,2013-08-08T07:41:24.4230000-06:00,in
37,USC00051772,Snow,1990-11-25T00:00:00.0000000-07:00,0.000000,P,,0,,NOAA,2013-08-08T07:41:24.4230000-06:00,in
37,USC00051772,Snow,1990-11-26T00:00:00.0000000-07:00,0.000000,P,,0,,NOAA,2013-08-08T07:41:24.4230000-06:00,in
37,USC00051772,Snow,1990-11-27T00:00:00.0000000-07:00,0.984252,,,0,,NOAA,2013-08-08T07:41:24.4230000-06:00,in
37,USC00051772,Snow,1990-11-28T00:00:00.0000000-07:00,0.000000,P,,0,,NOAA,2013-08-08T07:41:24.4230000-06:00,in
37,USC00051772,Snow,1990-11-29T00:00:00.0000000-07:00,0.000000,P,,0,,NOAA,2013-08-08T07:41:24.4230000-06:00,in
37,USC00051772,Snow,1990-11-30T00:00:00.0000000-07:00,0.000000,P,,0,,NOAA,2013-08-08T07:41:24.4230000-06:00,in
37,USC00051772,Snow,1990-12-01T00:00:00.0000000-07:00,0.000000,P,,0,,NOAA,2013-08-08T07:41:24.4230000-06:00,in
37,USC00051772,Snow,1990-12-02T00:00:00.0000000-07:00,0.000000,P,,0,,NOAA,2013-08-08T07:41:24.4230000-06:00,in
37,USC00051772,Snow,1990-12-03T00:00:00.0000000-07:00,0.000000,P,,0,,NOAA,2013-08-08T07:41:24.4230000-06:00,in
37,USC00051772,Snow,1990-12-04T00:00:00.0000000-07:00,0.000000,P,,0,,NOAA,2013-08-08T07:41:24.4230000-06:00,in
37,USC00051772,Snow,1990-12-05T00:00:00.0000000-07:00,0.000000,P,,0,,NOAA,2013-08-08T07:41:24.4230000-06:00,in
37,USC00051772,Snow,1990-12-06T00:00:00.0000000-07:00,0.000000,P,,0,,NOAA,2013-08-08T07:41:24.4230000-06:00,in
37,USC00051772,Snow,1990-12-07T00:00:00.0000000-07:00,0.000000,P,,0,,NOAA,2013-08-08T07:41:24.4230000-06:00,in
37,USC00051772,Snow,1990-12-08T00:00:00.0000000-07:00,0.000000,P,,0,,NOAA,2013-08-08T07:41:24.4230000-06:00,in
37,USC00051772,Snow,1990-12-09T00:00:00.0000000-07:00,0.000000,P,,0,,NOAA,2013-08-08T07:41:24.4230000-06:00,in
37,USC00051772,Snow,1990-12-10T00:00:00.0000000-07:00,0.000000,P,,0,,NOAA,2013-08-08T07:41:24.4230000-06:00,in
37,USC00051772,Snow,1990-12-11T00:00:00.0000000-07:00,0.000000,P,,0,,NOAA,2013-08-08T07:41:24.4230000-06:00,in
37,USC00051772,Snow,1990-12-12T00:00:00.0000000-07:00,0.000000,P,,0,,NOAA,2013-08-08T07:41:24.4230000-06:00,in
37,USC00051772,Snow,1990-12-13T00:00:00.0000000-07:00,2.007874,,,0,,NOAA,2013-08-08T07:41:24.4230000-06:00,in
37,USC00051772,Snow,1990-12-14T00:00:00.0000000-07:00,0.984252,,,0,,NOAA,2013-08-08T07:41:24.4230000-06:00,in
37,USC00051772,Snow,1990-12-15T00:00:00.0000000-07:00,0.000000,P,,0,,NOAA,2013-08-08T07:41:24.4230000-06:00,in
37,USC00051772,Snow,1990-12-16T00:00:00.0000000-07:00,0.000000,P,,0,,NOAA,2013-08-08T07:41:24.4230000-06:00,in
37,USC00051772,Snow,1990-12-17T00:00:00.0000000-07:00,0.000000,P,,0,,NOAA,2013-08-08T07:41:24.4230000-06:00,in
37,USC00051772,Snow,1990-12-18T00:00:00.0000000-07:00,0.000000,P,,0,,NOAA,2013-08-08T07:41:24.4230000-06:00,in
37,USC00051772,Snow,1990-12-19T00:00:00.0000000-07:00,0.000000,P,,0,,NOAA,2013-08-08T07:41:24.4230000-06:00,in
37,USC00051772,Snow,1990-12-20T00:00:00.0000000-07:00,0.000000,P,,0,,NOAA,2013-08-08T07:41:24.4230000-06:00,in
37,USC00051772,Snow,1990-12-21T00:00:00.0000000-07:00,2.007874,,,0,,NOAA,2013-08-08T07:41:24.4230000-06:00,in
37,USC00051772,Snow,1990-12-22T00:00:00.0000000-07:00,0.000000,P,,0,,NOAA,2013-08-08T07:41:24.4230000-06:00,in
37,USC00051772,Snow,1990-12-23T00:00:00.0000000-07:00,0.000000,P,,0,,NOAA,2013-08-08T07:41:24.4230000-06:00,in
37,USC00051772,Snow,1990-12-24T00:00:00.0000000-07:00,0.000000,P,,0,,NOAA,2013-08-08T07:41:24.4230000-06:00,in
37,USC00051772,Snow,1990-12-25T00:00:00.0000000-07:00,0.000000,P,,0,,NOAA,2013-08-08T07:41:24.4230000-06:00,in
37,USC00051772,Snow,1990-12-26T00:00:00.0000000-07:00,0.000000,P,,0,,NOAA,2013-08-08T07:41:24.4230000-06:00,in
37,USC00051772,Snow,1990-12-27T00:00:00.0000000-07:00,0.000000,P,,0,,NOAA,2013-08-08T07:41:24.4230000-06:00,in
37,USC00051772,Snow,1990-12-28T00:00:00.0000000-07:00,0.000000,P,,0,,NOAA,2013-08-08T07:41:24.4230000-06:00,in
37,USC00051772,Snow,1990-12-29T00:00:00.0000000-07:00,0.000000,P,,0,,NOAA,2013-08-08T07:41:24.4230000-06:00,in
37,USC00051772,Snow,1990-12-30T00:00:00.0000000-07:00,4.015748,,,0,,NOAA,2013-08-08T07:41:24.4230000-06:00,in
37,USC00051772,Snow,1990-12-31T00:00:00.0000000-07:00,0.000000,P,,0,,NOAA,2013-08-08T07:41:24.4230000-06:00,in
37,USC00051772,Snow,1991-01-01T00:00:00.0000000-07:00,0.000000,P,,0,,NOAA,2013-08-08T07:41:24.4230000-06:00,in
37,USC00051772,Snow,1991-01-02T00:00:00.0000000-07:00,0.000000,P,,0,,NOAA,2013-08-08T07:41:24.4230000-06:00,in
37,USC00051772,Snow,1991-01-03T00:00:00.0000000-07:00,0.000000,P,,0,,NOAA,2013-08-08T07:41:24.4230000-06:00,in
37,USC00051772,Snow,1991-01-04T00:00:00.0000000-07:00,1.496063,,,0,,NOAA,2013-08-08T07:41:24.4230000-06:00,in
37,USC00051772,Snow,1991-01-05T00:00:00.0000000-07:00,4.015748,,,0,,NOAA,2013-08-08T07:41:24.4230000-06:00,in
37,USC00051772,Snow,1991-01-06T00:00:00.0000000-07:00,0.000000,P,,0,,NOAA,2013-08-08T07:41:24.4230000-06:00,in
37,USC00051772,Snow,1991-01-07T00:00:00.0000000-07:00,0.000000,P,,0,,NOAA,2013-08-08T07:41:24.4230000-06:00,in
37,USC00051772,Snow,1991-01-08T00:00:00.0000000-07:00,0.000000,P,,0,,NOAA,2013-08-08T07:41:24.4230000-06:00,in
37,USC00051772,Snow,1991-01-09T00:00:00.0000000-07:00,0.000000,T,,0,,NOAA,2013-08-08T07:41:24.4230000-06:00,in
37,USC00051772,Snow,1991-01-10T00:00:00.0000000-07:00,0.000000,P,,0,,NOAA,2013-08-08T07:41:24.4230000-06:00,in
37,USC00051772,Snow,1991-01-11T00:00:00.0000000-07:00,0.000000,P,,0,,NOAA,2013-08-08T07:41:24.4230000-06:00,in
37,USC00051772,Snow,1991-01-12T00:00:00.0000000-07:00,0.000000,P,,0,,NOAA,2013-08-08T07:41:24.4230000-06:00,in
37,USC00051772,Snow,1991-01-13T00:00:00.0000000-07:00,0.000000,P,,0,,NOAA,2013-08-08T07:41:24.4230000-06:00,in
37,USC00051772,Snow,1991-01-14T00:00:00.0000000-07:00,2.519685,,,0,,NOAA,2013-08-08T07:41:24.4230000-06:00,in
37,USC00051772,Snow,1991-01-15T00:00:00.0000000-07:00,0.511811,,,0,,NOAA,2013-08-08T07:41:24.4230000-06:00,in
37,USC00051772,Snow,1991-01-16T00:00:00.0000000-07:00,0.984252,,,0,,NOAA,2013-08-08T07:41:24.4230000-06:00,in
37,USC00051772,Snow,1991-01-17T00:00:00.0000000-07:00,0.000000,P,,0,,NOAA,2013-08-08T07:41:24.4230000-06:00,in
37,USC00051772,Snow,1991-01-18T00:00:00.0000000-07:00,0.000000,P,,0,,NOAA,2013-08-08T07:41:24.4230000-06:00,in
37,USC00051772,Snow,1991-01-19T00:00:00.0000000-07:00,0.000000,P,,0,,NOAA,2013-08-08T07:41:24.4230000-06:00,in
37,USC00051772,Snow,1991-01-20T00:00:00.0000000-07:00,0.984252,,,0,,NOAA,2013-08-08T07:41:24.4230000-06:00,in
37,USC00051772,Snow,1991-01-21T00:00:00.0000000-07:00,0.000000,P,,0,,NOAA,2013-08-08T07:41:24.4230000-06:00,in
37,USC00051772,Snow,1991-01-22T00:00:00.0000000-07:00,0.000000,P,,0,,NOAA,2013-08-08T07:41:24.4230000-06:00,in
37,USC00051772,Snow,1991-01-23T00:00:00.0000000-07:00,0.000000,P,,0,,NOAA,2013-08-08T07:41:24.4230000-06:00,in
37,USC00051772,Snow,1991-01-24T00:00:00.0000000-07:00,0.000000,P,,0,,NOAA,2013-08-08T07:41:24.4230000-06:00,in
37,USC00051772,Snow,1991-01-25T00:00:00.0000000-07:00,0.000000,P,,0,,NOAA,2013-08-08T07:41:24.4230000-06:00,in
37,USC00051772,Snow,1991-01-26T00:00:00.0000000-07:00,0.000000,P,,0,,NOAA,2013-08-08T07:41:24.4230000-06:00,in
37,USC00051772,Snow,1991-01-27T00:00:00.0000000-07:00,0.000000,P,,0,,NOAA,2013-08-08T07:41:24.4230000-06:00,in
37,USC00051772,Snow,1991-01-28T00:00:00.0000000-07:00,0.000000,P,,0,,NOAA,2013-08-08T07:41:24.4230000-06:00,in
37,USC00051772,Snow,1991-01-29T00:00:00.0000000-07:00,2.992126,,,0,,NOAA,2013-08-08T07:41:24.4230000-06:00,in
37,USC00051772,Snow,1991-01-30T00:00:00.0000000-07:00,0.000000,P,,0,,NOAA,2013-08-08T07:41:24.4230000-06:00,in
37,USC00051772,Snow,1991-01-31T00:00:00.0000000-07:00,0.000000,P,,0,,NOAA,2013-08-08T07:41:24.4230000-06:00,in
37,USC00051772,Snow,1991-02-02T00:00:00.0000000-07:00,0.000000,P,,0,,NOAA,2013-08-08T07:41:24.4230000-06:00,in
37,USC00051772,Snow,1991-02-03T00:00:00.0000000-07:00,0.000000,P,,0,,NOAA,2013-08-08T07:41:24.4230000-06:00,in
37,USC00051772,Snow,1991-02-04T00:00:00.0000000-07:00,0.000000,P,,0,,NOAA,2013-08-08T07:41:24.4230000-06:00,in
37,USC00051772,Snow,1991-02-05T00:00:00.0000000-07:00,0.000000,P,,0,,NOAA,2013-08-08T07:41:24.4230000-06:00,in
37,USC00051772,Snow,1991-02-06T00:00:00.0000000-07:00,0.000000,P,,0,,NOAA,2013-08-08T07:41:24.4230000-06:00,in
37,USC00051772,Snow,1991-02-07T00:00:00.0000000-07:00,0.000000,P,,0,,NOAA,2013-08-08T07:41:24.4230000-06:00,in
37,USC00051772,Snow,1991-02-08T00:00:00.0000000-07:00,0.000000,P,,0,,NOAA,2013-08-08T07:41:24.4230000-06:00,in
37,USC00051772,Snow,1991-02-09T00:00:00.0000000-07:00,0.000000,P,,0,,NOAA,2013-08-08T07:41:24.4230000-06:00,in
37,USC00051772,Snow,1991-02-10T00:00:00.0000000-07:00,0.000000,P,,0,,NOAA,2013-08-08T07:41:24.4230000-06:00,in
37,USC00051772,Snow,1991-02-11T00:00:00.0000000-07:00,0.000000,P,,0,,NOAA,2013-08-08T07:41:24.4230000-06:00,in
37,USC00051772,Snow,1991-02-12T00:00:00.0000000-07:00,0.000000,P,,0,,NOAA,2013-08-08T07:41:24.4230000-06:00,in
37,USC00051772,Snow,1991-02-13T00:00:00.0000000-07:00,0.000000,P,,0,,NOAA,2013-08-08T07:41:24.4230000-06:00,in
37,USC00051772,Snow,1991-02-14T00:00:00.0000000-07:00,0.000000,P,,0,,NOAA,2013-08-08T07:41:24.4230000-06:00,in
37,USC00051772,Snow,1991-02-15T00:00:00.0000000-07:00,0.000000,P,,0,,NOAA,2013-08-08T07:41:24.4230000-06:00,in
37,USC00051772,Snow,1991-02-16T00:00:00.0000000-07:00,0.000000,P,,0,,NOAA,2013-08-08T07:41:24.4230000-06:00,in
37,USC00051772,Snow,1991-02-17T00:00:00.0000000-07:00,0.000000,P,,0,,NOAA,2013-08-08T07:41:24.4230000-06:00,in
37,USC00051772,Snow,1991-02-18T00:00:00.0000000-07:00,0.000000,P,,0,,NOAA,2013-08-08T07:41:24.4230000-06:00,in
37,USC00051772,Snow,1991-02-19T00:00:00.0000000-07:00,0.000000,P,,0,,NOAA,2013-08-08T07:41:24.4230000-06:00,in
37,USC00051772,Snow,1991-02-20T00:00:00.0000000-07:00,0.000000,P,,0,,NOAA,2013-08-08T07:41:24.4230000-06:00,in
37,USC00051772,Snow,1991-02-21T00:00:00.0000000-07:00,0.000000,P,,0,,NOAA,2013-08-08T07:41:24.4230000-06:00,in
37,USC00051772,Snow,1991-02-22T00:00:00.0000000-07:00,0.000000,P,,0,,NOAA,2013-08-08T07:41:24.4230000-06:00,in
37,USC00051772,Snow,1991-02-23T00:00:00.0000000-07:00,0.000000,P,,0,,NOAA,2013-08-08T07:41:24.4230000-06:00,in
37,USC00051772,Snow,1991-02-24T00:00:00.0000000-07:00,0.000000,P,,0,,NOAA,2013-08-08T07:41:24.4230000-06:00,in
37,USC00051772,Snow,1991-02-25T00:00:00.0000000-07:00,0.000000,P,,0,,NOAA,2013-08-08T07:41:24.4230000-06:00,in
37,USC00051772,Snow,1991-02-26T00:00:00.0000000-07:00,0.000000,P,,0,,NOAA,2013-08-08T07:41:24.4230000-06:00,in
37,USC00051772,Snow,1991-02-27T00:00:00.0000000-07:00,0.000000,P,,0,,NOAA,2013-08-08T07:41:24.4230000-06:00,in
37,USC00051772,Snow,1991-02-28T00:00:00.0000000-07:00,0.000000,P,,0,,NOAA,2013-08-08T07:41:24.4230000-06:00,in
37,USC00051772,Snow,1991-03-01T00:00:00.0000000-07:00,0.000000,P,,0,,NOAA,2013-08-08T07:41:24.4230000-06:00,in
37,USC00051772,Snow,1991-03-02T00:00:00.0000000-07:00,0.000000,P,,0,,NOAA,2013-08-08T07:41:24.4230000-06:00,in
37,USC00051772,Snow,1991-03-03T00:00:00.0000000-07:00,0.000000,P,,0,,NOAA,2013-08-08T07:41:24.4230000-06:00,in
37,USC00051772,Snow,1991-03-04T00:00:00.0000000-07:00,0.000000,P,,0,,NOAA,2013-08-08T07:41:24.4230000-06:00,in
37,USC00051772,Snow,1991-03-05T00:00:00.0000000-07:00,0.000000,P,,0,,NOAA,2013-08-08T07:41:24.4230000-06:00,in
37,USC00051772,Snow,1991-03-06T00:00:00.0000000-07:00,0.000000,P,,0,,NOAA,2013-08-08T07:41:24.4230000-06:00,in
37,USC00051772,Snow,1991-03-07T00:00:00.0000000-07:00,0.000000,P,,0,,NOAA,2013-08-08T07:41:24.4230000-06:00,in
37,USC00051772,Snow,1991-03-08T00:00:00.0000000-07:00,0.000000,P,,0,,NOAA,2013-08-08T07:41:24.4230000-06:00,in
37,USC00051772,Snow,1991-03-09T00:00:00.0000000-07:00,0.000000,P,,0,,NOAA,2013-08-08T07:41:24.4230000-06:00,in
37,USC00051772,Snow,1991-03-10T00:00:00.0000000-07:00,0.000000,P,,0,,NOAA,2013-08-08T07:41:24.4230000-06:00,in
37,USC00051772,Snow,1991-03-11T00:00:00.0000000-07:00,0.314961,,,0,,NOAA,2013-08-08T07:41:24.4230000-06:00,in
37,USC00051772,Snow,1991-03-12T00:00:00.0000000-07:00,0.000000,P,,0,,NOAA,2013-08-08T07:41:24.4230000-06:00,in
37,USC00051772,Snow,1991-03-13T00:00:00.0000000-07:00,0.000000,P,,0,,NOAA,2013-08-08T07:41:24.4230000-06:00,in
37,USC00051772,Snow,1991-03-14T00:00:00.0000000-07:00,0.000000,P,,0,,NOAA,2013-08-08T07:41:24.4230000-06:00,in
37,USC00051772,Snow,1991-03-15T00:00:00.0000000-07:00,0.000000,P,,0,,NOAA,2013-08-08T07:41:24.4230000-06:00,in
37,USC00051772,Snow,1991-03-16T00:00:00.0000000-07:00,0.000000,P,,0,,NOAA,2013-08-08T07:41:24.4230000-06:00,in
37,USC00051772,Snow,1991-03-17T00:00:00.0000000-07:00,0.000000,P,,0,,NOAA,2013-08-08T07:41:24.4230000-06:00,in
37,USC00051772,Snow,1991-03-18T00:00:00.0000000-07:00,0.000000,P,,0,,NOAA,2013-08-08T07:41:24.4230000-06:00,in
37,USC00051772,Snow,1991-03-19T00:00:00.0000000-07:00,0.000000,P,,0,,NOAA,2013-08-08T07:41:24.4230000-06:00,in
37,USC00051772,Snow,1991-03-20T00:00:00.0000000-07:00,0.000000,P,,0,,NOAA,2013-08-08T07:41:24.4230000-06:00,in
37,USC00051772,Snow,1991-03-21T00:00:00.0000000-07:00,0.000000,P,,0,,NOAA,2013-08-08T07:41:24.4230000-06:00,in
37,USC00051772,Snow,1991-03-22T00:00:00.0000000-07:00,2.007874,,,0,,NOAA,2013-08-08T07:41:24.4230000-06:00,in
37,USC00051772,Snow,1991-03-23T00:00:00.0000000-07:00,0.000000,P,,0,,NOAA,2013-08-08T07:41:24.4230000-06:00,in
37,USC00051772,Snow,1991-03-24T00:00:00.0000000-07:00,0.000000,P,,0,,NOAA,2013-08-08T07:41:24.4230000-06:00,in
37,USC00051772,Snow,1991-03-25T00:00:00.0000000-07:00,0.000000,P,,0,,NOAA,2013-08-08T07:41:24.4230000-06:00,in
37,USC00051772,Snow,1991-03-26T00:00:00.0000000-07:00,0.000000,P,,0,,NOAA,2013-08-08T07:41:24.4230000-06:00,in
37,USC00051772,Snow,1991-03-27T00:00:00.0000000-07:00,4.015748,,,0,,NOAA,2013-08-08T07:41:24.4230000-06:00,in
37,USC00051772,Snow,1991-03-28T00:00:00.0000000-07:00,0.000000,T,,0,,NOAA,2013-08-08T07:41:24.4230000-06:00,in
37,USC00051772,Snow,1991-03-29T00:00:00.0000000-07:00,0.000000,P,,0,,NOAA,2013-08-08T07:41:24.4230000-06:00,in
37,USC00051772,Snow,1991-03-30T00:00:00.0000000-07:00,0.000000,P,,0,,NOAA,2013-08-08T07:41:24.4230000-06:00,in
37,USC00051772,Snow,1991-03-31T00:00:00.0000000-07:00,0.000000,P,,0,,NOAA,2013-08-08T07:41:24.4230000-06:00,in
37,USC00051772,Snow,1991-04-01T00:00:00.0000000-07:00,0.000000,P,,0,,NOAA,2013-08-08T07:41:24.4230000-06:00,in
37,USC00051772,Snow,1991-04-02T00:00:00.0000000-07:00,0.000000,P,,0,,NOAA,2013-08-08T07:41:24.4230000-06:00,in
37,USC00051772,Snow,1991-04-03T00:00:00.0000000-07:00,0.000000,P,,0,,NOAA,2013-08-08T07:41:24.4230000-06:00,in
37,USC00051772,Snow,1991-04-04T00:00:00.0000000-07:00,0.000000,P,,0,,NOAA,2013-08-08T07:41:24.4230000-06:00,in
37,USC00051772,Snow,1991-04-05T00:00:00.0000000-07:00,0.000000,P,,0,,NOAA,2013-08-08T07:41:24.4230000-06:00,in
37,USC00051772,Snow,1991-04-06T00:00:00.0000000-07:00,0.000000,P,,0,,NOAA,2013-08-08T07:41:24.4230000-06:00,in
37,USC00051772,Snow,1991-04-07T00:00:00.0000000-07:00,0.000000,P,,0,,NOAA,2013-08-08T07:41:24.4230000-06:00,in
37,USC00051772,Snow,1991-04-08T00:00:00.0000000-06:00,0.000000,P,,0,,NOAA,2013-08-08T07:41:24.4230000-06:00,in
37,USC00051772,Snow,1991-04-09T00:00:00.0000000-06:00,0.000000,P,,0,,NOAA,2013-08-08T07:41:24.4230000-06:00,in
37,USC00051772,Snow,1991-04-10T00:00:00.0000000-06:00,0.000000,P,,0,,NOAA,2013-08-08T07:41:24.4230000-06:00,in
37,USC00051772,Snow,1991-04-11T00:00:00.0000000-06:00,0.000000,P,,0,,NOAA,2013-08-08T07:41:24.4230000-06:00,in
37,USC00051772,Snow,1991-04-12T00:00:00.0000000-06:00,0.000000,P,,0,,NOAA,2013-08-08T07:41:24.4230000-06:00,in
37,USC00051772,Snow,1991-04-13T00:00:00.0000000-06:00,0.000000,P,,0,,NOAA,2013-08-08T07:41:24.4230000-06:00,in
37,USC00051772,Snow,1991-04-14T00:00:00.0000000-06:00,0.000000,P,,0,,NOAA,2013-08-08T07:41:24.4230000-06:00,in
37,USC00051772,Snow,1991-04-15T00:00:00.0000000-06:00,0.000000,P,,0,,NOAA,2013-08-08T07:41:24.4230000-06:00,in
37,USC00051772,Snow,1991-04-16T00:00:00.0000000-06:00,0.000000,P,,0,,NOAA,2013-08-08T07:41:24.4230000-06:00,in
37,USC00051772,Snow,1991-04-17T00:00:00.0000000-06:00,0.000000,P,,0,,NOAA,2013-08-08T07:41:24.4230000-06:00,in
37,USC00051772,Snow,1991-04-18T00:00:00.0000000-06:00,0.000000,P,,0,,NOAA,2013-08-08T07:41:24.4230000-06:00,in
37,USC00051772,Snow,1991-04-19T00:00:00.0000000-06:00,0.000000,P,,0,,NOAA,2013-08-08T07:41:24.4230000-06:00,in
37,USC00051772,Snow,1991-04-20T00:00:00.0000000-06:00,0.000000,P,,0,,NOAA,2013-08-08T07:41:24.4230000-06:00,in
37,USC00051772,Snow,1991-04-21T00:00:00.0000000-06:00,0.000000,P,,0,,NOAA,2013-08-08T07:41:24.4230000-06:00,in
37,USC00051772,Snow,1991-04-22T00:00:00.0000000-06:00,0.000000,P,,0,,NOAA,2013-08-08T07:41:24.4230000-06:00,in
37,USC00051772,Snow,1991-04-23T00:00:00.0000000-06:00,0.000000,P,,0,,NOAA,2013-08-08T07:41:24.4230000-06:00,in
37,USC00051772,Snow,1991-04-24T00:00:00.0000000-06:00,0.000000,P,,0,,NOAA,2013-08-08T07:41:24.4230000-06:00,in
37,USC00051772,Snow,1991-04-25T00:00:00.0000000-06:00,0.000000,P,,0,,NOAA,2013-08-08T07:41:24.4230000-06:00,in
37,USC00051772,Snow,1991-04-26T00:00:00.0000000-06:00,0.000000,P,,0,,NOAA,2013-08-08T07:41:24.4230000-06:00,in
37,USC00051772,Snow,1991-04-27T00:00:00.0000000-06:00,0.000000,P,,0,,NOAA,2013-08-08T07:41:24.4230000-06:00,in
37,USC00051772,Snow,1991-04-28T00:00:00.0000000-06:00,0.984252,,,0,,NOAA,2013-08-08T07:41:24.4230000-06:00,in
37,USC00051772,Snow,1991-04-29T00:00:00.0000000-06:00,0.000000,P,,0,,NOAA,2013-08-08T07:41:24.4230000-06:00,in
37,USC00051772,Snow,1991-04-30T00:00:00.0000000-06:00,0.000000,P,,0,,NOAA,2013-08-08T07:41:24.4230000-06:00,in
37,USC00051772,Snow,1991-05-01T00:00:00.0000000-06:00,0.000000,P,,0,,NOAA,2013-08-08T07:41:24.4230000-06:00,in
37,USC00051772,Snow,1991-05-02T00:00:00.0000000-06:00,0.000000,P,,0,,NOAA,2013-08-08T07:41:24.4230000-06:00,in
37,USC00051772,Snow,1991-05-03T00:00:00.0000000-06:00,0.000000,P,,0,,NOAA,2013-08-08T07:41:24.4230000-06:00,in
37,USC00051772,Snow,1991-05-04T00:00:00.0000000-06:00,0.000000,P,,0,,NOAA,2013-08-08T07:41:24.4230000-06:00,in
37,USC00051772,Snow,1991-05-05T00:00:00.0000000-06:00,0.000000,P,,0,,NOAA,2013-08-08T07:41:24.4230000-06:00,in
37,USC00051772,Snow,1991-05-06T00:00:00.0000000-06:00,0.000000,P,,0,,NOAA,2013-08-08T07:41:24.4230000-06:00,in
37,USC00051772,Snow,1991-05-07T00:00:00.0000000-06:00,0.000000,P,,0,,NOAA,2013-08-08T07:41:24.4230000-06:00,in
37,USC00051772,Snow,1991-05-08T00:00:00.0000000-06:00,0.000000,P,,0,,NOAA,2013-08-08T07:41:24.4230000-06:00,in
37,USC00051772,Snow,1991-05-09T00:00:00.0000000-06:00,0.000000,P,,0,,NOAA,2013-08-08T07:41:24.4230000-06:00,in
37,USC00051772,Snow,1991-05-10T00:00:00.0000000-06:00,0.000000,P,,0,,NOAA,2013-08-08T07:41:24.4230000-06:00,in
37,USC00051772,Snow,1991-05-11T00:00:00.0000000-06:00,0.000000,P,,0,,NOAA,2013-08-08T07:41:24.4230000-06:00,in
37,USC00051772,Snow,1991-05-12T00:00:00.0000000-06:00,0.000000,P,,0,,NOAA,2013-08-08T07:41:24.4230000-06:00,in
37,USC00051772,Snow,1991-05-13T00:00:00.0000000-06:00,0.000000,P,,0,,NOAA,2013-08-08T07:41:24.4230000-06:00,in
37,USC00051772,Snow,1991-05-14T00:00:00.0000000-06:00,0.000000,P,,0,,NOAA,2013-08-08T07:41:24.4230000-06:00,in
37,USC00051772,Snow,1991-05-15T00:00:00.0000000-06:00,0.000000,P,,0,,NOAA,2013-08-08T07:41:24.4230000-06:00,in
37,USC00051772,Snow,1991-05-16T00:00:00.0000000-06:00,0.000000,P,,0,,NOAA,2013-08-08T07:41:24.4230000-06:00,in
37,USC00051772,Snow,1991-05-17T00:00:00.0000000-06:00,0.000000,P,,0,,NOAA,2013-08-08T07:41:24.4230000-06:00,in
37,USC00051772,Snow,1991-05-18T00:00:00.0000000-06:00,0.000000,P,,0,,NOAA,2013-08-08T07:41:24.4230000-06:00,in
37,USC00051772,Snow,1991-05-19T00:00:00.0000000-06:00,0.000000,P,,0,,NOAA,2013-08-08T07:41:24.4230000-06:00,in
37,USC00051772,Snow,1991-05-20T00:00:00.0000000-06:00,0.000000,P,,0,,NOAA,2013-08-08T07:41:24.4230000-06:00,in
37,USC00051772,Snow,1991-05-21T00:00:00.0000000-06:00,0.000000,P,,0,,NOAA,2013-08-08T07:41:24.4230000-06:00,in
37,USC00051772,Snow,1991-05-22T00:00:00.0000000-06:00,0.000000,P,,0,,NOAA,2013-08-08T07:41:24.4230000-06:00,in
37,USC00051772,Snow,1991-05-23T00:00:00.0000000-06:00,0.000000,P,,0,,NOAA,2013-08-08T07:41:24.4230000-06:00,in
37,USC00051772,Snow,1991-05-24T00:00:00.0000000-06:00,0.000000,P,,0,,NOAA,2013-08-08T07:41:24.4230000-06:00,in
37,USC00051772,Snow,1991-05-25T00:00:00.0000000-06:00,0.000000,P,,0,,NOAA,2013-08-08T07:41:24.4230000-06:00,in
37,USC00051772,Snow,1991-05-26T00:00:00.0000000-06:00,0.000000,P,,0,,NOAA,2013-08-08T07:41:24.4230000-06:00,in
37,USC00051772,Snow,1991-05-27T00:00:00.0000000-06:00,0.000000,P,,0,,NOAA,2013-08-08T07:41:24.4230000-06:00,in
37,USC00051772,Snow,1991-05-28T00:00:00.0000000-06:00,0.000000,P,,0,,NOAA,2013-08-08T07:41:24.4230000-06:00,in
37,USC00051772,Snow,1991-05-29T00:00:00.0000000-06:00,0.000000,P,,0,,NOAA,2013-08-08T07:41:24.4230000-06:00,in
37,USC00051772,Snow,1991-05-30T00:00:00.0000000-06:00,0.000000,P,,0,,NOAA,2013-08-08T07:41:24.4230000-06:00,in
37,USC00051772,Snow,1991-05-31T00:00:00.0000000-06:00,0.000000,P,,0,,NOAA,2013-08-08T07:41:24.4230000-06:00,in
37,USC00051772,Snow,1991-06-01T00:00:00.0000000-06:00,0.000000,P,,0,,NOAA,2013-08-08T07:41:24.4230000-06:00,in
37,USC00051772,Snow,1991-06-02T00:00:00.0000000-06:00,0.000000,P,,0,,NOAA,2013-08-08T07:41:24.4230000-06:00,in
37,USC00051772,Snow,1991-06-03T00:00:00.0000000-06:00,0.000000,P,,0,,NOAA,2013-08-08T07:41:24.4230000-06:00,in
37,USC00051772,Snow,1991-06-04T00:00:00.0000000-06:00,0.000000,P,,0,,NOAA,2013-08-08T07:41:24.4230000-06:00,in
37,USC00051772,Snow,1991-06-05T00:00:00.0000000-06:00,0.000000,P,,0,,NOAA,2013-08-08T07:41:24.4230000-06:00,in
37,USC00051772,Snow,1991-06-06T00:00:00.0000000-06:00,0.000000,P,,0,,NOAA,2013-08-08T07:41:24.4230000-06:00,in
37,USC00051772,Snow,1991-06-07T00:00:00.0000000-06:00,0.000000,P,,0,,NOAA,2013-08-08T07:41:24.4230000-06:00,in
37,USC00051772,Snow,1991-06-08T00:00:00.0000000-06:00,0.000000,P,,0,,NOAA,2013-08-08T07:41:24.4230000-06:00,in
37,USC00051772,Snow,1991-06-09T00:00:00.0000000-06:00,0.000000,P,,0,,NOAA,2013-08-08T07:41:24.4230000-06:00,in
37,USC00051772,Snow,1991-06-10T00:00:00.0000000-06:00,0.000000,P,,0,,NOAA,2013-08-08T07:41:24.4230000-06:00,in
37,USC00051772,Snow,1991-06-11T00:00:00.0000000-06:00,0.000000,P,,0,,NOAA,2013-08-08T07:41:24.4230000-06:00,in
37,USC00051772,Snow,1991-06-12T00:00:00.0000000-06:00,0.000000,P,,0,,NOAA,2013-08-08T07:41:24.4230000-06:00,in
37,USC00051772,Snow,1991-06-13T00:00:00.0000000-06:00,0.000000,P,,0,,NOAA,2013-08-08T07:41:24.4230000-06:00,in
37,USC00051772,Snow,1991-06-14T00:00:00.0000000-06:00,0.000000,P,,0,,NOAA,2013-08-08T07:41:24.4230000-06:00,in
37,USC00051772,Snow,1991-06-15T00:00:00.0000000-06:00,0.000000,P,,0,,NOAA,2013-08-08T07:41:24.4230000-06:00,in
37,USC00051772,Snow,1991-06-16T00:00:00.0000000-06:00,0.000000,P,,0,,NOAA,2013-08-08T07:41:24.4230000-06:00,in
37,USC00051772,Snow,1991-06-17T00:00:00.0000000-06:00,0.000000,P,,0,,NOAA,2013-08-08T07:41:24.4230000-06:00,in
37,USC00051772,Snow,1991-06-18T00:00:00.0000000-06:00,0.000000,P,,0,,NOAA,2013-08-08T07:41:24.4230000-06:00,in
37,USC00051772,Snow,1991-06-19T00:00:00.0000000-06:00,0.000000,P,,0,,NOAA,2013-08-08T07:41:24.4230000-06:00,in
37,USC00051772,Snow,1991-06-20T00:00:00.0000000-06:00,0.000000,P,,0,,NOAA,2013-08-08T07:41:24.4230000-06:00,in
37,USC00051772,Snow,1991-06-21T00:00:00.0000000-06:00,0.000000,P,,0,,NOAA,2013-08-08T07:41:24.4230000-06:00,in
37,USC00051772,Snow,1991-06-22T00:00:00.0000000-06:00,0.000000,P,,0,,NOAA,2013-08-08T07:41:24.4230000-06:00,in
37,USC00051772,Snow,1991-06-23T00:00:00.0000000-06:00,0.000000,P,,0,,NOAA,2013-08-08T07:41:24.4230000-06:00,in
37,USC00051772,Snow,1991-06-24T00:00:00.0000000-06:00,0.000000,P,,0,,NOAA,2013-08-08T07:41:24.4230000-06:00,in
37,USC00051772,Snow,1991-06-25T00:00:00.0000000-06:00,0.000000,P,,0,,NOAA,2013-08-08T07:41:24.4230000-06:00,in
37,USC00051772,Snow,1991-06-26T00:00:00.0000000-06:00,0.000000,P,,0,,NOAA,2013-08-08T07:41:24.4230000-06:00,in
37,USC00051772,Snow,1991-06-27T00:00:00.0000000-06:00,0.000000,P,,0,,NOAA,2013-08-08T07:41:24.4230000-06:00,in
37,USC00051772,Snow,1991-06-28T00:00:00.0000000-06:00,0.000000,P,,0,,NOAA,2013-08-08T07:41:24.4230000-06:00,in
37,USC00051772,Snow,1991-06-29T00:00:00.0000000-06:00,0.000000,P,,0,,NOAA,2013-08-08T07:41:24.4230000-06:00,in
37,USC00051772,Snow,1991-06-30T00:00:00.0000000-06:00,0.000000,P,,0,,NOAA,2013-08-08T07:41:24.4230000-06:00,in
37,USC00051772,Snow,1991-07-01T00:00:00.0000000-06:00,0.000000,P,,0,,NOAA,2013-08-08T07:41:24.4230000-06:00,in
37,USC00051772,Snow,1991-07-02T00:00:00.0000000-06:00,0.000000,P,,0,,NOAA,2013-08-08T07:41:24.4230000-06:00,in
37,USC00051772,Snow,1991-07-03T00:00:00.0000000-06:00,0.000000,P,,0,,NOAA,2013-08-08T07:41:24.4230000-06:00,in
37,USC00051772,Snow,1991-07-04T00:00:00.0000000-06:00,0.000000,P,,0,,NOAA,2013-08-08T07:41:24.4230000-06:00,in
37,USC00051772,Snow,1991-07-05T00:00:00.0000000-06:00,0.000000,P,,0,,NOAA,2013-08-08T07:41:24.4230000-06:00,in
37,USC00051772,Snow,1991-07-06T00:00:00.0000000-06:00,0.000000,P,,0,,NOAA,2013-08-08T07:41:24.4230000-06:00,in
37,USC00051772,Snow,1991-07-07T00:00:00.0000000-06:00,0.000000,P,,0,,NOAA,2013-08-08T07:41:24.4230000-06:00,in
37,USC00051772,Snow,1991-07-08T00:00:00.0000000-06:00,0.000000,P,,0,,NOAA,2013-08-08T07:41:24.4230000-06:00,in
37,USC00051772,Snow,1991-07-09T00:00:00.0000000-06:00,0.000000,P,,0,,NOAA,2013-08-08T07:41:24.4230000-06:00,in
37,USC00051772,Snow,1991-07-10T00:00:00.0000000-06:00,0.000000,P,,0,,NOAA,2013-08-08T07:41:24.4230000-06:00,in
37,USC00051772,Snow,1991-07-11T00:00:00.0000000-06:00,0.000000,P,,0,,NOAA,2013-08-08T07:41:24.4230000-06:00,in
37,USC00051772,Snow,1991-07-12T00:00:00.0000000-06:00,0.000000,P,,0,,NOAA,2013-08-08T07:41:24.4230000-06:00,in
37,USC00051772,Snow,1991-07-13T00:00:00.0000000-06:00,0.000000,P,,0,,NOAA,2013-08-08T07:41:24.4230000-06:00,in
37,USC00051772,Snow,1991-07-14T00:00:00.0000000-06:00,0.000000,P,,0,,NOAA,2013-08-08T07:41:24.4230000-06:00,in
37,USC00051772,Snow,1991-07-15T00:00:00.0000000-06:00,0.000000,P,,0,,NOAA,2013-08-08T07:41:24.4230000-06:00,in
37,USC00051772,Snow,1991-07-16T00:00:00.0000000-06:00,0.000000,P,,0,,NOAA,2013-08-08T07:41:24.4230000-06:00,in
37,USC00051772,Snow,1991-07-17T00:00:00.0000000-06:00,0.000000,P,,0,,NOAA,2013-08-08T07:41:24.4230000-06:00,in
37,USC00051772,Snow,1991-07-18T00:00:00.0000000-06:00,0.000000,P,,0,,NOAA,2013-08-08T07:41:24.4230000-06:00,in
37,USC00051772,Snow,1991-07-19T00:00:00.0000000-06:00,0.000000,P,,0,,NOAA,2013-08-08T07:41:24.4230000-06:00,in
37,USC00051772,Snow,1991-07-20T00:00:00.0000000-06:00,0.000000,P,,0,,NOAA,2013-08-08T07:41:24.4230000-06:00,in
37,USC00051772,Snow,1991-07-21T00:00:00.0000000-06:00,0.000000,P,,0,,NOAA,2013-08-08T07:41:24.4230000-06:00,in
37,USC00051772,Snow,1991-07-22T00:00:00.0000000-06:00,0.000000,P,,0,,NOAA,2013-08-08T07:41:24.4230000-06:00,in
37,USC00051772,Snow,1991-07-23T00:00:00.0000000-06:00,0.000000,P,,0,,NOAA,2013-08-08T07:41:24.4230000-06:00,in
37,USC00051772,Snow,1991-07-24T00:00:00.0000000-06:00,0.000000,P,,0,,NOAA,2013-08-08T07:41:24.4230000-06:00,in
37,USC00051772,Snow,1991-07-25T00:00:00.0000000-06:00,0.000000,P,,0,,NOAA,2013-08-08T07:41:24.4230000-06:00,in
37,USC00051772,Snow,1991-07-26T00:00:00.0000000-06:00,0.000000,P,,0,,NOAA,2013-08-08T07:41:24.4230000-06:00,in
37,USC00051772,Snow,1991-07-27T00:00:00.0000000-06:00,0.000000,P,,0,,NOAA,2013-08-08T07:41:24.4230000-06:00,in
37,USC00051772,Snow,1991-07-28T00:00:00.0000000-06:00,0.000000,P,,0,,NOAA,2013-08-08T07:41:24.4230000-06:00,in
37,USC00051772,Snow,1991-07-29T00:00:00.0000000-06:00,0.000000,P,,0,,NOAA,2013-08-08T07:41:24.4230000-06:00,in
37,USC00051772,Snow,1991-07-30T00:00:00.0000000-06:00,0.000000,P,,0,,NOAA,2013-08-08T07:41:24.4230000-06:00,in
37,USC00051772,Snow,1991-07-31T00:00:00.0000000-06:00,0.000000,P,,0,,NOAA,2013-08-08T07:41:24.4230000-06:00,in
37,USC00051772,Snow,1991-08-01T00:00:00.0000000-06:00,0.000000,P,,0,,NOAA,2013-08-08T07:41:24.4230000-06:00,in
37,USC00051772,Snow,1991-08-02T00:00:00.0000000-06:00,0.000000,P,,0,,NOAA,2013-08-08T07:41:24.4230000-06:00,in
37,USC00051772,Snow,1991-08-03T00:00:00.0000000-06:00,0.000000,P,,0,,NOAA,2013-08-08T07:41:24.4230000-06:00,in
37,USC00051772,Snow,1991-08-04T00:00:00.0000000-06:00,0.000000,P,,0,,NOAA,2013-08-08T07:41:24.4230000-06:00,in
37,USC00051772,Snow,1991-08-05T00:00:00.0000000-06:00,0.000000,P,,0,,NOAA,2013-08-08T07:41:24.4230000-06:00,in
37,USC00051772,Snow,1991-08-06T00:00:00.0000000-06:00,0.000000,P,,0,,NOAA,2013-08-08T07:41:24.4230000-06:00,in
37,USC00051772,Snow,1991-08-07T00:00:00.0000000-06:00,0.000000,P,,0,,NOAA,2013-08-08T07:41:24.4230000-06:00,in
37,USC00051772,Snow,1991-08-08T00:00:00.0000000-06:00,0.000000,P,,0,,NOAA,2013-08-08T07:41:24.4230000-06:00,in
37,USC00051772,Snow,1991-08-09T00:00:00.0000000-06:00,0.000000,P,,0,,NOAA,2013-08-08T07:41:24.4230000-06:00,in
37,USC00051772,Snow,1991-08-10T00:00:00.0000000-06:00,0.000000,P,,0,,NOAA,2013-08-08T07:41:24.4230000-06:00,in
37,USC00051772,Snow,1991-08-11T00:00:00.0000000-06:00,0.000000,P,,0,,NOAA,2013-08-08T07:41:24.4230000-06:00,in
37,USC00051772,Snow,1991-08-12T00:00:00.0000000-06:00,0.000000,P,,0,,NOAA,2013-08-08T07:41:24.4230000-06:00,in
37,USC00051772,Snow,1991-08-13T00:00:00.0000000-06:00,0.000000,P,,0,,NOAA,2013-08-08T07:41:24.4230000-06:00,in
37,USC00051772,Snow,1991-08-14T00:00:00.0000000-06:00,0.000000,P,,0,,NOAA,2013-08-08T07:41:24.4230000-06:00,in
37,USC00051772,Snow,1991-08-15T00:00:00.0000000-06:00,0.000000,P,,0,,NOAA,2013-08-08T07:41:24.4230000-06:00,in
37,USC00051772,Snow,1991-08-16T00:00:00.0000000-06:00,0.000000,P,,0,,NOAA,2013-08-08T07:41:24.4230000-06:00,in
37,USC00051772,Snow,1991-08-17T00:00:00.0000000-06:00,0.000000,P,,0,,NOAA,2013-08-08T07:41:24.4230000-06:00,in
37,USC00051772,Snow,1991-08-18T00:00:00.0000000-06:00,0.000000,P,,0,,NOAA,2013-08-08T07:41:24.4230000-06:00,in
37,USC00051772,Snow,1991-08-19T00:00:00.0000000-06:00,0.000000,P,,0,,NOAA,2013-08-08T07:41:24.4230000-06:00,in
37,USC00051772,Snow,1991-08-20T00:00:00.0000000-06:00,0.000000,P,,0,,NOAA,2013-08-08T07:41:24.4230000-06:00,in
37,USC00051772,Snow,1991-08-21T00:00:00.0000000-06:00,0.000000,P,,0,,NOAA,2013-08-08T07:41:24.4230000-06:00,in
37,USC00051772,Snow,1991-08-22T00:00:00.0000000-06:00,0.000000,P,,0,,NOAA,2013-08-08T07:41:24.4230000-06:00,in
37,USC00051772,Snow,1991-08-23T00:00:00.0000000-06:00,0.000000,P,,0,,NOAA,2013-08-08T07:41:24.4230000-06:00,in
37,USC00051772,Snow,1991-08-24T00:00:00.0000000-06:00,0.000000,P,,0,,NOAA,2013-08-08T07:41:24.4230000-06:00,in
37,USC00051772,Snow,1991-08-25T00:00:00.0000000-06:00,0.000000,P,,0,,NOAA,2013-08-08T07:41:24.4230000-06:00,in
37,USC00051772,Snow,1991-08-26T00:00:00.0000000-06:00,0.000000,P,,0,,NOAA,2013-08-08T07:41:24.4230000-06:00,in
37,USC00051772,Snow,1991-08-27T00:00:00.0000000-06:00,0.000000,P,,0,,NOAA,2013-08-08T07:41:24.4230000-06:00,in
37,USC00051772,Snow,1991-08-28T00:00:00.0000000-06:00,0.000000,P,,0,,NOAA,2013-08-08T07:41:24.4230000-06:00,in
37,USC00051772,Snow,1991-08-29T00:00:00.0000000-06:00,0.000000,P,,0,,NOAA,2013-08-08T07:41:24.4230000-06:00,in
37,USC00051772,Snow,1991-08-30T00:00:00.0000000-06:00,0.000000,P,,0,,NOAA,2013-08-08T07:41:24.4230000-06:00,in
37,USC00051772,Snow,1991-08-31T00:00:00.0000000-06:00,0.000000,P,,0,,NOAA,2013-08-08T07:41:24.4230000-06:00,in
37,USC00051772,Snow,1991-09-01T00:00:00.0000000-06:00,0.000000,P,,0,,NOAA,2013-08-08T07:41:24.4230000-06:00,in
37,USC00051772,Snow,1991-09-02T00:00:00.0000000-06:00,0.000000,P,,0,,NOAA,2013-08-08T07:41:24.4230000-06:00,in
37,USC00051772,Snow,1991-09-03T00:00:00.0000000-06:00,0.000000,P,,0,,NOAA,2013-08-08T07:41:24.4230000-06:00,in
37,USC00051772,Snow,1991-09-04T00:00:00.0000000-06:00,0.000000,P,,0,,NOAA,2013-08-08T07:41:24.4230000-06:00,in
37,USC00051772,Snow,1991-09-05T00:00:00.0000000-06:00,0.000000,P,,0,,NOAA,2013-08-08T07:41:24.4230000-06:00,in
37,USC00051772,Snow,1991-09-06T00:00:00.0000000-06:00,0.000000,P,,0,,NOAA,2013-08-08T07:41:24.4230000-06:00,in
37,USC00051772,Snow,1991-09-07T00:00:00.0000000-06:00,0.000000,P,,0,,NOAA,2013-08-08T07:41:24.4230000-06:00,in
37,USC00051772,Snow,1991-09-08T00:00:00.0000000-06:00,0.000000,P,,0,,NOAA,2013-08-08T07:41:24.4230000-06:00,in
37,USC00051772,Snow,1991-09-09T00:00:00.0000000-06:00,0.000000,P,,0,,NOAA,2013-08-08T07:41:24.4230000-06:00,in
37,USC00051772,Snow,1991-09-10T00:00:00.0000000-06:00,0.000000,P,,0,,NOAA,2013-08-08T07:41:24.4230000-06:00,in
37,USC00051772,Snow,1991-09-11T00:00:00.0000000-06:00,0.000000,P,,0,,NOAA,2013-08-08T07:41:24.4230000-06:00,in
37,USC00051772,Snow,1991-09-12T00:00:00.0000000-06:00,0.000000,P,,0,,NOAA,2013-08-08T07:41:24.4230000-06:00,in
37,USC00051772,Snow,1991-09-13T00:00:00.0000000-06:00,0.000000,P,,0,,NOAA,2013-08-08T07:41:24.4230000-06:00,in
37,USC00051772,Snow,1991-09-14T00:00:00.0000000-06:00,0.000000,P,,0,,NOAA,2013-08-08T07:41:24.4230000-06:00,in
37,USC00051772,Snow,1991-09-15T00:00:00.0000000-06:00,0.000000,P,,0,,NOAA,2013-08-08T07:41:24.4230000-06:00,in
37,USC00051772,Snow,1991-09-16T00:00:00.0000000-06:00,0.000000,P,,0,,NOAA,2013-08-08T07:41:24.4230000-06:00,in
37,USC00051772,Snow,1991-09-17T00:00:00.0000000-06:00,0.000000,P,,0,,NOAA,2013-08-08T07:41:24.4230000-06:00,in
37,USC00051772,Snow,1991-09-18T00:00:00.0000000-06:00,0.000000,P,,0,,NOAA,2013-08-08T07:41:24.4230000-06:00,in
37,USC00051772,Snow,1991-09-19T00:00:00.0000000-06:00,0.000000,P,,0,,NOAA,2013-08-08T07:41:24.4230000-06:00,in
37,USC00051772,Snow,1991-09-20T00:00:00.0000000-06:00,0.000000,P,,0,,NOAA,2013-08-08T07:41:24.4230000-06:00,in
37,USC00051772,Snow,1991-09-21T00:00:00.0000000-06:00,0.000000,P,,0,,NOAA,2013-08-08T07:41:24.4230000-06:00,in
37,USC00051772,Snow,1991-09-22T00:00:00.0000000-06:00,0.000000,P,,0,,NOAA,2013-08-08T07:41:24.4230000-06:00,in
37,USC00051772,Snow,1991-09-23T00:00:00.0000000-06:00,0.000000,P,,0,,NOAA,2013-08-08T07:41:24.4230000-06:00,in
37,USC00051772,Snow,1991-09-24T00:00:00.0000000-06:00,0.000000,P,,0,,NOAA,2013-08-08T07:41:24.4230000-06:00,in
37,USC00051772,Snow,1991-09-25T00:00:00.0000000-06:00,0.000000,P,,0,,NOAA,2013-08-08T07:41:24.4230000-06:00,in
37,USC00051772,Snow,1991-09-26T00:00:00.0000000-06:00,0.000000,P,,0,,NOAA,2013-08-08T07:41:24.4230000-06:00,in
37,USC00051772,Snow,1991-09-27T00:00:00.0000000-06:00,0.000000,P,,0,,NOAA,2013-08-08T07:41:24.4230000-06:00,in
37,USC00051772,Snow,1991-09-28T00:00:00.0000000-06:00,0.000000,P,,0,,NOAA,2013-08-08T07:41:24.4230000-06:00,in
37,USC00051772,Snow,1991-09-29T00:00:00.0000000-06:00,0.000000,P,,0,,NOAA,2013-08-08T07:41:24.4230000-06:00,in
37,USC00051772,Snow,1991-09-30T00:00:00.0000000-06:00,0.000000,P,,0,,NOAA,2013-08-08T07:41:24.4230000-06:00,in
37,USC00051772,Snow,1991-10-01T00:00:00.0000000-06:00,0.000000,P,,0,,NOAA,2013-08-08T07:41:24.4230000-06:00,in
37,USC00051772,Snow,1991-10-02T00:00:00.0000000-06:00,0.000000,P,,0,,NOAA,2013-08-08T07:41:24.4230000-06:00,in
37,USC00051772,Snow,1991-10-03T00:00:00.0000000-06:00,0.000000,P,,0,,NOAA,2013-08-08T07:41:24.4230000-06:00,in
37,USC00051772,Snow,1991-10-04T00:00:00.0000000-06:00,0.000000,P,,0,,NOAA,2013-08-08T07:41:24.4230000-06:00,in
37,USC00051772,Snow,1991-10-05T00:00:00.0000000-06:00,0.000000,P,,0,,NOAA,2013-08-08T07:41:24.4230000-06:00,in
37,USC00051772,Snow,1991-10-06T00:00:00.0000000-06:00,0.000000,P,,0,,NOAA,2013-08-08T07:41:24.4230000-06:00,in
37,USC00051772,Snow,1991-10-07T00:00:00.0000000-06:00,0.000000,P,,0,,NOAA,2013-08-08T07:41:24.4230000-06:00,in
37,USC00051772,Snow,1991-10-08T00:00:00.0000000-06:00,0.000000,P,,0,,NOAA,2013-08-08T07:41:24.4230000-06:00,in
37,USC00051772,Snow,1991-10-09T00:00:00.0000000-06:00,0.000000,P,,0,,NOAA,2013-08-08T07:41:24.4230000-06:00,in
37,USC00051772,Snow,1991-10-10T00:00:00.0000000-06:00,0.000000,P,,0,,NOAA,2013-08-08T07:41:24.4230000-06:00,in
37,USC00051772,Snow,1991-10-11T00:00:00.0000000-06:00,0.000000,P,,0,,NOAA,2013-08-08T07:41:24.4230000-06:00,in
37,USC00051772,Snow,1991-10-12T00:00:00.0000000-06:00,0.000000,P,,0,,NOAA,2013-08-08T07:41:24.4230000-06:00,in
37,USC00051772,Snow,1991-10-13T00:00:00.0000000-06:00,0.000000,P,,0,,NOAA,2013-08-08T07:41:24.4230000-06:00,in
37,USC00051772,Snow,1991-10-14T00:00:00.0000000-06:00,0.000000,P,,0,,NOAA,2013-08-08T07:41:24.4230000-06:00,in
37,USC00051772,Snow,1991-10-15T00:00:00.0000000-06:00,0.000000,P,,0,,NOAA,2013-08-08T07:41:24.4230000-06:00,in
37,USC00051772,Snow,1991-10-16T00:00:00.0000000-06:00,0.000000,P,,0,,NOAA,2013-08-08T07:41:24.4230000-06:00,in
37,USC00051772,Snow,1991-10-17T00:00:00.0000000-06:00,0.000000,P,,0,,NOAA,2013-08-08T07:41:24.4230000-06:00,in
37,USC00051772,Snow,1991-10-18T00:00:00.0000000-06:00,0.000000,P,,0,,NOAA,2013-08-08T07:41:24.4230000-06:00,in
37,USC00051772,Snow,1991-10-19T00:00:00.0000000-06:00,0.000000,P,,0,,NOAA,2013-08-08T07:41:24.4230000-06:00,in
37,USC00051772,Snow,1991-10-20T00:00:00.0000000-06:00,0.000000,P,,0,,NOAA,2013-08-08T07:41:24.4230000-06:00,in
37,USC00051772,Snow,1991-10-21T00:00:00.0000000-06:00,0.000000,P,,0,,NOAA,2013-08-08T07:41:24.4230000-06:00,in
37,USC00051772,Snow,1991-10-22T00:00:00.0000000-06:00,0.000000,P,,0,,NOAA,2013-08-08T07:41:24.4230000-06:00,in
37,USC00051772,Snow,1991-10-23T00:00:00.0000000-06:00,0.000000,P,,0,,NOAA,2013-08-08T07:41:24.4230000-06:00,in
37,USC00051772,Snow,1991-10-24T00:00:00.0000000-06:00,0.000000,P,,0,,NOAA,2013-08-08T07:41:24.4230000-06:00,in
37,USC00051772,Snow,1991-10-25T00:00:00.0000000-06:00,0.000000,P,,0,,NOAA,2013-08-08T07:41:24.4230000-06:00,in
37,USC00051772,Snow,1991-10-26T00:00:00.0000000-06:00,0.000000,P,,0,,NOAA,2013-08-08T07:41:24.4230000-06:00,in
37,USC00051772,Snow,1991-10-27T00:00:00.0000000-06:00,0.000000,P,,0,,NOAA,2013-08-08T07:41:24.4230000-06:00,in
37,USC00051772,Snow,1991-10-28T00:00:00.0000000-07:00,3.503937,,,0,,NOAA,2013-08-08T07:41:24.4230000-06:00,in
37,USC00051772,Snow,1991-10-29T00:00:00.0000000-07:00,0.000000,P,,0,,NOAA,2013-08-08T07:41:24.4230000-06:00,in
37,USC00051772,Snow,1991-10-30T00:00:00.0000000-07:00,2.992126,,,0,,NOAA,2013-08-08T07:41:24.4230000-06:00,in
37,USC00051772,Snow,1991-10-31T00:00:00.0000000-07:00,0.000000,P,,0,,NOAA,2013-08-08T07:41:24.4230000-06:00,in
37,USC00051772,Snow,1991-11-01T00:00:00.0000000-07:00,0.000000,P,,0,,NOAA,2013-08-08T07:41:24.4230000-06:00,in
37,USC00051772,Snow,1991-11-02T00:00:00.0000000-07:00,2.007874,,,0,,NOAA,2013-08-08T07:41:24.4230000-06:00,in
37,USC00051772,Snow,1991-11-03T00:00:00.0000000-07:00,0.000000,P,,0,,NOAA,2013-08-08T07:41:24.4230000-06:00,in
37,USC00051772,Snow,1991-11-04T00:00:00.0000000-07:00,0.000000,P,,0,,NOAA,2013-08-08T07:41:24.4230000-06:00,in
37,USC00051772,Snow,1991-11-05T00:00:00.0000000-07:00,0.000000,P,,0,,NOAA,2013-08-08T07:41:24.4230000-06:00,in
37,USC00051772,Snow,1991-11-06T00:00:00.0000000-07:00,0.000000,P,,0,,NOAA,2013-08-08T07:41:24.4230000-06:00,in
37,USC00051772,Snow,1991-11-07T00:00:00.0000000-07:00,0.000000,P,,0,,NOAA,2013-08-08T07:41:24.4230000-06:00,in
37,USC00051772,Snow,1991-11-08T00:00:00.0000000-07:00,0.000000,P,,0,,NOAA,2013-08-08T07:41:24.4230000-06:00,in
37,USC00051772,Snow,1991-11-09T00:00:00.0000000-07:00,0.000000,P,,0,,NOAA,2013-08-08T07:41:24.4230000-06:00,in
37,USC00051772,Snow,1991-11-10T00:00:00.0000000-07:00,0.000000,P,,0,,NOAA,2013-08-08T07:41:24.4230000-06:00,in
37,USC00051772,Snow,1991-11-11T00:00:00.0000000-07:00,0.000000,P,,0,,NOAA,2013-08-08T07:41:24.4230000-06:00,in
37,USC00051772,Snow,1991-11-12T00:00:00.0000000-07:00,0.000000,P,,0,,NOAA,2013-08-08T07:41:24.4230000-06:00,in
37,USC00051772,Snow,1991-11-13T00:00:00.0000000-07:00,0.000000,P,,0,,NOAA,2013-08-08T07:41:24.4230000-06:00,in
37,USC00051772,Snow,1991-11-14T00:00:00.0000000-07:00,0.000000,P,,0,,NOAA,2013-08-08T07:41:24.4230000-06:00,in
37,USC00051772,Snow,1991-11-15T00:00:00.0000000-07:00,5.000000,,,0,,NOAA,2013-08-08T07:41:24.4230000-06:00,in
37,USC00051772,Snow,1991-11-16T00:00:00.0000000-07:00,2.007874,,,0,,NOAA,2013-08-08T07:41:24.4230000-06:00,in
37,USC00051772,Snow,1991-11-17T00:00:00.0000000-07:00,0.000000,P,,0,,NOAA,2013-08-08T07:41:24.4230000-06:00,in
37,USC00051772,Snow,1991-11-18T00:00:00.0000000-07:00,0.000000,P,,0,,NOAA,2013-08-08T07:41:24.4230000-06:00,in
37,USC00051772,Snow,1991-11-19T00:00:00.0000000-07:00,0.000000,P,,0,,NOAA,2013-08-08T07:41:24.4230000-06:00,in
37,USC00051772,Snow,1991-11-20T00:00:00.0000000-07:00,0.000000,P,,0,,NOAA,2013-08-08T07:41:24.4230000-06:00,in
37,USC00051772,Snow,1991-11-21T00:00:00.0000000-07:00,0.000000,P,,0,,NOAA,2013-08-08T07:41:24.4230000-06:00,in
37,USC00051772,Snow,1991-11-22T00:00:00.0000000-07:00,0.314961,,,0,,NOAA,2013-08-08T07:41:24.4230000-06:00,in
37,USC00051772,Snow,1991-11-23T00:00:00.0000000-07:00,0.511811,,,0,,NOAA,2013-08-08T07:41:24.4230000-06:00,in
37,USC00051772,Snow,1991-11-24T00:00:00.0000000-07:00,0.000000,P,,0,,NOAA,2013-08-08T07:41:24.4230000-06:00,in
37,USC00051772,Snow,1991-11-25T00:00:00.0000000-07:00,0.000000,P,,0,,NOAA,2013-08-08T07:41:24.4230000-06:00,in
37,USC00051772,Snow,1991-11-26T00:00:00.0000000-07:00,0.000000,P,,0,,NOAA,2013-08-08T07:41:24.4230000-06:00,in
37,USC00051772,Snow,1991-11-27T00:00:00.0000000-07:00,0.000000,P,,0,,NOAA,2013-08-08T07:41:24.4230000-06:00,in
37,USC00051772,Snow,1991-11-28T00:00:00.0000000-07:00,0.000000,P,,0,,NOAA,2013-08-08T07:41:24.4230000-06:00,in
37,USC00051772,Snow,1991-11-29T00:00:00.0000000-07:00,0.000000,P,,0,,NOAA,2013-08-08T07:41:24.4230000-06:00,in
37,USC00051772,Snow,1991-11-30T00:00:00.0000000-07:00,0.787402,,,0,,NOAA,2013-08-08T07:41:24.4230000-06:00,in
37,USC00051772,Snow,1991-12-01T00:00:00.0000000-07:00,0.000000,P,,0,,NOAA,2013-08-08T07:41:24.4230000-06:00,in
37,USC00051772,Snow,1991-12-02T00:00:00.0000000-07:00,0.000000,T,,0,,NOAA,2013-08-08T07:41:24.4230000-06:00,in
37,USC00051772,Snow,1991-12-03T00:00:00.0000000-07:00,0.000000,P,,0,,NOAA,2013-08-08T07:41:24.4230000-06:00,in
37,USC00051772,Snow,1991-12-04T00:00:00.0000000-07:00,0.000000,P,,0,,NOAA,2013-08-08T07:41:24.4230000-06:00,in
37,USC00051772,Snow,1991-12-05T00:00:00.0000000-07:00,0.000000,P,,0,,NOAA,2013-08-08T07:41:24.4230000-06:00,in
37,USC00051772,Snow,1991-12-06T00:00:00.0000000-07:00,0.000000,P,,0,,NOAA,2013-08-08T07:41:24.4230000-06:00,in
37,USC00051772,Snow,1991-12-07T00:00:00.0000000-07:00,0.000000,P,,0,,NOAA,2013-08-08T07:41:24.4230000-06:00,in
37,USC00051772,Snow,1991-12-08T00:00:00.0000000-07:00,0.000000,P,,0,,NOAA,2013-08-08T07:41:24.4230000-06:00,in
37,USC00051772,Snow,1991-12-09T00:00:00.0000000-07:00,0.000000,P,,0,,NOAA,2013-08-08T07:41:24.4230000-06:00,in
37,USC00051772,Snow,1991-12-10T00:00:00.0000000-07:00,0.000000,P,,0,,NOAA,2013-08-08T07:41:24.4230000-06:00,in
37,USC00051772,Snow,1991-12-11T00:00:00.0000000-07:00,2.007874,,,0,,NOAA,2013-08-08T07:41:24.4230000-06:00,in
37,USC00051772,Snow,1991-12-12T00:00:00.0000000-07:00,0.000000,T,,0,,NOAA,2013-08-08T07:41:24.4230000-06:00,in
37,USC00051772,Snow,1991-12-13T00:00:00.0000000-07:00,0.000000,P,,0,,NOAA,2013-08-08T07:41:24.4230000-06:00,in
37,USC00051772,Snow,1991-12-14T00:00:00.0000000-07:00,0.000000,P,,0,,NOAA,2013-08-08T07:41:24.4230000-06:00,in
37,USC00051772,Snow,1991-12-15T00:00:00.0000000-07:00,0.000000,P,,0,,NOAA,2013-08-08T07:41:24.4230000-06:00,in
37,USC00051772,Snow,1991-12-16T00:00:00.0000000-07:00,0.000000,P,,0,,NOAA,2013-08-08T07:41:24.4230000-06:00,in
37,USC00051772,Snow,1991-12-17T00:00:00.0000000-07:00,0.000000,P,,0,,NOAA,2013-08-08T07:41:24.4230000-06:00,in
37,USC00051772,Snow,1991-12-18T00:00:00.0000000-07:00,0.000000,P,,0,,NOAA,2013-08-08T07:41:24.4230000-06:00,in
37,USC00051772,Snow,1991-12-19T00:00:00.0000000-07:00,5.000000,,,0,,NOAA,2013-08-08T07:41:24.4230000-06:00,in
37,USC00051772,Snow,1991-12-20T00:00:00.0000000-07:00,0.511811,,,0,,NOAA,2013-08-08T07:41:24.4230000-06:00,in
37,USC00051772,Snow,1991-12-21T00:00:00.0000000-07:00,0.000000,P,,0,,NOAA,2013-08-08T07:41:24.4230000-06:00,in
37,USC00051772,Snow,1991-12-22T00:00:00.0000000-07:00,0.000000,P,,0,,NOAA,2013-08-08T07:41:24.4230000-06:00,in
37,USC00051772,Snow,1991-12-23T00:00:00.0000000-07:00,0.000000,P,,0,,NOAA,2013-08-08T07:41:24.4230000-06:00,in
37,USC00051772,Snow,1991-12-24T00:00:00.0000000-07:00,0.000000,P,,0,,NOAA,2013-08-08T07:41:24.4230000-06:00,in
37,USC00051772,Snow,1991-12-25T00:00:00.0000000-07:00,0.000000,P,,0,,NOAA,2013-08-08T07:41:24.4230000-06:00,in
37,USC00051772,Snow,1991-12-26T00:00:00.0000000-07:00,0.000000,P,,0,,NOAA,2013-08-08T07:41:24.4230000-06:00,in
37,USC00051772,Snow,1991-12-27T00:00:00.0000000-07:00,0.000000,P,,0,,NOAA,2013-08-08T07:41:24.4230000-06:00,in
37,USC00051772,Snow,1991-12-28T00:00:00.0000000-07:00,0.000000,P,,0,,NOAA,2013-08-08T07:41:24.4230000-06:00,in
37,USC00051772,Snow,1991-12-29T00:00:00.0000000-07:00,0.000000,T,,0,,NOAA,2013-08-08T07:41:24.4230000-06:00,in
37,USC00051772,Snow,1991-12-30T00:00:00.0000000-07:00,0.000000,T,,0,,NOAA,2013-08-08T07:41:24.4230000-06:00,in
37,USC00051772,Snow,1991-12-31T00:00:00.0000000-07:00,2.007874,,,0,,NOAA,2013-08-08T07:41:24.4230000-06:00,in
37,USC00051772,Snow,1992-01-01T00:00:00.0000000-07:00,0.984252,,,0,,NOAA,2013-08-08T07:41:24.4230000-06:00,in
37,USC00051772,Snow,1992-01-02T00:00:00.0000000-07:00,0.000000,P,,0,,NOAA,2013-08-08T07:41:24.4230000-06:00,in
37,USC00051772,Snow,1992-01-03T00:00:00.0000000-07:00,0.000000,P,,0,,NOAA,2013-08-08T07:41:24.4230000-06:00,in
37,USC00051772,Snow,1992-01-04T00:00:00.0000000-07:00,0.984252,,,0,,NOAA,2013-08-08T07:41:24.4230000-06:00,in
37,USC00051772,Snow,1992-01-05T00:00:00.0000000-07:00,0.000000,T,,0,,NOAA,2013-08-08T07:41:24.4230000-06:00,in
37,USC00051772,Snow,1992-01-06T00:00:00.0000000-07:00,0.000000,P,,0,,NOAA,2013-08-08T07:41:24.4230000-06:00,in
37,USC00051772,Snow,1992-01-07T00:00:00.0000000-07:00,1.496063,,,0,,NOAA,2013-08-08T07:41:24.4230000-06:00,in
37,USC00051772,Snow,1992-01-08T00:00:00.0000000-07:00,0.196850,,,0,,NOAA,2013-08-08T07:41:24.4230000-06:00,in
37,USC00051772,Snow,1992-01-09T00:00:00.0000000-07:00,0.000000,P,,0,,NOAA,2013-08-08T07:41:24.4230000-06:00,in
37,USC00051772,Snow,1992-01-10T00:00:00.0000000-07:00,0.000000,P,,0,,NOAA,2013-08-08T07:41:24.4230000-06:00,in
37,USC00051772,Snow,1992-01-11T00:00:00.0000000-07:00,0.000000,P,,0,,NOAA,2013-08-08T07:41:24.4230000-06:00,in
37,USC00051772,Snow,1992-01-12T00:00:00.0000000-07:00,0.000000,T,,0,,NOAA,2013-08-08T07:41:24.4230000-06:00,in
37,USC00051772,Snow,1992-01-13T00:00:00.0000000-07:00,0.000000,P,,0,,NOAA,2013-08-08T07:41:24.4230000-06:00,in
37,USC00051772,Snow,1992-01-14T00:00:00.0000000-07:00,0.511811,,,0,,NOAA,2013-08-08T07:41:24.4230000-06:00,in
37,USC00051772,Snow,1992-01-15T00:00:00.0000000-07:00,0.511811,,,0,,NOAA,2013-08-08T07:41:24.4230000-06:00,in
37,USC00051772,Snow,1992-01-16T00:00:00.0000000-07:00,0.000000,P,,0,,NOAA,2013-08-08T07:41:24.4230000-06:00,in
37,USC00051772,Snow,1992-01-17T00:00:00.0000000-07:00,0.000000,P,,0,,NOAA,2013-08-08T07:41:24.4230000-06:00,in
37,USC00051772,Snow,1992-01-18T00:00:00.0000000-07:00,0.000000,P,,0,,NOAA,2013-08-08T07:41:24.4230000-06:00,in
37,USC00051772,Snow,1992-01-19T00:00:00.0000000-07:00,0.000000,P,,0,,NOAA,2013-08-08T07:41:24.4230000-06:00,in
37,USC00051772,Snow,1992-01-20T00:00:00.0000000-07:00,0.000000,P,,0,,NOAA,2013-08-08T07:41:24.4230000-06:00,in
37,USC00051772,Snow,1992-01-21T00:00:00.0000000-07:00,0.000000,P,,0,,NOAA,2013-08-08T07:41:24.4230000-06:00,in
37,USC00051772,Snow,1992-01-22T00:00:00.0000000-07:00,0.000000,P,,0,,NOAA,2013-08-08T07:41:24.4230000-06:00,in
37,USC00051772,Snow,1992-01-23T00:00:00.0000000-07:00,0.000000,P,,0,,NOAA,2013-08-08T07:41:24.4230000-06:00,in
37,USC00051772,Snow,1992-01-24T00:00:00.0000000-07:00,0.000000,P,,0,,NOAA,2013-08-08T07:41:24.4230000-06:00,in
37,USC00051772,Snow,1992-01-25T00:00:00.0000000-07:00,0.000000,P,,0,,NOAA,2013-08-08T07:41:24.4230000-06:00,in
37,USC00051772,Snow,1992-01-26T00:00:00.0000000-07:00,0.000000,P,,0,,NOAA,2013-08-08T07:41:24.4230000-06:00,in
37,USC00051772,Snow,1992-01-27T00:00:00.0000000-07:00,0.000000,P,,0,,NOAA,2013-08-08T07:41:24.4230000-06:00,in
37,USC00051772,Snow,1992-01-28T00:00:00.0000000-07:00,0.000000,P,,0,,NOAA,2013-08-08T07:41:24.4230000-06:00,in
37,USC00051772,Snow,1992-01-29T00:00:00.0000000-07:00,0.000000,P,,0,,NOAA,2013-08-08T07:41:24.4230000-06:00,in
37,USC00051772,Snow,1992-01-30T00:00:00.0000000-07:00,0.000000,P,,0,,NOAA,2013-08-08T07:41:24.4230000-06:00,in
37,USC00051772,Snow,1992-01-31T00:00:00.0000000-07:00,0.000000,P,,0,,NOAA,2013-08-08T07:41:24.4230000-06:00,in
37,USC00051772,Snow,1992-02-01T00:00:00.0000000-07:00,0.000000,P,,0,,NOAA,2013-08-08T07:41:24.4230000-06:00,in
37,USC00051772,Snow,1992-02-02T00:00:00.0000000-07:00,0.000000,P,,0,,NOAA,2013-08-08T07:41:24.4230000-06:00,in
37,USC00051772,Snow,1992-02-03T00:00:00.0000000-07:00,0.000000,P,,0,,NOAA,2013-08-08T07:41:24.4230000-06:00,in
37,USC00051772,Snow,1992-02-04T00:00:00.0000000-07:00,0.000000,P,,0,,NOAA,2013-08-08T07:41:24.4230000-06:00,in
37,USC00051772,Snow,1992-02-05T00:00:00.0000000-07:00,0.000000,P,,0,,NOAA,2013-08-08T07:41:24.4230000-06:00,in
37,USC00051772,Snow,1992-02-06T00:00:00.0000000-07:00,0.000000,P,,0,,NOAA,2013-08-08T07:41:24.4230000-06:00,in
37,USC00051772,Snow,1992-02-07T00:00:00.0000000-07:00,0.000000,P,,0,,NOAA,2013-08-08T07:41:24.4230000-06:00,in
37,USC00051772,Snow,1992-02-08T00:00:00.0000000-07:00,0.000000,P,,0,,NOAA,2013-08-08T07:41:24.4230000-06:00,in
37,USC00051772,Snow,1992-02-09T00:00:00.0000000-07:00,0.000000,T,,0,,NOAA,2013-08-08T07:41:24.4230000-06:00,in
37,USC00051772,Snow,1992-02-10T00:00:00.0000000-07:00,0.000000,T,,0,,NOAA,2013-08-08T07:41:24.4230000-06:00,in
37,USC00051772,Snow,1992-02-11T00:00:00.0000000-07:00,0.000000,T,,0,,NOAA,2013-08-08T07:41:24.4230000-06:00,in
37,USC00051772,Snow,1992-02-13T00:00:00.0000000-07:00,0.000000,P,,0,,NOAA,2013-08-08T07:41:24.4230000-06:00,in
37,USC00051772,Snow,1992-02-15T00:00:00.0000000-07:00,0.000000,P,,0,,NOAA,2013-08-08T07:41:24.4230000-06:00,in
37,USC00051772,Snow,1992-02-16T00:00:00.0000000-07:00,0.000000,P,,0,,NOAA,2013-08-08T07:41:24.4230000-06:00,in
37,USC00051772,Snow,1992-02-17T00:00:00.0000000-07:00,0.984252,,,0,,NOAA,2013-08-08T07:41:24.4230000-06:00,in
37,USC00051772,Snow,1992-02-18T00:00:00.0000000-07:00,0.000000,P,,0,,NOAA,2013-08-08T07:41:24.4230000-06:00,in
37,USC00051772,Snow,1992-02-19T00:00:00.0000000-07:00,0.000000,P,,0,,NOAA,2013-08-08T07:41:24.4230000-06:00,in
37,USC00051772,Snow,1992-02-20T00:00:00.0000000-07:00,0.000000,P,,0,,NOAA,2013-08-08T07:41:24.4230000-06:00,in
37,USC00051772,Snow,1992-02-21T00:00:00.0000000-07:00,0.000000,,,0,,NOAA,2013-08-08T07:41:24.4230000-06:00,in
37,USC00051772,Snow,1992-02-22T00:00:00.0000000-07:00,0.000000,,,0,,NOAA,2013-08-08T07:41:24.4230000-06:00,in
37,USC00051772,Snow,1992-02-23T00:00:00.0000000-07:00,0.000000,T,,0,,NOAA,2013-08-08T07:41:24.4230000-06:00,in
37,USC00051772,Snow,1992-02-24T00:00:00.0000000-07:00,0.000000,T,,0,,NOAA,2013-08-08T07:41:24.4230000-06:00,in
37,USC00051772,Snow,1992-02-25T00:00:00.0000000-07:00,0.000000,P,,0,,NOAA,2013-08-08T07:41:24.4230000-06:00,in
37,USC00051772,Snow,1992-02-26T00:00:00.0000000-07:00,0.000000,P,,0,,NOAA,2013-08-08T07:41:24.4230000-06:00,in
37,USC00051772,Snow,1992-02-27T00:00:00.0000000-07:00,0.000000,P,,0,,NOAA,2013-08-08T07:41:24.4230000-06:00,in
37,USC00051772,Snow,1992-02-28T00:00:00.0000000-07:00,0.000000,P,,0,,NOAA,2013-08-08T07:41:24.4230000-06:00,in
37,USC00051772,Snow,1992-02-29T00:00:00.0000000-07:00,0.000000,P,,0,,NOAA,2013-08-08T07:41:24.4230000-06:00,in
37,USC00051772,Snow,1992-03-01T00:00:00.0000000-07:00,0.000000,P,,0,,NOAA,2013-08-08T07:41:24.4230000-06:00,in
37,USC00051772,Snow,1992-03-02T00:00:00.0000000-07:00,0.000000,P,,0,,NOAA,2013-08-08T07:41:24.4230000-06:00,in
37,USC00051772,Snow,1992-03-03T00:00:00.0000000-07:00,0.000000,P,,0,,NOAA,2013-08-08T07:41:24.4230000-06:00,in
37,USC00051772,Snow,1992-03-04T00:00:00.0000000-07:00,0.000000,P,,0,,NOAA,2013-08-08T07:41:24.4230000-06:00,in
37,USC00051772,Snow,1992-03-05T00:00:00.0000000-07:00,0.000000,P,,0,,NOAA,2013-08-08T07:41:24.4230000-06:00,in
37,USC00051772,Snow,1992-03-06T00:00:00.0000000-07:00,0.000000,P,,0,,NOAA,2013-08-08T07:41:24.4230000-06:00,in
37,USC00051772,Snow,1992-03-07T00:00:00.0000000-07:00,0.000000,P,,0,,NOAA,2013-08-08T07:41:24.4230000-06:00,in
37,USC00051772,Snow,1992-03-08T00:00:00.0000000-07:00,0.000000,P,,0,,NOAA,2013-08-08T07:41:24.4230000-06:00,in
37,USC00051772,Snow,1992-03-09T00:00:00.0000000-07:00,0.984252,,,0,,NOAA,2013-08-08T07:41:24.4230000-06:00,in
37,USC00051772,Snow,1992-03-10T00:00:00.0000000-07:00,0.000000,P,,0,,NOAA,2013-08-08T07:41:24.4230000-06:00,in
37,USC00051772,Snow,1992-03-11T00:00:00.0000000-07:00,0.000000,P,,0,,NOAA,2013-08-08T07:41:24.4230000-06:00,in
37,USC00051772,Snow,1992-03-12T00:00:00.0000000-07:00,0.000000,P,,0,,NOAA,2013-08-08T07:41:24.4230000-06:00,in
37,USC00051772,Snow,1992-03-13T00:00:00.0000000-07:00,0.000000,P,,0,,NOAA,2013-08-08T07:41:24.4230000-06:00,in
37,USC00051772,Snow,1992-03-14T00:00:00.0000000-07:00,0.000000,P,,0,,NOAA,2013-08-08T07:41:24.4230000-06:00,in
37,USC00051772,Snow,1992-03-15T00:00:00.0000000-07:00,0.000000,P,,0,,NOAA,2013-08-08T07:41:24.4230000-06:00,in
37,USC00051772,Snow,1992-03-16T00:00:00.0000000-07:00,0.000000,P,,0,,NOAA,2013-08-08T07:41:24.4230000-06:00,in
37,USC00051772,Snow,1992-03-17T00:00:00.0000000-07:00,0.000000,P,,0,,NOAA,2013-08-08T07:41:24.4230000-06:00,in
37,USC00051772,Snow,1992-03-18T00:00:00.0000000-07:00,0.000000,T,,0,,NOAA,2013-08-08T07:41:24.4230000-06:00,in
37,USC00051772,Snow,1992-03-19T00:00:00.0000000-07:00,0.000000,P,,0,,NOAA,2013-08-08T07:41:24.4230000-06:00,in
37,USC00051772,Snow,1992-03-20T00:00:00.0000000-07:00,0.000000,P,,0,,NOAA,2013-08-08T07:41:24.4230000-06:00,in
37,USC00051772,Snow,1992-03-21T00:00:00.0000000-07:00,0.000000,P,,0,,NOAA,2013-08-08T07:41:24.4230000-06:00,in
37,USC00051772,Snow,1992-03-22T00:00:00.0000000-07:00,0.000000,P,,0,,NOAA,2013-08-08T07:41:24.4230000-06:00,in
37,USC00051772,Snow,1992-03-23T00:00:00.0000000-07:00,0.000000,P,,0,,NOAA,2013-08-08T07:41:24.4230000-06:00,in
37,USC00051772,Snow,1992-03-24T00:00:00.0000000-07:00,0.000000,P,,0,,NOAA,2013-08-08T07:41:24.4230000-06:00,in
37,USC00051772,Snow,1992-03-25T00:00:00.0000000-07:00,0.000000,P,,0,,NOAA,2013-08-08T07:41:24.4230000-06:00,in
37,USC00051772,Snow,1992-03-26T00:00:00.0000000-07:00,0.000000,P,,0,,NOAA,2013-08-08T07:41:24.4230000-06:00,in
37,USC00051772,Snow,1992-03-27T00:00:00.0000000-07:00,0.000000,P,,0,,NOAA,2013-08-08T07:41:24.4230000-06:00,in
37,USC00051772,Snow,1992-03-28T00:00:00.0000000-07:00,0.000000,P,,0,,NOAA,2013-08-08T07:41:24.4230000-06:00,in
37,USC00051772,Snow,1992-03-29T00:00:00.0000000-07:00,0.000000,P,,0,,NOAA,2013-08-08T07:41:24.4230000-06:00,in
37,USC00051772,Snow,1992-03-30T00:00:00.0000000-07:00,0.000000,P,,0,,NOAA,2013-08-08T07:41:24.4230000-06:00,in
37,USC00051772,Snow,1992-03-31T00:00:00.0000000-07:00,0.000000,P,,0,,NOAA,2013-08-08T07:41:24.4230000-06:00,in
37,USC00051772,Snow,1992-04-01T00:00:00.0000000-07:00,0.000000,P,,0,,NOAA,2013-08-08T07:41:24.4230000-06:00,in
37,USC00051772,Snow,1992-04-02T00:00:00.0000000-07:00,0.000000,P,,0,,NOAA,2013-08-08T07:41:24.4230000-06:00,in
37,USC00051772,Snow,1992-04-03T00:00:00.0000000-07:00,0.000000,P,,0,,NOAA,2013-08-08T07:41:24.4230000-06:00,in
37,USC00051772,Snow,1992-04-04T00:00:00.0000000-07:00,0.000000,P,,0,,NOAA,2013-08-08T07:41:24.4230000-06:00,in
37,USC00051772,Snow,1992-04-05T00:00:00.0000000-07:00,0.000000,P,,0,,NOAA,2013-08-08T07:41:24.4230000-06:00,in
37,USC00051772,Snow,1992-04-06T00:00:00.0000000-06:00,0.000000,P,,0,,NOAA,2013-08-08T07:41:24.4230000-06:00,in
37,USC00051772,Snow,1992-04-07T00:00:00.0000000-06:00,0.000000,P,,0,,NOAA,2013-08-08T07:41:24.4230000-06:00,in
37,USC00051772,Snow,1992-04-08T00:00:00.0000000-06:00,0.000000,P,,0,,NOAA,2013-08-08T07:41:24.4230000-06:00,in
37,USC00051772,Snow,1992-04-09T00:00:00.0000000-06:00,0.000000,P,,0,,NOAA,2013-08-08T07:41:24.4230000-06:00,in
37,USC00051772,Snow,1992-04-10T00:00:00.0000000-06:00,0.000000,P,,0,,NOAA,2013-08-08T07:41:24.4230000-06:00,in
37,USC00051772,Snow,1992-04-11T00:00:00.0000000-06:00,0.000000,P,,0,,NOAA,2013-08-08T07:41:24.4230000-06:00,in
37,USC00051772,Snow,1992-04-12T00:00:00.0000000-06:00,0.000000,P,,0,,NOAA,2013-08-08T07:41:24.4230000-06:00,in
37,USC00051772,Snow,1992-04-13T00:00:00.0000000-06:00,0.000000,P,,0,,NOAA,2013-08-08T07:41:24.4230000-06:00,in
37,USC00051772,Snow,1992-04-14T00:00:00.0000000-06:00,0.000000,P,,0,,NOAA,2013-08-08T07:41:24.4230000-06:00,in
37,USC00051772,Snow,1992-04-15T00:00:00.0000000-06:00,0.000000,P,,0,,NOAA,2013-08-08T07:41:24.4230000-06:00,in
37,USC00051772,Snow,1992-04-16T00:00:00.0000000-06:00,0.000000,P,,0,,NOAA,2013-08-08T07:41:24.4230000-06:00,in
37,USC00051772,Snow,1992-04-17T00:00:00.0000000-06:00,0.000000,P,,0,,NOAA,2013-08-08T07:41:24.4230000-06:00,in
37,USC00051772,Snow,1992-04-18T00:00:00.0000000-06:00,0.000000,P,,0,,NOAA,2013-08-08T07:41:24.4230000-06:00,in
37,USC00051772,Snow,1992-04-19T00:00:00.0000000-06:00,0.000000,P,,0,,NOAA,2013-08-08T07:41:24.4230000-06:00,in
37,USC00051772,Snow,1992-04-20T00:00:00.0000000-06:00,0.000000,P,,0,,NOAA,2013-08-08T07:41:24.4230000-06:00,in
37,USC00051772,Snow,1992-04-21T00:00:00.0000000-06:00,0.000000,P,,0,,NOAA,2013-08-08T07:41:24.4230000-06:00,in
37,USC00051772,Snow,1992-04-22T00:00:00.0000000-06:00,0.000000,P,,0,,NOAA,2013-08-08T07:41:24.4230000-06:00,in
37,USC00051772,Snow,1992-04-23T00:00:00.0000000-06:00,0.000000,P,,0,,NOAA,2013-08-08T07:41:24.4230000-06:00,in
37,USC00051772,Snow,1992-04-24T00:00:00.0000000-06:00,0.000000,P,,0,,NOAA,2013-08-08T07:41:24.4230000-06:00,in
37,USC00051772,Snow,1992-04-25T00:00:00.0000000-06:00,0.000000,P,,0,,NOAA,2013-08-08T07:41:24.4230000-06:00,in
37,USC00051772,Snow,1992-04-26T00:00:00.0000000-06:00,0.000000,P,,0,,NOAA,2013-08-08T07:41:24.4230000-06:00,in
37,USC00051772,Snow,1992-04-27T00:00:00.0000000-06:00,0.000000,P,,0,,NOAA,2013-08-08T07:41:24.4230000-06:00,in
37,USC00051772,Snow,1992-04-28T00:00:00.0000000-06:00,0.000000,P,,0,,NOAA,2013-08-08T07:41:24.4230000-06:00,in
37,USC00051772,Snow,1992-04-29T00:00:00.0000000-06:00,0.000000,P,,0,,NOAA,2013-08-08T07:41:24.4230000-06:00,in
37,USC00051772,Snow,1992-04-30T00:00:00.0000000-06:00,0.000000,P,,0,,NOAA,2013-08-08T07:41:24.4230000-06:00,in
37,USC00051772,Snow,1992-05-01T00:00:00.0000000-06:00,0.000000,P,,0,,NOAA,2013-08-08T07:41:24.4230000-06:00,in
37,USC00051772,Snow,1992-05-02T00:00:00.0000000-06:00,0.000000,P,,0,,NOAA,2013-08-08T07:41:24.4230000-06:00,in
37,USC00051772,Snow,1992-05-03T00:00:00.0000000-06:00,0.000000,P,,0,,NOAA,2013-08-08T07:41:24.4230000-06:00,in
37,USC00051772,Snow,1992-05-04T00:00:00.0000000-06:00,0.000000,P,,0,,NOAA,2013-08-08T07:41:24.4230000-06:00,in
37,USC00051772,Snow,1992-05-05T00:00:00.0000000-06:00,0.000000,P,,0,,NOAA,2013-08-08T07:41:24.4230000-06:00,in
37,USC00051772,Snow,1992-05-06T00:00:00.0000000-06:00,0.000000,P,,0,,NOAA,2013-08-08T07:41:24.4230000-06:00,in
37,USC00051772,Snow,1992-05-07T00:00:00.0000000-06:00,0.000000,P,,0,,NOAA,2013-08-08T07:41:24.4230000-06:00,in
37,USC00051772,Snow,1992-05-08T00:00:00.0000000-06:00,0.000000,P,,0,,NOAA,2013-08-08T07:41:24.4230000-06:00,in
37,USC00051772,Snow,1992-05-09T00:00:00.0000000-06:00,0.000000,P,,0,,NOAA,2013-08-08T07:41:24.4230000-06:00,in
37,USC00051772,Snow,1992-05-10T00:00:00.0000000-06:00,0.000000,P,,0,,NOAA,2013-08-08T07:41:24.4230000-06:00,in
37,USC00051772,Snow,1992-05-11T00:00:00.0000000-06:00,0.000000,P,,0,,NOAA,2013-08-08T07:41:24.4230000-06:00,in
37,USC00051772,Snow,1992-05-12T00:00:00.0000000-06:00,0.000000,P,,0,,NOAA,2013-08-08T07:41:24.4230000-06:00,in
37,USC00051772,Snow,1992-05-13T00:00:00.0000000-06:00,0.000000,P,,0,,NOAA,2013-08-08T07:41:24.4230000-06:00,in
37,USC00051772,Snow,1992-05-14T00:00:00.0000000-06:00,0.000000,P,,0,,NOAA,2013-08-08T07:41:24.4230000-06:00,in
37,USC00051772,Snow,1992-05-15T00:00:00.0000000-06:00,0.000000,P,,0,,NOAA,2013-08-08T07:41:24.4230000-06:00,in
37,USC00051772,Snow,1992-05-16T00:00:00.0000000-06:00,0.000000,P,,0,,NOAA,2013-08-08T07:41:24.4230000-06:00,in
37,USC00051772,Snow,1992-05-17T00:00:00.0000000-06:00,0.000000,P,,0,,NOAA,2013-08-08T07:41:24.4230000-06:00,in
37,USC00051772,Snow,1992-05-18T00:00:00.0000000-06:00,0.000000,P,,0,,NOAA,2013-08-08T07:41:24.4230000-06:00,in
37,USC00051772,Snow,1992-05-19T00:00:00.0000000-06:00,0.000000,P,,0,,NOAA,2013-08-08T07:41:24.4230000-06:00,in
37,USC00051772,Snow,1992-05-20T00:00:00.0000000-06:00,0.000000,P,,0,,NOAA,2013-08-08T07:41:24.4230000-06:00,in
37,USC00051772,Snow,1992-05-21T00:00:00.0000000-06:00,0.000000,P,,0,,NOAA,2013-08-08T07:41:24.4230000-06:00,in
37,USC00051772,Snow,1992-05-22T00:00:00.0000000-06:00,0.000000,P,,0,,NOAA,2013-08-08T07:41:24.4230000-06:00,in
37,USC00051772,Snow,1992-05-23T00:00:00.0000000-06:00,0.000000,P,,0,,NOAA,2013-08-08T07:41:24.4230000-06:00,in
37,USC00051772,Snow,1992-05-24T00:00:00.0000000-06:00,0.000000,P,,0,,NOAA,2013-08-08T07:41:24.4230000-06:00,in
37,USC00051772,Snow,1992-05-25T00:00:00.0000000-06:00,0.000000,P,,0,,NOAA,2013-08-08T07:41:24.4230000-06:00,in
37,USC00051772,Snow,1992-05-26T00:00:00.0000000-06:00,0.000000,P,,0,,NOAA,2013-08-08T07:41:24.4230000-06:00,in
37,USC00051772,Snow,1992-05-27T00:00:00.0000000-06:00,0.000000,P,,0,,NOAA,2013-08-08T07:41:24.4230000-06:00,in
37,USC00051772,Snow,1992-05-28T00:00:00.0000000-06:00,0.000000,P,,0,,NOAA,2013-08-08T07:41:24.4230000-06:00,in
37,USC00051772,Snow,1992-05-29T00:00:00.0000000-06:00,0.000000,P,,0,,NOAA,2013-08-08T07:41:24.4230000-06:00,in
37,USC00051772,Snow,1992-05-30T00:00:00.0000000-06:00,0.000000,P,,0,,NOAA,2013-08-08T07:41:24.4230000-06:00,in
37,USC00051772,Snow,1992-05-31T00:00:00.0000000-06:00,0.000000,P,,0,,NOAA,2013-08-08T07:41:24.4230000-06:00,in
37,USC00051772,Snow,1992-06-01T00:00:00.0000000-06:00,0.000000,P,,0,,NOAA,2013-08-08T07:41:24.4230000-06:00,in
37,USC00051772,Snow,1992-06-02T00:00:00.0000000-06:00,0.000000,P,,0,,NOAA,2013-08-08T07:41:24.4230000-06:00,in
37,USC00051772,Snow,1992-06-03T00:00:00.0000000-06:00,0.000000,P,,0,,NOAA,2013-08-08T07:41:24.4230000-06:00,in
37,USC00051772,Snow,1992-06-04T00:00:00.0000000-06:00,0.000000,P,,0,,NOAA,2013-08-08T07:41:24.4230000-06:00,in
37,USC00051772,Snow,1992-06-05T00:00:00.0000000-06:00,0.000000,P,,0,,NOAA,2013-08-08T07:41:24.4230000-06:00,in
37,USC00051772,Snow,1992-06-06T00:00:00.0000000-06:00,0.000000,P,,0,,NOAA,2013-08-08T07:41:24.4230000-06:00,in
37,USC00051772,Snow,1992-06-07T00:00:00.0000000-06:00,0.000000,P,,0,,NOAA,2013-08-08T07:41:24.4230000-06:00,in
37,USC00051772,Snow,1992-06-08T00:00:00.0000000-06:00,0.000000,P,,0,,NOAA,2013-08-08T07:41:24.4230000-06:00,in
37,USC00051772,Snow,1992-06-09T00:00:00.0000000-06:00,0.000000,P,,0,,NOAA,2013-08-08T07:41:24.4230000-06:00,in
37,USC00051772,Snow,1992-06-10T00:00:00.0000000-06:00,0.000000,P,,0,,NOAA,2013-08-08T07:41:24.4230000-06:00,in
37,USC00051772,Snow,1992-06-11T00:00:00.0000000-06:00,0.000000,P,,0,,NOAA,2013-08-08T07:41:24.4230000-06:00,in
37,USC00051772,Snow,1992-06-12T00:00:00.0000000-06:00,0.000000,P,,0,,NOAA,2013-08-08T07:41:24.4230000-06:00,in
37,USC00051772,Snow,1992-06-13T00:00:00.0000000-06:00,0.000000,P,,0,,NOAA,2013-08-08T07:41:24.4230000-06:00,in
37,USC00051772,Snow,1992-06-14T00:00:00.0000000-06:00,0.000000,P,,0,,NOAA,2013-08-08T07:41:24.4230000-06:00,in
37,USC00051772,Snow,1992-06-15T00:00:00.0000000-06:00,0.000000,P,,0,,NOAA,2013-08-08T07:41:24.4230000-06:00,in
37,USC00051772,Snow,1992-06-16T00:00:00.0000000-06:00,0.000000,P,,0,,NOAA,2013-08-08T07:41:24.4230000-06:00,in
37,USC00051772,Snow,1992-06-17T00:00:00.0000000-06:00,0.000000,P,,0,,NOAA,2013-08-08T07:41:24.4230000-06:00,in
37,USC00051772,Snow,1992-06-18T00:00:00.0000000-06:00,0.000000,P,,0,,NOAA,2013-08-08T07:41:24.4230000-06:00,in
37,USC00051772,Snow,1992-06-19T00:00:00.0000000-06:00,0.000000,P,,0,,NOAA,2013-08-08T07:41:24.4230000-06:00,in
37,USC00051772,Snow,1992-06-20T00:00:00.0000000-06:00,0.000000,P,,0,,NOAA,2013-08-08T07:41:24.4230000-06:00,in
37,USC00051772,Snow,1992-06-21T00:00:00.0000000-06:00,0.000000,P,,0,,NOAA,2013-08-08T07:41:24.4230000-06:00,in
37,USC00051772,Snow,1992-06-22T00:00:00.0000000-06:00,0.000000,P,,0,,NOAA,2013-08-08T07:41:24.4230000-06:00,in
37,USC00051772,Snow,1992-06-23T00:00:00.0000000-06:00,0.000000,P,,0,,NOAA,2013-08-08T07:41:24.4230000-06:00,in
37,USC00051772,Snow,1992-06-24T00:00:00.0000000-06:00,0.000000,P,,0,,NOAA,2013-08-08T07:41:24.4230000-06:00,in
37,USC00051772,Snow,1992-06-25T00:00:00.0000000-06:00,0.000000,P,,0,,NOAA,2013-08-08T07:41:24.4230000-06:00,in
37,USC00051772,Snow,1992-06-26T00:00:00.0000000-06:00,0.000000,P,,0,,NOAA,2013-08-08T07:41:24.4230000-06:00,in
37,USC00051772,Snow,1992-06-27T00:00:00.0000000-06:00,0.000000,P,,0,,NOAA,2013-08-08T07:41:24.4230000-06:00,in
37,USC00051772,Snow,1992-06-28T00:00:00.0000000-06:00,0.000000,P,,0,,NOAA,2013-08-08T07:41:24.4230000-06:00,in
37,USC00051772,Snow,1992-06-29T00:00:00.0000000-06:00,0.000000,P,,0,,NOAA,2013-08-08T07:41:24.4230000-06:00,in
37,USC00051772,Snow,1992-06-30T00:00:00.0000000-06:00,0.000000,P,,0,,NOAA,2013-08-08T07:41:24.4230000-06:00,in
37,USC00051772,Snow,1992-07-01T00:00:00.0000000-06:00,0.000000,P,,0,,NOAA,2013-08-08T07:41:24.4230000-06:00,in
37,USC00051772,Snow,1992-07-02T00:00:00.0000000-06:00,0.000000,P,,0,,NOAA,2013-08-08T07:41:24.4230000-06:00,in
37,USC00051772,Snow,1992-07-03T00:00:00.0000000-06:00,0.000000,P,,0,,NOAA,2013-08-08T07:41:24.4230000-06:00,in
37,USC00051772,Snow,1992-07-04T00:00:00.0000000-06:00,0.000000,P,,0,,NOAA,2013-08-08T07:41:24.4230000-06:00,in
37,USC00051772,Snow,1992-07-05T00:00:00.0000000-06:00,0.000000,P,,0,,NOAA,2013-08-08T07:41:24.4230000-06:00,in
37,USC00051772,Snow,1992-07-06T00:00:00.0000000-06:00,0.000000,P,,0,,NOAA,2013-08-08T07:41:24.4230000-06:00,in
37,USC00051772,Snow,1992-07-07T00:00:00.0000000-06:00,0.000000,P,,0,,NOAA,2013-08-08T07:41:24.4230000-06:00,in
37,USC00051772,Snow,1992-07-08T00:00:00.0000000-06:00,0.000000,P,,0,,NOAA,2013-08-08T07:41:24.4230000-06:00,in
37,USC00051772,Snow,1992-07-09T00:00:00.0000000-06:00,0.000000,P,,0,,NOAA,2013-08-08T07:41:24.4230000-06:00,in
37,USC00051772,Snow,1992-07-10T00:00:00.0000000-06:00,0.000000,P,,0,,NOAA,2013-08-08T07:41:24.4230000-06:00,in
37,USC00051772,Snow,1992-07-11T00:00:00.0000000-06:00,0.000000,P,,0,,NOAA,2013-08-08T07:41:24.4230000-06:00,in
37,USC00051772,Snow,1992-07-12T00:00:00.0000000-06:00,0.000000,P,,0,,NOAA,2013-08-08T07:41:24.4230000-06:00,in
37,USC00051772,Snow,1992-07-13T00:00:00.0000000-06:00,0.000000,P,,0,,NOAA,2013-08-08T07:41:24.4230000-06:00,in
37,USC00051772,Snow,1992-07-14T00:00:00.0000000-06:00,0.000000,P,,0,,NOAA,2013-08-08T07:41:24.4230000-06:00,in
37,USC00051772,Snow,1992-07-15T00:00:00.0000000-06:00,0.000000,P,,0,,NOAA,2013-08-08T07:41:24.4230000-06:00,in
37,USC00051772,Snow,1992-07-16T00:00:00.0000000-06:00,0.000000,P,,0,,NOAA,2013-08-08T07:41:24.4230000-06:00,in
37,USC00051772,Snow,1992-07-17T00:00:00.0000000-06:00,0.000000,P,,0,,NOAA,2013-08-08T07:41:24.4230000-06:00,in
37,USC00051772,Snow,1992-07-18T00:00:00.0000000-06:00,0.000000,P,,0,,NOAA,2013-08-08T07:41:24.4230000-06:00,in
37,USC00051772,Snow,1992-07-19T00:00:00.0000000-06:00,0.000000,P,,0,,NOAA,2013-08-08T07:41:24.4230000-06:00,in
37,USC00051772,Snow,1992-07-20T00:00:00.0000000-06:00,0.000000,P,,0,,NOAA,2013-08-08T07:41:24.4230000-06:00,in
37,USC00051772,Snow,1992-07-21T00:00:00.0000000-06:00,0.000000,P,,0,,NOAA,2013-08-08T07:41:24.4230000-06:00,in
37,USC00051772,Snow,1992-07-22T00:00:00.0000000-06:00,0.000000,P,,0,,NOAA,2013-08-08T07:41:24.4230000-06:00,in
37,USC00051772,Snow,1992-07-23T00:00:00.0000000-06:00,0.000000,P,,0,,NOAA,2013-08-08T07:41:24.4230000-06:00,in
37,USC00051772,Snow,1992-07-24T00:00:00.0000000-06:00,0.000000,P,,0,,NOAA,2013-08-08T07:41:24.4230000-06:00,in
37,USC00051772,Snow,1992-07-25T00:00:00.0000000-06:00,0.000000,P,,0,,NOAA,2013-08-08T07:41:24.4230000-06:00,in
37,USC00051772,Snow,1992-07-26T00:00:00.0000000-06:00,0.000000,P,,0,,NOAA,2013-08-08T07:41:24.4230000-06:00,in
37,USC00051772,Snow,1992-07-27T00:00:00.0000000-06:00,0.000000,P,,0,,NOAA,2013-08-08T07:41:24.4230000-06:00,in
37,USC00051772,Snow,1992-07-28T00:00:00.0000000-06:00,0.000000,P,,0,,NOAA,2013-08-08T07:41:24.4230000-06:00,in
37,USC00051772,Snow,1992-07-29T00:00:00.0000000-06:00,0.000000,P,,0,,NOAA,2013-08-08T07:41:24.4230000-06:00,in
37,USC00051772,Snow,1992-07-30T00:00:00.0000000-06:00,0.000000,P,,0,,NOAA,2013-08-08T07:41:24.4230000-06:00,in
37,USC00051772,Snow,1992-07-31T00:00:00.0000000-06:00,0.000000,P,,0,,NOAA,2013-08-08T07:41:24.4230000-06:00,in
37,USC00051772,Snow,1992-08-01T00:00:00.0000000-06:00,0.000000,P,,0,,NOAA,2013-08-08T07:41:24.4230000-06:00,in
37,USC00051772,Snow,1992-08-02T00:00:00.0000000-06:00,0.000000,P,,0,,NOAA,2013-08-08T07:41:24.4230000-06:00,in
37,USC00051772,Snow,1992-08-03T00:00:00.0000000-06:00,0.000000,P,,0,,NOAA,2013-08-08T07:41:24.4230000-06:00,in
37,USC00051772,Snow,1992-08-04T00:00:00.0000000-06:00,0.000000,P,,0,,NOAA,2013-08-08T07:41:24.4230000-06:00,in
37,USC00051772,Snow,1992-08-05T00:00:00.0000000-06:00,0.000000,P,,0,,NOAA,2013-08-08T07:41:24.4230000-06:00,in
37,USC00051772,Snow,1992-08-06T00:00:00.0000000-06:00,0.000000,P,,0,,NOAA,2013-08-08T07:41:24.4230000-06:00,in
37,USC00051772,Snow,1992-08-07T00:00:00.0000000-06:00,0.000000,P,,0,,NOAA,2013-08-08T07:41:24.4230000-06:00,in
37,USC00051772,Snow,1992-08-08T00:00:00.0000000-06:00,0.000000,P,,0,,NOAA,2013-08-08T07:41:24.4230000-06:00,in
37,USC00051772,Snow,1992-08-09T00:00:00.0000000-06:00,0.000000,P,,0,,NOAA,2013-08-08T07:41:24.4230000-06:00,in
37,USC00051772,Snow,1992-08-10T00:00:00.0000000-06:00,0.000000,P,,0,,NOAA,2013-08-08T07:41:24.4230000-06:00,in
37,USC00051772,Snow,1992-08-11T00:00:00.0000000-06:00,0.000000,P,,0,,NOAA,2013-08-08T07:41:24.4230000-06:00,in
37,USC00051772,Snow,1992-08-12T00:00:00.0000000-06:00,0.000000,P,,0,,NOAA,2013-08-08T07:41:24.4230000-06:00,in
37,USC00051772,Snow,1992-08-13T00:00:00.0000000-06:00,0.000000,P,,0,,NOAA,2013-08-08T07:41:24.4230000-06:00,in
37,USC00051772,Snow,1992-08-14T00:00:00.0000000-06:00,0.000000,P,,0,,NOAA,2013-08-08T07:41:24.4230000-06:00,in
37,USC00051772,Snow,1992-08-15T00:00:00.0000000-06:00,0.000000,P,,0,,NOAA,2013-08-08T07:41:24.4230000-06:00,in
37,USC00051772,Snow,1992-08-16T00:00:00.0000000-06:00,0.000000,P,,0,,NOAA,2013-08-08T07:41:24.4230000-06:00,in
37,USC00051772,Snow,1992-08-17T00:00:00.0000000-06:00,0.000000,P,,0,,NOAA,2013-08-08T07:41:24.4230000-06:00,in
37,USC00051772,Snow,1992-08-18T00:00:00.0000000-06:00,0.000000,P,,0,,NOAA,2013-08-08T07:41:24.4230000-06:00,in
37,USC00051772,Snow,1992-08-19T00:00:00.0000000-06:00,0.000000,P,,0,,NOAA,2013-08-08T07:41:24.4230000-06:00,in
37,USC00051772,Snow,1992-08-20T00:00:00.0000000-06:00,0.000000,P,,0,,NOAA,2013-08-08T07:41:24.4230000-06:00,in
37,USC00051772,Snow,1992-08-21T00:00:00.0000000-06:00,0.000000,P,,0,,NOAA,2013-08-08T07:41:24.4230000-06:00,in
37,USC00051772,Snow,1992-08-22T00:00:00.0000000-06:00,0.000000,P,,0,,NOAA,2013-08-08T07:41:24.4230000-06:00,in
37,USC00051772,Snow,1992-08-23T00:00:00.0000000-06:00,0.000000,P,,0,,NOAA,2013-08-08T07:41:24.4230000-06:00,in
37,USC00051772,Snow,1992-08-24T00:00:00.0000000-06:00,0.000000,P,,0,,NOAA,2013-08-08T07:41:24.4230000-06:00,in
37,USC00051772,Snow,1992-08-25T00:00:00.0000000-06:00,0.000000,P,,0,,NOAA,2013-08-08T07:41:24.4230000-06:00,in
37,USC00051772,Snow,1992-08-26T00:00:00.0000000-06:00,0.000000,P,,0,,NOAA,2013-08-08T07:41:24.4230000-06:00,in
37,USC00051772,Snow,1992-08-27T00:00:00.0000000-06:00,0.000000,P,,0,,NOAA,2013-08-08T07:41:24.4230000-06:00,in
37,USC00051772,Snow,1992-08-28T00:00:00.0000000-06:00,0.000000,P,,0,,NOAA,2013-08-08T07:41:24.4230000-06:00,in
37,USC00051772,Snow,1992-08-29T00:00:00.0000000-06:00,0.000000,P,,0,,NOAA,2013-08-08T07:41:24.4230000-06:00,in
37,USC00051772,Snow,1992-08-30T00:00:00.0000000-06:00,0.000000,P,,0,,NOAA,2013-08-08T07:41:24.4230000-06:00,in
37,USC00051772,Snow,1992-08-31T00:00:00.0000000-06:00,0.000000,P,,0,,NOAA,2013-08-08T07:41:24.4230000-06:00,in
37,USC00051772,Snow,1992-09-01T00:00:00.0000000-06:00,0.000000,P,,0,,NOAA,2013-08-08T07:41:24.4230000-06:00,in
37,USC00051772,Snow,1992-09-02T00:00:00.0000000-06:00,0.000000,P,,0,,NOAA,2013-08-08T07:41:24.4230000-06:00,in
37,USC00051772,Snow,1992-09-03T00:00:00.0000000-06:00,0.000000,P,,0,,NOAA,2013-08-08T07:41:24.4230000-06:00,in
37,USC00051772,Snow,1992-09-04T00:00:00.0000000-06:00,0.000000,P,,0,,NOAA,2013-08-08T07:41:24.4230000-06:00,in
37,USC00051772,Snow,1992-09-05T00:00:00.0000000-06:00,0.000000,P,,0,,NOAA,2013-08-08T07:41:24.4230000-06:00,in
37,USC00051772,Snow,1992-09-06T00:00:00.0000000-06:00,0.000000,P,,0,,NOAA,2013-08-08T07:41:24.4230000-06:00,in
37,USC00051772,Snow,1992-09-07T00:00:00.0000000-06:00,0.000000,P,,0,,NOAA,2013-08-08T07:41:24.4230000-06:00,in
37,USC00051772,Snow,1992-09-08T00:00:00.0000000-06:00,0.000000,P,,0,,NOAA,2013-08-08T07:41:24.4230000-06:00,in
37,USC00051772,Snow,1992-09-09T00:00:00.0000000-06:00,0.000000,P,,0,,NOAA,2013-08-08T07:41:24.4230000-06:00,in
37,USC00051772,Snow,1992-09-10T00:00:00.0000000-06:00,0.000000,P,,0,,NOAA,2013-08-08T07:41:24.4230000-06:00,in
37,USC00051772,Snow,1992-09-11T00:00:00.0000000-06:00,0.000000,P,,0,,NOAA,2013-08-08T07:41:24.4230000-06:00,in
37,USC00051772,Snow,1992-09-12T00:00:00.0000000-06:00,0.000000,P,,0,,NOAA,2013-08-08T07:41:24.4230000-06:00,in
37,USC00051772,Snow,1992-09-13T00:00:00.0000000-06:00,0.000000,P,,0,,NOAA,2013-08-08T07:41:24.4230000-06:00,in
37,USC00051772,Snow,1992-09-14T00:00:00.0000000-06:00,0.000000,P,,0,,NOAA,2013-08-08T07:41:24.4230000-06:00,in
37,USC00051772,Snow,1992-09-15T00:00:00.0000000-06:00,0.000000,P,,0,,NOAA,2013-08-08T07:41:24.4230000-06:00,in
37,USC00051772,Snow,1992-09-16T00:00:00.0000000-06:00,0.000000,P,,0,,NOAA,2013-08-08T07:41:24.4230000-06:00,in
37,USC00051772,Snow,1992-09-17T00:00:00.0000000-06:00,0.000000,P,,0,,NOAA,2013-08-08T07:41:24.4230000-06:00,in
37,USC00051772,Snow,1992-09-18T00:00:00.0000000-06:00,0.000000,P,,0,,NOAA,2013-08-08T07:41:24.4230000-06:00,in
37,USC00051772,Snow,1992-09-19T00:00:00.0000000-06:00,0.000000,P,,0,,NOAA,2013-08-08T07:41:24.4230000-06:00,in
37,USC00051772,Snow,1992-09-20T00:00:00.0000000-06:00,0.000000,P,,0,,NOAA,2013-08-08T07:41:24.4230000-06:00,in
37,USC00051772,Snow,1992-09-21T00:00:00.0000000-06:00,0.000000,P,,0,,NOAA,2013-08-08T07:41:24.4230000-06:00,in
37,USC00051772,Snow,1992-09-22T00:00:00.0000000-06:00,0.000000,P,,0,,NOAA,2013-08-08T07:41:24.4230000-06:00,in
37,USC00051772,Snow,1992-09-23T00:00:00.0000000-06:00,0.000000,P,,0,,NOAA,2013-08-08T07:41:24.4230000-06:00,in
37,USC00051772,Snow,1992-09-24T00:00:00.0000000-06:00,0.000000,P,,0,,NOAA,2013-08-08T07:41:24.4230000-06:00,in
37,USC00051772,Snow,1992-09-25T00:00:00.0000000-06:00,0.000000,P,,0,,NOAA,2013-08-08T07:41:24.4230000-06:00,in
37,USC00051772,Snow,1992-09-26T00:00:00.0000000-06:00,0.000000,P,,0,,NOAA,2013-08-08T07:41:24.4230000-06:00,in
37,USC00051772,Snow,1992-09-27T00:00:00.0000000-06:00,0.000000,P,,0,,NOAA,2013-08-08T07:41:24.4230000-06:00,in
37,USC00051772,Snow,1992-09-28T00:00:00.0000000-06:00,0.000000,P,,0,,NOAA,2013-08-08T07:41:24.4230000-06:00,in
37,USC00051772,Snow,1992-09-29T00:00:00.0000000-06:00,0.000000,P,,0,,NOAA,2013-08-08T07:41:24.4230000-06:00,in
37,USC00051772,Snow,1992-09-30T00:00:00.0000000-06:00,0.000000,P,,0,,NOAA,2013-08-08T07:41:24.4230000-06:00,in
37,USC00051772,Snow,1992-10-01T00:00:00.0000000-06:00,0.000000,P,,0,,NOAA,2013-08-08T07:41:24.4230000-06:00,in
37,USC00051772,Snow,1992-10-02T00:00:00.0000000-06:00,0.000000,P,,0,,NOAA,2013-08-08T07:41:24.4230000-06:00,in
37,USC00051772,Snow,1992-10-03T00:00:00.0000000-06:00,0.000000,P,,0,,NOAA,2013-08-08T07:41:24.4230000-06:00,in
37,USC00051772,Snow,1992-10-04T00:00:00.0000000-06:00,0.000000,P,,0,,NOAA,2013-08-08T07:41:24.4230000-06:00,in
37,USC00051772,Snow,1992-10-05T00:00:00.0000000-06:00,0.000000,P,,0,,NOAA,2013-08-08T07:41:24.4230000-06:00,in
37,USC00051772,Snow,1992-10-06T00:00:00.0000000-06:00,0.000000,P,,0,,NOAA,2013-08-08T07:41:24.4230000-06:00,in
37,USC00051772,Snow,1992-10-07T00:00:00.0000000-06:00,0.000000,P,,0,,NOAA,2013-08-08T07:41:24.4230000-06:00,in
37,USC00051772,Snow,1992-10-08T00:00:00.0000000-06:00,0.000000,P,,0,,NOAA,2013-08-08T07:41:24.4230000-06:00,in
37,USC00051772,Snow,1992-10-09T00:00:00.0000000-06:00,0.000000,P,,0,,NOAA,2013-08-08T07:41:24.4230000-06:00,in
37,USC00051772,Snow,1992-10-10T00:00:00.0000000-06:00,0.000000,P,,0,,NOAA,2013-08-08T07:41:24.4230000-06:00,in
37,USC00051772,Snow,1992-10-11T00:00:00.0000000-06:00,0.000000,P,,0,,NOAA,2013-08-08T07:41:24.4230000-06:00,in
37,USC00051772,Snow,1992-10-12T00:00:00.0000000-06:00,0.000000,P,,0,,NOAA,2013-08-08T07:41:24.4230000-06:00,in
37,USC00051772,Snow,1992-10-13T00:00:00.0000000-06:00,0.000000,P,,0,,NOAA,2013-08-08T07:41:24.4230000-06:00,in
37,USC00051772,Snow,1992-10-14T00:00:00.0000000-06:00,0.000000,P,,0,,NOAA,2013-08-08T07:41:24.4230000-06:00,in
37,USC00051772,Snow,1992-10-15T00:00:00.0000000-06:00,0.000000,P,,0,,NOAA,2013-08-08T07:41:24.4230000-06:00,in
37,USC00051772,Snow,1992-10-16T00:00:00.0000000-06:00,0.000000,P,,0,,NOAA,2013-08-08T07:41:24.4230000-06:00,in
37,USC00051772,Snow,1992-10-17T00:00:00.0000000-06:00,0.000000,P,,0,,NOAA,2013-08-08T07:41:24.4230000-06:00,in
37,USC00051772,Snow,1992-10-18T00:00:00.0000000-06:00,0.000000,P,,0,,NOAA,2013-08-08T07:41:24.4230000-06:00,in
37,USC00051772,Snow,1992-10-19T00:00:00.0000000-06:00,0.000000,P,,0,,NOAA,2013-08-08T07:41:24.4230000-06:00,in
37,USC00051772,Snow,1992-10-20T00:00:00.0000000-06:00,0.000000,P,,0,,NOAA,2013-08-08T07:41:24.4230000-06:00,in
37,USC00051772,Snow,1992-10-21T00:00:00.0000000-06:00,0.000000,P,,0,,NOAA,2013-08-08T07:41:24.4230000-06:00,in
37,USC00051772,Snow,1992-10-22T00:00:00.0000000-06:00,0.000000,P,,0,,NOAA,2013-08-08T07:41:24.4230000-06:00,in
37,USC00051772,Snow,1992-10-23T00:00:00.0000000-06:00,0.000000,P,,0,,NOAA,2013-08-08T07:41:24.4230000-06:00,in
37,USC00051772,Snow,1992-10-24T00:00:00.0000000-06:00,0.000000,P,,0,,NOAA,2013-08-08T07:41:24.4230000-06:00,in
37,USC00051772,Snow,1992-10-25T00:00:00.0000000-06:00,0.000000,P,,0,,NOAA,2013-08-08T07:41:24.4230000-06:00,in
37,USC00051772,Snow,1992-10-26T00:00:00.0000000-07:00,0.000000,P,,0,,NOAA,2013-08-08T07:41:24.4230000-06:00,in
37,USC00051772,Snow,1992-10-27T00:00:00.0000000-07:00,0.000000,P,,0,,NOAA,2013-08-08T07:41:24.4230000-06:00,in
37,USC00051772,Snow,1992-10-28T00:00:00.0000000-07:00,0.000000,P,,0,,NOAA,2013-08-08T07:41:24.4230000-06:00,in
37,USC00051772,Snow,1992-10-29T00:00:00.0000000-07:00,0.000000,P,,0,,NOAA,2013-08-08T07:41:24.4230000-06:00,in
37,USC00051772,Snow,1992-10-30T00:00:00.0000000-07:00,0.000000,P,,0,,NOAA,2013-08-08T07:41:24.4230000-06:00,in
37,USC00051772,Snow,1992-10-31T00:00:00.0000000-07:00,0.000000,P,,0,,NOAA,2013-08-08T07:41:24.4230000-06:00,in
37,USC00051772,Snow,1992-11-01T00:00:00.0000000-07:00,0.511811,,,0,,NOAA,2013-08-08T07:41:24.4230000-06:00,in
37,USC00051772,Snow,1992-11-02T00:00:00.0000000-07:00,0.000000,P,,0,,NOAA,2013-08-08T07:41:24.4230000-06:00,in
37,USC00051772,Snow,1992-11-04T00:00:00.0000000-07:00,0.000000,P,,0,,NOAA,2013-08-08T07:41:24.4230000-06:00,in
37,USC00051772,Snow,1992-11-05T00:00:00.0000000-07:00,0.000000,P,,0,,NOAA,2013-08-08T07:41:24.4230000-06:00,in
37,USC00051772,Snow,1992-11-06T00:00:00.0000000-07:00,0.000000,P,,0,,NOAA,2013-08-08T07:41:24.4230000-06:00,in
37,USC00051772,Snow,1992-11-07T00:00:00.0000000-07:00,0.000000,P,,0,,NOAA,2013-08-08T07:41:24.4230000-06:00,in
37,USC00051772,Snow,1992-11-08T00:00:00.0000000-07:00,0.000000,P,,0,,NOAA,2013-08-08T07:41:24.4230000-06:00,in
37,USC00051772,Snow,1992-11-09T00:00:00.0000000-07:00,0.000000,P,,0,,NOAA,2013-08-08T07:41:24.4230000-06:00,in
37,USC00051772,Snow,1992-11-10T00:00:00.0000000-07:00,0.000000,P,,0,,NOAA,2013-08-08T07:41:24.4230000-06:00,in
37,USC00051772,Snow,1992-11-11T00:00:00.0000000-07:00,0.984252,,,0,,NOAA,2013-08-08T07:41:24.4230000-06:00,in
37,USC00051772,Snow,1992-11-12T00:00:00.0000000-07:00,0.000000,P,,0,,NOAA,2013-08-08T07:41:24.4230000-06:00,in
37,USC00051772,Snow,1992-11-13T00:00:00.0000000-07:00,0.000000,P,,0,,NOAA,2013-08-08T07:41:24.4230000-06:00,in
37,USC00051772,Snow,1992-11-14T00:00:00.0000000-07:00,0.000000,P,,0,,NOAA,2013-08-08T07:41:24.4230000-06:00,in
37,USC00051772,Snow,1992-11-15T00:00:00.0000000-07:00,0.000000,P,,0,,NOAA,2013-08-08T07:41:24.4230000-06:00,in
37,USC00051772,Snow,1992-11-16T00:00:00.0000000-07:00,0.000000,P,,0,,NOAA,2013-08-08T07:41:24.4230000-06:00,in
37,USC00051772,Snow,1992-11-17T00:00:00.0000000-07:00,0.000000,P,,0,,NOAA,2013-08-08T07:41:24.4230000-06:00,in
37,USC00051772,Snow,1992-11-18T00:00:00.0000000-07:00,0.000000,,,0,,NOAA,2013-08-08T07:41:24.4230000-06:00,in
37,USC00051772,Snow,1992-11-19T00:00:00.0000000-07:00,0.000000,T,,0,,NOAA,2013-08-08T07:41:24.4230000-06:00,in
37,USC00051772,Snow,1992-11-20T00:00:00.0000000-07:00,0.000000,P,,0,,NOAA,2013-08-08T07:41:24.4230000-06:00,in
37,USC00051772,Snow,1992-11-21T00:00:00.0000000-07:00,0.000000,P,,0,,NOAA,2013-08-08T07:41:24.4230000-06:00,in
37,USC00051772,Snow,1992-11-22T00:00:00.0000000-07:00,0.000000,P,,0,,NOAA,2013-08-08T07:41:24.4230000-06:00,in
37,USC00051772,Snow,1992-11-23T00:00:00.0000000-07:00,0.118110,,,0,,NOAA,2013-08-08T07:41:24.4230000-06:00,in
37,USC00051772,Snow,1992-11-24T00:00:00.0000000-07:00,0.000000,P,,0,,NOAA,2013-08-08T07:41:24.4230000-06:00,in
37,USC00051772,Snow,1992-11-25T00:00:00.0000000-07:00,0.000000,P,,0,,NOAA,2013-08-08T07:41:24.4230000-06:00,in
37,USC00051772,Snow,1992-11-26T00:00:00.0000000-07:00,0.000000,P,,0,,NOAA,2013-08-08T07:41:24.4230000-06:00,in
37,USC00051772,Snow,1992-11-27T00:00:00.0000000-07:00,0.000000,P,,0,,NOAA,2013-08-08T07:41:24.4230000-06:00,in
37,USC00051772,Snow,1992-11-28T00:00:00.0000000-07:00,0.000000,P,,0,,NOAA,2013-08-08T07:41:24.4230000-06:00,in
37,USC00051772,Snow,1992-11-29T00:00:00.0000000-07:00,0.000000,P,,0,,NOAA,2013-08-08T07:41:24.4230000-06:00,in
37,USC00051772,Snow,1992-11-30T00:00:00.0000000-07:00,0.000000,P,,0,,NOAA,2013-08-08T07:41:24.4230000-06:00,in
37,USC00051772,Snow,1992-12-01T00:00:00.0000000-07:00,0.000000,P,,0,,NOAA,2013-08-08T07:41:24.4230000-06:00,in
37,USC00051772,Snow,1992-12-02T00:00:00.0000000-07:00,0.000000,P,,0,,NOAA,2013-08-08T07:41:24.4230000-06:00,in
37,USC00051772,Snow,1992-12-03T00:00:00.0000000-07:00,0.000000,P,,0,,NOAA,2013-08-08T07:41:24.4230000-06:00,in
37,USC00051772,Snow,1992-12-04T00:00:00.0000000-07:00,0.000000,P,,0,,NOAA,2013-08-08T07:41:24.4230000-06:00,in
37,USC00051772,Snow,1992-12-05T00:00:00.0000000-07:00,2.992126,,,0,,NOAA,2013-08-08T07:41:24.4230000-06:00,in
37,USC00051772,Snow,1992-12-06T00:00:00.0000000-07:00,0.984252,,,0,,NOAA,2013-08-08T07:41:24.4230000-06:00,in
37,USC00051772,Snow,1992-12-07T00:00:00.0000000-07:00,0.000000,P,,0,,NOAA,2013-08-08T07:41:24.4230000-06:00,in
37,USC00051772,Snow,1992-12-08T00:00:00.0000000-07:00,0.000000,P,,0,,NOAA,2013-08-08T07:41:24.4230000-06:00,in
37,USC00051772,Snow,1992-12-09T00:00:00.0000000-07:00,0.000000,P,,0,,NOAA,2013-08-08T07:41:24.4230000-06:00,in
37,USC00051772,Snow,1992-12-10T00:00:00.0000000-07:00,0.000000,P,,0,,NOAA,2013-08-08T07:41:24.4230000-06:00,in
37,USC00051772,Snow,1992-12-11T00:00:00.0000000-07:00,0.000000,P,,0,,NOAA,2013-08-08T07:41:24.4230000-06:00,in
37,USC00051772,Snow,1992-12-12T00:00:00.0000000-07:00,0.000000,P,,0,,NOAA,2013-08-08T07:41:24.4230000-06:00,in
37,USC00051772,Snow,1992-12-13T00:00:00.0000000-07:00,0.000000,P,,0,,NOAA,2013-08-08T07:41:24.4230000-06:00,in
37,USC00051772,Snow,1992-12-14T00:00:00.0000000-07:00,0.000000,P,,0,,NOAA,2013-08-08T07:41:24.4230000-06:00,in
37,USC00051772,Snow,1992-12-15T00:00:00.0000000-07:00,0.000000,P,,0,,NOAA,2013-08-08T07:41:24.4230000-06:00,in
37,USC00051772,Snow,1992-12-16T00:00:00.0000000-07:00,0.984252,,,0,,NOAA,2013-08-08T07:41:24.4230000-06:00,in
37,USC00051772,Snow,1992-12-17T00:00:00.0000000-07:00,0.000000,P,,0,,NOAA,2013-08-08T07:41:24.4230000-06:00,in
37,USC00051772,Snow,1992-12-19T00:00:00.0000000-07:00,0.984252,,,0,,NOAA,2013-08-08T07:41:24.4230000-06:00,in
37,USC00051772,Snow,1992-12-20T00:00:00.0000000-07:00,0.000000,P,,0,,NOAA,2013-08-08T07:41:24.4230000-06:00,in
37,USC00051772,Snow,1992-12-21T00:00:00.0000000-07:00,0.000000,P,,0,,NOAA,2013-08-08T07:41:24.4230000-06:00,in
37,USC00051772,Snow,1992-12-22T00:00:00.0000000-07:00,0.000000,P,,0,,NOAA,2013-08-08T07:41:24.4230000-06:00,in
37,USC00051772,Snow,1992-12-23T00:00:00.0000000-07:00,0.000000,P,,0,,NOAA,2013-08-08T07:41:24.4230000-06:00,in
37,USC00051772,Snow,1992-12-24T00:00:00.0000000-07:00,0.000000,P,,0,,NOAA,2013-08-08T07:41:24.4230000-06:00,in
37,USC00051772,Snow,1992-12-25T00:00:00.0000000-07:00,0.000000,P,,0,,NOAA,2013-08-08T07:41:24.4230000-06:00,in
37,USC00051772,Snow,1992-12-26T00:00:00.0000000-07:00,0.000000,P,,0,,NOAA,2013-08-08T07:41:24.4230000-06:00,in
37,USC00051772,Snow,1992-12-27T00:00:00.0000000-07:00,0.000000,P,,0,,NOAA,2013-08-08T07:41:24.4230000-06:00,in
37,USC00051772,Snow,1992-12-28T00:00:00.0000000-07:00,0.000000,P,,0,,NOAA,2013-08-08T07:41:24.4230000-06:00,in
37,USC00051772,Snow,1992-12-29T00:00:00.0000000-07:00,0.000000,P,,0,,NOAA,2013-08-08T07:41:24.4230000-06:00,in
37,USC00051772,Snow,1992-12-30T00:00:00.0000000-07:00,0.000000,T,,0,,NOAA,2013-08-08T07:41:24.4230000-06:00,in
37,USC00051772,Snow,1992-12-31T00:00:00.0000000-07:00,0.000000,P,,0,,NOAA,2013-08-08T07:41:24.4230000-06:00,in
37,USC00051772,Snow,1993-01-01T00:00:00.0000000-07:00,0.000000,P,,0,,NOAA,2013-08-08T07:41:24.4230000-06:00,in
37,USC00051772,Snow,1993-01-02T00:00:00.0000000-07:00,0.000000,P,,0,,NOAA,2013-08-08T07:41:24.4230000-06:00,in
37,USC00051772,Snow,1993-01-03T00:00:00.0000000-07:00,0.511811,,,0,,NOAA,2013-08-08T07:41:24.4230000-06:00,in
37,USC00051772,Snow,1993-01-04T00:00:00.0000000-07:00,0.000000,P,,0,,NOAA,2013-08-08T07:41:24.4230000-06:00,in
37,USC00051772,Snow,1993-01-05T00:00:00.0000000-07:00,0.000000,P,,0,,NOAA,2013-08-08T07:41:24.4230000-06:00,in
37,USC00051772,Snow,1993-01-06T00:00:00.0000000-07:00,0.000000,P,,0,,NOAA,2013-08-08T07:41:24.4230000-06:00,in
37,USC00051772,Snow,1993-01-07T00:00:00.0000000-07:00,2.007874,,,0,,NOAA,2013-08-08T07:41:24.4230000-06:00,in
37,USC00051772,Snow,1993-01-08T00:00:00.0000000-07:00,2.007874,,,0,,NOAA,2013-08-08T07:41:24.4230000-06:00,in
37,USC00051772,Snow,1993-01-09T00:00:00.0000000-07:00,0.000000,T,,0,,NOAA,2013-08-08T07:41:24.4230000-06:00,in
37,USC00051772,Snow,1993-01-10T00:00:00.0000000-07:00,0.000000,P,,0,,NOAA,2013-08-08T07:41:24.4230000-06:00,in
37,USC00051772,Snow,1993-01-11T00:00:00.0000000-07:00,0.511811,,,0,,NOAA,2013-08-08T07:41:24.4230000-06:00,in
37,USC00051772,Snow,1993-01-12T00:00:00.0000000-07:00,0.000000,P,,0,,NOAA,2013-08-08T07:41:24.4230000-06:00,in
37,USC00051772,Snow,1993-01-14T00:00:00.0000000-07:00,0.984252,,,0,,NOAA,2013-08-08T07:41:24.4230000-06:00,in
37,USC00051772,Snow,1993-01-16T00:00:00.0000000-07:00,0.000000,P,,0,,NOAA,2013-08-08T07:41:24.4230000-06:00,in
37,USC00051772,Snow,1993-01-17T00:00:00.0000000-07:00,0.000000,P,,0,,NOAA,2013-08-08T07:41:24.4230000-06:00,in
37,USC00051772,Snow,1993-01-19T00:00:00.0000000-07:00,0.000000,P,,0,,NOAA,2013-08-08T07:41:24.4230000-06:00,in
37,USC00051772,Snow,1993-01-20T00:00:00.0000000-07:00,0.000000,P,,0,,NOAA,2013-08-08T07:41:24.4230000-06:00,in
37,USC00051772,Snow,1993-01-21T00:00:00.0000000-07:00,0.000000,P,,0,,NOAA,2013-08-08T07:41:24.4230000-06:00,in
37,USC00051772,Snow,1993-01-22T00:00:00.0000000-07:00,0.000000,P,,0,,NOAA,2013-08-08T07:41:24.4230000-06:00,in
37,USC00051772,Snow,1993-01-23T00:00:00.0000000-07:00,0.000000,P,,0,,NOAA,2013-08-08T07:41:24.4230000-06:00,in
37,USC00051772,Snow,1993-01-24T00:00:00.0000000-07:00,0.000000,P,,0,,NOAA,2013-08-08T07:41:24.4230000-06:00,in
37,USC00051772,Snow,1993-01-26T00:00:00.0000000-07:00,0.000000,P,,0,,NOAA,2013-08-08T07:41:24.4230000-06:00,in
37,USC00051772,Snow,1993-01-27T00:00:00.0000000-07:00,0.000000,P,,0,,NOAA,2013-08-08T07:41:24.4230000-06:00,in
37,USC00051772,Snow,1993-01-28T00:00:00.0000000-07:00,0.000000,P,,0,,NOAA,2013-08-08T07:41:24.4230000-06:00,in
37,USC00051772,Snow,1993-01-29T00:00:00.0000000-07:00,0.000000,P,,0,,NOAA,2013-08-08T07:41:24.4230000-06:00,in
37,USC00051772,Snow,1993-01-30T00:00:00.0000000-07:00,0.000000,P,,0,,NOAA,2013-08-08T07:41:24.4230000-06:00,in
37,USC00051772,Snow,1993-01-31T00:00:00.0000000-07:00,0.000000,P,,0,,NOAA,2013-08-08T07:41:24.4230000-06:00,in
37,USC00051772,Snow,1993-02-02T00:00:00.0000000-07:00,0.000000,P,,0,,NOAA,2013-08-08T07:41:24.4230000-06:00,in
37,USC00051772,Snow,1993-02-03T00:00:00.0000000-07:00,0.000000,P,,0,,NOAA,2013-08-08T07:41:24.4230000-06:00,in
37,USC00051772,Snow,1993-02-04T00:00:00.0000000-07:00,0.000000,P,,0,,NOAA,2013-08-08T07:41:24.4230000-06:00,in
37,USC00051772,Snow,1993-02-05T00:00:00.0000000-07:00,0.000000,P,,0,,NOAA,2013-08-08T07:41:24.4230000-06:00,in
37,USC00051772,Snow,1993-02-06T00:00:00.0000000-07:00,0.000000,P,,0,,NOAA,2013-08-08T07:41:24.4230000-06:00,in
37,USC00051772,Snow,1993-02-07T00:00:00.0000000-07:00,0.000000,P,,0,,NOAA,2013-08-08T07:41:24.4230000-06:00,in
37,USC00051772,Snow,1993-02-08T00:00:00.0000000-07:00,2.992126,,,0,,NOAA,2013-08-08T07:41:24.4230000-06:00,in
37,USC00051772,Snow,1993-02-09T00:00:00.0000000-07:00,0.000000,P,,0,,NOAA,2013-08-08T07:41:24.4230000-06:00,in
37,USC00051772,Snow,1993-02-10T00:00:00.0000000-07:00,0.000000,P,,0,,NOAA,2013-08-08T07:41:24.4230000-06:00,in
37,USC00051772,Snow,1993-02-11T00:00:00.0000000-07:00,0.000000,,,0,,NOAA,2013-08-08T07:41:24.4230000-06:00,in
37,USC00051772,Snow,1993-02-12T00:00:00.0000000-07:00,0.000000,T,,0,,NOAA,2013-08-08T07:41:24.4230000-06:00,in
37,USC00051772,Snow,1993-02-13T00:00:00.0000000-07:00,0.000000,P,,0,,NOAA,2013-08-08T07:41:24.4230000-06:00,in
37,USC00051772,Snow,1993-02-14T00:00:00.0000000-07:00,0.000000,P,,0,,NOAA,2013-08-08T07:41:24.4230000-06:00,in
37,USC00051772,Snow,1993-02-15T00:00:00.0000000-07:00,0.000000,P,,0,,NOAA,2013-08-08T07:41:24.4230000-06:00,in
37,USC00051772,Snow,1993-02-16T00:00:00.0000000-07:00,0.708661,,,0,,NOAA,2013-08-08T07:41:24.4230000-06:00,in
37,USC00051772,Snow,1993-02-17T00:00:00.0000000-07:00,2.007874,,,0,,NOAA,2013-08-08T07:41:24.4230000-06:00,in
37,USC00051772,Snow,1993-02-18T00:00:00.0000000-07:00,0.000000,,,0,,NOAA,2013-08-08T07:41:24.4230000-06:00,in
37,USC00051772,Snow,1993-02-19T00:00:00.0000000-07:00,0.000000,T,,0,,NOAA,2013-08-08T07:41:24.4230000-06:00,in
37,USC00051772,Snow,1993-02-20T00:00:00.0000000-07:00,0.000000,T,,0,,NOAA,2013-08-08T07:41:24.4230000-06:00,in
37,USC00051772,Snow,1993-02-21T00:00:00.0000000-07:00,0.984252,,,0,,NOAA,2013-08-08T07:41:24.4230000-06:00,in
37,USC00051772,Snow,1993-02-22T00:00:00.0000000-07:00,0.000000,P,,0,,NOAA,2013-08-08T07:41:24.4230000-06:00,in
37,USC00051772,Snow,1993-02-23T00:00:00.0000000-07:00,0.000000,P,,0,,NOAA,2013-08-08T07:41:24.4230000-06:00,in
37,USC00051772,Snow,1993-02-24T00:00:00.0000000-07:00,5.000000,,,0,,NOAA,2013-08-08T07:41:24.4230000-06:00,in
37,USC00051772,Snow,1993-02-25T00:00:00.0000000-07:00,0.984252,,,0,,NOAA,2013-08-08T07:41:24.4230000-06:00,in
37,USC00051772,Snow,1993-02-26T00:00:00.0000000-07:00,0.000000,T,,0,,NOAA,2013-08-08T07:41:24.4230000-06:00,in
37,USC00051772,Snow,1993-02-27T00:00:00.0000000-07:00,0.000000,T,,0,,NOAA,2013-08-08T07:41:24.4230000-06:00,in
37,USC00051772,Snow,1993-02-28T00:00:00.0000000-07:00,0.000000,P,,0,,NOAA,2013-08-08T07:41:24.4230000-06:00,in
37,USC00051772,Snow,1993-03-01T00:00:00.0000000-07:00,0.000000,P,,0,,NOAA,2013-08-08T07:41:24.4230000-06:00,in
37,USC00051772,Snow,1993-03-02T00:00:00.0000000-07:00,0.000000,P,,0,,NOAA,2013-08-08T07:41:24.4230000-06:00,in
37,USC00051772,Snow,1993-03-03T00:00:00.0000000-07:00,0.000000,P,,0,,NOAA,2013-08-08T07:41:24.4230000-06:00,in
37,USC00051772,Snow,1993-03-04T00:00:00.0000000-07:00,0.000000,P,,0,,NOAA,2013-08-08T07:41:24.4230000-06:00,in
37,USC00051772,Snow,1993-03-05T00:00:00.0000000-07:00,0.000000,P,,0,,NOAA,2013-08-08T07:41:24.4230000-06:00,in
37,USC00051772,Snow,1993-03-06T00:00:00.0000000-07:00,0.000000,P,,0,,NOAA,2013-08-08T07:41:24.4230000-06:00,in
37,USC00051772,Snow,1993-03-07T00:00:00.0000000-07:00,0.000000,P,,0,,NOAA,2013-08-08T07:41:24.4230000-06:00,in
37,USC00051772,Snow,1993-03-08T00:00:00.0000000-07:00,0.000000,P,,0,,NOAA,2013-08-08T07:41:24.4230000-06:00,in
37,USC00051772,Snow,1993-03-09T00:00:00.0000000-07:00,0.000000,P,,0,,NOAA,2013-08-08T07:41:24.4230000-06:00,in
37,USC00051772,Snow,1993-03-10T00:00:00.0000000-07:00,0.000000,P,,0,,NOAA,2013-08-08T07:41:24.4230000-06:00,in
37,USC00051772,Snow,1993-03-11T00:00:00.0000000-07:00,0.000000,P,,0,,NOAA,2013-08-08T07:41:24.4230000-06:00,in
37,USC00051772,Snow,1993-03-12T00:00:00.0000000-07:00,0.000000,P,,0,,NOAA,2013-08-08T07:41:24.4230000-06:00,in
37,USC00051772,Snow,1993-03-13T00:00:00.0000000-07:00,0.000000,P,,0,,NOAA,2013-08-08T07:41:24.4230000-06:00,in
37,USC00051772,Snow,1993-03-14T00:00:00.0000000-07:00,0.000000,P,,0,,NOAA,2013-08-08T07:41:24.4230000-06:00,in
37,USC00051772,Snow,1993-03-15T00:00:00.0000000-07:00,0.000000,P,,0,,NOAA,2013-08-08T07:41:24.4230000-06:00,in
37,USC00051772,Snow,1993-03-16T00:00:00.0000000-07:00,0.000000,P,,0,,NOAA,2013-08-08T07:41:24.4230000-06:00,in
37,USC00051772,Snow,1993-03-17T00:00:00.0000000-07:00,0.000000,P,,0,,NOAA,2013-08-08T07:41:24.4230000-06:00,in
37,USC00051772,Snow,1993-03-18T00:00:00.0000000-07:00,0.000000,P,,0,,NOAA,2013-08-08T07:41:24.4230000-06:00,in
37,USC00051772,Snow,1993-03-19T00:00:00.0000000-07:00,0.000000,P,,0,,NOAA,2013-08-08T07:41:24.4230000-06:00,in
37,USC00051772,Snow,1993-03-20T00:00:00.0000000-07:00,0.000000,P,,0,,NOAA,2013-08-08T07:41:24.4230000-06:00,in
37,USC00051772,Snow,1993-03-21T00:00:00.0000000-07:00,0.000000,P,,0,,NOAA,2013-08-08T07:41:24.4230000-06:00,in
37,USC00051772,Snow,1993-03-22T00:00:00.0000000-07:00,0.000000,P,,0,,NOAA,2013-08-08T07:41:24.4230000-06:00,in
37,USC00051772,Snow,1993-03-23T00:00:00.0000000-07:00,0.000000,P,,0,,NOAA,2013-08-08T07:41:24.4230000-06:00,in
37,USC00051772,Snow,1993-03-24T00:00:00.0000000-07:00,0.000000,P,,0,,NOAA,2013-08-08T07:41:24.4230000-06:00,in
37,USC00051772,Snow,1993-03-25T00:00:00.0000000-07:00,0.000000,P,,0,,NOAA,2013-08-08T07:41:24.4230000-06:00,in
37,USC00051772,Snow,1993-03-26T00:00:00.0000000-07:00,0.000000,P,,0,,NOAA,2013-08-08T07:41:24.4230000-06:00,in
37,USC00051772,Snow,1993-03-27T00:00:00.0000000-07:00,0.000000,T,,0,,NOAA,2013-08-08T07:41:24.4230000-06:00,in
37,USC00051772,Snow,1993-03-28T00:00:00.0000000-07:00,0.000000,T,,0,,NOAA,2013-08-08T07:41:24.4230000-06:00,in
37,USC00051772,Snow,1993-03-29T00:00:00.0000000-07:00,0.000000,P,,0,,NOAA,2013-08-08T07:41:24.4230000-06:00,in
37,USC00051772,Snow,1993-03-30T00:00:00.0000000-07:00,0.000000,P,,0,,NOAA,2013-08-08T07:41:24.4230000-06:00,in
37,USC00051772,Snow,1993-03-31T00:00:00.0000000-07:00,0.000000,P,,0,,NOAA,2013-08-08T07:41:24.4230000-06:00,in
37,USC00051772,Snow,1993-04-01T00:00:00.0000000-07:00,0.000000,P,,0,,NOAA,2013-08-08T07:41:24.4230000-06:00,in
37,USC00051772,Snow,1993-04-02T00:00:00.0000000-07:00,0.000000,P,,0,,NOAA,2013-08-08T07:41:24.4230000-06:00,in
37,USC00051772,Snow,1993-04-03T00:00:00.0000000-07:00,0.000000,T,,0,,NOAA,2013-08-08T07:41:24.4230000-06:00,in
37,USC00051772,Snow,1993-04-04T00:00:00.0000000-07:00,0.000000,P,,0,,NOAA,2013-08-08T07:41:24.4230000-06:00,in
37,USC00051772,Snow,1993-04-05T00:00:00.0000000-06:00,0.000000,T,,0,,NOAA,2013-08-08T07:41:24.4230000-06:00,in
37,USC00051772,Snow,1993-04-06T00:00:00.0000000-06:00,0.000000,T,,0,,NOAA,2013-08-08T07:41:24.4230000-06:00,in
37,USC00051772,Snow,1993-04-07T00:00:00.0000000-06:00,0.000000,T,,0,,NOAA,2013-08-08T07:41:24.4230000-06:00,in
37,USC00051772,Snow,1993-04-08T00:00:00.0000000-06:00,0.000000,P,,0,,NOAA,2013-08-08T07:41:24.4230000-06:00,in
37,USC00051772,Snow,1993-04-09T00:00:00.0000000-06:00,0.000000,P,,0,,NOAA,2013-08-08T07:41:24.4230000-06:00,in
37,USC00051772,Snow,1993-04-10T00:00:00.0000000-06:00,0.000000,P,,0,,NOAA,2013-08-08T07:41:24.4230000-06:00,in
37,USC00051772,Snow,1993-04-11T00:00:00.0000000-06:00,0.000000,P,,0,,NOAA,2013-08-08T07:41:24.4230000-06:00,in
37,USC00051772,Snow,1993-04-12T00:00:00.0000000-06:00,0.000000,P,,0,,NOAA,2013-08-08T07:41:24.4230000-06:00,in
37,USC00051772,Snow,1993-04-13T00:00:00.0000000-06:00,0.314961,,,0,,NOAA,2013-08-08T07:41:24.4230000-06:00,in
37,USC00051772,Snow,1993-04-14T00:00:00.0000000-06:00,0.000000,P,,0,,NOAA,2013-08-08T07:41:24.4230000-06:00,in
37,USC00051772,Snow,1993-04-15T00:00:00.0000000-06:00,0.000000,P,,0,,NOAA,2013-08-08T07:41:24.4230000-06:00,in
37,USC00051772,Snow,1993-04-16T00:00:00.0000000-06:00,0.000000,P,,0,,NOAA,2013-08-08T07:41:24.4230000-06:00,in
37,USC00051772,Snow,1993-04-17T00:00:00.0000000-06:00,0.000000,P,,0,,NOAA,2013-08-08T07:41:24.4230000-06:00,in
37,USC00051772,Snow,1993-04-18T00:00:00.0000000-06:00,0.000000,P,,0,,NOAA,2013-08-08T07:41:24.4230000-06:00,in
37,USC00051772,Snow,1993-04-19T00:00:00.0000000-06:00,0.000000,P,,0,,NOAA,2013-08-08T07:41:24.4230000-06:00,in
37,USC00051772,Snow,1993-04-20T00:00:00.0000000-06:00,0.000000,P,,0,,NOAA,2013-08-08T07:41:24.4230000-06:00,in
37,USC00051772,Snow,1993-04-21T00:00:00.0000000-06:00,0.000000,P,,0,,NOAA,2013-08-08T07:41:24.4230000-06:00,in
37,USC00051772,Snow,1993-04-22T00:00:00.0000000-06:00,0.000000,P,,0,,NOAA,2013-08-08T07:41:24.4230000-06:00,in
37,USC00051772,Snow,1993-04-23T00:00:00.0000000-06:00,0.000000,P,,0,,NOAA,2013-08-08T07:41:24.4230000-06:00,in
37,USC00051772,Snow,1993-04-24T00:00:00.0000000-06:00,0.000000,P,,0,,NOAA,2013-08-08T07:41:24.4230000-06:00,in
37,USC00051772,Snow,1993-04-25T00:00:00.0000000-06:00,0.000000,P,,0,,NOAA,2013-08-08T07:41:24.4230000-06:00,in
37,USC00051772,Snow,1993-04-26T00:00:00.0000000-06:00,0.000000,P,,0,,NOAA,2013-08-08T07:41:24.4230000-06:00,in
37,USC00051772,Snow,1993-04-27T00:00:00.0000000-06:00,0.000000,P,,0,,NOAA,2013-08-08T07:41:24.4230000-06:00,in
37,USC00051772,Snow,1993-04-28T00:00:00.0000000-06:00,0.000000,P,,0,,NOAA,2013-08-08T07:41:24.4230000-06:00,in
37,USC00051772,Snow,1993-04-29T00:00:00.0000000-06:00,0.000000,P,,0,,NOAA,2013-08-08T07:41:24.4230000-06:00,in
37,USC00051772,Snow,1993-04-30T00:00:00.0000000-06:00,0.000000,P,,0,,NOAA,2013-08-08T07:41:24.4230000-06:00,in
37,USC00051772,Snow,1993-05-01T00:00:00.0000000-06:00,0.000000,P,,0,,NOAA,2013-08-08T07:41:24.4230000-06:00,in
37,USC00051772,Snow,1993-05-02T00:00:00.0000000-06:00,0.000000,P,,0,,NOAA,2013-08-08T07:41:24.4230000-06:00,in
37,USC00051772,Snow,1993-05-03T00:00:00.0000000-06:00,0.000000,P,,0,,NOAA,2013-08-08T07:41:24.4230000-06:00,in
37,USC00051772,Snow,1993-05-04T00:00:00.0000000-06:00,0.000000,P,,0,,NOAA,2013-08-08T07:41:24.4230000-06:00,in
37,USC00051772,Snow,1993-05-05T00:00:00.0000000-06:00,0.000000,T,,0,,NOAA,2013-08-08T07:41:24.4230000-06:00,in
37,USC00051772,Snow,1993-05-06T00:00:00.0000000-06:00,0.000000,P,,0,,NOAA,2013-08-08T07:41:24.4230000-06:00,in
37,USC00051772,Snow,1993-05-07T00:00:00.0000000-06:00,0.000000,P,,0,,NOAA,2013-08-08T07:41:24.4230000-06:00,in
37,USC00051772,Snow,1993-05-09T00:00:00.0000000-06:00,0.000000,T,,0,,NOAA,2013-08-08T07:41:24.4230000-06:00,in
37,USC00051772,Snow,1993-05-10T00:00:00.0000000-06:00,0.000000,P,,0,,NOAA,2013-08-08T07:41:24.4230000-06:00,in
37,USC00051772,Snow,1993-05-11T00:00:00.0000000-06:00,0.000000,P,,0,,NOAA,2013-08-08T07:41:24.4230000-06:00,in
37,USC00051772,Snow,1993-05-12T00:00:00.0000000-06:00,0.000000,P,,0,,NOAA,2013-08-08T07:41:24.4230000-06:00,in
37,USC00051772,Snow,1993-05-13T00:00:00.0000000-06:00,0.000000,P,,0,,NOAA,2013-08-08T07:41:24.4230000-06:00,in
37,USC00051772,Snow,1993-05-14T00:00:00.0000000-06:00,0.000000,P,,0,,NOAA,2013-08-08T07:41:24.4230000-06:00,in
37,USC00051772,Snow,1993-05-15T00:00:00.0000000-06:00,0.000000,P,,0,,NOAA,2013-08-08T07:41:24.4230000-06:00,in
37,USC00051772,Snow,1993-05-16T00:00:00.0000000-06:00,0.000000,P,,0,,NOAA,2013-08-08T07:41:24.4230000-06:00,in
37,USC00051772,Snow,1993-05-17T00:00:00.0000000-06:00,0.000000,P,,0,,NOAA,2013-08-08T07:41:24.4230000-06:00,in
37,USC00051772,Snow,1993-05-18T00:00:00.0000000-06:00,0.000000,P,,0,,NOAA,2013-08-08T07:41:24.4230000-06:00,in
37,USC00051772,Snow,1993-05-19T00:00:00.0000000-06:00,0.000000,P,,0,,NOAA,2013-08-08T07:41:24.4230000-06:00,in
37,USC00051772,Snow,1993-05-20T00:00:00.0000000-06:00,0.000000,P,,0,,NOAA,2013-08-08T07:41:24.4230000-06:00,in
37,USC00051772,Snow,1993-05-21T00:00:00.0000000-06:00,0.000000,P,,0,,NOAA,2013-08-08T07:41:24.4230000-06:00,in
37,USC00051772,Snow,1993-05-22T00:00:00.0000000-06:00,0.000000,P,,0,,NOAA,2013-08-08T07:41:24.4230000-06:00,in
37,USC00051772,Snow,1993-05-23T00:00:00.0000000-06:00,0.000000,P,,0,,NOAA,2013-08-08T07:41:24.4230000-06:00,in
37,USC00051772,Snow,1993-05-24T00:00:00.0000000-06:00,0.000000,P,,0,,NOAA,2013-08-08T07:41:24.4230000-06:00,in
37,USC00051772,Snow,1993-05-25T00:00:00.0000000-06:00,0.000000,P,,0,,NOAA,2013-08-08T07:41:24.4230000-06:00,in
37,USC00051772,Snow,1993-05-26T00:00:00.0000000-06:00,0.000000,P,,0,,NOAA,2013-08-08T07:41:24.4230000-06:00,in
37,USC00051772,Snow,1993-05-27T00:00:00.0000000-06:00,0.000000,P,,0,,NOAA,2013-08-08T07:41:24.4230000-06:00,in
37,USC00051772,Snow,1993-05-28T00:00:00.0000000-06:00,0.000000,P,,0,,NOAA,2013-08-08T07:41:24.4230000-06:00,in
37,USC00051772,Snow,1993-05-29T00:00:00.0000000-06:00,0.000000,P,,0,,NOAA,2013-08-08T07:41:24.4230000-06:00,in
37,USC00051772,Snow,1993-05-30T00:00:00.0000000-06:00,0.000000,P,,0,,NOAA,2013-08-08T07:41:24.4230000-06:00,in
37,USC00051772,Snow,1993-05-31T00:00:00.0000000-06:00,0.000000,P,,0,,NOAA,2013-08-08T07:41:24.4230000-06:00,in
37,USC00051772,Snow,1993-06-01T00:00:00.0000000-06:00,0.000000,P,,0,,NOAA,2013-08-08T07:41:24.4230000-06:00,in
37,USC00051772,Snow,1993-06-02T00:00:00.0000000-06:00,0.000000,P,,0,,NOAA,2013-08-08T07:41:24.4230000-06:00,in
37,USC00051772,Snow,1993-06-03T00:00:00.0000000-06:00,0.000000,P,,0,,NOAA,2013-08-08T07:41:24.4230000-06:00,in
37,USC00051772,Snow,1993-06-04T00:00:00.0000000-06:00,0.000000,P,,0,,NOAA,2013-08-08T07:41:24.4230000-06:00,in
37,USC00051772,Snow,1993-06-05T00:00:00.0000000-06:00,0.000000,P,,0,,NOAA,2013-08-08T07:41:24.4230000-06:00,in
37,USC00051772,Snow,1993-06-06T00:00:00.0000000-06:00,0.000000,P,,0,,NOAA,2013-08-08T07:41:24.4230000-06:00,in
37,USC00051772,Snow,1993-06-07T00:00:00.0000000-06:00,0.000000,P,,0,,NOAA,2013-08-08T07:41:24.4230000-06:00,in
37,USC00051772,Snow,1993-06-08T00:00:00.0000000-06:00,0.000000,P,,0,,NOAA,2013-08-08T07:41:24.4230000-06:00,in
37,USC00051772,Snow,1993-06-09T00:00:00.0000000-06:00,0.000000,P,,0,,NOAA,2013-08-08T07:41:24.4230000-06:00,in
37,USC00051772,Snow,1993-06-10T00:00:00.0000000-06:00,0.000000,P,,0,,NOAA,2013-08-08T07:41:24.4230000-06:00,in
37,USC00051772,Snow,1993-06-11T00:00:00.0000000-06:00,0.000000,P,,0,,NOAA,2013-08-08T07:41:24.4230000-06:00,in
37,USC00051772,Snow,1993-06-12T00:00:00.0000000-06:00,0.000000,P,,0,,NOAA,2013-08-08T07:41:24.4230000-06:00,in
37,USC00051772,Snow,1993-06-13T00:00:00.0000000-06:00,0.000000,P,,0,,NOAA,2013-08-08T07:41:24.4230000-06:00,in
37,USC00051772,Snow,1993-06-14T00:00:00.0000000-06:00,0.000000,P,,0,,NOAA,2013-08-08T07:41:24.4230000-06:00,in
37,USC00051772,Snow,1993-06-15T00:00:00.0000000-06:00,0.000000,P,,0,,NOAA,2013-08-08T07:41:24.4230000-06:00,in
37,USC00051772,Snow,1993-06-16T00:00:00.0000000-06:00,0.000000,P,,0,,NOAA,2013-08-08T07:41:24.4230000-06:00,in
37,USC00051772,Snow,1993-06-17T00:00:00.0000000-06:00,0.000000,P,,0,,NOAA,2013-08-08T07:41:24.4230000-06:00,in
37,USC00051772,Snow,1993-06-18T00:00:00.0000000-06:00,0.000000,P,,0,,NOAA,2013-08-08T07:41:24.4230000-06:00,in
37,USC00051772,Snow,1993-06-19T00:00:00.0000000-06:00,0.000000,P,,0,,NOAA,2013-08-08T07:41:24.4230000-06:00,in
37,USC00051772,Snow,1993-06-20T00:00:00.0000000-06:00,0.000000,P,,0,,NOAA,2013-08-08T07:41:24.4230000-06:00,in
37,USC00051772,Snow,1993-06-21T00:00:00.0000000-06:00,0.000000,P,,0,,NOAA,2013-08-08T07:41:24.4230000-06:00,in
37,USC00051772,Snow,1993-06-22T00:00:00.0000000-06:00,0.000000,P,,0,,NOAA,2013-08-08T07:41:24.4230000-06:00,in
37,USC00051772,Snow,1993-06-23T00:00:00.0000000-06:00,0.000000,P,,0,,NOAA,2013-08-08T07:41:24.4230000-06:00,in
37,USC00051772,Snow,1993-06-24T00:00:00.0000000-06:00,0.000000,P,,0,,NOAA,2013-08-08T07:41:24.4230000-06:00,in
37,USC00051772,Snow,1993-06-25T00:00:00.0000000-06:00,0.000000,P,,0,,NOAA,2013-08-08T07:41:24.4230000-06:00,in
37,USC00051772,Snow,1993-06-26T00:00:00.0000000-06:00,0.000000,P,,0,,NOAA,2013-08-08T07:41:24.4230000-06:00,in
37,USC00051772,Snow,1993-06-27T00:00:00.0000000-06:00,0.000000,P,,0,,NOAA,2013-08-08T07:41:24.4230000-06:00,in
37,USC00051772,Snow,1993-06-28T00:00:00.0000000-06:00,0.000000,P,,0,,NOAA,2013-08-08T07:41:24.4230000-06:00,in
37,USC00051772,Snow,1993-06-29T00:00:00.0000000-06:00,0.000000,P,,0,,NOAA,2013-08-08T07:41:24.4230000-06:00,in
37,USC00051772,Snow,1993-06-30T00:00:00.0000000-06:00,0.000000,P,,0,,NOAA,2013-08-08T07:41:24.4230000-06:00,in
37,USC00051772,Snow,1993-07-01T00:00:00.0000000-06:00,0.000000,P,,0,,NOAA,2013-08-08T07:41:24.4230000-06:00,in
37,USC00051772,Snow,1993-07-02T00:00:00.0000000-06:00,0.000000,P,,0,,NOAA,2013-08-08T07:41:24.4230000-06:00,in
37,USC00051772,Snow,1993-07-03T00:00:00.0000000-06:00,0.000000,P,,0,,NOAA,2013-08-08T07:41:24.4230000-06:00,in
37,USC00051772,Snow,1993-07-04T00:00:00.0000000-06:00,0.000000,P,,0,,NOAA,2013-08-08T07:41:24.4230000-06:00,in
37,USC00051772,Snow,1993-07-05T00:00:00.0000000-06:00,0.000000,P,,0,,NOAA,2013-08-08T07:41:24.4230000-06:00,in
37,USC00051772,Snow,1993-07-06T00:00:00.0000000-06:00,0.000000,P,,0,,NOAA,2013-08-08T07:41:24.4230000-06:00,in
37,USC00051772,Snow,1993-07-07T00:00:00.0000000-06:00,0.000000,P,,0,,NOAA,2013-08-08T07:41:24.4230000-06:00,in
37,USC00051772,Snow,1993-07-08T00:00:00.0000000-06:00,0.000000,P,,0,,NOAA,2013-08-08T07:41:24.4230000-06:00,in
37,USC00051772,Snow,1993-07-09T00:00:00.0000000-06:00,0.000000,P,,0,,NOAA,2013-08-08T07:41:24.4230000-06:00,in
37,USC00051772,Snow,1993-07-10T00:00:00.0000000-06:00,0.000000,P,,0,,NOAA,2013-08-08T07:41:24.4230000-06:00,in
37,USC00051772,Snow,1993-07-11T00:00:00.0000000-06:00,0.000000,P,,0,,NOAA,2013-08-08T07:41:24.4230000-06:00,in
37,USC00051772,Snow,1993-07-12T00:00:00.0000000-06:00,0.000000,P,,0,,NOAA,2013-08-08T07:41:24.4230000-06:00,in
37,USC00051772,Snow,1993-07-13T00:00:00.0000000-06:00,0.000000,P,,0,,NOAA,2013-08-08T07:41:24.4230000-06:00,in
37,USC00051772,Snow,1993-07-14T00:00:00.0000000-06:00,0.000000,P,,0,,NOAA,2013-08-08T07:41:24.4230000-06:00,in
37,USC00051772,Snow,1993-07-15T00:00:00.0000000-06:00,0.000000,P,,0,,NOAA,2013-08-08T07:41:24.4230000-06:00,in
37,USC00051772,Snow,1993-07-16T00:00:00.0000000-06:00,0.000000,P,,0,,NOAA,2013-08-08T07:41:24.4230000-06:00,in
37,USC00051772,Snow,1993-07-17T00:00:00.0000000-06:00,0.000000,P,,0,,NOAA,2013-08-08T07:41:24.4230000-06:00,in
37,USC00051772,Snow,1993-07-18T00:00:00.0000000-06:00,0.000000,P,,0,,NOAA,2013-08-08T07:41:24.4230000-06:00,in
37,USC00051772,Snow,1993-07-19T00:00:00.0000000-06:00,0.000000,P,,0,,NOAA,2013-08-08T07:41:24.4230000-06:00,in
37,USC00051772,Snow,1993-07-20T00:00:00.0000000-06:00,0.000000,P,,0,,NOAA,2013-08-08T07:41:24.4230000-06:00,in
37,USC00051772,Snow,1993-07-21T00:00:00.0000000-06:00,0.000000,P,,0,,NOAA,2013-08-08T07:41:24.4230000-06:00,in
37,USC00051772,Snow,1993-07-22T00:00:00.0000000-06:00,0.000000,P,,0,,NOAA,2013-08-08T07:41:24.4230000-06:00,in
37,USC00051772,Snow,1993-07-23T00:00:00.0000000-06:00,0.000000,P,,0,,NOAA,2013-08-08T07:41:24.4230000-06:00,in
37,USC00051772,Snow,1993-07-24T00:00:00.0000000-06:00,0.000000,P,,0,,NOAA,2013-08-08T07:41:24.4230000-06:00,in
37,USC00051772,Snow,1993-07-25T00:00:00.0000000-06:00,0.000000,P,,0,,NOAA,2013-08-08T07:41:24.4230000-06:00,in
37,USC00051772,Snow,1993-07-26T00:00:00.0000000-06:00,0.000000,P,,0,,NOAA,2013-08-08T07:41:24.4230000-06:00,in
37,USC00051772,Snow,1993-07-27T00:00:00.0000000-06:00,0.000000,P,,0,,NOAA,2013-08-08T07:41:24.4230000-06:00,in
37,USC00051772,Snow,1993-07-28T00:00:00.0000000-06:00,0.000000,P,,0,,NOAA,2013-08-08T07:41:24.4230000-06:00,in
37,USC00051772,Snow,1993-07-29T00:00:00.0000000-06:00,0.000000,P,,0,,NOAA,2013-08-08T07:41:24.4230000-06:00,in
37,USC00051772,Snow,1993-07-30T00:00:00.0000000-06:00,0.000000,P,,0,,NOAA,2013-08-08T07:41:24.4230000-06:00,in
37,USC00051772,Snow,1993-07-31T00:00:00.0000000-06:00,0.000000,P,,0,,NOAA,2013-08-08T07:41:24.4230000-06:00,in
37,USC00051772,Snow,1993-08-01T00:00:00.0000000-06:00,0.000000,P,,0,,NOAA,2013-08-08T07:41:24.4230000-06:00,in
37,USC00051772,Snow,1993-08-02T00:00:00.0000000-06:00,0.000000,P,,0,,NOAA,2013-08-08T07:41:24.4230000-06:00,in
37,USC00051772,Snow,1993-08-03T00:00:00.0000000-06:00,0.000000,P,,0,,NOAA,2013-08-08T07:41:24.4230000-06:00,in
37,USC00051772,Snow,1993-08-04T00:00:00.0000000-06:00,0.000000,P,,0,,NOAA,2013-08-08T07:41:24.4230000-06:00,in
37,USC00051772,Snow,1993-08-05T00:00:00.0000000-06:00,0.000000,P,,0,,NOAA,2013-08-08T07:41:24.4230000-06:00,in
37,USC00051772,Snow,1993-08-06T00:00:00.0000000-06:00,0.000000,P,,0,,NOAA,2013-08-08T07:41:24.4230000-06:00,in
37,USC00051772,Snow,1993-08-07T00:00:00.0000000-06:00,0.000000,P,,0,,NOAA,2013-08-08T07:41:24.4230000-06:00,in
37,USC00051772,Snow,1993-08-08T00:00:00.0000000-06:00,0.000000,P,,0,,NOAA,2013-08-08T07:41:24.4230000-06:00,in
37,USC00051772,Snow,1993-08-09T00:00:00.0000000-06:00,0.000000,P,,0,,NOAA,2013-08-08T07:41:24.4230000-06:00,in
37,USC00051772,Snow,1993-08-10T00:00:00.0000000-06:00,0.000000,P,,0,,NOAA,2013-08-08T07:41:24.4230000-06:00,in
37,USC00051772,Snow,1993-08-11T00:00:00.0000000-06:00,0.000000,P,,0,,NOAA,2013-08-08T07:41:24.4230000-06:00,in
37,USC00051772,Snow,1993-08-12T00:00:00.0000000-06:00,0.000000,P,,0,,NOAA,2013-08-08T07:41:24.4230000-06:00,in
37,USC00051772,Snow,1993-08-13T00:00:00.0000000-06:00,0.000000,P,,0,,NOAA,2013-08-08T07:41:24.4230000-06:00,in
37,USC00051772,Snow,1993-08-14T00:00:00.0000000-06:00,0.000000,P,,0,,NOAA,2013-08-08T07:41:24.4230000-06:00,in
37,USC00051772,Snow,1993-08-15T00:00:00.0000000-06:00,0.000000,P,,0,,NOAA,2013-08-08T07:41:24.4230000-06:00,in
37,USC00051772,Snow,1993-08-16T00:00:00.0000000-06:00,0.000000,P,,0,,NOAA,2013-08-08T07:41:24.4230000-06:00,in
37,USC00051772,Snow,1993-08-17T00:00:00.0000000-06:00,0.000000,P,,0,,NOAA,2013-08-08T07:41:24.4230000-06:00,in
37,USC00051772,Snow,1993-08-18T00:00:00.0000000-06:00,0.000000,P,,0,,NOAA,2013-08-08T07:41:24.4230000-06:00,in
37,USC00051772,Snow,1993-08-19T00:00:00.0000000-06:00,0.000000,P,,0,,NOAA,2013-08-08T07:41:24.4230000-06:00,in
37,USC00051772,Snow,1993-08-20T00:00:00.0000000-06:00,0.000000,P,,0,,NOAA,2013-08-08T07:41:24.4230000-06:00,in
37,USC00051772,Snow,1993-08-21T00:00:00.0000000-06:00,0.000000,P,,0,,NOAA,2013-08-08T07:41:24.4230000-06:00,in
37,USC00051772,Snow,1993-08-22T00:00:00.0000000-06:00,0.000000,P,,0,,NOAA,2013-08-08T07:41:24.4230000-06:00,in
37,USC00051772,Snow,1993-08-23T00:00:00.0000000-06:00,0.000000,P,,0,,NOAA,2013-08-08T07:41:24.4230000-06:00,in
37,USC00051772,Snow,1993-08-24T00:00:00.0000000-06:00,0.000000,P,,0,,NOAA,2013-08-08T07:41:24.4230000-06:00,in
37,USC00051772,Snow,1993-08-25T00:00:00.0000000-06:00,0.000000,P,,0,,NOAA,2013-08-08T07:41:24.4230000-06:00,in
37,USC00051772,Snow,1993-08-26T00:00:00.0000000-06:00,0.000000,P,,0,,NOAA,2013-08-08T07:41:24.4230000-06:00,in
37,USC00051772,Snow,1993-08-27T00:00:00.0000000-06:00,0.000000,P,,0,,NOAA,2013-08-08T07:41:24.4230000-06:00,in
37,USC00051772,Snow,1993-08-28T00:00:00.0000000-06:00,0.000000,P,,0,,NOAA,2013-08-08T07:41:24.4230000-06:00,in
37,USC00051772,Snow,1993-08-29T00:00:00.0000000-06:00,0.000000,P,,0,,NOAA,2013-08-08T07:41:24.4230000-06:00,in
37,USC00051772,Snow,1993-08-30T00:00:00.0000000-06:00,0.000000,P,,0,,NOAA,2013-08-08T07:41:24.4230000-06:00,in
37,USC00051772,Snow,1993-08-31T00:00:00.0000000-06:00,0.000000,P,,0,,NOAA,2013-08-08T07:41:24.4230000-06:00,in
37,USC00051772,Snow,1993-09-01T00:00:00.0000000-06:00,0.000000,P,,0,,NOAA,2013-08-08T07:41:24.4230000-06:00,in
37,USC00051772,Snow,1993-09-02T00:00:00.0000000-06:00,0.000000,P,,0,,NOAA,2013-08-08T07:41:24.4230000-06:00,in
37,USC00051772,Snow,1993-09-03T00:00:00.0000000-06:00,0.000000,P,,0,,NOAA,2013-08-08T07:41:24.4230000-06:00,in
37,USC00051772,Snow,1993-09-04T00:00:00.0000000-06:00,0.000000,P,,0,,NOAA,2013-08-08T07:41:24.4230000-06:00,in
37,USC00051772,Snow,1993-09-05T00:00:00.0000000-06:00,0.000000,P,,0,,NOAA,2013-08-08T07:41:24.4230000-06:00,in
37,USC00051772,Snow,1993-09-06T00:00:00.0000000-06:00,0.000000,P,,0,,NOAA,2013-08-08T07:41:24.4230000-06:00,in
37,USC00051772,Snow,1993-09-07T00:00:00.0000000-06:00,0.000000,P,,0,,NOAA,2013-08-08T07:41:24.4230000-06:00,in
37,USC00051772,Snow,1993-09-08T00:00:00.0000000-06:00,0.000000,P,,0,,NOAA,2013-08-08T07:41:24.4230000-06:00,in
37,USC00051772,Snow,1993-09-09T00:00:00.0000000-06:00,0.000000,P,,0,,NOAA,2013-08-08T07:41:24.4230000-06:00,in
37,USC00051772,Snow,1993-09-10T00:00:00.0000000-06:00,0.000000,P,,0,,NOAA,2013-08-08T07:41:24.4230000-06:00,in
37,USC00051772,Snow,1993-09-11T00:00:00.0000000-06:00,0.000000,P,,0,,NOAA,2013-08-08T07:41:24.4230000-06:00,in
37,USC00051772,Snow,1993-09-12T00:00:00.0000000-06:00,0.000000,P,,0,,NOAA,2013-08-08T07:41:24.4230000-06:00,in
37,USC00051772,Snow,1993-09-13T00:00:00.0000000-06:00,0.000000,P,,0,,NOAA,2013-08-08T07:41:24.4230000-06:00,in
37,USC00051772,Snow,1993-09-14T00:00:00.0000000-06:00,0.000000,P,,0,,NOAA,2013-08-08T07:41:24.4230000-06:00,in
37,USC00051772,Snow,1993-09-15T00:00:00.0000000-06:00,0.000000,P,,0,,NOAA,2013-08-08T07:41:24.4230000-06:00,in
37,USC00051772,Snow,1993-09-16T00:00:00.0000000-06:00,0.000000,P,,0,,NOAA,2013-08-08T07:41:24.4230000-06:00,in
37,USC00051772,Snow,1993-09-17T00:00:00.0000000-06:00,0.000000,P,,0,,NOAA,2013-08-08T07:41:24.4230000-06:00,in
37,USC00051772,Snow,1993-09-18T00:00:00.0000000-06:00,0.000000,P,,0,,NOAA,2013-08-08T07:41:24.4230000-06:00,in
37,USC00051772,Snow,1993-09-19T00:00:00.0000000-06:00,0.000000,P,,0,,NOAA,2013-08-08T07:41:24.4230000-06:00,in
37,USC00051772,Snow,1993-09-20T00:00:00.0000000-06:00,0.000000,P,,0,,NOAA,2013-08-08T07:41:24.4230000-06:00,in
37,USC00051772,Snow,1993-09-21T00:00:00.0000000-06:00,0.000000,P,,0,,NOAA,2013-08-08T07:41:24.4230000-06:00,in
37,USC00051772,Snow,1993-09-22T00:00:00.0000000-06:00,0.000000,P,,0,,NOAA,2013-08-08T07:41:24.4230000-06:00,in
37,USC00051772,Snow,1993-09-23T00:00:00.0000000-06:00,0.000000,P,,0,,NOAA,2013-08-08T07:41:24.4230000-06:00,in
37,USC00051772,Snow,1993-09-24T00:00:00.0000000-06:00,0.000000,P,,0,,NOAA,2013-08-08T07:41:24.4230000-06:00,in
37,USC00051772,Snow,1993-09-25T00:00:00.0000000-06:00,0.000000,P,,0,,NOAA,2013-08-08T07:41:24.4230000-06:00,in
37,USC00051772,Snow,1993-09-26T00:00:00.0000000-06:00,0.000000,P,,0,,NOAA,2013-08-08T07:41:24.4230000-06:00,in
37,USC00051772,Snow,1993-09-27T00:00:00.0000000-06:00,0.000000,P,,0,,NOAA,2013-08-08T07:41:24.4230000-06:00,in
37,USC00051772,Snow,1993-09-28T00:00:00.0000000-06:00,0.000000,P,,0,,NOAA,2013-08-08T07:41:24.4230000-06:00,in
37,USC00051772,Snow,1993-09-29T00:00:00.0000000-06:00,0.000000,P,,0,,NOAA,2013-08-08T07:41:24.4230000-06:00,in
37,USC00051772,Snow,1993-09-30T00:00:00.0000000-06:00,0.000000,P,,0,,NOAA,2013-08-08T07:41:24.4230000-06:00,in
37,USC00051772,Snow,1993-10-01T00:00:00.0000000-06:00,0.000000,P,,0,,NOAA,2013-08-08T07:41:24.4230000-06:00,in
37,USC00051772,Snow,1993-10-02T00:00:00.0000000-06:00,0.000000,P,,0,,NOAA,2013-08-08T07:41:24.4230000-06:00,in
37,USC00051772,Snow,1993-10-03T00:00:00.0000000-06:00,0.000000,P,,0,,NOAA,2013-08-08T07:41:24.4230000-06:00,in
37,USC00051772,Snow,1993-10-04T00:00:00.0000000-06:00,0.000000,P,,0,,NOAA,2013-08-08T07:41:24.4230000-06:00,in
37,USC00051772,Snow,1993-10-05T00:00:00.0000000-06:00,0.000000,P,,0,,NOAA,2013-08-08T07:41:24.4230000-06:00,in
37,USC00051772,Snow,1993-10-06T00:00:00.0000000-06:00,0.000000,P,,0,,NOAA,2013-08-08T07:41:24.4230000-06:00,in
37,USC00051772,Snow,1993-10-07T00:00:00.0000000-06:00,0.000000,P,,0,,NOAA,2013-08-08T07:41:24.4230000-06:00,in
37,USC00051772,Snow,1993-10-08T00:00:00.0000000-06:00,0.000000,P,,0,,NOAA,2013-08-08T07:41:24.4230000-06:00,in
37,USC00051772,Snow,1993-10-09T00:00:00.0000000-06:00,0.000000,P,,0,,NOAA,2013-08-08T07:41:24.4230000-06:00,in
37,USC00051772,Snow,1993-10-10T00:00:00.0000000-06:00,0.000000,P,,0,,NOAA,2013-08-08T07:41:24.4230000-06:00,in
37,USC00051772,Snow,1993-10-11T00:00:00.0000000-06:00,0.000000,P,,0,,NOAA,2013-08-08T07:41:24.4230000-06:00,in
37,USC00051772,Snow,1993-10-12T00:00:00.0000000-06:00,0.000000,P,,0,,NOAA,2013-08-08T07:41:24.4230000-06:00,in
37,USC00051772,Snow,1993-10-13T00:00:00.0000000-06:00,0.000000,P,,0,,NOAA,2013-08-08T07:41:24.4230000-06:00,in
37,USC00051772,Snow,1993-10-14T00:00:00.0000000-06:00,0.000000,P,,0,,NOAA,2013-08-08T07:41:24.4230000-06:00,in
37,USC00051772,Snow,1993-10-15T00:00:00.0000000-06:00,0.000000,P,,0,,NOAA,2013-08-08T07:41:24.4230000-06:00,in
37,USC00051772,Snow,1993-10-16T00:00:00.0000000-06:00,0.000000,P,,0,,NOAA,2013-08-08T07:41:24.4230000-06:00,in
37,USC00051772,Snow,1993-10-17T00:00:00.0000000-06:00,0.000000,P,,0,,NOAA,2013-08-08T07:41:24.4230000-06:00,in
37,USC00051772,Snow,1993-10-18T00:00:00.0000000-06:00,0.000000,P,,0,,NOAA,2013-08-08T07:41:24.4230000-06:00,in
37,USC00051772,Snow,1993-10-19T00:00:00.0000000-06:00,0.000000,P,,0,,NOAA,2013-08-08T07:41:24.4230000-06:00,in
37,USC00051772,Snow,1993-10-20T00:00:00.0000000-06:00,0.000000,P,,0,,NOAA,2013-08-08T07:41:24.4230000-06:00,in
37,USC00051772,Snow,1993-10-21T00:00:00.0000000-06:00,0.000000,P,,0,,NOAA,2013-08-08T07:41:24.4230000-06:00,in
37,USC00051772,Snow,1993-10-22T00:00:00.0000000-06:00,0.000000,P,,0,,NOAA,2013-08-08T07:41:24.4230000-06:00,in
37,USC00051772,Snow,1993-10-23T00:00:00.0000000-06:00,0.000000,P,,0,,NOAA,2013-08-08T07:41:24.4230000-06:00,in
37,USC00051772,Snow,1993-10-24T00:00:00.0000000-06:00,0.000000,P,,0,,NOAA,2013-08-08T07:41:24.4230000-06:00,in
37,USC00051772,Snow,1993-10-25T00:00:00.0000000-06:00,0.000000,P,,0,,NOAA,2013-08-08T07:41:24.4230000-06:00,in
37,USC00051772,Snow,1993-10-26T00:00:00.0000000-06:00,0.000000,P,,0,,NOAA,2013-08-08T07:41:24.4230000-06:00,in
37,USC00051772,Snow,1993-10-27T00:00:00.0000000-06:00,0.000000,P,,0,,NOAA,2013-08-08T07:41:24.4230000-06:00,in
37,USC00051772,Snow,1993-10-28T00:00:00.0000000-06:00,0.000000,P,,0,,NOAA,2013-08-08T07:41:24.4230000-06:00,in
37,USC00051772,Snow,1993-10-29T00:00:00.0000000-06:00,0.000000,P,,0,,NOAA,2013-08-08T07:41:24.4230000-06:00,in
37,USC00051772,Snow,1993-10-30T00:00:00.0000000-06:00,0.000000,P,,0,,NOAA,2013-08-08T07:41:24.4230000-06:00,in
37,USC00051772,Snow,1993-10-31T00:00:00.0000000-06:00,0.000000,P,,0,,NOAA,2013-08-08T07:41:24.4230000-06:00,in
37,USC00051772,Snow,1993-11-01T00:00:00.0000000-07:00,0.000000,P,,0,,NOAA,2013-08-08T07:41:24.4230000-06:00,in
37,USC00051772,Snow,1993-11-02T00:00:00.0000000-07:00,0.000000,P,,0,,NOAA,2013-08-08T07:41:24.4230000-06:00,in
37,USC00051772,Snow,1993-11-03T00:00:00.0000000-07:00,0.000000,P,,0,,NOAA,2013-08-08T07:41:24.4230000-06:00,in
37,USC00051772,Snow,1993-11-04T00:00:00.0000000-07:00,0.000000,P,,0,,NOAA,2013-08-08T07:41:24.4230000-06:00,in
37,USC00051772,Snow,1993-11-05T00:00:00.0000000-07:00,0.000000,P,,0,,NOAA,2013-08-08T07:41:24.4230000-06:00,in
37,USC00051772,Snow,1993-11-06T00:00:00.0000000-07:00,0.000000,P,,0,,NOAA,2013-08-08T07:41:24.4230000-06:00,in
37,USC00051772,Snow,1993-11-07T00:00:00.0000000-07:00,0.000000,P,,0,,NOAA,2013-08-08T07:41:24.4230000-06:00,in
37,USC00051772,Snow,1993-11-08T00:00:00.0000000-07:00,0.000000,P,,0,,NOAA,2013-08-08T07:41:24.4230000-06:00,in
37,USC00051772,Snow,1993-11-09T00:00:00.0000000-07:00,0.000000,P,,0,,NOAA,2013-08-08T07:41:24.4230000-06:00,in
37,USC00051772,Snow,1993-11-10T00:00:00.0000000-07:00,0.000000,P,,0,,NOAA,2013-08-08T07:41:24.4230000-06:00,in
37,USC00051772,Snow,1993-11-11T00:00:00.0000000-07:00,0.000000,P,,0,,NOAA,2013-08-08T07:41:24.4230000-06:00,in
37,USC00051772,Snow,1993-11-13T00:00:00.0000000-07:00,0.000000,T,,0,,NOAA,2013-08-08T07:41:24.4230000-06:00,in
37,USC00051772,Snow,1993-11-14T00:00:00.0000000-07:00,0.000000,P,,0,,NOAA,2013-08-08T07:41:24.4230000-06:00,in
37,USC00051772,Snow,1993-11-15T00:00:00.0000000-07:00,0.000000,P,,0,,NOAA,2013-08-08T07:41:24.4230000-06:00,in
37,USC00051772,Snow,1993-11-16T00:00:00.0000000-07:00,0.000000,P,,0,,NOAA,2013-08-08T07:41:24.4230000-06:00,in
37,USC00051772,Snow,1993-11-17T00:00:00.0000000-07:00,0.000000,P,,0,,NOAA,2013-08-08T07:41:24.4230000-06:00,in
37,USC00051772,Snow,1993-11-18T00:00:00.0000000-07:00,0.000000,P,,0,,NOAA,2013-08-08T07:41:24.4230000-06:00,in
37,USC00051772,Snow,1993-11-19T00:00:00.0000000-07:00,0.000000,P,,0,,NOAA,2013-08-08T07:41:24.4230000-06:00,in
37,USC00051772,Snow,1993-11-20T00:00:00.0000000-07:00,0.000000,P,,0,,NOAA,2013-08-08T07:41:24.4230000-06:00,in
37,USC00051772,Snow,1993-11-21T00:00:00.0000000-07:00,0.000000,P,,0,,NOAA,2013-08-08T07:41:24.4230000-06:00,in
37,USC00051772,Snow,1993-11-22T00:00:00.0000000-07:00,0.000000,,,0,,NOAA,2013-08-08T07:41:24.4230000-06:00,in
37,USC00051772,Snow,1993-11-23T00:00:00.0000000-07:00,0.000000,T,,0,,NOAA,2013-08-08T07:41:24.4230000-06:00,in
37,USC00051772,Snow,1993-11-24T00:00:00.0000000-07:00,0.000000,T,,0,,NOAA,2013-08-08T07:41:24.4230000-06:00,in
37,USC00051772,Snow,1993-11-25T00:00:00.0000000-07:00,0.000000,P,,0,,NOAA,2013-08-08T07:41:24.4230000-06:00,in
37,USC00051772,Snow,1993-11-26T00:00:00.0000000-07:00,0.000000,P,,0,,NOAA,2013-08-08T07:41:24.4230000-06:00,in
37,USC00051772,Snow,1993-11-27T00:00:00.0000000-07:00,0.000000,P,,0,,NOAA,2013-08-08T07:41:24.4230000-06:00,in
37,USC00051772,Snow,1993-11-28T00:00:00.0000000-07:00,0.000000,P,,0,,NOAA,2013-08-08T07:41:24.4230000-06:00,in
37,USC00051772,Snow,1993-11-29T00:00:00.0000000-07:00,0.000000,P,,0,,NOAA,2013-08-08T07:41:24.4230000-06:00,in
37,USC00051772,Snow,1993-11-30T00:00:00.0000000-07:00,0.000000,P,,0,,NOAA,2013-08-08T07:41:24.4230000-06:00,in
37,USC00051772,Snow,1993-12-01T00:00:00.0000000-07:00,0.000000,P,,0,,NOAA,2013-08-08T07:41:24.4230000-06:00,in
37,USC00051772,Snow,1993-12-02T00:00:00.0000000-07:00,0.000000,P,,0,,NOAA,2013-08-08T07:41:24.4230000-06:00,in
37,USC00051772,Snow,1993-12-03T00:00:00.0000000-07:00,0.000000,P,,0,,NOAA,2013-08-08T07:41:24.4230000-06:00,in
37,USC00051772,Snow,1993-12-04T00:00:00.0000000-07:00,0.000000,P,,0,,NOAA,2013-08-08T07:41:24.4230000-06:00,in
37,USC00051772,Snow,1993-12-05T00:00:00.0000000-07:00,0.000000,P,,0,,NOAA,2013-08-08T07:41:24.4230000-06:00,in
37,USC00051772,Snow,1993-12-06T00:00:00.0000000-07:00,0.000000,P,,0,,NOAA,2013-08-08T07:41:24.4230000-06:00,in
37,USC00051772,Snow,1993-12-07T00:00:00.0000000-07:00,0.000000,P,,0,,NOAA,2013-08-08T07:41:24.4230000-06:00,in
37,USC00051772,Snow,1993-12-08T00:00:00.0000000-07:00,0.000000,P,,0,,NOAA,2013-08-08T07:41:24.4230000-06:00,in
37,USC00051772,Snow,1993-12-09T00:00:00.0000000-07:00,0.000000,P,,0,,NOAA,2013-08-08T07:41:24.4230000-06:00,in
37,USC00051772,Snow,1993-12-10T00:00:00.0000000-07:00,0.000000,P,,0,,NOAA,2013-08-08T07:41:24.4230000-06:00,in
37,USC00051772,Snow,1993-12-13T00:00:00.0000000-07:00,0.000000,P,,0,,NOAA,2013-08-08T07:41:24.4230000-06:00,in
37,USC00051772,Snow,1993-12-14T00:00:00.0000000-07:00,0.000000,P,,0,,NOAA,2013-08-08T07:41:24.4230000-06:00,in
37,USC00051772,Snow,1993-12-15T00:00:00.0000000-07:00,0.000000,P,,0,,NOAA,2013-08-08T07:41:24.4230000-06:00,in
37,USC00051772,Snow,1993-12-16T00:00:00.0000000-07:00,0.984252,,,0,,NOAA,2013-08-08T07:41:24.4230000-06:00,in
37,USC00051772,Snow,1993-12-17T00:00:00.0000000-07:00,1.496063,,,0,,NOAA,2013-08-08T07:41:24.4230000-06:00,in
37,USC00051772,Snow,1993-12-18T00:00:00.0000000-07:00,0.000000,P,,0,,NOAA,2013-08-08T07:41:24.4230000-06:00,in
37,USC00051772,Snow,1993-12-19T00:00:00.0000000-07:00,0.000000,P,,0,,NOAA,2013-08-08T07:41:24.4230000-06:00,in
37,USC00051772,Snow,1993-12-20T00:00:00.0000000-07:00,0.000000,P,,0,,NOAA,2013-08-08T07:41:24.4230000-06:00,in
37,USC00051772,Snow,1993-12-21T00:00:00.0000000-07:00,0.000000,P,,0,,NOAA,2013-08-08T07:41:24.4230000-06:00,in
37,USC00051772,Snow,1993-12-22T00:00:00.0000000-07:00,0.000000,P,,0,,NOAA,2013-08-08T07:41:24.4230000-06:00,in
37,USC00051772,Snow,1993-12-23T00:00:00.0000000-07:00,0.000000,P,,0,,NOAA,2013-08-08T07:41:24.4230000-06:00,in
37,USC00051772,Snow,1993-12-24T00:00:00.0000000-07:00,0.000000,P,,0,,NOAA,2013-08-08T07:41:24.4230000-06:00,in
37,USC00051772,Snow,1993-12-25T00:00:00.0000000-07:00,0.000000,P,,0,,NOAA,2013-08-08T07:41:24.4230000-06:00,in
37,USC00051772,Snow,1993-12-26T00:00:00.0000000-07:00,0.000000,P,,0,,NOAA,2013-08-08T07:41:24.4230000-06:00,in
37,USC00051772,Snow,1993-12-27T00:00:00.0000000-07:00,0.000000,P,,0,,NOAA,2013-08-08T07:41:24.4230000-06:00,in
37,USC00051772,Snow,1993-12-28T00:00:00.0000000-07:00,2.519685,,,0,,NOAA,2013-08-08T07:41:24.4230000-06:00,in
37,USC00051772,Snow,1993-12-29T00:00:00.0000000-07:00,0.000000,P,,0,,NOAA,2013-08-08T07:41:24.4230000-06:00,in
37,USC00051772,Snow,1993-12-30T00:00:00.0000000-07:00,0.000000,P,,0,,NOAA,2013-08-08T07:41:24.4230000-06:00,in
37,USC00051772,Snow,1993-12-31T00:00:00.0000000-07:00,0.000000,P,,0,,NOAA,2013-08-08T07:41:24.4230000-06:00,in
37,USC00051772,Snow,1994-01-02T00:00:00.0000000-07:00,0.000000,P,,0,,NOAA,2013-08-08T07:41:24.4230000-06:00,in
37,USC00051772,Snow,1994-01-03T00:00:00.0000000-07:00,0.000000,P,,0,,NOAA,2013-08-08T07:41:24.4230000-06:00,in
37,USC00051772,Snow,1994-01-04T00:00:00.0000000-07:00,0.000000,P,,0,,NOAA,2013-08-08T07:41:24.4230000-06:00,in
37,USC00051772,Snow,1994-01-05T00:00:00.0000000-07:00,0.000000,P,,0,,NOAA,2013-08-08T07:41:24.4230000-06:00,in
37,USC00051772,Snow,1994-01-06T00:00:00.0000000-07:00,0.000000,P,,0,,NOAA,2013-08-08T07:41:24.4230000-06:00,in
37,USC00051772,Snow,1994-01-07T00:00:00.0000000-07:00,0.000000,P,,0,,NOAA,2013-08-08T07:41:24.4230000-06:00,in
37,USC00051772,Snow,1994-01-08T00:00:00.0000000-07:00,0.000000,,,0,,NOAA,2013-08-08T07:41:24.4230000-06:00,in
37,USC00051772,Snow,1994-01-09T00:00:00.0000000-07:00,0.000000,T,,0,,NOAA,2013-08-08T07:41:24.4230000-06:00,in
37,USC00051772,Snow,1994-01-10T00:00:00.0000000-07:00,0.000000,P,,0,,NOAA,2013-08-08T07:41:24.4230000-06:00,in
37,USC00051772,Snow,1994-01-11T00:00:00.0000000-07:00,0.000000,P,,0,,NOAA,2013-08-08T07:41:24.4230000-06:00,in
37,USC00051772,Snow,1994-01-12T00:00:00.0000000-07:00,0.000000,P,,0,,NOAA,2013-08-08T07:41:24.4230000-06:00,in
37,USC00051772,Snow,1994-01-13T00:00:00.0000000-07:00,0.000000,P,,0,,NOAA,2013-08-08T07:41:24.4230000-06:00,in
37,USC00051772,Snow,1994-01-14T00:00:00.0000000-07:00,0.000000,P,,0,,NOAA,2013-08-08T07:41:24.4230000-06:00,in
37,USC00051772,Snow,1994-01-15T00:00:00.0000000-07:00,0.000000,P,,0,,NOAA,2013-08-08T07:41:24.4230000-06:00,in
37,USC00051772,Snow,1994-01-16T00:00:00.0000000-07:00,0.000000,P,,0,,NOAA,2013-08-08T07:41:24.4230000-06:00,in
37,USC00051772,Snow,1994-01-17T00:00:00.0000000-07:00,0.000000,P,,0,,NOAA,2013-08-08T07:41:24.4230000-06:00,in
37,USC00051772,Snow,1994-01-18T00:00:00.0000000-07:00,0.000000,P,,0,,NOAA,2013-08-08T07:41:24.4230000-06:00,in
37,USC00051772,Snow,1994-01-19T00:00:00.0000000-07:00,0.000000,P,,0,,NOAA,2013-08-08T07:41:24.4230000-06:00,in
37,USC00051772,Snow,1994-01-20T00:00:00.0000000-07:00,0.000000,P,,0,,NOAA,2013-08-08T07:41:24.4230000-06:00,in
37,USC00051772,Snow,1994-01-21T00:00:00.0000000-07:00,0.000000,P,,0,,NOAA,2013-08-08T07:41:24.4230000-06:00,in
37,USC00051772,Snow,1994-01-22T00:00:00.0000000-07:00,0.000000,P,,0,,NOAA,2013-08-08T07:41:24.4230000-06:00,in
37,USC00051772,Snow,1994-01-23T00:00:00.0000000-07:00,0.000000,P,,0,,NOAA,2013-08-08T07:41:24.4230000-06:00,in
37,USC00051772,Snow,1994-01-24T00:00:00.0000000-07:00,0.000000,P,,0,,NOAA,2013-08-08T07:41:24.4230000-06:00,in
37,USC00051772,Snow,1994-01-25T00:00:00.0000000-07:00,0.000000,P,,0,,NOAA,2013-08-08T07:41:24.4230000-06:00,in
37,USC00051772,Snow,1994-01-26T00:00:00.0000000-07:00,0.984252,,,0,,NOAA,2013-08-08T07:41:24.4230000-06:00,in
37,USC00051772,Snow,1994-01-27T00:00:00.0000000-07:00,0.314961,,,0,,NOAA,2013-08-08T07:41:24.4230000-06:00,in
37,USC00051772,Snow,1994-01-28T00:00:00.0000000-07:00,0.000000,P,,0,,NOAA,2013-08-08T07:41:24.4230000-06:00,in
37,USC00051772,Snow,1994-01-29T00:00:00.0000000-07:00,0.000000,P,,0,,NOAA,2013-08-08T07:41:24.4230000-06:00,in
37,USC00051772,Snow,1994-01-30T00:00:00.0000000-07:00,0.000000,P,,0,,NOAA,2013-08-08T07:41:24.4230000-06:00,in
37,USC00051772,Snow,1994-01-31T00:00:00.0000000-07:00,0.000000,P,,0,,NOAA,2013-08-08T07:41:24.4230000-06:00,in
37,USC00051772,Snow,1994-02-01T00:00:00.0000000-07:00,0.000000,P,,0,,NOAA,2013-08-08T07:41:24.4230000-06:00,in
37,USC00051772,Snow,1994-02-02T00:00:00.0000000-07:00,0.000000,P,,0,,NOAA,2013-08-08T07:41:24.4230000-06:00,in
37,USC00051772,Snow,1994-02-03T00:00:00.0000000-07:00,0.000000,P,,0,,NOAA,2013-08-08T07:41:24.4230000-06:00,in
37,USC00051772,Snow,1994-02-04T00:00:00.0000000-07:00,0.000000,P,,0,,NOAA,2013-08-08T07:41:24.4230000-06:00,in
37,USC00051772,Snow,1994-02-05T00:00:00.0000000-07:00,1.496063,,,0,,NOAA,2013-08-08T07:41:24.4230000-06:00,in
37,USC00051772,Snow,1994-02-06T00:00:00.0000000-07:00,0.000000,P,,0,,NOAA,2013-08-08T07:41:24.4230000-06:00,in
37,USC00051772,Snow,1994-02-07T00:00:00.0000000-07:00,0.000000,P,,0,,NOAA,2013-08-08T07:41:24.4230000-06:00,in
37,USC00051772,Snow,1994-02-08T00:00:00.0000000-07:00,0.000000,T,,0,,NOAA,2013-08-08T07:41:24.4230000-06:00,in
37,USC00051772,Snow,1994-02-09T00:00:00.0000000-07:00,0.984252,,,0,,NOAA,2013-08-08T07:41:24.4230000-06:00,in
37,USC00051772,Snow,1994-02-10T00:00:00.0000000-07:00,0.000000,P,,0,,NOAA,2013-08-08T07:41:24.4230000-06:00,in
37,USC00051772,Snow,1994-02-13T00:00:00.0000000-07:00,0.000000,P,,0,,NOAA,2013-08-08T07:41:24.4230000-06:00,in
37,USC00051772,Snow,1994-02-14T00:00:00.0000000-07:00,0.000000,P,,0,,NOAA,2013-08-08T07:41:24.4230000-06:00,in
37,USC00051772,Snow,1994-02-15T00:00:00.0000000-07:00,0.000000,P,,0,,NOAA,2013-08-08T07:41:24.4230000-06:00,in
37,USC00051772,Snow,1994-02-16T00:00:00.0000000-07:00,0.000000,,,0,,NOAA,2013-08-08T07:41:24.4230000-06:00,in
37,USC00051772,Snow,1994-02-17T00:00:00.0000000-07:00,0.000000,P,,0,,NOAA,2013-08-08T07:41:24.4230000-06:00,in
37,USC00051772,Snow,1994-02-18T00:00:00.0000000-07:00,0.000000,T,,0,,NOAA,2013-08-08T07:41:24.4230000-06:00,in
37,USC00051772,Snow,1994-02-19T00:00:00.0000000-07:00,0.000000,P,,0,,NOAA,2013-08-08T07:41:24.4230000-06:00,in
37,USC00051772,Snow,1994-02-20T00:00:00.0000000-07:00,0.000000,P,,0,,NOAA,2013-08-08T07:41:24.4230000-06:00,in
37,USC00051772,Snow,1994-02-22T00:00:00.0000000-07:00,0.000000,P,,0,,NOAA,2013-08-08T07:41:24.4230000-06:00,in
37,USC00051772,Snow,1994-02-23T00:00:00.0000000-07:00,0.000000,P,,0,,NOAA,2013-08-08T07:41:24.4230000-06:00,in
37,USC00051772,Snow,1994-02-24T00:00:00.0000000-07:00,0.000000,P,,0,,NOAA,2013-08-08T07:41:24.4230000-06:00,in
37,USC00051772,Snow,1994-02-25T00:00:00.0000000-07:00,0.000000,P,,0,,NOAA,2013-08-08T07:41:24.4230000-06:00,in
37,USC00051772,Snow,1994-02-26T00:00:00.0000000-07:00,0.000000,P,,0,,NOAA,2013-08-08T07:41:24.4230000-06:00,in
37,USC00051772,Snow,1994-02-27T00:00:00.0000000-07:00,0.000000,P,,0,,NOAA,2013-08-08T07:41:24.4230000-06:00,in
37,USC00051772,Snow,1994-02-28T00:00:00.0000000-07:00,0.000000,P,,0,,NOAA,2013-08-08T07:41:24.4230000-06:00,in
37,USC00051772,Snow,1994-03-01T00:00:00.0000000-07:00,0.000000,P,,0,,NOAA,2013-08-08T07:41:24.4230000-06:00,in
37,USC00051772,Snow,1994-03-02T00:00:00.0000000-07:00,0.000000,P,,0,,NOAA,2013-08-08T07:41:24.4230000-06:00,in
37,USC00051772,Snow,1994-03-03T00:00:00.0000000-07:00,0.000000,P,,0,,NOAA,2013-08-08T07:41:24.4230000-06:00,in
37,USC00051772,Snow,1994-03-04T00:00:00.0000000-07:00,0.000000,P,,0,,NOAA,2013-08-08T07:41:24.4230000-06:00,in
37,USC00051772,Snow,1994-03-05T00:00:00.0000000-07:00,0.000000,P,,0,,NOAA,2013-08-08T07:41:24.4230000-06:00,in
37,USC00051772,Snow,1994-03-06T00:00:00.0000000-07:00,0.000000,P,,0,,NOAA,2013-08-08T07:41:24.4230000-06:00,in
37,USC00051772,Snow,1994-03-07T00:00:00.0000000-07:00,0.000000,P,,0,,NOAA,2013-08-08T07:41:24.4230000-06:00,in
37,USC00051772,Snow,1994-03-08T00:00:00.0000000-07:00,0.000000,P,,0,,NOAA,2013-08-08T07:41:24.4230000-06:00,in
37,USC00051772,Snow,1994-03-09T00:00:00.0000000-07:00,0.000000,P,,0,,NOAA,2013-08-08T07:41:24.4230000-06:00,in
37,USC00051772,Snow,1994-03-10T00:00:00.0000000-07:00,0.000000,P,,0,,NOAA,2013-08-08T07:41:24.4230000-06:00,in
37,USC00051772,Snow,1994-03-11T00:00:00.0000000-07:00,0.000000,P,,0,,NOAA,2013-08-08T07:41:24.4230000-06:00,in
37,USC00051772,Snow,1994-03-12T00:00:00.0000000-07:00,0.000000,P,,0,,NOAA,2013-08-08T07:41:24.4230000-06:00,in
37,USC00051772,Snow,1994-03-13T00:00:00.0000000-07:00,0.000000,P,,0,,NOAA,2013-08-08T07:41:24.4230000-06:00,in
37,USC00051772,Snow,1994-03-14T00:00:00.0000000-07:00,0.000000,P,,0,,NOAA,2013-08-08T07:41:24.4230000-06:00,in
37,USC00051772,Snow,1994-03-15T00:00:00.0000000-07:00,0.000000,P,,0,,NOAA,2013-08-08T07:41:24.4230000-06:00,in
37,USC00051772,Snow,1994-03-16T00:00:00.0000000-07:00,0.000000,P,,0,,NOAA,2013-08-08T07:41:24.4230000-06:00,in
37,USC00051772,Snow,1994-03-17T00:00:00.0000000-07:00,0.000000,P,,0,,NOAA,2013-08-08T07:41:24.4230000-06:00,in
37,USC00051772,Snow,1994-03-18T00:00:00.0000000-07:00,0.000000,P,,0,,NOAA,2013-08-08T07:41:24.4230000-06:00,in
37,USC00051772,Snow,1994-03-19T00:00:00.0000000-07:00,0.000000,P,,0,,NOAA,2013-08-08T07:41:24.4230000-06:00,in
37,USC00051772,Snow,1994-03-20T00:00:00.0000000-07:00,0.000000,P,,0,,NOAA,2013-08-08T07:41:24.4230000-06:00,in
37,USC00051772,Snow,1994-03-21T00:00:00.0000000-07:00,0.000000,P,,0,,NOAA,2013-08-08T07:41:24.4230000-06:00,in
37,USC00051772,Snow,1994-03-22T00:00:00.0000000-07:00,0.000000,P,,0,,NOAA,2013-08-08T07:41:24.4230000-06:00,in
37,USC00051772,Snow,1994-03-23T00:00:00.0000000-07:00,0.000000,P,,0,,NOAA,2013-08-08T07:41:24.4230000-06:00,in
37,USC00051772,Snow,1994-03-24T00:00:00.0000000-07:00,0.000000,T,,0,,NOAA,2013-08-08T07:41:24.4230000-06:00,in
37,USC00051772,Snow,1994-03-25T00:00:00.0000000-07:00,0.000000,P,,0,,NOAA,2013-08-08T07:41:24.4230000-06:00,in
37,USC00051772,Snow,1994-03-26T00:00:00.0000000-07:00,0.000000,P,,0,,NOAA,2013-08-08T07:41:24.4230000-06:00,in
37,USC00051772,Snow,1994-03-27T00:00:00.0000000-07:00,0.000000,P,,0,,NOAA,2013-08-08T07:41:24.4230000-06:00,in
37,USC00051772,Snow,1994-03-28T00:00:00.0000000-07:00,0.000000,T,,0,,NOAA,2013-08-08T07:41:24.4230000-06:00,in
37,USC00051772,Snow,1994-03-29T00:00:00.0000000-07:00,0.000000,P,,0,,NOAA,2013-08-08T07:41:24.4230000-06:00,in
37,USC00051772,Snow,1994-03-30T00:00:00.0000000-07:00,0.000000,P,,0,,NOAA,2013-08-08T07:41:24.4230000-06:00,in
37,USC00051772,Snow,1994-03-31T00:00:00.0000000-07:00,0.000000,P,,0,,NOAA,2013-08-08T07:41:24.4230000-06:00,in
37,USC00051772,Snow,1994-04-01T00:00:00.0000000-07:00,0.000000,P,,0,,NOAA,2013-08-08T07:41:24.4230000-06:00,in
37,USC00051772,Snow,1994-04-02T00:00:00.0000000-07:00,0.000000,P,,0,,NOAA,2013-08-08T07:41:24.4230000-06:00,in
37,USC00051772,Snow,1994-04-03T00:00:00.0000000-07:00,0.000000,P,,0,,NOAA,2013-08-08T07:41:24.4230000-06:00,in
37,USC00051772,Snow,1994-04-04T00:00:00.0000000-06:00,0.000000,P,,0,,NOAA,2013-08-08T07:41:24.4230000-06:00,in
37,USC00051772,Snow,1994-04-05T00:00:00.0000000-06:00,0.000000,P,,0,,NOAA,2013-08-08T07:41:24.4230000-06:00,in
37,USC00051772,Snow,1994-04-06T00:00:00.0000000-06:00,0.000000,P,,0,,NOAA,2013-08-08T07:41:24.4230000-06:00,in
37,USC00051772,Snow,1994-04-07T00:00:00.0000000-06:00,0.000000,P,,0,,NOAA,2013-08-08T07:41:24.4230000-06:00,in
37,USC00051772,Snow,1994-04-08T00:00:00.0000000-06:00,0.000000,P,,0,,NOAA,2013-08-08T07:41:24.4230000-06:00,in
37,USC00051772,Snow,1994-04-09T00:00:00.0000000-06:00,0.000000,T,,0,,NOAA,2013-08-08T07:41:24.4230000-06:00,in
37,USC00051772,Snow,1994-04-10T00:00:00.0000000-06:00,0.000000,P,,0,,NOAA,2013-08-08T07:41:24.4230000-06:00,in
37,USC00051772,Snow,1994-04-11T00:00:00.0000000-06:00,0.000000,P,,0,,NOAA,2013-08-08T07:41:24.4230000-06:00,in
37,USC00051772,Snow,1994-04-12T00:00:00.0000000-06:00,0.000000,P,,0,,NOAA,2013-08-08T07:41:24.4230000-06:00,in
37,USC00051772,Snow,1994-04-13T00:00:00.0000000-06:00,0.000000,P,,0,,NOAA,2013-08-08T07:41:24.4230000-06:00,in
37,USC00051772,Snow,1994-04-14T00:00:00.0000000-06:00,0.000000,P,,0,,NOAA,2013-08-08T07:41:24.4230000-06:00,in
37,USC00051772,Snow,1994-04-15T00:00:00.0000000-06:00,0.000000,P,,0,,NOAA,2013-08-08T07:41:24.4230000-06:00,in
37,USC00051772,Snow,1994-04-16T00:00:00.0000000-06:00,0.000000,P,,0,,NOAA,2013-08-08T07:41:24.4230000-06:00,in
37,USC00051772,Snow,1994-04-17T00:00:00.0000000-06:00,0.000000,P,,0,,NOAA,2013-08-08T07:41:24.4230000-06:00,in
37,USC00051772,Snow,1994-04-18T00:00:00.0000000-06:00,0.000000,P,,0,,NOAA,2013-08-08T07:41:24.4230000-06:00,in
37,USC00051772,Snow,1994-04-19T00:00:00.0000000-06:00,0.000000,P,,0,,NOAA,2013-08-08T07:41:24.4230000-06:00,in
37,USC00051772,Snow,1994-04-20T00:00:00.0000000-06:00,0.000000,P,,0,,NOAA,2013-08-08T07:41:24.4230000-06:00,in
37,USC00051772,Snow,1994-04-21T00:00:00.0000000-06:00,0.000000,P,,0,,NOAA,2013-08-08T07:41:24.4230000-06:00,in
37,USC00051772,Snow,1994-04-22T00:00:00.0000000-06:00,0.000000,P,,0,,NOAA,2013-08-08T07:41:24.4230000-06:00,in
37,USC00051772,Snow,1994-04-23T00:00:00.0000000-06:00,0.000000,P,,0,,NOAA,2013-08-08T07:41:24.4230000-06:00,in
37,USC00051772,Snow,1994-04-24T00:00:00.0000000-06:00,0.000000,P,,0,,NOAA,2013-08-08T07:41:24.4230000-06:00,in
37,USC00051772,Snow,1994-04-25T00:00:00.0000000-06:00,0.000000,P,,0,,NOAA,2013-08-08T07:41:24.4230000-06:00,in
37,USC00051772,Snow,1994-04-26T00:00:00.0000000-06:00,0.000000,P,,0,,NOAA,2013-08-08T07:41:24.4230000-06:00,in
37,USC00051772,Snow,1994-04-27T00:00:00.0000000-06:00,0.000000,P,,0,,NOAA,2013-08-08T07:41:24.4230000-06:00,in
37,USC00051772,Snow,1994-04-28T00:00:00.0000000-06:00,0.984252,,,0,,NOAA,2013-08-08T07:41:24.4230000-06:00,in
37,USC00051772,Snow,1994-04-29T00:00:00.0000000-06:00,0.000000,P,,0,,NOAA,2013-08-08T07:41:24.4230000-06:00,in
37,USC00051772,Snow,1994-04-30T00:00:00.0000000-06:00,0.000000,P,,0,,NOAA,2013-08-08T07:41:24.4230000-06:00,in
37,USC00051772,Snow,1994-05-01T00:00:00.0000000-06:00,0.000000,P,,0,,NOAA,2013-08-08T07:41:24.4230000-06:00,in
37,USC00051772,Snow,1994-05-02T00:00:00.0000000-06:00,0.000000,P,,0,,NOAA,2013-08-08T07:41:24.4230000-06:00,in
37,USC00051772,Snow,1994-05-03T00:00:00.0000000-06:00,0.000000,P,,0,,NOAA,2013-08-08T07:41:24.4230000-06:00,in
37,USC00051772,Snow,1994-05-04T00:00:00.0000000-06:00,0.000000,P,,0,,NOAA,2013-08-08T07:41:24.4230000-06:00,in
37,USC00051772,Snow,1994-05-05T00:00:00.0000000-06:00,0.000000,P,,0,,NOAA,2013-08-08T07:41:24.4230000-06:00,in
37,USC00051772,Snow,1994-05-06T00:00:00.0000000-06:00,0.000000,P,,0,,NOAA,2013-08-08T07:41:24.4230000-06:00,in
37,USC00051772,Snow,1994-05-07T00:00:00.0000000-06:00,0.000000,P,,0,,NOAA,2013-08-08T07:41:24.4230000-06:00,in
37,USC00051772,Snow,1994-05-08T00:00:00.0000000-06:00,0.000000,P,,0,,NOAA,2013-08-08T07:41:24.4230000-06:00,in
37,USC00051772,Snow,1994-05-09T00:00:00.0000000-06:00,0.000000,P,,0,,NOAA,2013-08-08T07:41:24.4230000-06:00,in
37,USC00051772,Snow,1994-05-10T00:00:00.0000000-06:00,0.000000,P,,0,,NOAA,2013-08-08T07:41:24.4230000-06:00,in
37,USC00051772,Snow,1994-05-11T00:00:00.0000000-06:00,0.000000,P,,0,,NOAA,2013-08-08T07:41:24.4230000-06:00,in
37,USC00051772,Snow,1994-05-12T00:00:00.0000000-06:00,0.000000,P,,0,,NOAA,2013-08-08T07:41:24.4230000-06:00,in
37,USC00051772,Snow,1994-05-13T00:00:00.0000000-06:00,0.000000,P,,0,,NOAA,2013-08-08T07:41:24.4230000-06:00,in
37,USC00051772,Snow,1994-05-14T00:00:00.0000000-06:00,0.000000,P,,0,,NOAA,2013-08-08T07:41:24.4230000-06:00,in
37,USC00051772,Snow,1994-05-15T00:00:00.0000000-06:00,0.000000,P,,0,,NOAA,2013-08-08T07:41:24.4230000-06:00,in
37,USC00051772,Snow,1994-05-16T00:00:00.0000000-06:00,0.000000,P,,0,,NOAA,2013-08-08T07:41:24.4230000-06:00,in
37,USC00051772,Snow,1994-05-17T00:00:00.0000000-06:00,0.000000,P,,0,,NOAA,2013-08-08T07:41:24.4230000-06:00,in
37,USC00051772,Snow,1994-05-18T00:00:00.0000000-06:00,0.000000,P,,0,,NOAA,2013-08-08T07:41:24.4230000-06:00,in
37,USC00051772,Snow,1994-05-19T00:00:00.0000000-06:00,0.000000,P,,0,,NOAA,2013-08-08T07:41:24.4230000-06:00,in
37,USC00051772,Snow,1994-05-20T00:00:00.0000000-06:00,0.000000,P,,0,,NOAA,2013-08-08T07:41:24.4230000-06:00,in
37,USC00051772,Snow,1994-05-21T00:00:00.0000000-06:00,0.000000,P,,0,,NOAA,2013-08-08T07:41:24.4230000-06:00,in
37,USC00051772,Snow,1994-05-22T00:00:00.0000000-06:00,0.000000,P,,0,,NOAA,2013-08-08T07:41:24.4230000-06:00,in
37,USC00051772,Snow,1994-05-23T00:00:00.0000000-06:00,0.000000,P,,0,,NOAA,2013-08-08T07:41:24.4230000-06:00,in
37,USC00051772,Snow,1994-05-24T00:00:00.0000000-06:00,0.000000,P,,0,,NOAA,2013-08-08T07:41:24.4230000-06:00,in
37,USC00051772,Snow,1994-05-25T00:00:00.0000000-06:00,0.000000,P,,0,,NOAA,2013-08-08T07:41:24.4230000-06:00,in
37,USC00051772,Snow,1994-05-26T00:00:00.0000000-06:00,0.000000,P,,0,,NOAA,2013-08-08T07:41:24.4230000-06:00,in
37,USC00051772,Snow,1994-05-27T00:00:00.0000000-06:00,0.000000,P,,0,,NOAA,2013-08-08T07:41:24.4230000-06:00,in
37,USC00051772,Snow,1994-05-28T00:00:00.0000000-06:00,0.000000,P,,0,,NOAA,2013-08-08T07:41:24.4230000-06:00,in
37,USC00051772,Snow,1994-05-29T00:00:00.0000000-06:00,0.000000,P,,0,,NOAA,2013-08-08T07:41:24.4230000-06:00,in
37,USC00051772,Snow,1994-05-30T00:00:00.0000000-06:00,0.000000,,,0,,NOAA,2013-08-08T07:41:24.4230000-06:00,in
37,USC00051772,Snow,1994-05-31T00:00:00.0000000-06:00,0.000000,P,,0,,NOAA,2013-08-08T07:41:24.4230000-06:00,in
37,USC00051772,Snow,1994-06-01T00:00:00.0000000-06:00,0.000000,P,,0,,NOAA,2013-08-08T07:41:24.4230000-06:00,in
37,USC00051772,Snow,1994-06-02T00:00:00.0000000-06:00,0.000000,P,,0,,NOAA,2013-08-08T07:41:24.4230000-06:00,in
37,USC00051772,Snow,1994-06-03T00:00:00.0000000-06:00,0.000000,P,,0,,NOAA,2013-08-08T07:41:24.4230000-06:00,in
37,USC00051772,Snow,1994-06-04T00:00:00.0000000-06:00,0.000000,P,,0,,NOAA,2013-08-08T07:41:24.4230000-06:00,in
37,USC00051772,Snow,1994-06-05T00:00:00.0000000-06:00,0.000000,P,,0,,NOAA,2013-08-08T07:41:24.4230000-06:00,in
37,USC00051772,Snow,1994-06-06T00:00:00.0000000-06:00,0.000000,P,,0,,NOAA,2013-08-08T07:41:24.4230000-06:00,in
37,USC00051772,Snow,1994-06-07T00:00:00.0000000-06:00,0.000000,P,,0,,NOAA,2013-08-08T07:41:24.4230000-06:00,in
37,USC00051772,Snow,1994-06-08T00:00:00.0000000-06:00,0.000000,P,,0,,NOAA,2013-08-08T07:41:24.4230000-06:00,in
37,USC00051772,Snow,1994-06-09T00:00:00.0000000-06:00,0.000000,P,,0,,NOAA,2013-08-08T07:41:24.4230000-06:00,in
37,USC00051772,Snow,1994-06-10T00:00:00.0000000-06:00,0.000000,P,,0,,NOAA,2013-08-08T07:41:24.4230000-06:00,in
37,USC00051772,Snow,1994-06-11T00:00:00.0000000-06:00,0.000000,P,,0,,NOAA,2013-08-08T07:41:24.4230000-06:00,in
37,USC00051772,Snow,1994-06-12T00:00:00.0000000-06:00,0.000000,P,,0,,NOAA,2013-08-08T07:41:24.4230000-06:00,in
37,USC00051772,Snow,1994-06-13T00:00:00.0000000-06:00,0.000000,P,,0,,NOAA,2013-08-08T07:41:24.4230000-06:00,in
37,USC00051772,Snow,1994-06-14T00:00:00.0000000-06:00,0.000000,P,,0,,NOAA,2013-08-08T07:41:24.4230000-06:00,in
37,USC00051772,Snow,1994-06-15T00:00:00.0000000-06:00,0.000000,P,,0,,NOAA,2013-08-08T07:41:24.4230000-06:00,in
37,USC00051772,Snow,1994-06-16T00:00:00.0000000-06:00,0.000000,P,,0,,NOAA,2013-08-08T07:41:24.4230000-06:00,in
37,USC00051772,Snow,1994-06-17T00:00:00.0000000-06:00,0.000000,P,,0,,NOAA,2013-08-08T07:41:24.4230000-06:00,in
37,USC00051772,Snow,1994-06-18T00:00:00.0000000-06:00,0.000000,P,,0,,NOAA,2013-08-08T07:41:24.4230000-06:00,in
37,USC00051772,Snow,1994-06-19T00:00:00.0000000-06:00,0.000000,P,,0,,NOAA,2013-08-08T07:41:24.4230000-06:00,in
37,USC00051772,Snow,1994-06-20T00:00:00.0000000-06:00,0.000000,P,,0,,NOAA,2013-08-08T07:41:24.4230000-06:00,in
37,USC00051772,Snow,1994-06-21T00:00:00.0000000-06:00,0.000000,P,,0,,NOAA,2013-08-08T07:41:24.4230000-06:00,in
37,USC00051772,Snow,1994-06-22T00:00:00.0000000-06:00,0.000000,P,,0,,NOAA,2013-08-08T07:41:24.4230000-06:00,in
37,USC00051772,Snow,1994-06-23T00:00:00.0000000-06:00,0.000000,P,,0,,NOAA,2013-08-08T07:41:24.4230000-06:00,in
37,USC00051772,Snow,1994-06-24T00:00:00.0000000-06:00,0.000000,P,,0,,NOAA,2013-08-08T07:41:24.4230000-06:00,in
37,USC00051772,Snow,1994-06-25T00:00:00.0000000-06:00,0.000000,P,,0,,NOAA,2013-08-08T07:41:24.4230000-06:00,in
37,USC00051772,Snow,1994-06-26T00:00:00.0000000-06:00,0.000000,P,,0,,NOAA,2013-08-08T07:41:24.4230000-06:00,in
37,USC00051772,Snow,1994-06-27T00:00:00.0000000-06:00,0.000000,P,,0,,NOAA,2013-08-08T07:41:24.4230000-06:00,in
37,USC00051772,Snow,1994-06-28T00:00:00.0000000-06:00,0.000000,P,,0,,NOAA,2013-08-08T07:41:24.4230000-06:00,in
37,USC00051772,Snow,1994-06-29T00:00:00.0000000-06:00,0.000000,P,,0,,NOAA,2013-08-08T07:41:24.4230000-06:00,in
37,USC00051772,Snow,1994-06-30T00:00:00.0000000-06:00,0.000000,P,,0,,NOAA,2013-08-08T07:41:24.4230000-06:00,in
37,USC00051772,Snow,1994-07-01T00:00:00.0000000-06:00,0.000000,P,,0,,NOAA,2013-08-08T07:41:24.4230000-06:00,in
37,USC00051772,Snow,1994-07-02T00:00:00.0000000-06:00,0.000000,P,,0,,NOAA,2013-08-08T07:41:24.4230000-06:00,in
37,USC00051772,Snow,1994-07-03T00:00:00.0000000-06:00,0.000000,P,,0,,NOAA,2013-08-08T07:41:24.4230000-06:00,in
37,USC00051772,Snow,1994-07-04T00:00:00.0000000-06:00,0.000000,P,,0,,NOAA,2013-08-08T07:41:24.4230000-06:00,in
37,USC00051772,Snow,1994-07-05T00:00:00.0000000-06:00,0.000000,P,,0,,NOAA,2013-08-08T07:41:24.4230000-06:00,in
37,USC00051772,Snow,1994-07-06T00:00:00.0000000-06:00,0.000000,P,,0,,NOAA,2013-08-08T07:41:24.4230000-06:00,in
37,USC00051772,Snow,1994-07-07T00:00:00.0000000-06:00,0.000000,P,,0,,NOAA,2013-08-08T07:41:24.4230000-06:00,in
37,USC00051772,Snow,1994-07-08T00:00:00.0000000-06:00,0.000000,P,,0,,NOAA,2013-08-08T07:41:24.4230000-06:00,in
37,USC00051772,Snow,1994-07-09T00:00:00.0000000-06:00,0.000000,P,,0,,NOAA,2013-08-08T07:41:24.4230000-06:00,in
37,USC00051772,Snow,1994-07-10T00:00:00.0000000-06:00,0.000000,P,,0,,NOAA,2013-08-08T07:41:24.4230000-06:00,in
37,USC00051772,Snow,1994-07-11T00:00:00.0000000-06:00,0.000000,P,,0,,NOAA,2013-08-08T07:41:24.4230000-06:00,in
37,USC00051772,Snow,1994-07-12T00:00:00.0000000-06:00,0.000000,P,,0,,NOAA,2013-08-08T07:41:24.4230000-06:00,in
37,USC00051772,Snow,1994-07-13T00:00:00.0000000-06:00,0.000000,P,,0,,NOAA,2013-08-08T07:41:24.4230000-06:00,in
37,USC00051772,Snow,1994-07-14T00:00:00.0000000-06:00,0.000000,P,,0,,NOAA,2013-08-08T07:41:24.4230000-06:00,in
37,USC00051772,Snow,1994-07-15T00:00:00.0000000-06:00,0.000000,P,,0,,NOAA,2013-08-08T07:41:24.4230000-06:00,in
37,USC00051772,Snow,1994-07-16T00:00:00.0000000-06:00,0.000000,P,,0,,NOAA,2013-08-08T07:41:24.4230000-06:00,in
37,USC00051772,Snow,1994-07-17T00:00:00.0000000-06:00,0.000000,P,,0,,NOAA,2013-08-08T07:41:24.4230000-06:00,in
37,USC00051772,Snow,1994-07-18T00:00:00.0000000-06:00,0.000000,P,,0,,NOAA,2013-08-08T07:41:24.4230000-06:00,in
37,USC00051772,Snow,1994-07-19T00:00:00.0000000-06:00,0.000000,P,,0,,NOAA,2013-08-08T07:41:24.4230000-06:00,in
37,USC00051772,Snow,1994-07-20T00:00:00.0000000-06:00,0.000000,P,,0,,NOAA,2013-08-08T07:41:24.4230000-06:00,in
37,USC00051772,Snow,1994-07-21T00:00:00.0000000-06:00,0.000000,P,,0,,NOAA,2013-08-08T07:41:24.4230000-06:00,in
37,USC00051772,Snow,1994-07-22T00:00:00.0000000-06:00,0.000000,P,,0,,NOAA,2013-08-08T07:41:24.4230000-06:00,in
37,USC00051772,Snow,1994-07-23T00:00:00.0000000-06:00,0.000000,P,,0,,NOAA,2013-08-08T07:41:24.4230000-06:00,in
37,USC00051772,Snow,1994-07-24T00:00:00.0000000-06:00,0.000000,P,,0,,NOAA,2013-08-08T07:41:24.4230000-06:00,in
37,USC00051772,Snow,1994-07-25T00:00:00.0000000-06:00,0.000000,P,,0,,NOAA,2013-08-08T07:41:24.4230000-06:00,in
37,USC00051772,Snow,1994-07-26T00:00:00.0000000-06:00,0.000000,P,,0,,NOAA,2013-08-08T07:41:24.4230000-06:00,in
37,USC00051772,Snow,1994-07-27T00:00:00.0000000-06:00,0.000000,P,,0,,NOAA,2013-08-08T07:41:24.4230000-06:00,in
37,USC00051772,Snow,1994-07-28T00:00:00.0000000-06:00,0.000000,P,,0,,NOAA,2013-08-08T07:41:24.4230000-06:00,in
37,USC00051772,Snow,1994-07-29T00:00:00.0000000-06:00,0.000000,P,,0,,NOAA,2013-08-08T07:41:24.4230000-06:00,in
37,USC00051772,Snow,1994-07-30T00:00:00.0000000-06:00,0.000000,P,,0,,NOAA,2013-08-08T07:41:24.4230000-06:00,in
37,USC00051772,Snow,1994-07-31T00:00:00.0000000-06:00,0.000000,P,,0,,NOAA,2013-08-08T07:41:24.4230000-06:00,in
37,USC00051772,Snow,1994-08-01T00:00:00.0000000-06:00,0.000000,P,,0,,NOAA,2013-08-08T07:41:24.4230000-06:00,in
37,USC00051772,Snow,1994-08-02T00:00:00.0000000-06:00,0.000000,P,,0,,NOAA,2013-08-08T07:41:24.4230000-06:00,in
37,USC00051772,Snow,1994-08-03T00:00:00.0000000-06:00,0.000000,P,,0,,NOAA,2013-08-08T07:41:24.4230000-06:00,in
37,USC00051772,Snow,1994-08-04T00:00:00.0000000-06:00,0.000000,P,,0,,NOAA,2013-08-08T07:41:24.4230000-06:00,in
37,USC00051772,Snow,1994-08-05T00:00:00.0000000-06:00,0.000000,P,,0,,NOAA,2013-08-08T07:41:24.4230000-06:00,in
37,USC00051772,Snow,1994-08-06T00:00:00.0000000-06:00,0.000000,P,,0,,NOAA,2013-08-08T07:41:24.4230000-06:00,in
37,USC00051772,Snow,1994-08-07T00:00:00.0000000-06:00,0.000000,P,,0,,NOAA,2013-08-08T07:41:24.4230000-06:00,in
37,USC00051772,Snow,1994-08-08T00:00:00.0000000-06:00,0.000000,P,,0,,NOAA,2013-08-08T07:41:24.4230000-06:00,in
37,USC00051772,Snow,1994-08-09T00:00:00.0000000-06:00,0.000000,P,,0,,NOAA,2013-08-08T07:41:24.4230000-06:00,in
37,USC00051772,Snow,1994-08-10T00:00:00.0000000-06:00,0.000000,P,,0,,NOAA,2013-08-08T07:41:24.4230000-06:00,in
37,USC00051772,Snow,1994-08-11T00:00:00.0000000-06:00,0.000000,P,,0,,NOAA,2013-08-08T07:41:24.4230000-06:00,in
37,USC00051772,Snow,1994-08-12T00:00:00.0000000-06:00,0.000000,P,,0,,NOAA,2013-08-08T07:41:24.4230000-06:00,in
37,USC00051772,Snow,1994-08-13T00:00:00.0000000-06:00,0.000000,P,,0,,NOAA,2013-08-08T07:41:24.4230000-06:00,in
37,USC00051772,Snow,1994-08-14T00:00:00.0000000-06:00,0.000000,P,,0,,NOAA,2013-08-08T07:41:24.4230000-06:00,in
37,USC00051772,Snow,1994-08-15T00:00:00.0000000-06:00,0.000000,P,,0,,NOAA,2013-08-08T07:41:24.4230000-06:00,in
37,USC00051772,Snow,1994-08-16T00:00:00.0000000-06:00,0.000000,P,,0,,NOAA,2013-08-08T07:41:24.4230000-06:00,in
37,USC00051772,Snow,1994-08-17T00:00:00.0000000-06:00,0.000000,P,,0,,NOAA,2013-08-08T07:41:24.4230000-06:00,in
37,USC00051772,Snow,1994-08-18T00:00:00.0000000-06:00,0.000000,P,,0,,NOAA,2013-08-08T07:41:24.4230000-06:00,in
37,USC00051772,Snow,1994-08-19T00:00:00.0000000-06:00,0.000000,P,,0,,NOAA,2013-08-08T07:41:24.4230000-06:00,in
37,USC00051772,Snow,1994-08-20T00:00:00.0000000-06:00,0.000000,P,,0,,NOAA,2013-08-08T07:41:24.4230000-06:00,in
37,USC00051772,Snow,1994-08-21T00:00:00.0000000-06:00,0.000000,P,,0,,NOAA,2013-08-08T07:41:24.4230000-06:00,in
37,USC00051772,Snow,1994-08-22T00:00:00.0000000-06:00,0.000000,P,,0,,NOAA,2013-08-08T07:41:24.4230000-06:00,in
37,USC00051772,Snow,1994-08-23T00:00:00.0000000-06:00,0.000000,P,,0,,NOAA,2013-08-08T07:41:24.4230000-06:00,in
37,USC00051772,Snow,1994-08-24T00:00:00.0000000-06:00,0.000000,P,,0,,NOAA,2013-08-08T07:41:24.4230000-06:00,in
37,USC00051772,Snow,1994-08-25T00:00:00.0000000-06:00,0.000000,P,,0,,NOAA,2013-08-08T07:41:24.4230000-06:00,in
37,USC00051772,Snow,1994-08-26T00:00:00.0000000-06:00,0.000000,P,,0,,NOAA,2013-08-08T07:41:24.4230000-06:00,in
37,USC00051772,Snow,1994-08-27T00:00:00.0000000-06:00,0.000000,P,,0,,NOAA,2013-08-08T07:41:24.4230000-06:00,in
37,USC00051772,Snow,1994-08-28T00:00:00.0000000-06:00,0.000000,P,,0,,NOAA,2013-08-08T07:41:24.4230000-06:00,in
37,USC00051772,Snow,1994-08-29T00:00:00.0000000-06:00,0.000000,P,,0,,NOAA,2013-08-08T07:41:24.4230000-06:00,in
37,USC00051772,Snow,1994-08-30T00:00:00.0000000-06:00,0.000000,P,,0,,NOAA,2013-08-08T07:41:24.4230000-06:00,in
37,USC00051772,Snow,1994-08-31T00:00:00.0000000-06:00,0.000000,P,,0,,NOAA,2013-08-08T07:41:24.4230000-06:00,in
37,USC00051772,Snow,1994-09-01T00:00:00.0000000-06:00,0.000000,P,,0,,NOAA,2013-08-08T07:41:24.4230000-06:00,in
37,USC00051772,Snow,1994-09-02T00:00:00.0000000-06:00,0.000000,P,,0,,NOAA,2013-08-08T07:41:24.4230000-06:00,in
37,USC00051772,Snow,1994-09-03T00:00:00.0000000-06:00,0.000000,P,,0,,NOAA,2013-08-08T07:41:24.4230000-06:00,in
37,USC00051772,Snow,1994-09-04T00:00:00.0000000-06:00,0.000000,P,,0,,NOAA,2013-08-08T07:41:24.4230000-06:00,in
37,USC00051772,Snow,1994-09-05T00:00:00.0000000-06:00,0.000000,P,,0,,NOAA,2013-08-08T07:41:24.4230000-06:00,in
37,USC00051772,Snow,1994-09-06T00:00:00.0000000-06:00,0.000000,P,,0,,NOAA,2013-08-08T07:41:24.4230000-06:00,in
37,USC00051772,Snow,1994-09-07T00:00:00.0000000-06:00,0.000000,P,,0,,NOAA,2013-08-08T07:41:24.4230000-06:00,in
37,USC00051772,Snow,1994-09-08T00:00:00.0000000-06:00,0.000000,P,,0,,NOAA,2013-08-08T07:41:24.4230000-06:00,in
37,USC00051772,Snow,1994-09-09T00:00:00.0000000-06:00,0.000000,P,,0,,NOAA,2013-08-08T07:41:24.4230000-06:00,in
37,USC00051772,Snow,1994-09-10T00:00:00.0000000-06:00,0.000000,P,,0,,NOAA,2013-08-08T07:41:24.4230000-06:00,in
37,USC00051772,Snow,1994-09-11T00:00:00.0000000-06:00,0.000000,P,,0,,NOAA,2013-08-08T07:41:24.4230000-06:00,in
37,USC00051772,Snow,1994-09-12T00:00:00.0000000-06:00,0.000000,P,,0,,NOAA,2013-08-08T07:41:24.4230000-06:00,in
37,USC00051772,Snow,1994-09-13T00:00:00.0000000-06:00,0.000000,P,,0,,NOAA,2013-08-08T07:41:24.4230000-06:00,in
37,USC00051772,Snow,1994-09-14T00:00:00.0000000-06:00,0.000000,P,,0,,NOAA,2013-08-08T07:41:24.4230000-06:00,in
37,USC00051772,Snow,1994-09-15T00:00:00.0000000-06:00,0.000000,P,,0,,NOAA,2013-08-08T07:41:24.4230000-06:00,in
37,USC00051772,Snow,1994-09-16T00:00:00.0000000-06:00,0.000000,P,,0,,NOAA,2013-08-08T07:41:24.4230000-06:00,in
37,USC00051772,Snow,1994-09-17T00:00:00.0000000-06:00,0.000000,P,,0,,NOAA,2013-08-08T07:41:24.4230000-06:00,in
37,USC00051772,Snow,1994-09-18T00:00:00.0000000-06:00,0.000000,P,,0,,NOAA,2013-08-08T07:41:24.4230000-06:00,in
37,USC00051772,Snow,1994-09-19T00:00:00.0000000-06:00,0.000000,P,,0,,NOAA,2013-08-08T07:41:24.4230000-06:00,in
37,USC00051772,Snow,1994-09-20T00:00:00.0000000-06:00,0.000000,P,,0,,NOAA,2013-08-08T07:41:24.4230000-06:00,in
37,USC00051772,Snow,1994-09-21T00:00:00.0000000-06:00,0.000000,P,,0,,NOAA,2013-08-08T07:41:24.4230000-06:00,in
37,USC00051772,Snow,1994-09-22T00:00:00.0000000-06:00,0.000000,P,,0,,NOAA,2013-08-08T07:41:24.4230000-06:00,in
37,USC00051772,Snow,1994-09-23T00:00:00.0000000-06:00,0.000000,P,,0,,NOAA,2013-08-08T07:41:24.4230000-06:00,in
37,USC00051772,Snow,1994-09-24T00:00:00.0000000-06:00,0.000000,P,,0,,NOAA,2013-08-08T07:41:24.4230000-06:00,in
37,USC00051772,Snow,1994-09-25T00:00:00.0000000-06:00,0.000000,P,,0,,NOAA,2013-08-08T07:41:24.4230000-06:00,in
37,USC00051772,Snow,1994-09-26T00:00:00.0000000-06:00,0.000000,P,,0,,NOAA,2013-08-08T07:41:24.4230000-06:00,in
37,USC00051772,Snow,1994-09-27T00:00:00.0000000-06:00,0.000000,P,,0,,NOAA,2013-08-08T07:41:24.4230000-06:00,in
37,USC00051772,Snow,1994-09-28T00:00:00.0000000-06:00,0.000000,P,,0,,NOAA,2013-08-08T07:41:24.4230000-06:00,in
37,USC00051772,Snow,1994-09-29T00:00:00.0000000-06:00,0.000000,P,,0,,NOAA,2013-08-08T07:41:24.4230000-06:00,in
37,USC00051772,Snow,1994-09-30T00:00:00.0000000-06:00,0.000000,P,,0,,NOAA,2013-08-08T07:41:24.4230000-06:00,in
37,USC00051772,Snow,1994-10-01T00:00:00.0000000-06:00,0.000000,P,,0,,NOAA,2013-08-08T07:41:24.4230000-06:00,in
37,USC00051772,Snow,1994-10-02T00:00:00.0000000-06:00,0.000000,P,,0,,NOAA,2013-08-08T07:41:24.4230000-06:00,in
37,USC00051772,Snow,1994-10-03T00:00:00.0000000-06:00,0.000000,P,,0,,NOAA,2013-08-08T07:41:24.4230000-06:00,in
37,USC00051772,Snow,1994-10-04T00:00:00.0000000-06:00,0.000000,P,,0,,NOAA,2013-08-08T07:41:24.4230000-06:00,in
37,USC00051772,Snow,1994-10-05T00:00:00.0000000-06:00,0.000000,P,,0,,NOAA,2013-08-08T07:41:24.4230000-06:00,in
37,USC00051772,Snow,1994-10-06T00:00:00.0000000-06:00,0.000000,P,,0,,NOAA,2013-08-08T07:41:24.4230000-06:00,in
37,USC00051772,Snow,1994-10-07T00:00:00.0000000-06:00,0.000000,P,,0,,NOAA,2013-08-08T07:41:24.4230000-06:00,in
37,USC00051772,Snow,1994-10-08T00:00:00.0000000-06:00,0.000000,P,,0,,NOAA,2013-08-08T07:41:24.4230000-06:00,in
37,USC00051772,Snow,1994-10-09T00:00:00.0000000-06:00,0.000000,P,,0,,NOAA,2013-08-08T07:41:24.4230000-06:00,in
37,USC00051772,Snow,1994-10-10T00:00:00.0000000-06:00,0.000000,P,,0,,NOAA,2013-08-08T07:41:24.4230000-06:00,in
37,USC00051772,Snow,1994-10-11T00:00:00.0000000-06:00,0.000000,P,,0,,NOAA,2013-08-08T07:41:24.4230000-06:00,in
37,USC00051772,Snow,1994-10-12T00:00:00.0000000-06:00,0.000000,P,,0,,NOAA,2013-08-08T07:41:24.4230000-06:00,in
37,USC00051772,Snow,1994-10-13T00:00:00.0000000-06:00,0.000000,P,,0,,NOAA,2013-08-08T07:41:24.4230000-06:00,in
37,USC00051772,Snow,1994-10-14T00:00:00.0000000-06:00,0.000000,P,,0,,NOAA,2013-08-08T07:41:24.4230000-06:00,in
37,USC00051772,Snow,1994-10-15T00:00:00.0000000-06:00,0.000000,P,,0,,NOAA,2013-08-08T07:41:24.4230000-06:00,in
37,USC00051772,Snow,1994-10-16T00:00:00.0000000-06:00,0.000000,P,,0,,NOAA,2013-08-08T07:41:24.4230000-06:00,in
37,USC00051772,Snow,1994-10-17T00:00:00.0000000-06:00,0.000000,P,,0,,NOAA,2013-08-08T07:41:24.4230000-06:00,in
37,USC00051772,Snow,1994-10-18T00:00:00.0000000-06:00,0.000000,P,,0,,NOAA,2013-08-08T07:41:24.4230000-06:00,in
37,USC00051772,Snow,1994-10-19T00:00:00.0000000-06:00,0.000000,P,,0,,NOAA,2013-08-08T07:41:24.4230000-06:00,in
37,USC00051772,Snow,1994-10-20T00:00:00.0000000-06:00,0.000000,P,,0,,NOAA,2013-08-08T07:41:24.4230000-06:00,in
37,USC00051772,Snow,1994-10-21T00:00:00.0000000-06:00,0.000000,P,,0,,NOAA,2013-08-08T07:41:24.4230000-06:00,in
37,USC00051772,Snow,1994-10-22T00:00:00.0000000-06:00,0.000000,P,,0,,NOAA,2013-08-08T07:41:24.4230000-06:00,in
37,USC00051772,Snow,1994-10-23T00:00:00.0000000-06:00,0.000000,P,,0,,NOAA,2013-08-08T07:41:24.4230000-06:00,in
37,USC00051772,Snow,1994-10-24T00:00:00.0000000-06:00,0.000000,P,,0,,NOAA,2013-08-08T07:41:24.4230000-06:00,in
37,USC00051772,Snow,1994-10-25T00:00:00.0000000-06:00,0.000000,P,,0,,NOAA,2013-08-08T07:41:24.4230000-06:00,in
37,USC00051772,Snow,1994-10-26T00:00:00.0000000-06:00,0.000000,P,,0,,NOAA,2013-08-08T07:41:24.4230000-06:00,in
37,USC00051772,Snow,1994-10-27T00:00:00.0000000-06:00,0.000000,P,,0,,NOAA,2013-08-08T07:41:24.4230000-06:00,in
37,USC00051772,Snow,1994-10-28T00:00:00.0000000-06:00,0.000000,P,,0,,NOAA,2013-08-08T07:41:24.4230000-06:00,in
37,USC00051772,Snow,1994-10-29T00:00:00.0000000-06:00,0.000000,P,,0,,NOAA,2013-08-08T07:41:24.4230000-06:00,in
37,USC00051772,Snow,1994-10-30T00:00:00.0000000-06:00,0.000000,P,,0,,NOAA,2013-08-08T07:41:24.4230000-06:00,in
37,USC00051772,Snow,1994-10-31T00:00:00.0000000-07:00,0.000000,P,,0,,NOAA,2013-08-08T07:41:24.4230000-06:00,in
37,USC00051772,Snow,1994-11-01T00:00:00.0000000-07:00,0.000000,P,,0,,NOAA,2013-08-08T07:41:24.4230000-06:00,in
37,USC00051772,Snow,1994-11-02T00:00:00.0000000-07:00,0.000000,P,,0,,NOAA,2013-08-08T07:41:24.4230000-06:00,in
37,USC00051772,Snow,1994-11-03T00:00:00.0000000-07:00,0.000000,P,,0,,NOAA,2013-08-08T07:41:24.4230000-06:00,in
37,USC00051772,Snow,1994-11-04T00:00:00.0000000-07:00,0.000000,P,,0,,NOAA,2013-08-08T07:41:24.4230000-06:00,in
37,USC00051772,Snow,1994-11-05T00:00:00.0000000-07:00,0.000000,P,,0,,NOAA,2013-08-08T07:41:24.4230000-06:00,in
37,USC00051772,Snow,1994-11-06T00:00:00.0000000-07:00,0.000000,P,,0,,NOAA,2013-08-08T07:41:24.4230000-06:00,in
37,USC00051772,Snow,1994-11-07T00:00:00.0000000-07:00,0.000000,P,,0,,NOAA,2013-08-08T07:41:24.4230000-06:00,in
37,USC00051772,Snow,1994-11-08T00:00:00.0000000-07:00,0.000000,P,,0,,NOAA,2013-08-08T07:41:24.4230000-06:00,in
37,USC00051772,Snow,1994-11-09T00:00:00.0000000-07:00,0.000000,P,,0,,NOAA,2013-08-08T07:41:24.4230000-06:00,in
37,USC00051772,Snow,1994-11-10T00:00:00.0000000-07:00,0.000000,P,,0,,NOAA,2013-08-08T07:41:24.4230000-06:00,in
37,USC00051772,Snow,1994-11-11T00:00:00.0000000-07:00,0.000000,P,,0,,NOAA,2013-08-08T07:41:24.4230000-06:00,in
37,USC00051772,Snow,1994-11-12T00:00:00.0000000-07:00,0.000000,P,,0,,NOAA,2013-08-08T07:41:24.4230000-06:00,in
37,USC00051772,Snow,1994-11-13T00:00:00.0000000-07:00,0.000000,P,,0,,NOAA,2013-08-08T07:41:24.4230000-06:00,in
37,USC00051772,Snow,1994-11-14T00:00:00.0000000-07:00,0.000000,P,,0,,NOAA,2013-08-08T07:41:24.4230000-06:00,in
37,USC00051772,Snow,1994-11-15T00:00:00.0000000-07:00,0.000000,P,,0,,NOAA,2013-08-08T07:41:24.4230000-06:00,in
37,USC00051772,Snow,1994-11-16T00:00:00.0000000-07:00,0.000000,P,,0,,NOAA,2013-08-08T07:41:24.4230000-06:00,in
37,USC00051772,Snow,1994-11-17T00:00:00.0000000-07:00,2.007874,,,0,,NOAA,2013-08-08T07:41:24.4230000-06:00,in
37,USC00051772,Snow,1994-11-18T00:00:00.0000000-07:00,0.000000,P,,0,,NOAA,2013-08-08T07:41:24.4230000-06:00,in
37,USC00051772,Snow,1994-11-19T00:00:00.0000000-07:00,0.000000,P,,0,,NOAA,2013-08-08T07:41:24.4230000-06:00,in
37,USC00051772,Snow,1994-11-20T00:00:00.0000000-07:00,0.000000,P,,0,,NOAA,2013-08-08T07:41:24.4230000-06:00,in
37,USC00051772,Snow,1994-11-21T00:00:00.0000000-07:00,0.511811,,,0,,NOAA,2013-08-08T07:41:24.4230000-06:00,in
37,USC00051772,Snow,1994-11-22T00:00:00.0000000-07:00,0.984252,,,0,,NOAA,2013-08-08T07:41:24.4230000-06:00,in
37,USC00051772,Snow,1994-11-23T00:00:00.0000000-07:00,0.000000,P,,0,,NOAA,2013-08-08T07:41:24.4230000-06:00,in
37,USC00051772,Snow,1994-11-24T00:00:00.0000000-07:00,0.000000,P,,0,,NOAA,2013-08-08T07:41:24.4230000-06:00,in
37,USC00051772,Snow,1994-11-25T00:00:00.0000000-07:00,0.000000,P,,0,,NOAA,2013-08-08T07:41:24.4230000-06:00,in
37,USC00051772,Snow,1994-11-26T00:00:00.0000000-07:00,0.000000,P,,0,,NOAA,2013-08-08T07:41:24.4230000-06:00,in
37,USC00051772,Snow,1994-11-27T00:00:00.0000000-07:00,0.984252,,,0,,NOAA,2013-08-08T07:41:24.4230000-06:00,in
37,USC00051772,Snow,1994-11-28T00:00:00.0000000-07:00,0.000000,P,,0,,NOAA,2013-08-08T07:41:24.4230000-06:00,in
37,USC00051772,Snow,1994-11-29T00:00:00.0000000-07:00,0.000000,P,,0,,NOAA,2013-08-08T07:41:24.4230000-06:00,in
37,USC00051772,Snow,1994-11-30T00:00:00.0000000-07:00,0.000000,P,,0,,NOAA,2013-08-08T07:41:24.4230000-06:00,in
37,USC00051772,Snow,1994-12-01T00:00:00.0000000-07:00,0.000000,P,,0,,NOAA,2013-08-08T07:41:24.4230000-06:00,in
37,USC00051772,Snow,1994-12-02T00:00:00.0000000-07:00,0.000000,P,,0,,NOAA,2013-08-08T07:41:24.4230000-06:00,in
37,USC00051772,Snow,1994-12-03T00:00:00.0000000-07:00,0.000000,P,,0,,NOAA,2013-08-08T07:41:24.4230000-06:00,in
37,USC00051772,Snow,1994-12-04T00:00:00.0000000-07:00,0.000000,P,,0,,NOAA,2013-08-08T07:41:24.4230000-06:00,in
37,USC00051772,Snow,1994-12-05T00:00:00.0000000-07:00,0.000000,P,,0,,NOAA,2013-08-08T07:41:24.4230000-06:00,in
37,USC00051772,Snow,1994-12-06T00:00:00.0000000-07:00,2.007874,,,0,,NOAA,2013-08-08T07:41:24.4230000-06:00,in
37,USC00051772,Snow,1994-12-07T00:00:00.0000000-07:00,0.000000,P,,0,,NOAA,2013-08-08T07:41:24.4230000-06:00,in
37,USC00051772,Snow,1994-12-08T00:00:00.0000000-07:00,0.000000,P,,0,,NOAA,2013-08-08T07:41:24.4230000-06:00,in
37,USC00051772,Snow,1994-12-09T00:00:00.0000000-07:00,0.000000,T,,0,,NOAA,2013-08-08T07:41:24.4230000-06:00,in
37,USC00051772,Snow,1994-12-10T00:00:00.0000000-07:00,0.000000,P,,0,,NOAA,2013-08-08T07:41:24.4230000-06:00,in
37,USC00051772,Snow,1994-12-11T00:00:00.0000000-07:00,0.000000,P,,0,,NOAA,2013-08-08T07:41:24.4230000-06:00,in
37,USC00051772,Snow,1994-12-12T00:00:00.0000000-07:00,0.000000,P,,0,,NOAA,2013-08-08T07:41:24.4230000-06:00,in
37,USC00051772,Snow,1994-12-13T00:00:00.0000000-07:00,0.000000,T,,0,,NOAA,2013-08-08T07:41:24.4230000-06:00,in
37,USC00051772,Snow,1994-12-14T00:00:00.0000000-07:00,0.511811,,,0,,NOAA,2013-08-08T07:41:24.4230000-06:00,in
37,USC00051772,Snow,1994-12-15T00:00:00.0000000-07:00,0.000000,T,,0,,NOAA,2013-08-08T07:41:24.4230000-06:00,in
37,USC00051772,Snow,1994-12-16T00:00:00.0000000-07:00,0.000000,P,,0,,NOAA,2013-08-08T07:41:24.4230000-06:00,in
37,USC00051772,Snow,1994-12-17T00:00:00.0000000-07:00,0.000000,P,,0,,NOAA,2013-08-08T07:41:24.4230000-06:00,in
37,USC00051772,Snow,1994-12-18T00:00:00.0000000-07:00,0.000000,P,,0,,NOAA,2013-08-08T07:41:24.4230000-06:00,in
37,USC00051772,Snow,1994-12-19T00:00:00.0000000-07:00,0.000000,P,,0,,NOAA,2013-08-08T07:41:24.4230000-06:00,in
37,USC00051772,Snow,1994-12-20T00:00:00.0000000-07:00,0.000000,P,,0,,NOAA,2013-08-08T07:41:24.4230000-06:00,in
37,USC00051772,Snow,1994-12-21T00:00:00.0000000-07:00,0.000000,P,,0,,NOAA,2013-08-08T07:41:24.4230000-06:00,in
37,USC00051772,Snow,1994-12-22T00:00:00.0000000-07:00,0.000000,P,,0,,NOAA,2013-08-08T07:41:24.4230000-06:00,in
37,USC00051772,Snow,1994-12-23T00:00:00.0000000-07:00,0.000000,P,,0,,NOAA,2013-08-08T07:41:24.4230000-06:00,in
37,USC00051772,Snow,1994-12-24T00:00:00.0000000-07:00,0.000000,P,,0,,NOAA,2013-08-08T07:41:24.4230000-06:00,in
37,USC00051772,Snow,1994-12-25T00:00:00.0000000-07:00,0.000000,P,,0,,NOAA,2013-08-08T07:41:24.4230000-06:00,in
37,USC00051772,Snow,1994-12-26T00:00:00.0000000-07:00,0.000000,P,,0,,NOAA,2013-08-08T07:41:24.4230000-06:00,in
37,USC00051772,Snow,1994-12-27T00:00:00.0000000-07:00,0.000000,P,,0,,NOAA,2013-08-08T07:41:24.4230000-06:00,in
37,USC00051772,Snow,1994-12-28T00:00:00.0000000-07:00,0.000000,T,,0,,NOAA,2013-08-08T07:41:24.4230000-06:00,in
37,USC00051772,Snow,1994-12-29T00:00:00.0000000-07:00,0.000000,P,,0,,NOAA,2013-08-08T07:41:24.4230000-06:00,in
37,USC00051772,Snow,1994-12-30T00:00:00.0000000-07:00,0.984252,,,0,,NOAA,2013-08-08T07:41:24.4230000-06:00,in
37,USC00051772,Snow,1995-01-01T00:00:00.0000000-07:00,0.000000,P,,0,,NOAA,2013-08-08T07:41:24.4230000-06:00,in
37,USC00051772,Snow,1995-01-02T00:00:00.0000000-07:00,0.000000,P,,0,,NOAA,2013-08-08T07:41:24.4230000-06:00,in
37,USC00051772,Snow,1995-01-03T00:00:00.0000000-07:00,0.000000,P,,0,,NOAA,2013-08-08T07:41:24.4230000-06:00,in
37,USC00051772,Snow,1995-01-04T00:00:00.0000000-07:00,0.000000,P,,0,,NOAA,2013-08-08T07:41:24.4230000-06:00,in
37,USC00051772,Snow,1995-01-05T00:00:00.0000000-07:00,0.000000,P,,0,,NOAA,2013-08-08T07:41:24.4230000-06:00,in
37,USC00051772,Snow,1995-01-06T00:00:00.0000000-07:00,0.000000,P,,0,,NOAA,2013-08-08T07:41:24.4230000-06:00,in
37,USC00051772,Snow,1995-01-07T00:00:00.0000000-07:00,0.000000,P,,0,,NOAA,2013-08-08T07:41:24.4230000-06:00,in
37,USC00051772,Snow,1995-01-08T00:00:00.0000000-07:00,1.299213,,,0,,NOAA,2013-08-08T07:41:24.4230000-06:00,in
37,USC00051772,Snow,1995-01-09T00:00:00.0000000-07:00,0.000000,P,,0,,NOAA,2013-08-08T07:41:24.4230000-06:00,in
37,USC00051772,Snow,1995-01-10T00:00:00.0000000-07:00,0.000000,P,,0,,NOAA,2013-08-08T07:41:24.4230000-06:00,in
37,USC00051772,Snow,1995-01-11T00:00:00.0000000-07:00,0.000000,P,,0,,NOAA,2013-08-08T07:41:24.4230000-06:00,in
37,USC00051772,Snow,1995-01-12T00:00:00.0000000-07:00,0.000000,P,,0,,NOAA,2013-08-08T07:41:24.4230000-06:00,in
37,USC00051772,Snow,1995-01-13T00:00:00.0000000-07:00,0.000000,P,,0,,NOAA,2013-08-08T07:41:24.4230000-06:00,in
37,USC00051772,Snow,1995-01-14T00:00:00.0000000-07:00,0.000000,P,,0,,NOAA,2013-08-08T07:41:24.4230000-06:00,in
37,USC00051772,Snow,1995-01-15T00:00:00.0000000-07:00,0.000000,P,,0,,NOAA,2013-08-08T07:41:24.4230000-06:00,in
37,USC00051772,Snow,1995-01-16T00:00:00.0000000-07:00,2.007874,,,0,,NOAA,2013-08-08T07:41:24.4230000-06:00,in
37,USC00051772,Snow,1995-01-17T00:00:00.0000000-07:00,0.000000,P,,0,,NOAA,2013-08-08T07:41:24.4230000-06:00,in
37,USC00051772,Snow,1995-01-18T00:00:00.0000000-07:00,0.000000,P,,0,,NOAA,2013-08-08T07:41:24.4230000-06:00,in
37,USC00051772,Snow,1995-01-19T00:00:00.0000000-07:00,0.000000,P,,0,,NOAA,2013-08-08T07:41:24.4230000-06:00,in
37,USC00051772,Snow,1995-01-20T00:00:00.0000000-07:00,0.000000,P,,0,,NOAA,2013-08-08T07:41:24.4230000-06:00,in
37,USC00051772,Snow,1995-01-21T00:00:00.0000000-07:00,0.000000,P,,0,,NOAA,2013-08-08T07:41:24.4230000-06:00,in
37,USC00051772,Snow,1995-01-22T00:00:00.0000000-07:00,0.000000,P,,0,,NOAA,2013-08-08T07:41:24.4230000-06:00,in
37,USC00051772,Snow,1995-01-23T00:00:00.0000000-07:00,0.000000,P,,0,,NOAA,2013-08-08T07:41:24.4230000-06:00,in
37,USC00051772,Snow,1995-01-24T00:00:00.0000000-07:00,0.000000,T,,0,,NOAA,2013-08-08T07:41:24.4230000-06:00,in
37,USC00051772,Snow,1995-01-25T00:00:00.0000000-07:00,0.000000,P,,0,,NOAA,2013-08-08T07:41:24.4230000-06:00,in
37,USC00051772,Snow,1995-01-26T00:00:00.0000000-07:00,0.000000,P,,0,,NOAA,2013-08-08T07:41:24.4230000-06:00,in
37,USC00051772,Snow,1995-01-27T00:00:00.0000000-07:00,0.000000,P,,0,,NOAA,2013-08-08T07:41:24.4230000-06:00,in
37,USC00051772,Snow,1995-01-28T00:00:00.0000000-07:00,0.000000,P,,0,,NOAA,2013-08-08T07:41:24.4230000-06:00,in
37,USC00051772,Snow,1995-01-29T00:00:00.0000000-07:00,0.000000,P,,0,,NOAA,2013-08-08T07:41:24.4230000-06:00,in
37,USC00051772,Snow,1995-01-30T00:00:00.0000000-07:00,0.000000,P,,0,,NOAA,2013-08-08T07:41:24.4230000-06:00,in
37,USC00051772,Snow,1995-01-31T00:00:00.0000000-07:00,0.000000,P,,0,,NOAA,2013-08-08T07:41:24.4230000-06:00,in
37,USC00051772,Snow,1995-02-01T00:00:00.0000000-07:00,0.000000,P,,0,,NOAA,2013-08-08T07:41:24.4230000-06:00,in
37,USC00051772,Snow,1995-02-02T00:00:00.0000000-07:00,0.000000,P,,0,,NOAA,2013-08-08T07:41:24.4230000-06:00,in
37,USC00051772,Snow,1995-02-03T00:00:00.0000000-07:00,0.000000,P,,0,,NOAA,2013-08-08T07:41:24.4230000-06:00,in
37,USC00051772,Snow,1995-02-04T00:00:00.0000000-07:00,0.000000,P,,0,,NOAA,2013-08-08T07:41:24.4230000-06:00,in
37,USC00051772,Snow,1995-02-05T00:00:00.0000000-07:00,0.000000,P,,0,,NOAA,2013-08-08T07:41:24.4230000-06:00,in
37,USC00051772,Snow,1995-02-06T00:00:00.0000000-07:00,0.000000,P,,0,,NOAA,2013-08-08T07:41:24.4230000-06:00,in
37,USC00051772,Snow,1995-02-07T00:00:00.0000000-07:00,0.000000,P,,0,,NOAA,2013-08-08T07:41:24.4230000-06:00,in
37,USC00051772,Snow,1995-02-08T00:00:00.0000000-07:00,0.000000,P,,0,,NOAA,2013-08-08T07:41:24.4230000-06:00,in
37,USC00051772,Snow,1995-02-09T00:00:00.0000000-07:00,0.000000,T,,0,,NOAA,2013-08-08T07:41:24.4230000-06:00,in
37,USC00051772,Snow,1995-02-10T00:00:00.0000000-07:00,0.000000,P,,0,,NOAA,2013-08-08T07:41:24.4230000-06:00,in
37,USC00051772,Snow,1995-02-11T00:00:00.0000000-07:00,0.000000,T,,0,,NOAA,2013-08-08T07:41:24.4230000-06:00,in
37,USC00051772,Snow,1995-02-13T00:00:00.0000000-07:00,0.000000,P,,0,,NOAA,2013-08-08T07:41:24.4230000-06:00,in
37,USC00051772,Snow,1995-02-15T00:00:00.0000000-07:00,0.000000,P,,0,,NOAA,2013-08-08T07:41:24.4230000-06:00,in
37,USC00051772,Snow,1995-02-16T00:00:00.0000000-07:00,0.000000,P,,0,,NOAA,2013-08-08T07:41:24.4230000-06:00,in
37,USC00051772,Snow,1995-02-17T00:00:00.0000000-07:00,0.000000,P,,0,,NOAA,2013-08-08T07:41:24.4230000-06:00,in
37,USC00051772,Snow,1995-02-18T00:00:00.0000000-07:00,0.000000,P,,0,,NOAA,2013-08-08T07:41:24.4230000-06:00,in
37,USC00051772,Snow,1995-02-19T00:00:00.0000000-07:00,0.000000,P,,0,,NOAA,2013-08-08T07:41:24.4230000-06:00,in
37,USC00051772,Snow,1995-02-20T00:00:00.0000000-07:00,0.000000,P,,0,,NOAA,2013-08-08T07:41:24.4230000-06:00,in
37,USC00051772,Snow,1995-02-21T00:00:00.0000000-07:00,0.000000,P,,0,,NOAA,2013-08-08T07:41:24.4230000-06:00,in
37,USC00051772,Snow,1995-02-22T00:00:00.0000000-07:00,0.000000,P,,0,,NOAA,2013-08-08T07:41:24.4230000-06:00,in
37,USC00051772,Snow,1995-02-23T00:00:00.0000000-07:00,0.000000,P,,0,,NOAA,2013-08-08T07:41:24.4230000-06:00,in
37,USC00051772,Snow,1995-02-24T00:00:00.0000000-07:00,0.000000,P,,0,,NOAA,2013-08-08T07:41:24.4230000-06:00,in
37,USC00051772,Snow,1995-02-25T00:00:00.0000000-07:00,0.000000,P,,0,,NOAA,2013-08-08T07:41:24.4230000-06:00,in
37,USC00051772,Snow,1995-02-26T00:00:00.0000000-07:00,0.000000,P,,0,,NOAA,2013-08-08T07:41:24.4230000-06:00,in
37,USC00051772,Snow,1995-02-27T00:00:00.0000000-07:00,0.000000,P,,0,,NOAA,2013-08-08T07:41:24.4230000-06:00,in
37,USC00051772,Snow,1995-02-28T00:00:00.0000000-07:00,0.000000,P,,0,,NOAA,2013-08-08T07:41:24.4230000-06:00,in
37,USC00051772,Snow,1995-03-01T00:00:00.0000000-07:00,0.000000,P,,0,,NOAA,2013-08-08T07:41:24.4230000-06:00,in
37,USC00051772,Snow,1995-03-02T00:00:00.0000000-07:00,0.000000,P,,0,,NOAA,2013-08-08T07:41:24.4230000-06:00,in
37,USC00051772,Snow,1995-03-03T00:00:00.0000000-07:00,0.000000,P,,0,,NOAA,2013-08-08T07:41:24.4230000-06:00,in
37,USC00051772,Snow,1995-03-04T00:00:00.0000000-07:00,0.000000,P,,0,,NOAA,2013-08-08T07:41:24.4230000-06:00,in
37,USC00051772,Snow,1995-03-05T00:00:00.0000000-07:00,0.000000,P,,0,,NOAA,2013-08-08T07:41:24.4230000-06:00,in
37,USC00051772,Snow,1995-03-06T00:00:00.0000000-07:00,0.000000,P,,0,,NOAA,2013-08-08T07:41:24.4230000-06:00,in
37,USC00051772,Snow,1995-03-07T00:00:00.0000000-07:00,0.000000,P,,0,,NOAA,2013-08-08T07:41:24.4230000-06:00,in
37,USC00051772,Snow,1995-03-08T00:00:00.0000000-07:00,0.000000,P,,0,,NOAA,2013-08-08T07:41:24.4230000-06:00,in
37,USC00051772,Snow,1995-03-09T00:00:00.0000000-07:00,0.000000,P,,0,,NOAA,2013-08-08T07:41:24.4230000-06:00,in
37,USC00051772,Snow,1995-03-10T00:00:00.0000000-07:00,0.000000,P,,0,,NOAA,2013-08-08T07:41:24.4230000-06:00,in
37,USC00051772,Snow,1995-03-11T00:00:00.0000000-07:00,0.000000,P,,0,,NOAA,2013-08-08T07:41:24.4230000-06:00,in
37,USC00051772,Snow,1995-03-12T00:00:00.0000000-07:00,0.000000,P,,0,,NOAA,2013-08-08T07:41:24.4230000-06:00,in
37,USC00051772,Snow,1995-03-13T00:00:00.0000000-07:00,0.000000,P,,0,,NOAA,2013-08-08T07:41:24.4230000-06:00,in
37,USC00051772,Snow,1995-03-14T00:00:00.0000000-07:00,0.000000,P,,0,,NOAA,2013-08-08T07:41:24.4230000-06:00,in
37,USC00051772,Snow,1995-03-15T00:00:00.0000000-07:00,0.000000,P,,0,,NOAA,2013-08-08T07:41:24.4230000-06:00,in
37,USC00051772,Snow,1995-03-16T00:00:00.0000000-07:00,0.000000,P,,0,,NOAA,2013-08-08T07:41:24.4230000-06:00,in
37,USC00051772,Snow,1995-03-17T00:00:00.0000000-07:00,0.000000,P,,0,,NOAA,2013-08-08T07:41:24.4230000-06:00,in
37,USC00051772,Snow,1995-03-18T00:00:00.0000000-07:00,0.000000,P,,0,,NOAA,2013-08-08T07:41:24.4230000-06:00,in
37,USC00051772,Snow,1995-03-19T00:00:00.0000000-07:00,0.000000,P,,0,,NOAA,2013-08-08T07:41:24.4230000-06:00,in
37,USC00051772,Snow,1995-03-20T00:00:00.0000000-07:00,0.000000,P,,0,,NOAA,2013-08-08T07:41:24.4230000-06:00,in
37,USC00051772,Snow,1995-03-21T00:00:00.0000000-07:00,0.000000,P,,0,,NOAA,2013-08-08T07:41:24.4230000-06:00,in
37,USC00051772,Snow,1995-03-22T00:00:00.0000000-07:00,0.000000,P,,0,,NOAA,2013-08-08T07:41:24.4230000-06:00,in
37,USC00051772,Snow,1995-03-23T00:00:00.0000000-07:00,0.000000,P,,0,,NOAA,2013-08-08T07:41:24.4230000-06:00,in
37,USC00051772,Snow,1995-03-24T00:00:00.0000000-07:00,0.000000,P,,0,,NOAA,2013-08-08T07:41:24.4230000-06:00,in
37,USC00051772,Snow,1995-03-25T00:00:00.0000000-07:00,0.000000,P,,0,,NOAA,2013-08-08T07:41:24.4230000-06:00,in
37,USC00051772,Snow,1995-03-26T00:00:00.0000000-07:00,0.000000,P,,0,,NOAA,2013-08-08T07:41:24.4230000-06:00,in
37,USC00051772,Snow,1995-03-27T00:00:00.0000000-07:00,0.000000,P,,0,,NOAA,2013-08-08T07:41:24.4230000-06:00,in
37,USC00051772,Snow,1995-03-28T00:00:00.0000000-07:00,0.000000,P,,0,,NOAA,2013-08-08T07:41:24.4230000-06:00,in
37,USC00051772,Snow,1995-03-29T00:00:00.0000000-07:00,1.496063,,,0,,NOAA,2013-08-08T07:41:24.4230000-06:00,in
37,USC00051772,Snow,1995-03-30T00:00:00.0000000-07:00,0.000000,P,,0,,NOAA,2013-08-08T07:41:24.4230000-06:00,in
37,USC00051772,Snow,1995-03-31T00:00:00.0000000-07:00,0.000000,P,,0,,NOAA,2013-08-08T07:41:24.4230000-06:00,in
37,USC00051772,Snow,1995-04-01T00:00:00.0000000-07:00,0.000000,P,,0,,NOAA,2013-08-08T07:41:24.4230000-06:00,in
37,USC00051772,Snow,1995-04-02T00:00:00.0000000-07:00,0.000000,P,,0,,NOAA,2013-08-08T07:41:24.4230000-06:00,in
37,USC00051772,Snow,1995-04-03T00:00:00.0000000-06:00,0.000000,P,,0,,NOAA,2013-08-08T07:41:24.4230000-06:00,in
37,USC00051772,Snow,1995-04-04T00:00:00.0000000-06:00,0.000000,P,,0,,NOAA,2013-08-08T07:41:24.4230000-06:00,in
37,USC00051772,Snow,1995-04-05T00:00:00.0000000-06:00,0.000000,P,,0,,NOAA,2013-08-08T07:41:24.4230000-06:00,in
37,USC00051772,Snow,1995-04-06T00:00:00.0000000-06:00,0.000000,P,,0,,NOAA,2013-08-08T07:41:24.4230000-06:00,in
37,USC00051772,Snow,1995-04-07T00:00:00.0000000-06:00,0.000000,P,,0,,NOAA,2013-08-08T07:41:24.4230000-06:00,in
37,USC00051772,Snow,1995-04-08T00:00:00.0000000-06:00,0.000000,P,,0,,NOAA,2013-08-08T07:41:24.4230000-06:00,in
37,USC00051772,Snow,1995-04-09T00:00:00.0000000-06:00,0.000000,P,,0,,NOAA,2013-08-08T07:41:24.4230000-06:00,in
37,USC00051772,Snow,1995-04-10T00:00:00.0000000-06:00,0.000000,P,,0,,NOAA,2013-08-08T07:41:24.4230000-06:00,in
37,USC00051772,Snow,1995-04-11T00:00:00.0000000-06:00,0.000000,P,,0,,NOAA,2013-08-08T07:41:24.4230000-06:00,in
37,USC00051772,Snow,1995-04-12T00:00:00.0000000-06:00,0.000000,P,,0,,NOAA,2013-08-08T07:41:24.4230000-06:00,in
37,USC00051772,Snow,1995-04-13T00:00:00.0000000-06:00,0.000000,P,,0,,NOAA,2013-08-08T07:41:24.4230000-06:00,in
37,USC00051772,Snow,1995-04-14T00:00:00.0000000-06:00,0.000000,T,,0,,NOAA,2013-08-08T07:41:24.4230000-06:00,in
37,USC00051772,Snow,1995-04-17T00:00:00.0000000-06:00,0.000000,T,,0,,NOAA,2013-08-08T07:41:24.4230000-06:00,in
37,USC00051772,Snow,1995-04-18T00:00:00.0000000-06:00,0.000000,,,0,,NOAA,2013-08-08T07:41:24.4230000-06:00,in
37,USC00051772,Snow,1995-04-19T00:00:00.0000000-06:00,0.000000,,,0,,NOAA,2013-08-08T07:41:24.4230000-06:00,in
37,USC00051772,Snow,1995-04-20T00:00:00.0000000-06:00,0.000000,T,,0,,NOAA,2013-08-08T07:41:24.4230000-06:00,in
37,USC00051772,Snow,1995-04-21T00:00:00.0000000-06:00,0.000000,T,,0,,NOAA,2013-08-08T07:41:24.4230000-06:00,in
37,USC00051772,Snow,1995-05-01T00:00:00.0000000-06:00,0.000000,P,,0,,NOAA,2013-08-08T07:41:24.4230000-06:00,in
37,USC00051772,Snow,1995-05-02T00:00:00.0000000-06:00,0.000000,P,,0,,NOAA,2013-08-08T07:41:24.4230000-06:00,in
37,USC00051772,Snow,1995-05-03T00:00:00.0000000-06:00,0.000000,P,,0,,NOAA,2013-08-08T07:41:24.4230000-06:00,in
37,USC00051772,Snow,1995-05-04T00:00:00.0000000-06:00,0.000000,P,,0,,NOAA,2013-08-08T07:41:24.4230000-06:00,in
37,USC00051772,Snow,1995-05-05T00:00:00.0000000-06:00,0.000000,P,,0,,NOAA,2013-08-08T07:41:24.4230000-06:00,in
37,USC00051772,Snow,1995-05-06T00:00:00.0000000-06:00,0.000000,P,,0,,NOAA,2013-08-08T07:41:24.4230000-06:00,in
37,USC00051772,Snow,1995-05-07T00:00:00.0000000-06:00,0.000000,P,,0,,NOAA,2013-08-08T07:41:24.4230000-06:00,in
37,USC00051772,Snow,1995-05-08T00:00:00.0000000-06:00,0.000000,P,,0,,NOAA,2013-08-08T07:41:24.4230000-06:00,in
37,USC00051772,Snow,1995-05-09T00:00:00.0000000-06:00,0.000000,P,,0,,NOAA,2013-08-08T07:41:24.4230000-06:00,in
37,USC00051772,Snow,1995-05-10T00:00:00.0000000-06:00,0.000000,P,,0,,NOAA,2013-08-08T07:41:24.4230000-06:00,in
37,USC00051772,Snow,1995-05-11T00:00:00.0000000-06:00,0.000000,P,,0,,NOAA,2013-08-08T07:41:24.4230000-06:00,in
37,USC00051772,Snow,1995-05-12T00:00:00.0000000-06:00,0.000000,P,,0,,NOAA,2013-08-08T07:41:24.4230000-06:00,in
37,USC00051772,Snow,1995-05-13T00:00:00.0000000-06:00,0.000000,P,,0,,NOAA,2013-08-08T07:41:24.4230000-06:00,in
37,USC00051772,Snow,1995-05-14T00:00:00.0000000-06:00,0.000000,P,,0,,NOAA,2013-08-08T07:41:24.4230000-06:00,in
37,USC00051772,Snow,1995-05-15T00:00:00.0000000-06:00,0.000000,P,,0,,NOAA,2013-08-08T07:41:24.4230000-06:00,in
37,USC00051772,Snow,1995-05-16T00:00:00.0000000-06:00,0.000000,P,,0,,NOAA,2013-08-08T07:41:24.4230000-06:00,in
37,USC00051772,Snow,1995-05-17T00:00:00.0000000-06:00,0.000000,P,,0,,NOAA,2013-08-08T07:41:24.4230000-06:00,in
37,USC00051772,Snow,1995-05-18T00:00:00.0000000-06:00,0.000000,P,,0,,NOAA,2013-08-08T07:41:24.4230000-06:00,in
37,USC00051772,Snow,1995-05-19T00:00:00.0000000-06:00,0.000000,P,,0,,NOAA,2013-08-08T07:41:24.4230000-06:00,in
37,USC00051772,Snow,1995-05-20T00:00:00.0000000-06:00,0.000000,P,,0,,NOAA,2013-08-08T07:41:24.4230000-06:00,in
37,USC00051772,Snow,1995-05-21T00:00:00.0000000-06:00,0.000000,P,,0,,NOAA,2013-08-08T07:41:24.4230000-06:00,in
37,USC00051772,Snow,1995-05-22T00:00:00.0000000-06:00,0.000000,P,,0,,NOAA,2013-08-08T07:41:24.4230000-06:00,in
37,USC00051772,Snow,1995-05-23T00:00:00.0000000-06:00,0.000000,P,,0,,NOAA,2013-08-08T07:41:24.4230000-06:00,in
37,USC00051772,Snow,1995-05-24T00:00:00.0000000-06:00,0.000000,P,,0,,NOAA,2013-08-08T07:41:24.4230000-06:00,in
37,USC00051772,Snow,1995-05-25T00:00:00.0000000-06:00,0.000000,P,,0,,NOAA,2013-08-08T07:41:24.4230000-06:00,in
37,USC00051772,Snow,1995-05-26T00:00:00.0000000-06:00,0.000000,P,,0,,NOAA,2013-08-08T07:41:24.4230000-06:00,in
37,USC00051772,Snow,1995-05-27T00:00:00.0000000-06:00,0.000000,P,,0,,NOAA,2013-08-08T07:41:24.4230000-06:00,in
37,USC00051772,Snow,1995-05-28T00:00:00.0000000-06:00,0.000000,P,,0,,NOAA,2013-08-08T07:41:24.4230000-06:00,in
37,USC00051772,Snow,1995-05-29T00:00:00.0000000-06:00,0.000000,P,,0,,NOAA,2013-08-08T07:41:24.4230000-06:00,in
37,USC00051772,Snow,1995-05-30T00:00:00.0000000-06:00,0.000000,P,,0,,NOAA,2013-08-08T07:41:24.4230000-06:00,in
37,USC00051772,Snow,1995-05-31T00:00:00.0000000-06:00,0.000000,P,,0,,NOAA,2013-08-08T07:41:24.4230000-06:00,in
37,USC00051772,Snow,1995-06-01T00:00:00.0000000-06:00,0.000000,P,,0,,NOAA,2013-08-08T07:41:24.4230000-06:00,in
37,USC00051772,Snow,1995-06-02T00:00:00.0000000-06:00,0.000000,P,,0,,NOAA,2013-08-08T07:41:24.4230000-06:00,in
37,USC00051772,Snow,1995-06-03T00:00:00.0000000-06:00,0.000000,P,,0,,NOAA,2013-08-08T07:41:24.4230000-06:00,in
37,USC00051772,Snow,1995-06-04T00:00:00.0000000-06:00,0.000000,P,,0,,NOAA,2013-08-08T07:41:24.4230000-06:00,in
37,USC00051772,Snow,1995-06-05T00:00:00.0000000-06:00,0.000000,P,,0,,NOAA,2013-08-08T07:41:24.4230000-06:00,in
37,USC00051772,Snow,1995-06-06T00:00:00.0000000-06:00,0.000000,P,,0,,NOAA,2013-08-08T07:41:24.4230000-06:00,in
37,USC00051772,Snow,1995-06-07T00:00:00.0000000-06:00,0.000000,P,,0,,NOAA,2013-08-08T07:41:24.4230000-06:00,in
37,USC00051772,Snow,1995-06-08T00:00:00.0000000-06:00,0.000000,P,,0,,NOAA,2013-08-08T07:41:24.4230000-06:00,in
37,USC00051772,Snow,1995-06-09T00:00:00.0000000-06:00,0.000000,P,,0,,NOAA,2013-08-08T07:41:24.4230000-06:00,in
37,USC00051772,Snow,1995-06-10T00:00:00.0000000-06:00,0.000000,P,,0,,NOAA,2013-08-08T07:41:24.4230000-06:00,in
37,USC00051772,Snow,1995-06-11T00:00:00.0000000-06:00,0.000000,P,,0,,NOAA,2013-08-08T07:41:24.4230000-06:00,in
37,USC00051772,Snow,1995-06-12T00:00:00.0000000-06:00,0.000000,P,,0,,NOAA,2013-08-08T07:41:24.4230000-06:00,in
37,USC00051772,Snow,1995-06-13T00:00:00.0000000-06:00,0.000000,P,,0,,NOAA,2013-08-08T07:41:24.4230000-06:00,in
37,USC00051772,Snow,1995-06-14T00:00:00.0000000-06:00,0.000000,P,,0,,NOAA,2013-08-08T07:41:24.4230000-06:00,in
37,USC00051772,Snow,1995-06-15T00:00:00.0000000-06:00,0.000000,P,,0,,NOAA,2013-08-08T07:41:24.4230000-06:00,in
37,USC00051772,Snow,1995-06-16T00:00:00.0000000-06:00,0.000000,P,,0,,NOAA,2013-08-08T07:41:24.4230000-06:00,in
37,USC00051772,Snow,1995-06-17T00:00:00.0000000-06:00,0.000000,P,,0,,NOAA,2013-08-08T07:41:24.4230000-06:00,in
37,USC00051772,Snow,1995-06-18T00:00:00.0000000-06:00,0.000000,P,,0,,NOAA,2013-08-08T07:41:24.4230000-06:00,in
37,USC00051772,Snow,1995-06-19T00:00:00.0000000-06:00,0.000000,P,,0,,NOAA,2013-08-08T07:41:24.4230000-06:00,in
37,USC00051772,Snow,1995-06-20T00:00:00.0000000-06:00,0.000000,P,,0,,NOAA,2013-08-08T07:41:24.4230000-06:00,in
37,USC00051772,Snow,1995-06-21T00:00:00.0000000-06:00,0.000000,P,,0,,NOAA,2013-08-08T07:41:24.4230000-06:00,in
37,USC00051772,Snow,1995-06-22T00:00:00.0000000-06:00,0.000000,P,,0,,NOAA,2013-08-08T07:41:24.4230000-06:00,in
37,USC00051772,Snow,1995-06-23T00:00:00.0000000-06:00,0.000000,P,,0,,NOAA,2013-08-08T07:41:24.4230000-06:00,in
37,USC00051772,Snow,1995-06-24T00:00:00.0000000-06:00,0.000000,P,,0,,NOAA,2013-08-08T07:41:24.4230000-06:00,in
37,USC00051772,Snow,1995-06-25T00:00:00.0000000-06:00,0.000000,P,,0,,NOAA,2013-08-08T07:41:24.4230000-06:00,in
37,USC00051772,Snow,1995-06-26T00:00:00.0000000-06:00,0.000000,P,,0,,NOAA,2013-08-08T07:41:24.4230000-06:00,in
37,USC00051772,Snow,1995-06-27T00:00:00.0000000-06:00,0.000000,P,,0,,NOAA,2013-08-08T07:41:24.4230000-06:00,in
37,USC00051772,Snow,1995-06-28T00:00:00.0000000-06:00,0.000000,P,,0,,NOAA,2013-08-08T07:41:24.4230000-06:00,in
37,USC00051772,Snow,1995-06-29T00:00:00.0000000-06:00,0.000000,P,,0,,NOAA,2013-08-08T07:41:24.4230000-06:00,in
37,USC00051772,Snow,1995-06-30T00:00:00.0000000-06:00,0.000000,P,,0,,NOAA,2013-08-08T07:41:24.4230000-06:00,in
37,USC00051772,Snow,1995-07-01T00:00:00.0000000-06:00,0.000000,P,,0,,NOAA,2013-08-08T07:41:24.4230000-06:00,in
37,USC00051772,Snow,1995-07-02T00:00:00.0000000-06:00,0.000000,P,,0,,NOAA,2013-08-08T07:41:24.4230000-06:00,in
37,USC00051772,Snow,1995-07-03T00:00:00.0000000-06:00,0.000000,P,,0,,NOAA,2013-08-08T07:41:24.4230000-06:00,in
37,USC00051772,Snow,1995-07-04T00:00:00.0000000-06:00,0.000000,P,,0,,NOAA,2013-08-08T07:41:24.4230000-06:00,in
37,USC00051772,Snow,1995-07-05T00:00:00.0000000-06:00,0.000000,P,,0,,NOAA,2013-08-08T07:41:24.4230000-06:00,in
37,USC00051772,Snow,1995-07-06T00:00:00.0000000-06:00,0.000000,P,,0,,NOAA,2013-08-08T07:41:24.4230000-06:00,in
37,USC00051772,Snow,1995-07-07T00:00:00.0000000-06:00,0.000000,P,,0,,NOAA,2013-08-08T07:41:24.4230000-06:00,in
37,USC00051772,Snow,1995-07-08T00:00:00.0000000-06:00,0.000000,P,,0,,NOAA,2013-08-08T07:41:24.4230000-06:00,in
37,USC00051772,Snow,1995-07-09T00:00:00.0000000-06:00,0.000000,P,,0,,NOAA,2013-08-08T07:41:24.4230000-06:00,in
37,USC00051772,Snow,1995-07-10T00:00:00.0000000-06:00,0.000000,P,,0,,NOAA,2013-08-08T07:41:24.4230000-06:00,in
37,USC00051772,Snow,1995-07-11T00:00:00.0000000-06:00,0.000000,P,,0,,NOAA,2013-08-08T07:41:24.4230000-06:00,in
37,USC00051772,Snow,1995-07-12T00:00:00.0000000-06:00,0.000000,P,,0,,NOAA,2013-08-08T07:41:24.4230000-06:00,in
37,USC00051772,Snow,1995-07-13T00:00:00.0000000-06:00,0.000000,P,,0,,NOAA,2013-08-08T07:41:24.4230000-06:00,in
37,USC00051772,Snow,1995-07-14T00:00:00.0000000-06:00,0.000000,P,,0,,NOAA,2013-08-08T07:41:24.4230000-06:00,in
37,USC00051772,Snow,1995-07-15T00:00:00.0000000-06:00,0.000000,P,,0,,NOAA,2013-08-08T07:41:24.4230000-06:00,in
37,USC00051772,Snow,1995-07-16T00:00:00.0000000-06:00,0.000000,P,,0,,NOAA,2013-08-08T07:41:24.4230000-06:00,in
37,USC00051772,Snow,1995-07-17T00:00:00.0000000-06:00,0.000000,P,,0,,NOAA,2013-08-08T07:41:24.4230000-06:00,in
37,USC00051772,Snow,1995-07-18T00:00:00.0000000-06:00,0.000000,P,,0,,NOAA,2013-08-08T07:41:24.4230000-06:00,in
37,USC00051772,Snow,1995-07-19T00:00:00.0000000-06:00,0.000000,P,,0,,NOAA,2013-08-08T07:41:24.4230000-06:00,in
37,USC00051772,Snow,1995-07-20T00:00:00.0000000-06:00,0.000000,P,,0,,NOAA,2013-08-08T07:41:24.4230000-06:00,in
37,USC00051772,Snow,1995-07-21T00:00:00.0000000-06:00,0.000000,P,,0,,NOAA,2013-08-08T07:41:24.4230000-06:00,in
37,USC00051772,Snow,1995-07-22T00:00:00.0000000-06:00,0.000000,P,,0,,NOAA,2013-08-08T07:41:24.4230000-06:00,in
37,USC00051772,Snow,1995-07-23T00:00:00.0000000-06:00,0.000000,P,,0,,NOAA,2013-08-08T07:41:24.4230000-06:00,in
37,USC00051772,Snow,1995-07-24T00:00:00.0000000-06:00,0.000000,P,,0,,NOAA,2013-08-08T07:41:24.4230000-06:00,in
37,USC00051772,Snow,1995-07-25T00:00:00.0000000-06:00,0.000000,P,,0,,NOAA,2013-08-08T07:41:24.4230000-06:00,in
37,USC00051772,Snow,1995-07-26T00:00:00.0000000-06:00,0.000000,P,,0,,NOAA,2013-08-08T07:41:24.4230000-06:00,in
37,USC00051772,Snow,1995-07-27T00:00:00.0000000-06:00,0.000000,P,,0,,NOAA,2013-08-08T07:41:24.4230000-06:00,in
37,USC00051772,Snow,1995-07-28T00:00:00.0000000-06:00,0.000000,P,,0,,NOAA,2013-08-08T07:41:24.4230000-06:00,in
37,USC00051772,Snow,1995-07-29T00:00:00.0000000-06:00,0.000000,P,,0,,NOAA,2013-08-08T07:41:24.4230000-06:00,in
37,USC00051772,Snow,1995-07-30T00:00:00.0000000-06:00,0.000000,P,,0,,NOAA,2013-08-08T07:41:24.4230000-06:00,in
37,USC00051772,Snow,1995-07-31T00:00:00.0000000-06:00,0.000000,P,,0,,NOAA,2013-08-08T07:41:24.4230000-06:00,in
37,USC00051772,Snow,1995-08-01T00:00:00.0000000-06:00,0.000000,P,,0,,NOAA,2013-08-08T07:41:24.4230000-06:00,in
37,USC00051772,Snow,1995-08-02T00:00:00.0000000-06:00,0.000000,P,,0,,NOAA,2013-08-08T07:41:24.4230000-06:00,in
37,USC00051772,Snow,1995-08-03T00:00:00.0000000-06:00,0.000000,P,,0,,NOAA,2013-08-08T07:41:24.4230000-06:00,in
37,USC00051772,Snow,1995-08-04T00:00:00.0000000-06:00,0.000000,P,,0,,NOAA,2013-08-08T07:41:24.4230000-06:00,in
37,USC00051772,Snow,1995-08-05T00:00:00.0000000-06:00,0.000000,P,,0,,NOAA,2013-08-08T07:41:24.4230000-06:00,in
37,USC00051772,Snow,1995-08-06T00:00:00.0000000-06:00,0.000000,P,,0,,NOAA,2013-08-08T07:41:24.4230000-06:00,in
37,USC00051772,Snow,1995-08-07T00:00:00.0000000-06:00,0.000000,P,,0,,NOAA,2013-08-08T07:41:24.4230000-06:00,in
37,USC00051772,Snow,1995-08-08T00:00:00.0000000-06:00,0.000000,P,,0,,NOAA,2013-08-08T07:41:24.4230000-06:00,in
37,USC00051772,Snow,1995-08-09T00:00:00.0000000-06:00,0.000000,P,,0,,NOAA,2013-08-08T07:41:24.4230000-06:00,in
37,USC00051772,Snow,1995-08-10T00:00:00.0000000-06:00,0.000000,P,,0,,NOAA,2013-08-08T07:41:24.4230000-06:00,in
37,USC00051772,Snow,1995-08-11T00:00:00.0000000-06:00,0.000000,P,,0,,NOAA,2013-08-08T07:41:24.4230000-06:00,in
37,USC00051772,Snow,1995-08-12T00:00:00.0000000-06:00,0.000000,P,,0,,NOAA,2013-08-08T07:41:24.4230000-06:00,in
37,USC00051772,Snow,1995-08-13T00:00:00.0000000-06:00,0.000000,P,,0,,NOAA,2013-08-08T07:41:24.4230000-06:00,in
37,USC00051772,Snow,1995-08-14T00:00:00.0000000-06:00,0.000000,P,,0,,NOAA,2013-08-08T07:41:24.4230000-06:00,in
37,USC00051772,Snow,1995-08-15T00:00:00.0000000-06:00,0.000000,P,,0,,NOAA,2013-08-08T07:41:24.4230000-06:00,in
37,USC00051772,Snow,1995-08-16T00:00:00.0000000-06:00,0.000000,P,,0,,NOAA,2013-08-08T07:41:24.4230000-06:00,in
37,USC00051772,Snow,1995-08-17T00:00:00.0000000-06:00,0.000000,P,,0,,NOAA,2013-08-08T07:41:24.4230000-06:00,in
37,USC00051772,Snow,1995-08-18T00:00:00.0000000-06:00,0.000000,P,,0,,NOAA,2013-08-08T07:41:24.4230000-06:00,in
37,USC00051772,Snow,1995-08-19T00:00:00.0000000-06:00,0.000000,P,,0,,NOAA,2013-08-08T07:41:24.4230000-06:00,in
37,USC00051772,Snow,1995-08-20T00:00:00.0000000-06:00,0.000000,P,,0,,NOAA,2013-08-08T07:41:24.4230000-06:00,in
37,USC00051772,Snow,1995-08-21T00:00:00.0000000-06:00,0.000000,P,,0,,NOAA,2013-08-08T07:41:24.4230000-06:00,in
37,USC00051772,Snow,1995-08-22T00:00:00.0000000-06:00,0.000000,P,,0,,NOAA,2013-08-08T07:41:24.4230000-06:00,in
37,USC00051772,Snow,1995-08-23T00:00:00.0000000-06:00,0.000000,P,,0,,NOAA,2013-08-08T07:41:24.4230000-06:00,in
37,USC00051772,Snow,1995-08-24T00:00:00.0000000-06:00,0.000000,P,,0,,NOAA,2013-08-08T07:41:24.4230000-06:00,in
37,USC00051772,Snow,1995-08-25T00:00:00.0000000-06:00,0.000000,P,,0,,NOAA,2013-08-08T07:41:24.4230000-06:00,in
37,USC00051772,Snow,1995-08-26T00:00:00.0000000-06:00,0.000000,P,,0,,NOAA,2013-08-08T07:41:24.4230000-06:00,in
37,USC00051772,Snow,1995-08-27T00:00:00.0000000-06:00,0.000000,P,,0,,NOAA,2013-08-08T07:41:24.4230000-06:00,in
37,USC00051772,Snow,1995-08-28T00:00:00.0000000-06:00,0.000000,P,,0,,NOAA,2013-08-08T07:41:24.4230000-06:00,in
37,USC00051772,Snow,1995-08-29T00:00:00.0000000-06:00,0.000000,P,,0,,NOAA,2013-08-08T07:41:24.4230000-06:00,in
37,USC00051772,Snow,1995-08-30T00:00:00.0000000-06:00,0.000000,P,,0,,NOAA,2013-08-08T07:41:24.4230000-06:00,in
37,USC00051772,Snow,1995-08-31T00:00:00.0000000-06:00,0.000000,P,,0,,NOAA,2013-08-08T07:41:24.4230000-06:00,in
37,USC00051772,Snow,1995-09-01T00:00:00.0000000-06:00,0.000000,P,,0,,NOAA,2013-08-08T07:41:24.4230000-06:00,in
37,USC00051772,Snow,1995-09-02T00:00:00.0000000-06:00,0.000000,P,,0,,NOAA,2013-08-08T07:41:24.4230000-06:00,in
37,USC00051772,Snow,1995-09-03T00:00:00.0000000-06:00,0.000000,P,,0,,NOAA,2013-08-08T07:41:24.4230000-06:00,in
37,USC00051772,Snow,1995-09-04T00:00:00.0000000-06:00,0.000000,P,,0,,NOAA,2013-08-08T07:41:24.4230000-06:00,in
37,USC00051772,Snow,1995-09-05T00:00:00.0000000-06:00,0.000000,P,,0,,NOAA,2013-08-08T07:41:24.4230000-06:00,in
37,USC00051772,Snow,1995-09-06T00:00:00.0000000-06:00,0.000000,P,,0,,NOAA,2013-08-08T07:41:24.4230000-06:00,in
37,USC00051772,Snow,1995-09-07T00:00:00.0000000-06:00,0.000000,P,,0,,NOAA,2013-08-08T07:41:24.4230000-06:00,in
37,USC00051772,Snow,1995-09-08T00:00:00.0000000-06:00,0.000000,P,,0,,NOAA,2013-08-08T07:41:24.4230000-06:00,in
37,USC00051772,Snow,1995-09-09T00:00:00.0000000-06:00,0.000000,P,,0,,NOAA,2013-08-08T07:41:24.4230000-06:00,in
37,USC00051772,Snow,1995-09-10T00:00:00.0000000-06:00,0.000000,P,,0,,NOAA,2013-08-08T07:41:24.4230000-06:00,in
37,USC00051772,Snow,1995-09-11T00:00:00.0000000-06:00,0.000000,P,,0,,NOAA,2013-08-08T07:41:24.4230000-06:00,in
37,USC00051772,Snow,1995-09-12T00:00:00.0000000-06:00,0.000000,P,,0,,NOAA,2013-08-08T07:41:24.4230000-06:00,in
37,USC00051772,Snow,1995-09-13T00:00:00.0000000-06:00,0.000000,P,,0,,NOAA,2013-08-08T07:41:24.4230000-06:00,in
37,USC00051772,Snow,1995-09-14T00:00:00.0000000-06:00,0.000000,P,,0,,NOAA,2013-08-08T07:41:24.4230000-06:00,in
37,USC00051772,Snow,1995-09-15T00:00:00.0000000-06:00,0.000000,P,,0,,NOAA,2013-08-08T07:41:24.4230000-06:00,in
37,USC00051772,Snow,1995-09-16T00:00:00.0000000-06:00,0.000000,P,,0,,NOAA,2013-08-08T07:41:24.4230000-06:00,in
37,USC00051772,Snow,1995-09-17T00:00:00.0000000-06:00,0.000000,P,,0,,NOAA,2013-08-08T07:41:24.4230000-06:00,in
37,USC00051772,Snow,1995-09-18T00:00:00.0000000-06:00,0.000000,P,,0,,NOAA,2013-08-08T07:41:24.4230000-06:00,in
37,USC00051772,Snow,1995-09-19T00:00:00.0000000-06:00,0.000000,P,,0,,NOAA,2013-08-08T07:41:24.4230000-06:00,in
37,USC00051772,Snow,1995-09-20T00:00:00.0000000-06:00,0.000000,P,,0,,NOAA,2013-08-08T07:41:24.4230000-06:00,in
37,USC00051772,Snow,1995-09-21T00:00:00.0000000-06:00,0.000000,P,,0,,NOAA,2013-08-08T07:41:24.4230000-06:00,in
37,USC00051772,Snow,1995-09-22T00:00:00.0000000-06:00,0.000000,P,,0,,NOAA,2013-08-08T07:41:24.4230000-06:00,in
37,USC00051772,Snow,1995-09-23T00:00:00.0000000-06:00,0.000000,P,,0,,NOAA,2013-08-08T07:41:24.4230000-06:00,in
37,USC00051772,Snow,1995-09-24T00:00:00.0000000-06:00,0.000000,P,,0,,NOAA,2013-08-08T07:41:24.4230000-06:00,in
37,USC00051772,Snow,1995-09-25T00:00:00.0000000-06:00,0.000000,P,,0,,NOAA,2013-08-08T07:41:24.4230000-06:00,in
37,USC00051772,Snow,1995-09-26T00:00:00.0000000-06:00,0.000000,P,,0,,NOAA,2013-08-08T07:41:24.4230000-06:00,in
37,USC00051772,Snow,1995-09-27T00:00:00.0000000-06:00,0.000000,P,,0,,NOAA,2013-08-08T07:41:24.4230000-06:00,in
37,USC00051772,Snow,1995-09-28T00:00:00.0000000-06:00,0.000000,P,,0,,NOAA,2013-08-08T07:41:24.4230000-06:00,in
37,USC00051772,Snow,1995-09-29T00:00:00.0000000-06:00,0.000000,P,,0,,NOAA,2013-08-08T07:41:24.4230000-06:00,in
37,USC00051772,Snow,1995-09-30T00:00:00.0000000-06:00,0.000000,P,,0,,NOAA,2013-08-08T07:41:24.4230000-06:00,in
37,USC00051772,Snow,1995-10-01T00:00:00.0000000-06:00,0.000000,P,,0,,NOAA,2013-08-08T07:41:24.4230000-06:00,in
37,USC00051772,Snow,1995-10-02T00:00:00.0000000-06:00,0.000000,P,,0,,NOAA,2013-08-08T07:41:24.4230000-06:00,in
37,USC00051772,Snow,1995-10-03T00:00:00.0000000-06:00,0.000000,P,,0,,NOAA,2013-08-08T07:41:24.4230000-06:00,in
37,USC00051772,Snow,1995-10-04T00:00:00.0000000-06:00,0.000000,P,,0,,NOAA,2013-08-08T07:41:24.4230000-06:00,in
37,USC00051772,Snow,1995-10-05T00:00:00.0000000-06:00,0.000000,P,,0,,NOAA,2013-08-08T07:41:24.4230000-06:00,in
37,USC00051772,Snow,1995-10-06T00:00:00.0000000-06:00,0.000000,P,,0,,NOAA,2013-08-08T07:41:24.4230000-06:00,in
37,USC00051772,Snow,1995-10-07T00:00:00.0000000-06:00,0.000000,P,,0,,NOAA,2013-08-08T07:41:24.4230000-06:00,in
37,USC00051772,Snow,1995-10-08T00:00:00.0000000-06:00,0.000000,P,,0,,NOAA,2013-08-08T07:41:24.4230000-06:00,in
37,USC00051772,Snow,1995-10-09T00:00:00.0000000-06:00,0.000000,P,,0,,NOAA,2013-08-08T07:41:24.4230000-06:00,in
37,USC00051772,Snow,1995-10-10T00:00:00.0000000-06:00,0.000000,P,,0,,NOAA,2013-08-08T07:41:24.4230000-06:00,in
37,USC00051772,Snow,1995-10-11T00:00:00.0000000-06:00,0.000000,P,,0,,NOAA,2013-08-08T07:41:24.4230000-06:00,in
37,USC00051772,Snow,1995-10-12T00:00:00.0000000-06:00,0.000000,P,,0,,NOAA,2013-08-08T07:41:24.4230000-06:00,in
37,USC00051772,Snow,1995-10-13T00:00:00.0000000-06:00,0.000000,P,,0,,NOAA,2013-08-08T07:41:24.4230000-06:00,in
37,USC00051772,Snow,1995-10-14T00:00:00.0000000-06:00,0.000000,P,,0,,NOAA,2013-08-08T07:41:24.4230000-06:00,in
37,USC00051772,Snow,1995-10-15T00:00:00.0000000-06:00,0.000000,P,,0,,NOAA,2013-08-08T07:41:24.4230000-06:00,in
37,USC00051772,Snow,1995-10-16T00:00:00.0000000-06:00,0.000000,P,,0,,NOAA,2013-08-08T07:41:24.4230000-06:00,in
37,USC00051772,Snow,1995-10-17T00:00:00.0000000-06:00,0.000000,P,,0,,NOAA,2013-08-08T07:41:24.4230000-06:00,in
37,USC00051772,Snow,1995-10-18T00:00:00.0000000-06:00,0.000000,P,,0,,NOAA,2013-08-08T07:41:24.4230000-06:00,in
37,USC00051772,Snow,1995-10-19T00:00:00.0000000-06:00,0.000000,P,,0,,NOAA,2013-08-08T07:41:24.4230000-06:00,in
37,USC00051772,Snow,1995-10-20T00:00:00.0000000-06:00,0.000000,P,,0,,NOAA,2013-08-08T07:41:24.4230000-06:00,in
37,USC00051772,Snow,1995-10-21T00:00:00.0000000-06:00,0.000000,P,,0,,NOAA,2013-08-08T07:41:24.4230000-06:00,in
37,USC00051772,Snow,1995-10-22T00:00:00.0000000-06:00,0.000000,P,,0,,NOAA,2013-08-08T07:41:24.4230000-06:00,in
37,USC00051772,Snow,1995-10-23T00:00:00.0000000-06:00,0.000000,P,,0,,NOAA,2013-08-08T07:41:24.4230000-06:00,in
37,USC00051772,Snow,1995-10-24T00:00:00.0000000-06:00,0.000000,P,,0,,NOAA,2013-08-08T07:41:24.4230000-06:00,in
37,USC00051772,Snow,1995-10-25T00:00:00.0000000-06:00,0.000000,P,,0,,NOAA,2013-08-08T07:41:24.4230000-06:00,in
37,USC00051772,Snow,1995-10-26T00:00:00.0000000-06:00,0.000000,P,,0,,NOAA,2013-08-08T07:41:24.4230000-06:00,in
37,USC00051772,Snow,1995-10-27T00:00:00.0000000-06:00,0.000000,P,,0,,NOAA,2013-08-08T07:41:24.4230000-06:00,in
37,USC00051772,Snow,1995-10-28T00:00:00.0000000-06:00,0.000000,P,,0,,NOAA,2013-08-08T07:41:24.4230000-06:00,in
37,USC00051772,Snow,1995-10-29T00:00:00.0000000-06:00,0.000000,P,,0,,NOAA,2013-08-08T07:41:24.4230000-06:00,in
37,USC00051772,Snow,1995-10-30T00:00:00.0000000-07:00,0.000000,P,,0,,NOAA,2013-08-08T07:41:24.4230000-06:00,in
37,USC00051772,Snow,1995-10-31T00:00:00.0000000-07:00,0.000000,P,,0,,NOAA,2013-08-08T07:41:24.4230000-06:00,in
37,USC00051772,Snow,1995-11-01T00:00:00.0000000-07:00,0.000000,P,,0,,NOAA,2013-08-08T07:41:24.4230000-06:00,in
37,USC00051772,Snow,1995-11-02T00:00:00.0000000-07:00,0.000000,P,,0,,NOAA,2013-08-08T07:41:24.4230000-06:00,in
37,USC00051772,Snow,1995-11-03T00:00:00.0000000-07:00,0.000000,P,,0,,NOAA,2013-08-08T07:41:24.4230000-06:00,in
37,USC00051772,Snow,1995-11-04T00:00:00.0000000-07:00,0.000000,P,,0,,NOAA,2013-08-08T07:41:24.4230000-06:00,in
37,USC00051772,Snow,1995-11-05T00:00:00.0000000-07:00,0.000000,P,,0,,NOAA,2013-08-08T07:41:24.4230000-06:00,in
37,USC00051772,Snow,1995-11-06T00:00:00.0000000-07:00,0.000000,P,,0,,NOAA,2013-08-08T07:41:24.4230000-06:00,in
37,USC00051772,Snow,1995-11-07T00:00:00.0000000-07:00,0.000000,P,,0,,NOAA,2013-08-08T07:41:24.4230000-06:00,in
37,USC00051772,Snow,1995-11-08T00:00:00.0000000-07:00,0.000000,P,,0,,NOAA,2013-08-08T07:41:24.4230000-06:00,in
37,USC00051772,Snow,1995-11-09T00:00:00.0000000-07:00,0.000000,P,,0,,NOAA,2013-08-08T07:41:24.4230000-06:00,in
37,USC00051772,Snow,1995-11-10T00:00:00.0000000-07:00,0.000000,P,,0,,NOAA,2013-08-08T07:41:24.4230000-06:00,in
37,USC00051772,Snow,1995-11-11T00:00:00.0000000-07:00,0.000000,P,,0,,NOAA,2013-08-08T07:41:24.4230000-06:00,in
37,USC00051772,Snow,1995-11-12T00:00:00.0000000-07:00,0.000000,P,,0,,NOAA,2013-08-08T07:41:24.4230000-06:00,in
37,USC00051772,Snow,1995-11-13T00:00:00.0000000-07:00,0.000000,P,,0,,NOAA,2013-08-08T07:41:24.4230000-06:00,in
37,USC00051772,Snow,1995-11-14T00:00:00.0000000-07:00,0.000000,P,,0,,NOAA,2013-08-08T07:41:24.4230000-06:00,in
37,USC00051772,Snow,1995-11-15T00:00:00.0000000-07:00,0.000000,P,,0,,NOAA,2013-08-08T07:41:24.4230000-06:00,in
37,USC00051772,Snow,1995-11-16T00:00:00.0000000-07:00,0.000000,P,,0,,NOAA,2013-08-08T07:41:24.4230000-06:00,in
37,USC00051772,Snow,1995-11-17T00:00:00.0000000-07:00,0.000000,P,,0,,NOAA,2013-08-08T07:41:24.4230000-06:00,in
37,USC00051772,Snow,1995-11-18T00:00:00.0000000-07:00,0.000000,P,,0,,NOAA,2013-08-08T07:41:24.4230000-06:00,in
37,USC00051772,Snow,1995-11-19T00:00:00.0000000-07:00,0.000000,P,,0,,NOAA,2013-08-08T07:41:24.4230000-06:00,in
37,USC00051772,Snow,1995-11-20T00:00:00.0000000-07:00,0.000000,P,,0,,NOAA,2013-08-08T07:41:24.4230000-06:00,in
37,USC00051772,Snow,1995-11-21T00:00:00.0000000-07:00,0.000000,P,,0,,NOAA,2013-08-08T07:41:24.4230000-06:00,in
37,USC00051772,Snow,1995-11-22T00:00:00.0000000-07:00,0.000000,P,,0,,NOAA,2013-08-08T07:41:24.4230000-06:00,in
37,USC00051772,Snow,1995-11-23T00:00:00.0000000-07:00,0.000000,P,,0,,NOAA,2013-08-08T07:41:24.4230000-06:00,in
37,USC00051772,Snow,1995-11-24T00:00:00.0000000-07:00,0.000000,P,,0,,NOAA,2013-08-08T07:41:24.4230000-06:00,in
37,USC00051772,Snow,1995-11-25T00:00:00.0000000-07:00,0.000000,P,,0,,NOAA,2013-08-08T07:41:24.4230000-06:00,in
37,USC00051772,Snow,1995-11-26T00:00:00.0000000-07:00,0.000000,P,,0,,NOAA,2013-08-08T07:41:24.4230000-06:00,in
37,USC00051772,Snow,1995-11-27T00:00:00.0000000-07:00,0.000000,P,,0,,NOAA,2013-08-08T07:41:24.4230000-06:00,in
37,USC00051772,Snow,1995-11-28T00:00:00.0000000-07:00,0.000000,P,,0,,NOAA,2013-08-08T07:41:24.4230000-06:00,in
37,USC00051772,Snow,1995-11-29T00:00:00.0000000-07:00,0.000000,P,,0,,NOAA,2013-08-08T07:41:24.4230000-06:00,in
37,USC00051772,Snow,1995-11-30T00:00:00.0000000-07:00,0.000000,P,,0,,NOAA,2013-08-08T07:41:24.4230000-06:00,in
37,USC00051772,Snow,1995-12-01T00:00:00.0000000-07:00,0.000000,P,,0,,NOAA,2013-08-08T07:41:24.4230000-06:00,in
37,USC00051772,Snow,1995-12-02T00:00:00.0000000-07:00,0.000000,P,,0,,NOAA,2013-08-08T07:41:24.4230000-06:00,in
37,USC00051772,Snow,1995-12-03T00:00:00.0000000-07:00,0.000000,P,,0,,NOAA,2013-08-08T07:41:24.4230000-06:00,in
37,USC00051772,Snow,1995-12-04T00:00:00.0000000-07:00,0.000000,P,,0,,NOAA,2013-08-08T07:41:24.4230000-06:00,in
37,USC00051772,Snow,1995-12-05T00:00:00.0000000-07:00,0.000000,P,,0,,NOAA,2013-08-08T07:41:24.4230000-06:00,in
37,USC00051772,Snow,1995-12-06T00:00:00.0000000-07:00,0.000000,P,,0,,NOAA,2013-08-08T07:41:24.4230000-06:00,in
37,USC00051772,Snow,1995-12-07T00:00:00.0000000-07:00,0.000000,P,,0,,NOAA,2013-08-08T07:41:24.4230000-06:00,in
37,USC00051772,Snow,1995-12-08T00:00:00.0000000-07:00,0.000000,P,,0,,NOAA,2013-08-08T07:41:24.4230000-06:00,in
37,USC00051772,Snow,1995-12-09T00:00:00.0000000-07:00,0.000000,P,,0,,NOAA,2013-08-08T07:41:24.4230000-06:00,in
37,USC00051772,Snow,1995-12-10T00:00:00.0000000-07:00,0.000000,P,,0,,NOAA,2013-08-08T07:41:24.4230000-06:00,in
37,USC00051772,Snow,1995-12-11T00:00:00.0000000-07:00,0.000000,P,,0,,NOAA,2013-08-08T07:41:24.4230000-06:00,in
37,USC00051772,Snow,1995-12-12T00:00:00.0000000-07:00,0.000000,P,,0,,NOAA,2013-08-08T07:41:24.4230000-06:00,in
37,USC00051772,Snow,1995-12-13T00:00:00.0000000-07:00,0.000000,P,,0,,NOAA,2013-08-08T07:41:24.4230000-06:00,in
37,USC00051772,Snow,1995-12-14T00:00:00.0000000-07:00,0.000000,P,,0,,NOAA,2013-08-08T07:41:24.4230000-06:00,in
37,USC00051772,Snow,1995-12-15T00:00:00.0000000-07:00,0.000000,P,,0,,NOAA,2013-08-08T07:41:24.4230000-06:00,in
37,USC00051772,Snow,1995-12-16T00:00:00.0000000-07:00,0.000000,P,,0,,NOAA,2013-08-08T07:41:24.4230000-06:00,in
37,USC00051772,Snow,1995-12-17T00:00:00.0000000-07:00,0.000000,P,,0,,NOAA,2013-08-08T07:41:24.4230000-06:00,in
37,USC00051772,Snow,1995-12-18T00:00:00.0000000-07:00,0.000000,P,,0,,NOAA,2013-08-08T07:41:24.4230000-06:00,in
37,USC00051772,Snow,1995-12-19T00:00:00.0000000-07:00,0.000000,P,,0,,NOAA,2013-08-08T07:41:24.4230000-06:00,in
37,USC00051772,Snow,1996-01-06T00:00:00.0000000-07:00,0.000000,P,,0,,NOAA,2013-08-08T07:41:24.4230000-06:00,in
37,USC00051772,Snow,1996-01-07T00:00:00.0000000-07:00,0.000000,P,,0,,NOAA,2013-08-08T07:41:24.4230000-06:00,in
37,USC00051772,Snow,1996-01-08T00:00:00.0000000-07:00,0.000000,P,,0,,NOAA,2013-08-08T07:41:24.4230000-06:00,in
37,USC00051772,Snow,1996-01-09T00:00:00.0000000-07:00,0.000000,P,,0,,NOAA,2013-08-08T07:41:24.4230000-06:00,in
37,USC00051772,Snow,1996-01-10T00:00:00.0000000-07:00,0.000000,P,,0,,NOAA,2013-08-08T07:41:24.4230000-06:00,in
37,USC00051772,Snow,1996-01-11T00:00:00.0000000-07:00,0.000000,P,,0,,NOAA,2013-08-08T07:41:24.4230000-06:00,in
37,USC00051772,Snow,1996-01-12T00:00:00.0000000-07:00,0.000000,P,,0,,NOAA,2013-08-08T07:41:24.4230000-06:00,in
37,USC00051772,Snow,1996-01-13T00:00:00.0000000-07:00,0.000000,P,,0,,NOAA,2013-08-08T07:41:24.4230000-06:00,in
37,USC00051772,Snow,1996-01-14T00:00:00.0000000-07:00,0.000000,P,,0,,NOAA,2013-08-08T07:41:24.4230000-06:00,in
37,USC00051772,Snow,1996-01-15T00:00:00.0000000-07:00,0.000000,P,,0,,NOAA,2013-08-08T07:41:24.4230000-06:00,in
37,USC00051772,Snow,1996-01-16T00:00:00.0000000-07:00,0.000000,P,,0,,NOAA,2013-08-08T07:41:24.4230000-06:00,in
37,USC00051772,Snow,1996-01-18T00:00:00.0000000-07:00,0.000000,P,,0,,NOAA,2013-08-08T07:41:24.4230000-06:00,in
37,USC00051772,Snow,1996-01-19T00:00:00.0000000-07:00,0.000000,P,,0,,NOAA,2013-08-08T07:41:24.4230000-06:00,in
37,USC00051772,Snow,1996-01-20T00:00:00.0000000-07:00,0.000000,P,,0,,NOAA,2013-08-08T07:41:24.4230000-06:00,in
37,USC00051772,Snow,1996-01-21T00:00:00.0000000-07:00,0.000000,P,,0,,NOAA,2013-08-08T07:41:24.4230000-06:00,in
37,USC00051772,Snow,1996-01-22T00:00:00.0000000-07:00,0.000000,P,,0,,NOAA,2013-08-08T07:41:24.4230000-06:00,in
37,USC00051772,Snow,1996-01-24T00:00:00.0000000-07:00,0.000000,P,,0,,NOAA,2013-08-08T07:41:24.4230000-06:00,in
37,USC00051772,Snow,1996-01-25T00:00:00.0000000-07:00,0.000000,P,,0,,NOAA,2013-08-08T07:41:24.4230000-06:00,in
37,USC00051772,Snow,1996-01-27T00:00:00.0000000-07:00,0.000000,P,,0,,NOAA,2013-08-08T07:41:24.4230000-06:00,in
37,USC00051772,Snow,1996-01-28T00:00:00.0000000-07:00,0.000000,P,,0,,NOAA,2013-08-08T07:41:24.4230000-06:00,in
37,USC00051772,Snow,1996-01-29T00:00:00.0000000-07:00,0.000000,P,,0,,NOAA,2013-08-08T07:41:24.4230000-06:00,in
37,USC00051772,Snow,1996-01-30T00:00:00.0000000-07:00,0.000000,P,,0,,NOAA,2013-08-08T07:41:24.4230000-06:00,in
37,USC00051772,Snow,1996-01-31T00:00:00.0000000-07:00,0.000000,P,,0,,NOAA,2013-08-08T07:41:24.4230000-06:00,in
37,USC00051772,Snow,1996-02-01T00:00:00.0000000-07:00,0.000000,P,,0,,NOAA,2013-08-08T07:41:24.4230000-06:00,in
37,USC00051772,Snow,1996-02-02T00:00:00.0000000-07:00,0.000000,P,,0,,NOAA,2013-08-08T07:41:24.4230000-06:00,in
37,USC00051772,Snow,1996-02-03T00:00:00.0000000-07:00,0.000000,P,,0,,NOAA,2013-08-08T07:41:24.4230000-06:00,in
37,USC00051772,Snow,1996-02-04T00:00:00.0000000-07:00,0.000000,P,,0,,NOAA,2013-08-08T07:41:24.4230000-06:00,in
37,USC00051772,Snow,1996-02-05T00:00:00.0000000-07:00,0.000000,P,,0,,NOAA,2013-08-08T07:41:24.4230000-06:00,in
37,USC00051772,Snow,1996-02-06T00:00:00.0000000-07:00,0.000000,P,,0,,NOAA,2013-08-08T07:41:24.4230000-06:00,in
37,USC00051772,Snow,1996-02-07T00:00:00.0000000-07:00,0.000000,P,,0,,NOAA,2013-08-08T07:41:24.4230000-06:00,in
37,USC00051772,Snow,1996-02-08T00:00:00.0000000-07:00,0.000000,P,,0,,NOAA,2013-08-08T07:41:24.4230000-06:00,in
37,USC00051772,Snow,1996-02-09T00:00:00.0000000-07:00,0.000000,P,,0,,NOAA,2013-08-08T07:41:24.4230000-06:00,in
37,USC00051772,Snow,1996-02-10T00:00:00.0000000-07:00,0.000000,P,,0,,NOAA,2013-08-08T07:41:24.4230000-06:00,in
37,USC00051772,Snow,1996-02-11T00:00:00.0000000-07:00,0.000000,P,,0,,NOAA,2013-08-08T07:41:24.4230000-06:00,in
37,USC00051772,Snow,1996-02-12T00:00:00.0000000-07:00,0.000000,P,,0,,NOAA,2013-08-08T07:41:24.4230000-06:00,in
37,USC00051772,Snow,1996-02-13T00:00:00.0000000-07:00,0.000000,P,,0,,NOAA,2013-08-08T07:41:24.4230000-06:00,in
37,USC00051772,Snow,1996-02-14T00:00:00.0000000-07:00,0.000000,P,,0,,NOAA,2013-08-08T07:41:24.4230000-06:00,in
37,USC00051772,Snow,1996-02-15T00:00:00.0000000-07:00,0.000000,P,,0,,NOAA,2013-08-08T07:41:24.4230000-06:00,in
37,USC00051772,Snow,1996-02-16T00:00:00.0000000-07:00,0.000000,P,,0,,NOAA,2013-08-08T07:41:24.4230000-06:00,in
37,USC00051772,Snow,1996-02-17T00:00:00.0000000-07:00,0.000000,P,,0,,NOAA,2013-08-08T07:41:24.4230000-06:00,in
37,USC00051772,Snow,1996-02-18T00:00:00.0000000-07:00,0.000000,P,,0,,NOAA,2013-08-08T07:41:24.4230000-06:00,in
37,USC00051772,Snow,1996-02-19T00:00:00.0000000-07:00,0.000000,P,,0,,NOAA,2013-08-08T07:41:24.4230000-06:00,in
37,USC00051772,Snow,1996-02-20T00:00:00.0000000-07:00,0.000000,P,,0,,NOAA,2013-08-08T07:41:24.4230000-06:00,in
37,USC00051772,Snow,1996-02-21T00:00:00.0000000-07:00,0.000000,P,,0,,NOAA,2013-08-08T07:41:24.4230000-06:00,in
37,USC00051772,Snow,1996-02-22T00:00:00.0000000-07:00,0.000000,P,,0,,NOAA,2013-08-08T07:41:24.4230000-06:00,in
37,USC00051772,Snow,1996-02-23T00:00:00.0000000-07:00,0.000000,P,,0,,NOAA,2013-08-08T07:41:24.4230000-06:00,in
37,USC00051772,Snow,1996-02-24T00:00:00.0000000-07:00,0.000000,P,,0,,NOAA,2013-08-08T07:41:24.4230000-06:00,in
37,USC00051772,Snow,1996-02-25T00:00:00.0000000-07:00,0.000000,P,,0,,NOAA,2013-08-08T07:41:24.4230000-06:00,in
37,USC00051772,Snow,1996-02-26T00:00:00.0000000-07:00,0.511811,,,0,,NOAA,2013-08-08T07:41:24.4230000-06:00,in
37,USC00051772,Snow,1996-02-27T00:00:00.0000000-07:00,0.000000,P,,0,,NOAA,2013-08-08T07:41:24.4230000-06:00,in
37,USC00051772,Snow,1996-02-28T00:00:00.0000000-07:00,0.000000,P,,0,,NOAA,2013-08-08T07:41:24.4230000-06:00,in
37,USC00051772,Snow,1996-02-29T00:00:00.0000000-07:00,0.000000,P,,0,,NOAA,2013-08-08T07:41:24.4230000-06:00,in
37,USC00051772,Snow,1996-03-01T00:00:00.0000000-07:00,0.000000,P,,0,,NOAA,2013-08-08T07:41:24.4230000-06:00,in
37,USC00051772,Snow,1996-03-02T00:00:00.0000000-07:00,0.000000,P,,0,,NOAA,2013-08-08T07:41:24.4230000-06:00,in
37,USC00051772,Snow,1996-03-03T00:00:00.0000000-07:00,0.000000,P,,0,,NOAA,2013-08-08T07:41:24.4230000-06:00,in
37,USC00051772,Snow,1996-03-04T00:00:00.0000000-07:00,0.000000,P,,0,,NOAA,2013-08-08T07:41:24.4230000-06:00,in
37,USC00051772,Snow,1996-03-05T00:00:00.0000000-07:00,0.000000,P,,0,,NOAA,2013-08-08T07:41:24.4230000-06:00,in
37,USC00051772,Snow,1996-03-06T00:00:00.0000000-07:00,2.992126,,,0,,NOAA,2013-08-08T07:41:24.4230000-06:00,in
37,USC00051772,Snow,1996-03-07T00:00:00.0000000-07:00,0.000000,P,,0,,NOAA,2013-08-08T07:41:24.4230000-06:00,in
37,USC00051772,Snow,1996-03-08T00:00:00.0000000-07:00,0.000000,P,,0,,NOAA,2013-08-08T07:41:24.4230000-06:00,in
37,USC00051772,Snow,1996-03-09T00:00:00.0000000-07:00,0.000000,P,,0,,NOAA,2013-08-08T07:41:24.4230000-06:00,in
37,USC00051772,Snow,1996-03-10T00:00:00.0000000-07:00,0.000000,P,,0,,NOAA,2013-08-08T07:41:24.4230000-06:00,in
37,USC00051772,Snow,1996-03-11T00:00:00.0000000-07:00,0.000000,P,,0,,NOAA,2013-08-08T07:41:24.4230000-06:00,in
37,USC00051772,Snow,1996-03-12T00:00:00.0000000-07:00,0.000000,P,,0,,NOAA,2013-08-08T07:41:24.4230000-06:00,in
37,USC00051772,Snow,1996-03-13T00:00:00.0000000-07:00,0.000000,P,,0,,NOAA,2013-08-08T07:41:24.4230000-06:00,in
37,USC00051772,Snow,1996-03-14T00:00:00.0000000-07:00,0.000000,P,,0,,NOAA,2013-08-08T07:41:24.4230000-06:00,in
37,USC00051772,Snow,1996-03-15T00:00:00.0000000-07:00,0.000000,P,,0,,NOAA,2013-08-08T07:41:24.4230000-06:00,in
37,USC00051772,Snow,1996-03-16T00:00:00.0000000-07:00,0.000000,P,,0,,NOAA,2013-08-08T07:41:24.4230000-06:00,in
37,USC00051772,Snow,1996-03-17T00:00:00.0000000-07:00,0.000000,P,,0,,NOAA,2013-08-08T07:41:24.4230000-06:00,in
37,USC00051772,Snow,1996-03-18T00:00:00.0000000-07:00,0.000000,P,,0,,NOAA,2013-08-08T07:41:24.4230000-06:00,in
37,USC00051772,Snow,1996-03-19T00:00:00.0000000-07:00,0.000000,P,,0,,NOAA,2013-08-08T07:41:24.4230000-06:00,in
37,USC00051772,Snow,1996-03-20T00:00:00.0000000-07:00,0.000000,P,,0,,NOAA,2013-08-08T07:41:24.4230000-06:00,in
37,USC00051772,Snow,1996-03-21T00:00:00.0000000-07:00,0.000000,P,,0,,NOAA,2013-08-08T07:41:24.4230000-06:00,in
37,USC00051772,Snow,1996-03-22T00:00:00.0000000-07:00,0.000000,P,,0,,NOAA,2013-08-08T07:41:24.4230000-06:00,in
37,USC00051772,Snow,1996-03-23T00:00:00.0000000-07:00,0.000000,P,,0,,NOAA,2013-08-08T07:41:24.4230000-06:00,in
37,USC00051772,Snow,1996-03-24T00:00:00.0000000-07:00,3.188976,,,0,,NOAA,2013-08-08T07:41:24.4230000-06:00,in
37,USC00051772,Snow,1996-03-25T00:00:00.0000000-07:00,0.000000,P,,0,,NOAA,2013-08-08T07:41:24.4230000-06:00,in
37,USC00051772,Snow,1996-03-26T00:00:00.0000000-07:00,0.000000,P,,0,,NOAA,2013-08-08T07:41:24.4230000-06:00,in
37,USC00051772,Snow,1996-03-27T00:00:00.0000000-07:00,0.000000,P,,0,,NOAA,2013-08-08T07:41:24.4230000-06:00,in
37,USC00051772,Snow,1996-03-28T00:00:00.0000000-07:00,0.000000,P,,0,,NOAA,2013-08-08T07:41:24.4230000-06:00,in
37,USC00051772,Snow,1996-03-29T00:00:00.0000000-07:00,0.000000,P,,0,,NOAA,2013-08-08T07:41:24.4230000-06:00,in
37,USC00051772,Snow,1996-03-30T00:00:00.0000000-07:00,0.000000,P,,0,,NOAA,2013-08-08T07:41:24.4230000-06:00,in
37,USC00051772,Snow,1996-03-31T00:00:00.0000000-07:00,0.000000,P,,0,,NOAA,2013-08-08T07:41:24.4230000-06:00,in
37,USC00051772,Snow,1996-04-01T00:00:00.0000000-07:00,0.000000,P,,0,,NOAA,2013-08-08T07:41:24.4230000-06:00,in
37,USC00051772,Snow,1996-04-02T00:00:00.0000000-07:00,0.000000,P,,0,,NOAA,2013-08-08T07:41:24.4230000-06:00,in
37,USC00051772,Snow,1996-04-03T00:00:00.0000000-07:00,0.000000,P,,0,,NOAA,2013-08-08T07:41:24.4230000-06:00,in
37,USC00051772,Snow,1996-04-04T00:00:00.0000000-07:00,0.000000,P,,0,,NOAA,2013-08-08T07:41:24.4230000-06:00,in
37,USC00051772,Snow,1996-04-05T00:00:00.0000000-07:00,0.000000,P,,0,,NOAA,2013-08-08T07:41:24.4230000-06:00,in
37,USC00051772,Snow,1996-04-06T00:00:00.0000000-07:00,0.000000,P,,0,,NOAA,2013-08-08T07:41:24.4230000-06:00,in
37,USC00051772,Snow,1996-04-07T00:00:00.0000000-07:00,0.000000,P,,0,,NOAA,2013-08-08T07:41:24.4230000-06:00,in
37,USC00051772,Snow,1996-04-08T00:00:00.0000000-06:00,0.000000,P,,0,,NOAA,2013-08-08T07:41:24.4230000-06:00,in
37,USC00051772,Snow,1996-04-09T00:00:00.0000000-06:00,0.000000,P,,0,,NOAA,2013-08-08T07:41:24.4230000-06:00,in
37,USC00051772,Snow,1996-04-10T00:00:00.0000000-06:00,0.000000,P,,0,,NOAA,2013-08-08T07:41:24.4230000-06:00,in
37,USC00051772,Snow,1996-04-11T00:00:00.0000000-06:00,0.000000,P,,0,,NOAA,2013-08-08T07:41:24.4230000-06:00,in
37,USC00051772,Snow,1996-04-12T00:00:00.0000000-06:00,0.000000,P,,0,,NOAA,2013-08-08T07:41:24.4230000-06:00,in
37,USC00051772,Snow,1996-04-13T00:00:00.0000000-06:00,0.000000,P,,0,,NOAA,2013-08-08T07:41:24.4230000-06:00,in
37,USC00051772,Snow,1996-04-14T00:00:00.0000000-06:00,0.000000,P,,0,,NOAA,2013-08-08T07:41:24.4230000-06:00,in
37,USC00051772,Snow,1996-04-15T00:00:00.0000000-06:00,0.000000,P,,0,,NOAA,2013-08-08T07:41:24.4230000-06:00,in
37,USC00051772,Snow,1996-04-16T00:00:00.0000000-06:00,0.000000,P,,0,,NOAA,2013-08-08T07:41:24.4230000-06:00,in
37,USC00051772,Snow,1996-04-17T00:00:00.0000000-06:00,0.000000,P,,0,,NOAA,2013-08-08T07:41:24.4230000-06:00,in
37,USC00051772,Snow,1996-04-18T00:00:00.0000000-06:00,0.000000,P,,0,,NOAA,2013-08-08T07:41:24.4230000-06:00,in
37,USC00051772,Snow,1996-04-19T00:00:00.0000000-06:00,0.000000,P,,0,,NOAA,2013-08-08T07:41:24.4230000-06:00,in
37,USC00051772,Snow,1996-04-20T00:00:00.0000000-06:00,0.000000,P,,0,,NOAA,2013-08-08T07:41:24.4230000-06:00,in
37,USC00051772,Snow,1996-04-21T00:00:00.0000000-06:00,0.000000,P,,0,,NOAA,2013-08-08T07:41:24.4230000-06:00,in
37,USC00051772,Snow,1996-04-22T00:00:00.0000000-06:00,0.000000,P,,0,,NOAA,2013-08-08T07:41:24.4230000-06:00,in
37,USC00051772,Snow,1996-04-23T00:00:00.0000000-06:00,0.000000,P,,0,,NOAA,2013-08-08T07:41:24.4230000-06:00,in
37,USC00051772,Snow,1996-04-24T00:00:00.0000000-06:00,0.000000,P,,0,,NOAA,2013-08-08T07:41:24.4230000-06:00,in
37,USC00051772,Snow,1996-04-25T00:00:00.0000000-06:00,0.000000,P,,0,,NOAA,2013-08-08T07:41:24.4230000-06:00,in
37,USC00051772,Snow,1996-04-26T00:00:00.0000000-06:00,0.000000,P,,0,,NOAA,2013-08-08T07:41:24.4230000-06:00,in
37,USC00051772,Snow,1996-04-27T00:00:00.0000000-06:00,0.000000,P,,0,,NOAA,2013-08-08T07:41:24.4230000-06:00,in
37,USC00051772,Snow,1996-04-28T00:00:00.0000000-06:00,0.000000,P,,0,,NOAA,2013-08-08T07:41:24.4230000-06:00,in
37,USC00051772,Snow,1996-04-29T00:00:00.0000000-06:00,0.000000,P,,0,,NOAA,2013-08-08T07:41:24.4230000-06:00,in
37,USC00051772,Snow,1996-04-30T00:00:00.0000000-06:00,0.000000,P,,0,,NOAA,2013-08-08T07:41:24.4230000-06:00,in
37,USC00051772,Snow,1996-05-01T00:00:00.0000000-06:00,0.000000,P,,0,,NOAA,2013-08-08T07:41:24.4230000-06:00,in
37,USC00051772,Snow,1996-05-02T00:00:00.0000000-06:00,0.000000,P,,0,,NOAA,2013-08-08T07:41:24.4230000-06:00,in
37,USC00051772,Snow,1996-05-03T00:00:00.0000000-06:00,0.000000,P,,0,,NOAA,2013-08-08T07:41:24.4230000-06:00,in
37,USC00051772,Snow,1996-05-04T00:00:00.0000000-06:00,0.000000,P,,0,,NOAA,2013-08-08T07:41:24.4230000-06:00,in
37,USC00051772,Snow,1996-05-05T00:00:00.0000000-06:00,0.000000,P,,0,,NOAA,2013-08-08T07:41:24.4230000-06:00,in
37,USC00051772,Snow,1996-05-06T00:00:00.0000000-06:00,0.000000,P,,0,,NOAA,2013-08-08T07:41:24.4230000-06:00,in
37,USC00051772,Snow,1996-05-07T00:00:00.0000000-06:00,0.000000,P,,0,,NOAA,2013-08-08T07:41:24.4230000-06:00,in
37,USC00051772,Snow,1996-05-08T00:00:00.0000000-06:00,0.000000,P,,0,,NOAA,2013-08-08T07:41:24.4230000-06:00,in
37,USC00051772,Snow,1996-05-09T00:00:00.0000000-06:00,0.000000,P,,0,,NOAA,2013-08-08T07:41:24.4230000-06:00,in
37,USC00051772,Snow,1996-05-10T00:00:00.0000000-06:00,0.000000,P,,0,,NOAA,2013-08-08T07:41:24.4230000-06:00,in
37,USC00051772,Snow,1996-05-11T00:00:00.0000000-06:00,0.000000,P,,0,,NOAA,2013-08-08T07:41:24.4230000-06:00,in
37,USC00051772,Snow,1996-05-12T00:00:00.0000000-06:00,0.000000,P,,0,,NOAA,2013-08-08T07:41:24.4230000-06:00,in
37,USC00051772,Snow,1996-05-13T00:00:00.0000000-06:00,0.000000,P,,0,,NOAA,2013-08-08T07:41:24.4230000-06:00,in
37,USC00051772,Snow,1996-05-14T00:00:00.0000000-06:00,0.000000,P,,0,,NOAA,2013-08-08T07:41:24.4230000-06:00,in
37,USC00051772,Snow,1996-05-15T00:00:00.0000000-06:00,0.000000,P,,0,,NOAA,2013-08-08T07:41:24.4230000-06:00,in
37,USC00051772,Snow,1996-05-16T00:00:00.0000000-06:00,0.000000,P,,0,,NOAA,2013-08-08T07:41:24.4230000-06:00,in
37,USC00051772,Snow,1996-05-17T00:00:00.0000000-06:00,0.000000,P,,0,,NOAA,2013-08-08T07:41:24.4230000-06:00,in
37,USC00051772,Snow,1996-05-18T00:00:00.0000000-06:00,0.000000,P,,0,,NOAA,2013-08-08T07:41:24.4230000-06:00,in
37,USC00051772,Snow,1996-05-19T00:00:00.0000000-06:00,0.000000,P,,0,,NOAA,2013-08-08T07:41:24.4230000-06:00,in
37,USC00051772,Snow,1996-05-20T00:00:00.0000000-06:00,0.000000,P,,0,,NOAA,2013-08-08T07:41:24.4230000-06:00,in
37,USC00051772,Snow,1996-05-21T00:00:00.0000000-06:00,0.000000,P,,0,,NOAA,2013-08-08T07:41:24.4230000-06:00,in
37,USC00051772,Snow,1996-05-22T00:00:00.0000000-06:00,0.000000,P,,0,,NOAA,2013-08-08T07:41:24.4230000-06:00,in
37,USC00051772,Snow,1996-05-23T00:00:00.0000000-06:00,0.000000,P,,0,,NOAA,2013-08-08T07:41:24.4230000-06:00,in
37,USC00051772,Snow,1996-05-24T00:00:00.0000000-06:00,0.000000,P,,0,,NOAA,2013-08-08T07:41:24.4230000-06:00,in
37,USC00051772,Snow,1996-05-25T00:00:00.0000000-06:00,0.000000,P,,0,,NOAA,2013-08-08T07:41:24.4230000-06:00,in
37,USC00051772,Snow,1996-05-26T00:00:00.0000000-06:00,0.000000,P,,0,,NOAA,2013-08-08T07:41:24.4230000-06:00,in
37,USC00051772,Snow,1996-05-27T00:00:00.0000000-06:00,0.000000,P,,0,,NOAA,2013-08-08T07:41:24.4230000-06:00,in
37,USC00051772,Snow,1996-05-28T00:00:00.0000000-06:00,0.000000,P,,0,,NOAA,2013-08-08T07:41:24.4230000-06:00,in
37,USC00051772,Snow,1996-05-29T00:00:00.0000000-06:00,0.000000,P,,0,,NOAA,2013-08-08T07:41:24.4230000-06:00,in
37,USC00051772,Snow,1996-05-30T00:00:00.0000000-06:00,0.000000,P,,0,,NOAA,2013-08-08T07:41:24.4230000-06:00,in
37,USC00051772,Snow,1996-05-31T00:00:00.0000000-06:00,0.000000,P,,0,,NOAA,2013-08-08T07:41:24.4230000-06:00,in
37,USC00051772,Snow,1996-06-01T00:00:00.0000000-06:00,0.000000,P,,0,,NOAA,2013-08-08T07:41:24.4230000-06:00,in
37,USC00051772,Snow,1996-06-02T00:00:00.0000000-06:00,0.000000,P,,0,,NOAA,2013-08-08T07:41:24.4230000-06:00,in
37,USC00051772,Snow,1996-06-03T00:00:00.0000000-06:00,0.000000,P,,0,,NOAA,2013-08-08T07:41:24.4230000-06:00,in
37,USC00051772,Snow,1996-06-04T00:00:00.0000000-06:00,0.000000,P,,0,,NOAA,2013-08-08T07:41:24.4230000-06:00,in
37,USC00051772,Snow,1996-06-05T00:00:00.0000000-06:00,0.000000,P,,0,,NOAA,2013-08-08T07:41:24.4230000-06:00,in
37,USC00051772,Snow,1996-06-06T00:00:00.0000000-06:00,0.000000,P,,0,,NOAA,2013-08-08T07:41:24.4230000-06:00,in
37,USC00051772,Snow,1996-06-07T00:00:00.0000000-06:00,0.000000,P,,0,,NOAA,2013-08-08T07:41:24.4230000-06:00,in
37,USC00051772,Snow,1996-06-08T00:00:00.0000000-06:00,0.000000,P,,0,,NOAA,2013-08-08T07:41:24.4230000-06:00,in
37,USC00051772,Snow,1996-06-09T00:00:00.0000000-06:00,0.000000,P,,0,,NOAA,2013-08-08T07:41:24.4230000-06:00,in
37,USC00051772,Snow,1996-06-10T00:00:00.0000000-06:00,0.000000,P,,0,,NOAA,2013-08-08T07:41:24.4230000-06:00,in
37,USC00051772,Snow,1996-06-11T00:00:00.0000000-06:00,0.000000,P,,0,,NOAA,2013-08-08T07:41:24.4230000-06:00,in
37,USC00051772,Snow,1996-06-12T00:00:00.0000000-06:00,0.000000,P,,0,,NOAA,2013-08-08T07:41:24.4230000-06:00,in
37,USC00051772,Snow,1996-06-13T00:00:00.0000000-06:00,0.000000,P,,0,,NOAA,2013-08-08T07:41:24.4230000-06:00,in
37,USC00051772,Snow,1996-06-14T00:00:00.0000000-06:00,0.000000,P,,0,,NOAA,2013-08-08T07:41:24.4230000-06:00,in
37,USC00051772,Snow,1996-06-15T00:00:00.0000000-06:00,0.000000,P,,0,,NOAA,2013-08-08T07:41:24.4230000-06:00,in
37,USC00051772,Snow,1996-06-16T00:00:00.0000000-06:00,0.000000,P,,0,,NOAA,2013-08-08T07:41:24.4230000-06:00,in
37,USC00051772,Snow,1996-06-17T00:00:00.0000000-06:00,0.000000,P,,0,,NOAA,2013-08-08T07:41:24.4230000-06:00,in
37,USC00051772,Snow,1996-06-18T00:00:00.0000000-06:00,0.000000,P,,0,,NOAA,2013-08-08T07:41:24.4230000-06:00,in
37,USC00051772,Snow,1996-06-19T00:00:00.0000000-06:00,0.000000,P,,0,,NOAA,2013-08-08T07:41:24.4230000-06:00,in
37,USC00051772,Snow,1996-06-20T00:00:00.0000000-06:00,0.000000,P,,0,,NOAA,2013-08-08T07:41:24.4230000-06:00,in
37,USC00051772,Snow,1996-06-21T00:00:00.0000000-06:00,0.000000,P,,0,,NOAA,2013-08-08T07:41:24.4230000-06:00,in
37,USC00051772,Snow,1996-06-22T00:00:00.0000000-06:00,0.000000,P,,0,,NOAA,2013-08-08T07:41:24.4230000-06:00,in
37,USC00051772,Snow,1996-06-23T00:00:00.0000000-06:00,0.000000,P,,0,,NOAA,2013-08-08T07:41:24.4230000-06:00,in
37,USC00051772,Snow,1996-06-24T00:00:00.0000000-06:00,0.000000,P,,0,,NOAA,2013-08-08T07:41:24.4230000-06:00,in
37,USC00051772,Snow,1996-06-25T00:00:00.0000000-06:00,0.000000,P,,0,,NOAA,2013-08-08T07:41:24.4230000-06:00,in
37,USC00051772,Snow,1996-06-26T00:00:00.0000000-06:00,0.000000,P,,0,,NOAA,2013-08-08T07:41:24.4230000-06:00,in
37,USC00051772,Snow,1996-06-27T00:00:00.0000000-06:00,0.000000,P,,0,,NOAA,2013-08-08T07:41:24.4230000-06:00,in
37,USC00051772,Snow,1996-06-28T00:00:00.0000000-06:00,0.000000,P,,0,,NOAA,2013-08-08T07:41:24.4230000-06:00,in
37,USC00051772,Snow,1996-06-29T00:00:00.0000000-06:00,0.000000,P,,0,,NOAA,2013-08-08T07:41:24.4230000-06:00,in
37,USC00051772,Snow,1996-06-30T00:00:00.0000000-06:00,0.000000,P,,0,,NOAA,2013-08-08T07:41:24.4230000-06:00,in
37,USC00051772,Snow,1996-07-01T00:00:00.0000000-06:00,0.000000,P,,0,,NOAA,2013-08-08T07:41:24.4230000-06:00,in
37,USC00051772,Snow,1996-07-02T00:00:00.0000000-06:00,0.000000,P,,0,,NOAA,2013-08-08T07:41:24.4230000-06:00,in
37,USC00051772,Snow,1996-07-03T00:00:00.0000000-06:00,0.000000,P,,0,,NOAA,2013-08-08T07:41:24.4230000-06:00,in
37,USC00051772,Snow,1996-07-04T00:00:00.0000000-06:00,0.000000,P,,0,,NOAA,2013-08-08T07:41:24.4230000-06:00,in
37,USC00051772,Snow,1996-07-05T00:00:00.0000000-06:00,0.000000,P,,0,,NOAA,2013-08-08T07:41:24.4230000-06:00,in
37,USC00051772,Snow,1996-07-06T00:00:00.0000000-06:00,0.000000,P,,0,,NOAA,2013-08-08T07:41:24.4230000-06:00,in
37,USC00051772,Snow,1996-07-07T00:00:00.0000000-06:00,0.000000,P,,0,,NOAA,2013-08-08T07:41:24.4230000-06:00,in
37,USC00051772,Snow,1996-07-08T00:00:00.0000000-06:00,0.000000,P,,0,,NOAA,2013-08-08T07:41:24.4230000-06:00,in
37,USC00051772,Snow,1996-07-09T00:00:00.0000000-06:00,0.000000,P,,0,,NOAA,2013-08-08T07:41:24.4230000-06:00,in
37,USC00051772,Snow,1996-07-10T00:00:00.0000000-06:00,0.000000,P,,0,,NOAA,2013-08-08T07:41:24.4230000-06:00,in
37,USC00051772,Snow,1996-07-11T00:00:00.0000000-06:00,0.000000,P,,0,,NOAA,2013-08-08T07:41:24.4230000-06:00,in
37,USC00051772,Snow,1996-07-12T00:00:00.0000000-06:00,0.000000,P,,0,,NOAA,2013-08-08T07:41:24.4230000-06:00,in
37,USC00051772,Snow,1996-07-13T00:00:00.0000000-06:00,0.000000,P,,0,,NOAA,2013-08-08T07:41:24.4230000-06:00,in
37,USC00051772,Snow,1996-07-14T00:00:00.0000000-06:00,0.000000,P,,0,,NOAA,2013-08-08T07:41:24.4230000-06:00,in
37,USC00051772,Snow,1996-07-15T00:00:00.0000000-06:00,0.000000,P,,0,,NOAA,2013-08-08T07:41:24.4230000-06:00,in
37,USC00051772,Snow,1996-07-16T00:00:00.0000000-06:00,0.000000,P,,0,,NOAA,2013-08-08T07:41:24.4230000-06:00,in
37,USC00051772,Snow,1996-07-17T00:00:00.0000000-06:00,0.000000,P,,0,,NOAA,2013-08-08T07:41:24.4230000-06:00,in
37,USC00051772,Snow,1996-07-18T00:00:00.0000000-06:00,0.000000,P,,0,,NOAA,2013-08-08T07:41:24.4230000-06:00,in
37,USC00051772,Snow,1996-07-19T00:00:00.0000000-06:00,0.000000,P,,0,,NOAA,2013-08-08T07:41:24.4230000-06:00,in
37,USC00051772,Snow,1996-07-20T00:00:00.0000000-06:00,0.000000,P,,0,,NOAA,2013-08-08T07:41:24.4230000-06:00,in
37,USC00051772,Snow,1996-07-21T00:00:00.0000000-06:00,0.000000,P,,0,,NOAA,2013-08-08T07:41:24.4230000-06:00,in
37,USC00051772,Snow,1996-07-22T00:00:00.0000000-06:00,0.000000,P,,0,,NOAA,2013-08-08T07:41:24.4230000-06:00,in
37,USC00051772,Snow,1996-07-23T00:00:00.0000000-06:00,0.000000,P,,0,,NOAA,2013-08-08T07:41:24.4230000-06:00,in
37,USC00051772,Snow,1996-07-24T00:00:00.0000000-06:00,0.000000,P,,0,,NOAA,2013-08-08T07:41:24.4230000-06:00,in
37,USC00051772,Snow,1996-07-25T00:00:00.0000000-06:00,0.000000,P,,0,,NOAA,2013-08-08T07:41:24.4230000-06:00,in
37,USC00051772,Snow,1996-07-26T00:00:00.0000000-06:00,0.000000,P,,0,,NOAA,2013-08-08T07:41:24.4230000-06:00,in
37,USC00051772,Snow,1996-07-27T00:00:00.0000000-06:00,0.000000,P,,0,,NOAA,2013-08-08T07:41:24.4230000-06:00,in
37,USC00051772,Snow,1996-07-28T00:00:00.0000000-06:00,0.000000,P,,0,,NOAA,2013-08-08T07:41:24.4230000-06:00,in
37,USC00051772,Snow,1996-07-29T00:00:00.0000000-06:00,0.000000,P,,0,,NOAA,2013-08-08T07:41:24.4230000-06:00,in
37,USC00051772,Snow,1996-07-30T00:00:00.0000000-06:00,0.000000,P,,0,,NOAA,2013-08-08T07:41:24.4230000-06:00,in
37,USC00051772,Snow,1996-07-31T00:00:00.0000000-06:00,0.000000,P,,0,,NOAA,2013-08-08T07:41:24.4230000-06:00,in
37,USC00051772,Snow,1996-08-01T00:00:00.0000000-06:00,0.000000,P,,0,,NOAA,2013-08-08T07:41:24.4230000-06:00,in
37,USC00051772,Snow,1996-08-02T00:00:00.0000000-06:00,0.000000,P,,0,,NOAA,2013-08-08T07:41:24.4230000-06:00,in
37,USC00051772,Snow,1996-08-03T00:00:00.0000000-06:00,0.000000,P,,0,,NOAA,2013-08-08T07:41:24.4230000-06:00,in
37,USC00051772,Snow,1996-08-04T00:00:00.0000000-06:00,0.000000,P,,0,,NOAA,2013-08-08T07:41:24.4230000-06:00,in
37,USC00051772,Snow,1996-08-05T00:00:00.0000000-06:00,0.000000,P,,0,,NOAA,2013-08-08T07:41:24.4230000-06:00,in
37,USC00051772,Snow,1996-08-06T00:00:00.0000000-06:00,0.000000,P,,0,,NOAA,2013-08-08T07:41:24.4230000-06:00,in
37,USC00051772,Snow,1996-08-07T00:00:00.0000000-06:00,0.000000,P,,0,,NOAA,2013-08-08T07:41:24.4230000-06:00,in
37,USC00051772,Snow,1996-08-08T00:00:00.0000000-06:00,0.000000,P,,0,,NOAA,2013-08-08T07:41:24.4230000-06:00,in
37,USC00051772,Snow,1996-08-09T00:00:00.0000000-06:00,0.000000,P,,0,,NOAA,2013-08-08T07:41:24.4230000-06:00,in
37,USC00051772,Snow,1996-08-10T00:00:00.0000000-06:00,0.000000,P,,0,,NOAA,2013-08-08T07:41:24.4230000-06:00,in
37,USC00051772,Snow,1996-08-11T00:00:00.0000000-06:00,0.000000,P,,0,,NOAA,2013-08-08T07:41:24.4230000-06:00,in
37,USC00051772,Snow,1996-08-12T00:00:00.0000000-06:00,0.000000,P,,0,,NOAA,2013-08-08T07:41:24.4230000-06:00,in
37,USC00051772,Snow,1996-08-13T00:00:00.0000000-06:00,0.000000,P,,0,,NOAA,2013-08-08T07:41:24.4230000-06:00,in
37,USC00051772,Snow,1996-08-14T00:00:00.0000000-06:00,0.000000,P,,0,,NOAA,2013-08-08T07:41:24.4230000-06:00,in
37,USC00051772,Snow,1996-08-15T00:00:00.0000000-06:00,0.000000,P,,0,,NOAA,2013-08-08T07:41:24.4230000-06:00,in
37,USC00051772,Snow,1996-08-16T00:00:00.0000000-06:00,0.000000,P,,0,,NOAA,2013-08-08T07:41:24.4230000-06:00,in
37,USC00051772,Snow,1996-08-17T00:00:00.0000000-06:00,0.000000,P,,0,,NOAA,2013-08-08T07:41:24.4230000-06:00,in
37,USC00051772,Snow,1996-08-18T00:00:00.0000000-06:00,0.000000,P,,0,,NOAA,2013-08-08T07:41:24.4230000-06:00,in
37,USC00051772,Snow,1996-08-19T00:00:00.0000000-06:00,0.000000,P,,0,,NOAA,2013-08-08T07:41:24.4230000-06:00,in
37,USC00051772,Snow,1996-08-20T00:00:00.0000000-06:00,0.000000,P,,0,,NOAA,2013-08-08T07:41:24.4230000-06:00,in
37,USC00051772,Snow,1996-08-21T00:00:00.0000000-06:00,0.000000,P,,0,,NOAA,2013-08-08T07:41:24.4230000-06:00,in
37,USC00051772,Snow,1996-08-22T00:00:00.0000000-06:00,0.000000,P,,0,,NOAA,2013-08-08T07:41:24.4230000-06:00,in
37,USC00051772,Snow,1996-08-23T00:00:00.0000000-06:00,0.000000,P,,0,,NOAA,2013-08-08T07:41:24.4230000-06:00,in
37,USC00051772,Snow,1996-08-24T00:00:00.0000000-06:00,0.000000,P,,0,,NOAA,2013-08-08T07:41:24.4230000-06:00,in
37,USC00051772,Snow,1996-08-25T00:00:00.0000000-06:00,0.000000,P,,0,,NOAA,2013-08-08T07:41:24.4230000-06:00,in
37,USC00051772,Snow,1996-08-26T00:00:00.0000000-06:00,0.000000,P,,0,,NOAA,2013-08-08T07:41:24.4230000-06:00,in
37,USC00051772,Snow,1996-08-27T00:00:00.0000000-06:00,0.000000,P,,0,,NOAA,2013-08-08T07:41:24.4230000-06:00,in
37,USC00051772,Snow,1996-08-28T00:00:00.0000000-06:00,0.000000,P,,0,,NOAA,2013-08-08T07:41:24.4230000-06:00,in
37,USC00051772,Snow,1996-08-29T00:00:00.0000000-06:00,0.000000,P,,0,,NOAA,2013-08-08T07:41:24.4230000-06:00,in
37,USC00051772,Snow,1996-08-30T00:00:00.0000000-06:00,0.000000,P,,0,,NOAA,2013-08-08T07:41:24.4230000-06:00,in
37,USC00051772,Snow,1996-08-31T00:00:00.0000000-06:00,0.000000,P,,0,,NOAA,2013-08-08T07:41:24.4230000-06:00,in
37,USC00051772,Snow,1996-09-01T00:00:00.0000000-06:00,0.000000,P,,0,,NOAA,2013-08-08T07:41:24.4230000-06:00,in
37,USC00051772,Snow,1996-09-02T00:00:00.0000000-06:00,0.000000,P,,0,,NOAA,2013-08-08T07:41:24.4230000-06:00,in
37,USC00051772,Snow,1996-09-03T00:00:00.0000000-06:00,0.000000,P,,0,,NOAA,2013-08-08T07:41:24.4230000-06:00,in
37,USC00051772,Snow,1996-09-04T00:00:00.0000000-06:00,0.000000,P,,0,,NOAA,2013-08-08T07:41:24.4230000-06:00,in
37,USC00051772,Snow,1996-09-05T00:00:00.0000000-06:00,0.000000,P,,0,,NOAA,2013-08-08T07:41:24.4230000-06:00,in
37,USC00051772,Snow,1996-09-06T00:00:00.0000000-06:00,0.000000,P,,0,,NOAA,2013-08-08T07:41:24.4230000-06:00,in
37,USC00051772,Snow,1996-09-07T00:00:00.0000000-06:00,0.000000,P,,0,,NOAA,2013-08-08T07:41:24.4230000-06:00,in
37,USC00051772,Snow,1996-09-08T00:00:00.0000000-06:00,0.000000,P,,0,,NOAA,2013-08-08T07:41:24.4230000-06:00,in
37,USC00051772,Snow,1996-09-09T00:00:00.0000000-06:00,0.000000,P,,0,,NOAA,2013-08-08T07:41:24.4230000-06:00,in
37,USC00051772,Snow,1996-09-10T00:00:00.0000000-06:00,0.000000,P,,0,,NOAA,2013-08-08T07:41:24.4230000-06:00,in
37,USC00051772,Snow,1996-09-11T00:00:00.0000000-06:00,0.000000,P,,0,,NOAA,2013-08-08T07:41:24.4230000-06:00,in
37,USC00051772,Snow,1996-09-12T00:00:00.0000000-06:00,0.000000,P,,0,,NOAA,2013-08-08T07:41:24.4230000-06:00,in
37,USC00051772,Snow,1996-09-13T00:00:00.0000000-06:00,0.000000,P,,0,,NOAA,2013-08-08T07:41:24.4230000-06:00,in
37,USC00051772,Snow,1996-09-14T00:00:00.0000000-06:00,0.000000,P,,0,,NOAA,2013-08-08T07:41:24.4230000-06:00,in
37,USC00051772,Snow,1996-09-15T00:00:00.0000000-06:00,0.000000,P,,0,,NOAA,2013-08-08T07:41:24.4230000-06:00,in
37,USC00051772,Snow,1996-09-16T00:00:00.0000000-06:00,0.000000,P,,0,,NOAA,2013-08-08T07:41:24.4230000-06:00,in
37,USC00051772,Snow,1996-09-17T00:00:00.0000000-06:00,0.000000,P,,0,,NOAA,2013-08-08T07:41:24.4230000-06:00,in
37,USC00051772,Snow,1996-09-18T00:00:00.0000000-06:00,0.000000,P,,0,,NOAA,2013-08-08T07:41:24.4230000-06:00,in
37,USC00051772,Snow,1996-09-19T00:00:00.0000000-06:00,0.000000,P,,0,,NOAA,2013-08-08T07:41:24.4230000-06:00,in
37,USC00051772,Snow,1996-09-20T00:00:00.0000000-06:00,0.000000,P,,0,,NOAA,2013-08-08T07:41:24.4230000-06:00,in
37,USC00051772,Snow,1996-09-21T00:00:00.0000000-06:00,0.000000,P,,0,,NOAA,2013-08-08T07:41:24.4230000-06:00,in
37,USC00051772,Snow,1996-09-22T00:00:00.0000000-06:00,0.000000,P,,0,,NOAA,2013-08-08T07:41:24.4230000-06:00,in
37,USC00051772,Snow,1996-09-23T00:00:00.0000000-06:00,0.000000,P,,0,,NOAA,2013-08-08T07:41:24.4230000-06:00,in
37,USC00051772,Snow,1996-09-24T00:00:00.0000000-06:00,0.000000,P,,0,,NOAA,2013-08-08T07:41:24.4230000-06:00,in
37,USC00051772,Snow,1996-09-25T00:00:00.0000000-06:00,0.000000,P,,0,,NOAA,2013-08-08T07:41:24.4230000-06:00,in
37,USC00051772,Snow,1996-09-26T00:00:00.0000000-06:00,0.000000,P,,0,,NOAA,2013-08-08T07:41:24.4230000-06:00,in
37,USC00051772,Snow,1996-09-27T00:00:00.0000000-06:00,0.000000,P,,0,,NOAA,2013-08-08T07:41:24.4230000-06:00,in
37,USC00051772,Snow,1996-09-28T00:00:00.0000000-06:00,0.000000,P,,0,,NOAA,2013-08-08T07:41:24.4230000-06:00,in
37,USC00051772,Snow,1996-09-29T00:00:00.0000000-06:00,0.000000,P,,0,,NOAA,2013-08-08T07:41:24.4230000-06:00,in
37,USC00051772,Snow,1996-09-30T00:00:00.0000000-06:00,0.000000,P,,0,,NOAA,2013-08-08T07:41:24.4230000-06:00,in
37,USC00051772,Snow,1996-10-01T00:00:00.0000000-06:00,0.000000,P,,0,,NOAA,2013-08-08T07:41:24.4230000-06:00,in
37,USC00051772,Snow,1996-10-02T00:00:00.0000000-06:00,0.000000,P,,0,,NOAA,2013-08-08T07:41:24.4230000-06:00,in
37,USC00051772,Snow,1996-10-03T00:00:00.0000000-06:00,0.000000,P,,0,,NOAA,2013-08-08T07:41:24.4230000-06:00,in
37,USC00051772,Snow,1996-10-04T00:00:00.0000000-06:00,0.000000,P,,0,,NOAA,2013-08-08T07:41:24.4230000-06:00,in
37,USC00051772,Snow,1996-10-05T00:00:00.0000000-06:00,0.000000,P,,0,,NOAA,2013-08-08T07:41:24.4230000-06:00,in
37,USC00051772,Snow,1996-10-06T00:00:00.0000000-06:00,0.000000,P,,0,,NOAA,2013-08-08T07:41:24.4230000-06:00,in
37,USC00051772,Snow,1996-10-07T00:00:00.0000000-06:00,0.000000,P,,0,,NOAA,2013-08-08T07:41:24.4230000-06:00,in
37,USC00051772,Snow,1996-10-08T00:00:00.0000000-06:00,0.000000,P,,0,,NOAA,2013-08-08T07:41:24.4230000-06:00,in
37,USC00051772,Snow,1996-10-09T00:00:00.0000000-06:00,0.000000,P,,0,,NOAA,2013-08-08T07:41:24.4230000-06:00,in
37,USC00051772,Snow,1996-10-10T00:00:00.0000000-06:00,0.000000,P,,0,,NOAA,2013-08-08T07:41:24.4230000-06:00,in
37,USC00051772,Snow,1996-10-11T00:00:00.0000000-06:00,0.000000,P,,0,,NOAA,2013-08-08T07:41:24.4230000-06:00,in
37,USC00051772,Snow,1996-10-12T00:00:00.0000000-06:00,0.000000,P,,0,,NOAA,2013-08-08T07:41:24.4230000-06:00,in
37,USC00051772,Snow,1996-10-13T00:00:00.0000000-06:00,0.000000,P,,0,,NOAA,2013-08-08T07:41:24.4230000-06:00,in
37,USC00051772,Snow,1996-10-14T00:00:00.0000000-06:00,0.000000,P,,0,,NOAA,2013-08-08T07:41:24.4230000-06:00,in
37,USC00051772,Snow,1996-10-15T00:00:00.0000000-06:00,0.000000,P,,0,,NOAA,2013-08-08T07:41:24.4230000-06:00,in
37,USC00051772,Snow,1996-10-16T00:00:00.0000000-06:00,0.000000,P,,0,,NOAA,2013-08-08T07:41:24.4230000-06:00,in
37,USC00051772,Snow,1996-10-17T00:00:00.0000000-06:00,0.000000,P,,0,,NOAA,2013-08-08T07:41:24.4230000-06:00,in
37,USC00051772,Snow,1996-10-18T00:00:00.0000000-06:00,0.000000,P,,0,,NOAA,2013-08-08T07:41:24.4230000-06:00,in
37,USC00051772,Snow,1996-10-19T00:00:00.0000000-06:00,0.000000,P,,0,,NOAA,2013-08-08T07:41:24.4230000-06:00,in
37,USC00051772,Snow,1996-10-20T00:00:00.0000000-06:00,0.000000,P,,0,,NOAA,2013-08-08T07:41:24.4230000-06:00,in
37,USC00051772,Snow,1996-10-21T00:00:00.0000000-06:00,0.000000,P,,0,,NOAA,2013-08-08T07:41:24.4230000-06:00,in
37,USC00051772,Snow,1996-10-22T00:00:00.0000000-06:00,0.000000,P,,0,,NOAA,2013-08-08T07:41:24.4230000-06:00,in
37,USC00051772,Snow,1996-10-23T00:00:00.0000000-06:00,0.000000,P,,0,,NOAA,2013-08-08T07:41:24.4230000-06:00,in
37,USC00051772,Snow,1996-10-24T00:00:00.0000000-06:00,0.000000,P,,0,,NOAA,2013-08-08T07:41:24.4230000-06:00,in
37,USC00051772,Snow,1996-10-25T00:00:00.0000000-06:00,0.000000,P,,0,,NOAA,2013-08-08T07:41:24.4230000-06:00,in
37,USC00051772,Snow,1996-10-26T00:00:00.0000000-06:00,0.000000,P,,0,,NOAA,2013-08-08T07:41:24.4230000-06:00,in
37,USC00051772,Snow,1996-10-27T00:00:00.0000000-06:00,0.000000,P,,0,,NOAA,2013-08-08T07:41:24.4230000-06:00,in
37,USC00051772,Snow,1996-10-28T00:00:00.0000000-07:00,0.000000,P,,0,,NOAA,2013-08-08T07:41:24.4230000-06:00,in
37,USC00051772,Snow,1996-10-29T00:00:00.0000000-07:00,0.000000,P,,0,,NOAA,2013-08-08T07:41:24.4230000-06:00,in
37,USC00051772,Snow,1996-10-30T00:00:00.0000000-07:00,0.000000,P,,0,,NOAA,2013-08-08T07:41:24.4230000-06:00,in
37,USC00051772,Snow,1996-10-31T00:00:00.0000000-07:00,0.000000,P,,0,,NOAA,2013-08-08T07:41:24.4230000-06:00,in
37,USC00051772,Snow,1996-11-01T00:00:00.0000000-07:00,0.000000,P,,0,,NOAA,2013-08-08T07:41:24.4230000-06:00,in
37,USC00051772,Snow,1996-11-02T00:00:00.0000000-07:00,0.000000,P,,0,,NOAA,2013-08-08T07:41:24.4230000-06:00,in
37,USC00051772,Snow,1996-11-03T00:00:00.0000000-07:00,0.000000,P,,0,,NOAA,2013-08-08T07:41:24.4230000-06:00,in
37,USC00051772,Snow,1996-11-04T00:00:00.0000000-07:00,0.000000,P,,0,,NOAA,2013-08-08T07:41:24.4230000-06:00,in
37,USC00051772,Snow,1996-11-05T00:00:00.0000000-07:00,0.000000,P,,0,,NOAA,2013-08-08T07:41:24.4230000-06:00,in
37,USC00051772,Snow,1996-11-06T00:00:00.0000000-07:00,0.000000,T,,0,,NOAA,2013-08-08T07:41:24.4230000-06:00,in
37,USC00051772,Snow,1996-11-07T00:00:00.0000000-07:00,0.000000,P,,0,,NOAA,2013-08-08T07:41:24.4230000-06:00,in
37,USC00051772,Snow,1996-11-08T00:00:00.0000000-07:00,0.000000,P,,0,,NOAA,2013-08-08T07:41:24.4230000-06:00,in
37,USC00051772,Snow,1996-11-09T00:00:00.0000000-07:00,0.000000,P,,0,,NOAA,2013-08-08T07:41:24.4230000-06:00,in
37,USC00051772,Snow,1996-11-10T00:00:00.0000000-07:00,0.000000,P,,0,,NOAA,2013-08-08T07:41:24.4230000-06:00,in
37,USC00051772,Snow,1996-11-11T00:00:00.0000000-07:00,0.000000,P,,0,,NOAA,2013-08-08T07:41:24.4230000-06:00,in
37,USC00051772,Snow,1996-11-12T00:00:00.0000000-07:00,0.000000,P,,0,,NOAA,2013-08-08T07:41:24.4230000-06:00,in
37,USC00051772,Snow,1996-11-13T00:00:00.0000000-07:00,0.000000,P,,0,,NOAA,2013-08-08T07:41:24.4230000-06:00,in
37,USC00051772,Snow,1996-11-14T00:00:00.0000000-07:00,0.000000,P,,0,,NOAA,2013-08-08T07:41:24.4230000-06:00,in
37,USC00051772,Snow,1996-11-15T00:00:00.0000000-07:00,0.000000,P,,0,,NOAA,2013-08-08T07:41:24.4230000-06:00,in
37,USC00051772,Snow,1996-11-16T00:00:00.0000000-07:00,0.000000,P,,0,,NOAA,2013-08-08T07:41:24.4230000-06:00,in
37,USC00051772,Snow,1996-11-18T00:00:00.0000000-07:00,0.000000,P,,0,,NOAA,2013-08-08T07:41:24.4230000-06:00,in
37,USC00051772,Snow,1996-11-19T00:00:00.0000000-07:00,0.000000,P,,0,,NOAA,2013-08-08T07:41:24.4230000-06:00,in
37,USC00051772,Snow,1996-11-20T00:00:00.0000000-07:00,0.000000,P,,0,,NOAA,2013-08-08T07:41:24.4230000-06:00,in
37,USC00051772,Snow,1996-11-21T00:00:00.0000000-07:00,0.000000,P,,0,,NOAA,2013-08-08T07:41:24.4230000-06:00,in
37,USC00051772,Snow,1996-11-22T00:00:00.0000000-07:00,0.000000,P,,0,,NOAA,2013-08-08T07:41:24.4230000-06:00,in
37,USC00051772,Snow,1996-11-23T00:00:00.0000000-07:00,0.000000,P,,0,,NOAA,2013-08-08T07:41:24.4230000-06:00,in
37,USC00051772,Snow,1996-11-24T00:00:00.0000000-07:00,0.000000,P,,0,,NOAA,2013-08-08T07:41:24.4230000-06:00,in
37,USC00051772,Snow,1996-11-25T00:00:00.0000000-07:00,0.000000,P,,0,,NOAA,2013-08-08T07:41:24.4230000-06:00,in
37,USC00051772,Snow,1996-11-26T00:00:00.0000000-07:00,0.000000,P,,0,,NOAA,2013-08-08T07:41:24.4230000-06:00,in
37,USC00051772,Snow,1996-11-27T00:00:00.0000000-07:00,0.000000,P,,0,,NOAA,2013-08-08T07:41:24.4230000-06:00,in
37,USC00051772,Snow,1996-11-28T00:00:00.0000000-07:00,0.000000,P,,0,,NOAA,2013-08-08T07:41:24.4230000-06:00,in
37,USC00051772,Snow,1996-11-30T00:00:00.0000000-07:00,0.000000,P,,0,,NOAA,2013-08-08T07:41:24.4230000-06:00,in
37,USC00051772,Snow,1996-12-01T00:00:00.0000000-07:00,0.000000,P,,0,,NOAA,2013-08-08T07:41:24.4230000-06:00,in
37,USC00051772,Snow,1996-12-02T00:00:00.0000000-07:00,0.511811,,,0,,NOAA,2013-08-08T07:41:24.4230000-06:00,in
37,USC00051772,Snow,1996-12-03T00:00:00.0000000-07:00,0.000000,P,,0,,NOAA,2013-08-08T07:41:24.4230000-06:00,in
37,USC00051772,Snow,1996-12-04T00:00:00.0000000-07:00,0.000000,P,,0,,NOAA,2013-08-08T07:41:24.4230000-06:00,in
37,USC00051772,Snow,1996-12-05T00:00:00.0000000-07:00,0.000000,P,,0,,NOAA,2013-08-08T07:41:24.4230000-06:00,in
37,USC00051772,Snow,1996-12-06T00:00:00.0000000-07:00,0.984252,,,0,,NOAA,2013-08-08T07:41:24.4230000-06:00,in
37,USC00051772,Snow,1996-12-07T00:00:00.0000000-07:00,0.000000,P,,0,,NOAA,2013-08-08T07:41:24.4230000-06:00,in
37,USC00051772,Snow,1996-12-08T00:00:00.0000000-07:00,0.000000,P,,0,,NOAA,2013-08-08T07:41:24.4230000-06:00,in
37,USC00051772,Snow,1996-12-09T00:00:00.0000000-07:00,0.000000,P,,0,,NOAA,2013-08-08T07:41:24.4230000-06:00,in
37,USC00051772,Snow,1996-12-10T00:00:00.0000000-07:00,0.000000,P,,0,,NOAA,2013-08-08T07:41:24.4230000-06:00,in
37,USC00051772,Snow,1996-12-11T00:00:00.0000000-07:00,0.000000,P,,0,,NOAA,2013-08-08T07:41:24.4230000-06:00,in
37,USC00051772,Snow,1996-12-12T00:00:00.0000000-07:00,0.000000,P,,0,,NOAA,2013-08-08T07:41:24.4230000-06:00,in
37,USC00051772,Snow,1996-12-13T00:00:00.0000000-07:00,0.000000,P,,0,,NOAA,2013-08-08T07:41:24.4230000-06:00,in
37,USC00051772,Snow,1996-12-14T00:00:00.0000000-07:00,0.000000,P,,0,,NOAA,2013-08-08T07:41:24.4230000-06:00,in
37,USC00051772,Snow,1996-12-15T00:00:00.0000000-07:00,0.000000,P,,0,,NOAA,2013-08-08T07:41:24.4230000-06:00,in
37,USC00051772,Snow,1996-12-16T00:00:00.0000000-07:00,0.000000,P,,0,,NOAA,2013-08-08T07:41:24.4230000-06:00,in
37,USC00051772,Snow,1996-12-17T00:00:00.0000000-07:00,0.000000,P,,0,,NOAA,2013-08-08T07:41:24.4230000-06:00,in
37,USC00051772,Snow,1996-12-18T00:00:00.0000000-07:00,0.000000,P,,0,,NOAA,2013-08-08T07:41:24.4230000-06:00,in
37,USC00051772,Snow,1996-12-19T00:00:00.0000000-07:00,0.000000,P,,0,,NOAA,2013-08-08T07:41:24.4230000-06:00,in
37,USC00051772,Snow,1996-12-20T00:00:00.0000000-07:00,0.000000,P,,0,,NOAA,2013-08-08T07:41:24.4230000-06:00,in
37,USC00051772,Snow,1996-12-21T00:00:00.0000000-07:00,0.000000,P,,0,,NOAA,2013-08-08T07:41:24.4230000-06:00,in
37,USC00051772,Snow,1996-12-22T00:00:00.0000000-07:00,0.000000,P,,0,,NOAA,2013-08-08T07:41:24.4230000-06:00,in
37,USC00051772,Snow,1996-12-23T00:00:00.0000000-07:00,2.007874,,,0,,NOAA,2013-08-08T07:41:24.4230000-06:00,in
37,USC00051772,Snow,1996-12-24T00:00:00.0000000-07:00,0.984252,,,0,,NOAA,2013-08-08T07:41:24.4230000-06:00,in
37,USC00051772,Snow,1996-12-25T00:00:00.0000000-07:00,0.000000,P,,0,,NOAA,2013-08-08T07:41:24.4230000-06:00,in
37,USC00051772,Snow,1996-12-26T00:00:00.0000000-07:00,0.000000,P,,0,,NOAA,2013-08-08T07:41:24.4230000-06:00,in
37,USC00051772,Snow,1996-12-27T00:00:00.0000000-07:00,0.000000,P,,0,,NOAA,2013-08-08T07:41:24.4230000-06:00,in
37,USC00051772,Snow,1996-12-28T00:00:00.0000000-07:00,0.000000,P,,0,,NOAA,2013-08-08T07:41:24.4230000-06:00,in
37,USC00051772,Snow,1996-12-29T00:00:00.0000000-07:00,0.000000,P,,0,,NOAA,2013-08-08T07:41:24.4230000-06:00,in
37,USC00051772,Snow,1996-12-30T00:00:00.0000000-07:00,0.000000,P,,0,,NOAA,2013-08-08T07:41:24.4230000-06:00,in
37,USC00051772,Snow,1996-12-31T00:00:00.0000000-07:00,0.000000,P,,0,,NOAA,2013-08-08T07:41:24.4230000-06:00,in
37,USC00051772,Snow,1997-01-01T00:00:00.0000000-07:00,0.000000,P,,0,,NOAA,2013-08-08T07:41:24.4230000-06:00,in
37,USC00051772,Snow,1997-01-02T00:00:00.0000000-07:00,0.000000,P,,0,,NOAA,2013-08-08T07:41:24.4230000-06:00,in
37,USC00051772,Snow,1997-01-03T00:00:00.0000000-07:00,0.000000,P,,0,,NOAA,2013-08-08T07:41:24.4230000-06:00,in
37,USC00051772,Snow,1997-01-04T00:00:00.0000000-07:00,0.000000,P,,0,,NOAA,2013-08-08T07:41:24.4230000-06:00,in
37,USC00051772,Snow,1997-01-05T00:00:00.0000000-07:00,0.000000,P,,0,,NOAA,2013-08-08T07:41:24.4230000-06:00,in
37,USC00051772,Snow,1997-01-07T00:00:00.0000000-07:00,0.000000,P,,0,,NOAA,2013-08-08T07:41:24.4230000-06:00,in
37,USC00051772,Snow,1997-01-08T00:00:00.0000000-07:00,0.000000,P,,0,,NOAA,2013-08-08T07:41:24.4230000-06:00,in
37,USC00051772,Snow,1997-01-09T00:00:00.0000000-07:00,0.000000,P,,0,,NOAA,2013-08-08T07:41:24.4230000-06:00,in
37,USC00051772,Snow,1997-01-10T00:00:00.0000000-07:00,0.000000,P,,0,,NOAA,2013-08-08T07:41:24.4230000-06:00,in
37,USC00051772,Snow,1997-01-13T00:00:00.0000000-07:00,0.000000,P,,0,,NOAA,2013-08-08T07:41:24.4230000-06:00,in
37,USC00051772,Snow,1997-01-14T00:00:00.0000000-07:00,0.000000,P,,0,,NOAA,2013-08-08T07:41:24.4230000-06:00,in
37,USC00051772,Snow,1997-01-15T00:00:00.0000000-07:00,0.000000,P,,0,,NOAA,2013-08-08T07:41:24.4230000-06:00,in
37,USC00051772,Snow,1997-01-16T00:00:00.0000000-07:00,0.000000,P,,0,,NOAA,2013-08-08T07:41:24.4230000-06:00,in
37,USC00051772,Snow,1997-01-17T00:00:00.0000000-07:00,0.000000,P,,0,,NOAA,2013-08-08T07:41:24.4230000-06:00,in
37,USC00051772,Snow,1997-01-18T00:00:00.0000000-07:00,0.000000,,,0,,NOAA,2013-08-08T07:41:24.4230000-06:00,in
37,USC00051772,Snow,1997-01-19T00:00:00.0000000-07:00,0.000000,,,0,,NOAA,2013-08-08T07:41:24.4230000-06:00,in
37,USC00051772,Snow,1997-01-20T00:00:00.0000000-07:00,0.000000,P,,0,,NOAA,2013-08-08T07:41:24.4230000-06:00,in
37,USC00051772,Snow,1997-01-21T00:00:00.0000000-07:00,0.000000,T,,0,,NOAA,2013-08-08T07:41:24.4230000-06:00,in
37,USC00051772,Snow,1997-01-22T00:00:00.0000000-07:00,0.000000,T,,0,,NOAA,2013-08-08T07:41:24.4230000-06:00,in
37,USC00051772,Snow,1997-01-23T00:00:00.0000000-07:00,0.511811,,,0,,NOAA,2013-08-08T07:41:24.4230000-06:00,in
37,USC00051772,Snow,1997-01-24T00:00:00.0000000-07:00,0.000000,P,,0,,NOAA,2013-08-08T07:41:24.4230000-06:00,in
37,USC00051772,Snow,1997-01-25T00:00:00.0000000-07:00,0.000000,P,,0,,NOAA,2013-08-08T07:41:24.4230000-06:00,in
37,USC00051772,Snow,1997-01-27T00:00:00.0000000-07:00,0.000000,P,,0,,NOAA,2013-08-08T07:41:24.4230000-06:00,in
37,USC00051772,Snow,1997-01-28T00:00:00.0000000-07:00,0.000000,P,,0,,NOAA,2013-08-08T07:41:24.4230000-06:00,in
37,USC00051772,Snow,1997-01-29T00:00:00.0000000-07:00,0.511811,,,0,,NOAA,2013-08-08T07:41:24.4230000-06:00,in
37,USC00051772,Snow,1997-01-30T00:00:00.0000000-07:00,0.000000,P,,0,,NOAA,2013-08-08T07:41:24.4230000-06:00,in
37,USC00051772,Snow,1997-01-31T00:00:00.0000000-07:00,0.000000,P,,0,,NOAA,2013-08-08T07:41:24.4230000-06:00,in
37,USC00051772,Snow,1997-02-01T00:00:00.0000000-07:00,0.000000,P,,0,,NOAA,2013-08-08T07:41:24.4230000-06:00,in
37,USC00051772,Snow,1997-02-02T00:00:00.0000000-07:00,0.000000,P,,0,,NOAA,2013-08-08T07:41:24.4230000-06:00,in
37,USC00051772,Snow,1997-02-03T00:00:00.0000000-07:00,0.000000,P,,0,,NOAA,2013-08-08T07:41:24.4230000-06:00,in
37,USC00051772,Snow,1997-02-04T00:00:00.0000000-07:00,0.000000,P,,0,,NOAA,2013-08-08T07:41:24.4230000-06:00,in
37,USC00051772,Snow,1997-02-05T00:00:00.0000000-07:00,0.000000,P,,0,,NOAA,2013-08-08T07:41:24.4230000-06:00,in
37,USC00051772,Snow,1997-02-06T00:00:00.0000000-07:00,0.000000,P,,0,,NOAA,2013-08-08T07:41:24.4230000-06:00,in
37,USC00051772,Snow,1997-02-07T00:00:00.0000000-07:00,0.000000,P,,0,,NOAA,2013-08-08T07:41:24.4230000-06:00,in
37,USC00051772,Snow,1997-02-08T00:00:00.0000000-07:00,0.000000,P,,0,,NOAA,2013-08-08T07:41:24.4230000-06:00,in
37,USC00051772,Snow,1997-02-09T00:00:00.0000000-07:00,0.000000,P,,0,,NOAA,2013-08-08T07:41:24.4230000-06:00,in
37,USC00051772,Snow,1997-02-10T00:00:00.0000000-07:00,0.000000,P,,0,,NOAA,2013-08-08T07:41:24.4230000-06:00,in
37,USC00051772,Snow,1997-02-11T00:00:00.0000000-07:00,0.000000,P,,0,,NOAA,2013-08-08T07:41:24.4230000-06:00,in
37,USC00051772,Snow,1997-02-12T00:00:00.0000000-07:00,0.000000,P,,0,,NOAA,2013-08-08T07:41:24.4230000-06:00,in
37,USC00051772,Snow,1997-02-13T00:00:00.0000000-07:00,0.984252,,,0,,NOAA,2013-08-08T07:41:24.4230000-06:00,in
37,USC00051772,Snow,1997-02-14T00:00:00.0000000-07:00,0.000000,P,,0,,NOAA,2013-08-08T07:41:24.4230000-06:00,in
37,USC00051772,Snow,1997-02-15T00:00:00.0000000-07:00,0.000000,P,,0,,NOAA,2013-08-08T07:41:24.4230000-06:00,in
37,USC00051772,Snow,1997-02-16T00:00:00.0000000-07:00,0.000000,P,,0,,NOAA,2013-08-08T07:41:24.4230000-06:00,in
37,USC00051772,Snow,1997-02-17T00:00:00.0000000-07:00,0.000000,P,,0,,NOAA,2013-08-08T07:41:24.4230000-06:00,in
37,USC00051772,Snow,1997-02-18T00:00:00.0000000-07:00,0.000000,P,,0,,NOAA,2013-08-08T07:41:24.4230000-06:00,in
37,USC00051772,Snow,1997-02-19T00:00:00.0000000-07:00,0.000000,P,,0,,NOAA,2013-08-08T07:41:24.4230000-06:00,in
37,USC00051772,Snow,1997-02-20T00:00:00.0000000-07:00,0.511811,,,0,,NOAA,2013-08-08T07:41:24.4230000-06:00,in
37,USC00051772,Snow,1997-02-21T00:00:00.0000000-07:00,0.000000,T,,0,,NOAA,2013-08-08T07:41:24.4230000-06:00,in
37,USC00051772,Snow,1997-02-22T00:00:00.0000000-07:00,0.000000,P,,0,,NOAA,2013-08-08T07:41:24.4230000-06:00,in
37,USC00051772,Snow,1997-02-23T00:00:00.0000000-07:00,0.000000,P,,0,,NOAA,2013-08-08T07:41:24.4230000-06:00,in
37,USC00051772,Snow,1997-02-24T00:00:00.0000000-07:00,0.000000,P,,0,,NOAA,2013-08-08T07:41:24.4230000-06:00,in
37,USC00051772,Snow,1997-02-25T00:00:00.0000000-07:00,0.000000,P,,0,,NOAA,2013-08-08T07:41:24.4230000-06:00,in
37,USC00051772,Snow,1997-02-26T00:00:00.0000000-07:00,0.000000,P,,0,,NOAA,2013-08-08T07:41:24.4230000-06:00,in
37,USC00051772,Snow,1997-02-27T00:00:00.0000000-07:00,0.000000,T,,0,,NOAA,2013-08-08T07:41:24.4230000-06:00,in
37,USC00051772,Snow,1997-02-28T00:00:00.0000000-07:00,0.511811,,,0,,NOAA,2013-08-08T07:41:24.4230000-06:00,in
37,USC00051772,Snow,1997-03-01T00:00:00.0000000-07:00,0.000000,P,,0,,NOAA,2013-08-08T07:41:24.4230000-06:00,in
37,USC00051772,Snow,1997-03-02T00:00:00.0000000-07:00,0.000000,P,,0,,NOAA,2013-08-08T07:41:24.4230000-06:00,in
37,USC00051772,Snow,1997-03-03T00:00:00.0000000-07:00,0.000000,P,,0,,NOAA,2013-08-08T07:41:24.4230000-06:00,in
37,USC00051772,Snow,1997-03-04T00:00:00.0000000-07:00,0.000000,P,,0,,NOAA,2013-08-08T07:41:24.4230000-06:00,in
37,USC00051772,Snow,1997-03-05T00:00:00.0000000-07:00,0.000000,P,,0,,NOAA,2013-08-08T07:41:24.4230000-06:00,in
37,USC00051772,Snow,1997-03-06T00:00:00.0000000-07:00,0.000000,P,,0,,NOAA,2013-08-08T07:41:24.4230000-06:00,in
37,USC00051772,Snow,1997-03-07T00:00:00.0000000-07:00,0.000000,P,,0,,NOAA,2013-08-08T07:41:24.4230000-06:00,in
37,USC00051772,Snow,1997-03-08T00:00:00.0000000-07:00,0.000000,P,,0,,NOAA,2013-08-08T07:41:24.4230000-06:00,in
37,USC00051772,Snow,1997-03-09T00:00:00.0000000-07:00,0.000000,P,,0,,NOAA,2013-08-08T07:41:24.4230000-06:00,in
37,USC00051772,Snow,1997-03-10T00:00:00.0000000-07:00,0.000000,P,,0,,NOAA,2013-08-08T07:41:24.4230000-06:00,in
37,USC00051772,Snow,1997-03-11T00:00:00.0000000-07:00,0.000000,P,,0,,NOAA,2013-08-08T07:41:24.4230000-06:00,in
37,USC00051772,Snow,1997-03-12T00:00:00.0000000-07:00,0.000000,P,,0,,NOAA,2013-08-08T07:41:24.4230000-06:00,in
37,USC00051772,Snow,1997-03-13T00:00:00.0000000-07:00,0.000000,P,,0,,NOAA,2013-08-08T07:41:24.4230000-06:00,in
37,USC00051772,Snow,1997-03-14T00:00:00.0000000-07:00,0.000000,P,,0,,NOAA,2013-08-08T07:41:24.4230000-06:00,in
37,USC00051772,Snow,1997-03-15T00:00:00.0000000-07:00,0.000000,P,,0,,NOAA,2013-08-08T07:41:24.4230000-06:00,in
37,USC00051772,Snow,1997-03-16T00:00:00.0000000-07:00,0.000000,P,,0,,NOAA,2013-08-08T07:41:24.4230000-06:00,in
37,USC00051772,Snow,1997-03-17T00:00:00.0000000-07:00,0.000000,P,,0,,NOAA,2013-08-08T07:41:24.4230000-06:00,in
37,USC00051772,Snow,1997-03-18T00:00:00.0000000-07:00,0.000000,P,,0,,NOAA,2013-08-08T07:41:24.4230000-06:00,in
37,USC00051772,Snow,1997-03-19T00:00:00.0000000-07:00,0.000000,P,,0,,NOAA,2013-08-08T07:41:24.4230000-06:00,in
37,USC00051772,Snow,1997-03-20T00:00:00.0000000-07:00,0.000000,P,,0,,NOAA,2013-08-08T07:41:24.4230000-06:00,in
37,USC00051772,Snow,1997-03-21T00:00:00.0000000-07:00,0.000000,P,,0,,NOAA,2013-08-08T07:41:24.4230000-06:00,in
37,USC00051772,Snow,1997-03-22T00:00:00.0000000-07:00,0.000000,P,,0,,NOAA,2013-08-08T07:41:24.4230000-06:00,in
37,USC00051772,Snow,1997-03-23T00:00:00.0000000-07:00,0.000000,P,,0,,NOAA,2013-08-08T07:41:24.4230000-06:00,in
37,USC00051772,Snow,1997-03-24T00:00:00.0000000-07:00,0.000000,P,,0,,NOAA,2013-08-08T07:41:24.4230000-06:00,in
37,USC00051772,Snow,1997-03-25T00:00:00.0000000-07:00,0.000000,P,,0,,NOAA,2013-08-08T07:41:24.4230000-06:00,in
37,USC00051772,Snow,1997-03-26T00:00:00.0000000-07:00,0.000000,P,,0,,NOAA,2013-08-08T07:41:24.4230000-06:00,in
37,USC00051772,Snow,1997-03-27T00:00:00.0000000-07:00,0.000000,P,,0,,NOAA,2013-08-08T07:41:24.4230000-06:00,in
37,USC00051772,Snow,1997-03-28T00:00:00.0000000-07:00,0.000000,P,,0,,NOAA,2013-08-08T07:41:24.4230000-06:00,in
37,USC00051772,Snow,1997-03-29T00:00:00.0000000-07:00,0.000000,P,,0,,NOAA,2013-08-08T07:41:24.4230000-06:00,in
37,USC00051772,Snow,1997-03-30T00:00:00.0000000-07:00,0.000000,P,,0,,NOAA,2013-08-08T07:41:24.4230000-06:00,in
37,USC00051772,Snow,1997-03-31T00:00:00.0000000-07:00,0.000000,P,,0,,NOAA,2013-08-08T07:41:24.4230000-06:00,in
37,USC00051772,Snow,1997-04-01T00:00:00.0000000-07:00,0.000000,P,,0,,NOAA,2013-08-08T07:41:24.4230000-06:00,in
37,USC00051772,Snow,1997-04-02T00:00:00.0000000-07:00,5.984252,,,0,,NOAA,2013-08-08T07:41:24.4230000-06:00,in
37,USC00051772,Snow,1997-04-03T00:00:00.0000000-07:00,0.000000,,,0,,NOAA,2013-08-08T07:41:24.4230000-06:00,in
37,USC00051772,Snow,1997-04-04T00:00:00.0000000-07:00,0.000000,,,0,,NOAA,2013-08-08T07:41:24.4230000-06:00,in
37,USC00051772,Snow,1997-04-05T00:00:00.0000000-07:00,0.000000,P,,0,,NOAA,2013-08-08T07:41:24.4230000-06:00,in
37,USC00051772,Snow,1997-04-06T00:00:00.0000000-07:00,0.000000,P,,0,,NOAA,2013-08-08T07:41:24.4230000-06:00,in
37,USC00051772,Snow,1997-04-07T00:00:00.0000000-06:00,0.000000,,,0,,NOAA,2013-08-08T07:41:24.4230000-06:00,in
37,USC00051772,Snow,1997-04-08T00:00:00.0000000-06:00,0.000000,,,0,,NOAA,2013-08-08T07:41:24.4230000-06:00,in
37,USC00051772,Snow,1997-04-09T00:00:00.0000000-06:00,0.000000,,,0,,NOAA,2013-08-08T07:41:24.4230000-06:00,in
37,USC00051772,Snow,1997-04-10T00:00:00.0000000-06:00,0.000000,,,0,,NOAA,2013-08-08T07:41:24.4230000-06:00,in
37,USC00051772,Snow,1997-04-11T00:00:00.0000000-06:00,0.000000,,,0,,NOAA,2013-08-08T07:41:24.4230000-06:00,in
37,USC00051772,Snow,1997-04-12T00:00:00.0000000-06:00,0.000000,P,,0,,NOAA,2013-08-08T07:41:24.4230000-06:00,in
37,USC00051772,Snow,1997-04-13T00:00:00.0000000-06:00,0.000000,P,,0,,NOAA,2013-08-08T07:41:24.4230000-06:00,in
37,USC00051772,Snow,1997-04-14T00:00:00.0000000-06:00,0.000000,P,,0,,NOAA,2013-08-08T07:41:24.4230000-06:00,in
37,USC00051772,Snow,1997-04-15T00:00:00.0000000-06:00,0.000000,P,,0,,NOAA,2013-08-08T07:41:24.4230000-06:00,in
37,USC00051772,Snow,1997-04-16T00:00:00.0000000-06:00,0.000000,P,,0,,NOAA,2013-08-08T07:41:24.4230000-06:00,in
37,USC00051772,Snow,1997-04-17T00:00:00.0000000-06:00,0.000000,P,,0,,NOAA,2013-08-08T07:41:24.4230000-06:00,in
37,USC00051772,Snow,1997-04-18T00:00:00.0000000-06:00,0.000000,,,0,,NOAA,2013-08-08T07:41:24.4230000-06:00,in
37,USC00051772,Snow,1997-04-19T00:00:00.0000000-06:00,0.000000,,,0,,NOAA,2013-08-08T07:41:24.4230000-06:00,in
37,USC00051772,Snow,1997-04-20T00:00:00.0000000-06:00,0.000000,P,,0,,NOAA,2013-08-08T07:41:24.4230000-06:00,in
37,USC00051772,Snow,1997-04-21T00:00:00.0000000-06:00,0.000000,P,,0,,NOAA,2013-08-08T07:41:24.4230000-06:00,in
37,USC00051772,Snow,1997-04-22T00:00:00.0000000-06:00,0.000000,P,,0,,NOAA,2013-08-08T07:41:24.4230000-06:00,in
37,USC00051772,Snow,1997-04-23T00:00:00.0000000-06:00,0.000000,P,,0,,NOAA,2013-08-08T07:41:24.4230000-06:00,in
37,USC00051772,Snow,1997-04-24T00:00:00.0000000-06:00,0.000000,P,,0,,NOAA,2013-08-08T07:41:24.4230000-06:00,in
37,USC00051772,Snow,1997-04-25T00:00:00.0000000-06:00,0.000000,P,,0,,NOAA,2013-08-08T07:41:24.4230000-06:00,in
37,USC00051772,Snow,1997-04-26T00:00:00.0000000-06:00,0.000000,P,,0,,NOAA,2013-08-08T07:41:24.4230000-06:00,in
37,USC00051772,Snow,1997-04-27T00:00:00.0000000-06:00,0.000000,P,,0,,NOAA,2013-08-08T07:41:24.4230000-06:00,in
37,USC00051772,Snow,1997-04-28T00:00:00.0000000-06:00,0.000000,P,,0,,NOAA,2013-08-08T07:41:24.4230000-06:00,in
37,USC00051772,Snow,1997-04-29T00:00:00.0000000-06:00,0.000000,P,,0,,NOAA,2013-08-08T07:41:24.4230000-06:00,in
37,USC00051772,Snow,1997-04-30T00:00:00.0000000-06:00,0.000000,P,,0,,NOAA,2013-08-08T07:41:24.4230000-06:00,in
37,USC00051772,Snow,1997-05-01T00:00:00.0000000-06:00,0.000000,P,,0,,NOAA,2013-08-08T07:41:24.4230000-06:00,in
37,USC00051772,Snow,1997-05-02T00:00:00.0000000-06:00,0.000000,,,0,,NOAA,2013-08-08T07:41:24.4230000-06:00,in
37,USC00051772,Snow,1997-05-03T00:00:00.0000000-06:00,0.000000,P,,0,,NOAA,2013-08-08T07:41:24.4230000-06:00,in
37,USC00051772,Snow,1997-05-04T00:00:00.0000000-06:00,0.000000,P,,0,,NOAA,2013-08-08T07:41:24.4230000-06:00,in
37,USC00051772,Snow,1997-05-05T00:00:00.0000000-06:00,0.000000,P,,0,,NOAA,2013-08-08T07:41:24.4230000-06:00,in
37,USC00051772,Snow,1997-05-06T00:00:00.0000000-06:00,0.000000,P,,0,,NOAA,2013-08-08T07:41:24.4230000-06:00,in
37,USC00051772,Snow,1997-05-07T00:00:00.0000000-06:00,0.000000,P,,0,,NOAA,2013-08-08T07:41:24.4230000-06:00,in
37,USC00051772,Snow,1997-05-08T00:00:00.0000000-06:00,0.000000,P,,0,,NOAA,2013-08-08T07:41:24.4230000-06:00,in
37,USC00051772,Snow,1997-05-09T00:00:00.0000000-06:00,0.000000,P,,0,,NOAA,2013-08-08T07:41:24.4230000-06:00,in
37,USC00051772,Snow,1997-05-10T00:00:00.0000000-06:00,0.000000,P,,0,,NOAA,2013-08-08T07:41:24.4230000-06:00,in
37,USC00051772,Snow,1997-05-11T00:00:00.0000000-06:00,0.000000,P,,0,,NOAA,2013-08-08T07:41:24.4230000-06:00,in
37,USC00051772,Snow,1997-05-12T00:00:00.0000000-06:00,0.000000,P,,0,,NOAA,2013-08-08T07:41:24.4230000-06:00,in
37,USC00051772,Snow,1997-05-13T00:00:00.0000000-06:00,0.000000,P,,0,,NOAA,2013-08-08T07:41:24.4230000-06:00,in
37,USC00051772,Snow,1997-05-14T00:00:00.0000000-06:00,0.000000,P,,0,,NOAA,2013-08-08T07:41:24.4230000-06:00,in
37,USC00051772,Snow,1997-05-15T00:00:00.0000000-06:00,0.000000,P,,0,,NOAA,2013-08-08T07:41:24.4230000-06:00,in
37,USC00051772,Snow,1997-05-16T00:00:00.0000000-06:00,0.000000,P,,0,,NOAA,2013-08-08T07:41:24.4230000-06:00,in
37,USC00051772,Snow,1997-05-17T00:00:00.0000000-06:00,0.000000,P,,0,,NOAA,2013-08-08T07:41:24.4230000-06:00,in
37,USC00051772,Snow,1997-05-18T00:00:00.0000000-06:00,0.000000,P,,0,,NOAA,2013-08-08T07:41:24.4230000-06:00,in
37,USC00051772,Snow,1997-05-19T00:00:00.0000000-06:00,0.000000,P,,0,,NOAA,2013-08-08T07:41:24.4230000-06:00,in
37,USC00051772,Snow,1997-05-20T00:00:00.0000000-06:00,0.000000,P,,0,,NOAA,2013-08-08T07:41:24.4230000-06:00,in
37,USC00051772,Snow,1997-05-21T00:00:00.0000000-06:00,0.000000,P,,0,,NOAA,2013-08-08T07:41:24.4230000-06:00,in
37,USC00051772,Snow,1997-05-22T00:00:00.0000000-06:00,0.000000,P,,0,,NOAA,2013-08-08T07:41:24.4230000-06:00,in
37,USC00051772,Snow,1997-05-23T00:00:00.0000000-06:00,0.000000,P,,0,,NOAA,2013-08-08T07:41:24.4230000-06:00,in
37,USC00051772,Snow,1997-05-24T00:00:00.0000000-06:00,0.000000,P,,0,,NOAA,2013-08-08T07:41:24.4230000-06:00,in
37,USC00051772,Snow,1997-05-25T00:00:00.0000000-06:00,0.000000,P,,0,,NOAA,2013-08-08T07:41:24.4230000-06:00,in
37,USC00051772,Snow,1997-05-26T00:00:00.0000000-06:00,0.000000,P,,0,,NOAA,2013-08-08T07:41:24.4230000-06:00,in
37,USC00051772,Snow,1997-05-27T00:00:00.0000000-06:00,0.000000,P,,0,,NOAA,2013-08-08T07:41:24.4230000-06:00,in
37,USC00051772,Snow,1997-05-28T00:00:00.0000000-06:00,0.000000,P,,0,,NOAA,2013-08-08T07:41:24.4230000-06:00,in
37,USC00051772,Snow,1997-05-29T00:00:00.0000000-06:00,0.000000,P,,0,,NOAA,2013-08-08T07:41:24.4230000-06:00,in
37,USC00051772,Snow,1997-05-30T00:00:00.0000000-06:00,0.000000,P,,0,,NOAA,2013-08-08T07:41:24.4230000-06:00,in
37,USC00051772,Snow,1997-05-31T00:00:00.0000000-06:00,0.000000,P,,0,,NOAA,2013-08-08T07:41:24.4230000-06:00,in
37,USC00051772,Snow,1997-06-01T00:00:00.0000000-06:00,0.000000,P,,0,,NOAA,2013-08-08T07:41:24.4230000-06:00,in
37,USC00051772,Snow,1997-06-02T00:00:00.0000000-06:00,0.000000,P,,0,,NOAA,2013-08-08T07:41:24.4230000-06:00,in
37,USC00051772,Snow,1997-06-03T00:00:00.0000000-06:00,0.000000,P,,0,,NOAA,2013-08-08T07:41:24.4230000-06:00,in
37,USC00051772,Snow,1997-06-04T00:00:00.0000000-06:00,0.000000,P,,0,,NOAA,2013-08-08T07:41:24.4230000-06:00,in
37,USC00051772,Snow,1997-06-05T00:00:00.0000000-06:00,0.000000,P,,0,,NOAA,2013-08-08T07:41:24.4230000-06:00,in
37,USC00051772,Snow,1997-06-06T00:00:00.0000000-06:00,0.000000,P,,0,,NOAA,2013-08-08T07:41:24.4230000-06:00,in
37,USC00051772,Snow,1997-06-07T00:00:00.0000000-06:00,0.000000,P,,0,,NOAA,2013-08-08T07:41:24.4230000-06:00,in
37,USC00051772,Snow,1997-06-08T00:00:00.0000000-06:00,0.000000,P,,0,,NOAA,2013-08-08T07:41:24.4230000-06:00,in
37,USC00051772,Snow,1997-06-09T00:00:00.0000000-06:00,0.000000,P,,0,,NOAA,2013-08-08T07:41:24.4230000-06:00,in
37,USC00051772,Snow,1997-06-10T00:00:00.0000000-06:00,0.000000,P,,0,,NOAA,2013-08-08T07:41:24.4230000-06:00,in
37,USC00051772,Snow,1997-06-11T00:00:00.0000000-06:00,0.000000,P,,0,,NOAA,2013-08-08T07:41:24.4230000-06:00,in
37,USC00051772,Snow,1997-06-12T00:00:00.0000000-06:00,0.000000,P,,0,,NOAA,2013-08-08T07:41:24.4230000-06:00,in
37,USC00051772,Snow,1997-06-13T00:00:00.0000000-06:00,0.000000,P,,0,,NOAA,2013-08-08T07:41:24.4230000-06:00,in
37,USC00051772,Snow,1997-06-14T00:00:00.0000000-06:00,0.000000,P,,0,,NOAA,2013-08-08T07:41:24.4230000-06:00,in
37,USC00051772,Snow,1997-06-15T00:00:00.0000000-06:00,0.000000,P,,0,,NOAA,2013-08-08T07:41:24.4230000-06:00,in
37,USC00051772,Snow,1997-06-16T00:00:00.0000000-06:00,0.000000,P,,0,,NOAA,2013-08-08T07:41:24.4230000-06:00,in
37,USC00051772,Snow,1997-06-17T00:00:00.0000000-06:00,0.000000,P,,0,,NOAA,2013-08-08T07:41:24.4230000-06:00,in
37,USC00051772,Snow,1997-06-18T00:00:00.0000000-06:00,0.000000,P,,0,,NOAA,2013-08-08T07:41:24.4230000-06:00,in
37,USC00051772,Snow,1997-06-19T00:00:00.0000000-06:00,0.000000,P,,0,,NOAA,2013-08-08T07:41:24.4230000-06:00,in
37,USC00051772,Snow,1997-06-20T00:00:00.0000000-06:00,0.000000,P,,0,,NOAA,2013-08-08T07:41:24.4230000-06:00,in
37,USC00051772,Snow,1997-06-21T00:00:00.0000000-06:00,0.000000,P,,0,,NOAA,2013-08-08T07:41:24.4230000-06:00,in
37,USC00051772,Snow,1997-06-22T00:00:00.0000000-06:00,0.000000,P,,0,,NOAA,2013-08-08T07:41:24.4230000-06:00,in
37,USC00051772,Snow,1997-06-23T00:00:00.0000000-06:00,0.000000,P,,0,,NOAA,2013-08-08T07:41:24.4230000-06:00,in
37,USC00051772,Snow,1997-06-24T00:00:00.0000000-06:00,0.000000,P,,0,,NOAA,2013-08-08T07:41:24.4230000-06:00,in
37,USC00051772,Snow,1997-06-25T00:00:00.0000000-06:00,0.000000,P,,0,,NOAA,2013-08-08T07:41:24.4230000-06:00,in
37,USC00051772,Snow,1997-06-26T00:00:00.0000000-06:00,0.000000,P,,0,,NOAA,2013-08-08T07:41:24.4230000-06:00,in
37,USC00051772,Snow,1997-06-27T00:00:00.0000000-06:00,0.000000,P,,0,,NOAA,2013-08-08T07:41:24.4230000-06:00,in
37,USC00051772,Snow,1997-06-28T00:00:00.0000000-06:00,0.000000,P,,0,,NOAA,2013-08-08T07:41:24.4230000-06:00,in
37,USC00051772,Snow,1997-06-29T00:00:00.0000000-06:00,0.000000,P,,0,,NOAA,2013-08-08T07:41:24.4230000-06:00,in
37,USC00051772,Snow,1997-06-30T00:00:00.0000000-06:00,0.000000,P,,0,,NOAA,2013-08-08T07:41:24.4230000-06:00,in
37,USC00051772,Snow,1997-07-01T00:00:00.0000000-06:00,0.000000,P,,0,,NOAA,2013-08-08T07:41:24.4230000-06:00,in
37,USC00051772,Snow,1997-07-02T00:00:00.0000000-06:00,0.000000,P,,0,,NOAA,2013-08-08T07:41:24.4230000-06:00,in
37,USC00051772,Snow,1997-07-03T00:00:00.0000000-06:00,0.000000,P,,0,,NOAA,2013-08-08T07:41:24.4230000-06:00,in
37,USC00051772,Snow,1997-07-04T00:00:00.0000000-06:00,0.000000,P,,0,,NOAA,2013-08-08T07:41:24.4230000-06:00,in
37,USC00051772,Snow,1997-07-05T00:00:00.0000000-06:00,0.000000,P,,0,,NOAA,2013-08-08T07:41:24.4230000-06:00,in
37,USC00051772,Snow,1997-07-06T00:00:00.0000000-06:00,0.000000,P,,0,,NOAA,2013-08-08T07:41:24.4230000-06:00,in
37,USC00051772,Snow,1997-07-07T00:00:00.0000000-06:00,0.000000,P,,0,,NOAA,2013-08-08T07:41:24.4230000-06:00,in
37,USC00051772,Snow,1997-07-08T00:00:00.0000000-06:00,0.000000,P,,0,,NOAA,2013-08-08T07:41:24.4230000-06:00,in
37,USC00051772,Snow,1997-07-09T00:00:00.0000000-06:00,0.000000,P,,0,,NOAA,2013-08-08T07:41:24.4230000-06:00,in
37,USC00051772,Snow,1997-07-10T00:00:00.0000000-06:00,0.000000,P,,0,,NOAA,2013-08-08T07:41:24.4230000-06:00,in
37,USC00051772,Snow,1997-07-11T00:00:00.0000000-06:00,0.000000,,,0,,NOAA,2013-08-08T07:41:24.4230000-06:00,in
37,USC00051772,Snow,1997-07-12T00:00:00.0000000-06:00,0.000000,P,,0,,NOAA,2013-08-08T07:41:24.4230000-06:00,in
37,USC00051772,Snow,1997-07-13T00:00:00.0000000-06:00,0.000000,P,,0,,NOAA,2013-08-08T07:41:24.4230000-06:00,in
37,USC00051772,Snow,1997-07-14T00:00:00.0000000-06:00,0.000000,,,0,,NOAA,2013-08-08T07:41:24.4230000-06:00,in
37,USC00051772,Snow,1997-07-15T00:00:00.0000000-06:00,0.000000,P,,0,,NOAA,2013-08-08T07:41:24.4230000-06:00,in
37,USC00051772,Snow,1997-07-16T00:00:00.0000000-06:00,0.000000,P,,0,,NOAA,2013-08-08T07:41:24.4230000-06:00,in
37,USC00051772,Snow,1997-07-17T00:00:00.0000000-06:00,0.000000,P,,0,,NOAA,2013-08-08T07:41:24.4230000-06:00,in
37,USC00051772,Snow,1997-07-18T00:00:00.0000000-06:00,0.000000,,,0,,NOAA,2013-08-08T07:41:24.4230000-06:00,in
37,USC00051772,Snow,1997-07-19T00:00:00.0000000-06:00,0.000000,P,,0,,NOAA,2013-08-08T07:41:24.4230000-06:00,in
37,USC00051772,Snow,1997-07-20T00:00:00.0000000-06:00,0.000000,P,,0,,NOAA,2013-08-08T07:41:24.4230000-06:00,in
37,USC00051772,Snow,1997-07-21T00:00:00.0000000-06:00,0.000000,P,,0,,NOAA,2013-08-08T07:41:24.4230000-06:00,in
37,USC00051772,Snow,1997-07-22T00:00:00.0000000-06:00,0.000000,P,,0,,NOAA,2013-08-08T07:41:24.4230000-06:00,in
37,USC00051772,Snow,1997-07-23T00:00:00.0000000-06:00,0.000000,P,,0,,NOAA,2013-08-08T07:41:24.4230000-06:00,in
37,USC00051772,Snow,1997-07-24T00:00:00.0000000-06:00,0.000000,P,,0,,NOAA,2013-08-08T07:41:24.4230000-06:00,in
37,USC00051772,Snow,1997-07-25T00:00:00.0000000-06:00,0.000000,,,0,,NOAA,2013-08-08T07:41:24.4230000-06:00,in
37,USC00051772,Snow,1997-07-26T00:00:00.0000000-06:00,0.000000,P,,0,,NOAA,2013-08-08T07:41:24.4230000-06:00,in
37,USC00051772,Snow,1997-07-27T00:00:00.0000000-06:00,0.000000,P,,0,,NOAA,2013-08-08T07:41:24.4230000-06:00,in
37,USC00051772,Snow,1997-07-28T00:00:00.0000000-06:00,0.000000,,,0,,NOAA,2013-08-08T07:41:24.4230000-06:00,in
37,USC00051772,Snow,1997-07-29T00:00:00.0000000-06:00,0.000000,P,,0,,NOAA,2013-08-08T07:41:24.4230000-06:00,in
37,USC00051772,Snow,1997-07-30T00:00:00.0000000-06:00,0.000000,P,,0,,NOAA,2013-08-08T07:41:24.4230000-06:00,in
37,USC00051772,Snow,1997-07-31T00:00:00.0000000-06:00,0.000000,P,,0,,NOAA,2013-08-08T07:41:24.4230000-06:00,in
37,USC00051772,Snow,1997-08-01T00:00:00.0000000-06:00,0.000000,P,,0,,NOAA,2013-08-08T07:41:24.4230000-06:00,in
37,USC00051772,Snow,1997-08-02T00:00:00.0000000-06:00,0.000000,P,,0,,NOAA,2013-08-08T07:41:24.4230000-06:00,in
37,USC00051772,Snow,1997-08-03T00:00:00.0000000-06:00,0.000000,P,,0,,NOAA,2013-08-08T07:41:24.4230000-06:00,in
37,USC00051772,Snow,1997-08-04T00:00:00.0000000-06:00,0.000000,P,,0,,NOAA,2013-08-08T07:41:24.4230000-06:00,in
37,USC00051772,Snow,1997-08-05T00:00:00.0000000-06:00,0.000000,P,,0,,NOAA,2013-08-08T07:41:24.4230000-06:00,in
37,USC00051772,Snow,1997-08-06T00:00:00.0000000-06:00,0.000000,P,,0,,NOAA,2013-08-08T07:41:24.4230000-06:00,in
37,USC00051772,Snow,1997-08-07T00:00:00.0000000-06:00,0.000000,P,,0,,NOAA,2013-08-08T07:41:24.4230000-06:00,in
37,USC00051772,Snow,1997-08-08T00:00:00.0000000-06:00,0.000000,P,,0,,NOAA,2013-08-08T07:41:24.4230000-06:00,in
37,USC00051772,Snow,1997-08-09T00:00:00.0000000-06:00,0.000000,P,,0,,NOAA,2013-08-08T07:41:24.4230000-06:00,in
37,USC00051772,Snow,1997-08-10T00:00:00.0000000-06:00,0.000000,P,,0,,NOAA,2013-08-08T07:41:24.4230000-06:00,in
37,USC00051772,Snow,1997-08-11T00:00:00.0000000-06:00,0.000000,P,,0,,NOAA,2013-08-08T07:41:24.4230000-06:00,in
37,USC00051772,Snow,1997-08-12T00:00:00.0000000-06:00,0.000000,P,,0,,NOAA,2013-08-08T07:41:24.4230000-06:00,in
37,USC00051772,Snow,1997-08-13T00:00:00.0000000-06:00,0.000000,P,,0,,NOAA,2013-08-08T07:41:24.4230000-06:00,in
37,USC00051772,Snow,1997-08-14T00:00:00.0000000-06:00,0.000000,P,,0,,NOAA,2013-08-08T07:41:24.4230000-06:00,in
37,USC00051772,Snow,1997-08-15T00:00:00.0000000-06:00,0.000000,P,,0,,NOAA,2013-08-08T07:41:24.4230000-06:00,in
37,USC00051772,Snow,1997-08-16T00:00:00.0000000-06:00,0.000000,P,,0,,NOAA,2013-08-08T07:41:24.4230000-06:00,in
37,USC00051772,Snow,1997-08-17T00:00:00.0000000-06:00,0.000000,P,,0,,NOAA,2013-08-08T07:41:24.4230000-06:00,in
37,USC00051772,Snow,1997-08-18T00:00:00.0000000-06:00,0.000000,P,,0,,NOAA,2013-08-08T07:41:24.4230000-06:00,in
37,USC00051772,Snow,1997-08-19T00:00:00.0000000-06:00,0.000000,P,,0,,NOAA,2013-08-08T07:41:24.4230000-06:00,in
37,USC00051772,Snow,1997-08-20T00:00:00.0000000-06:00,0.000000,P,,0,,NOAA,2013-08-08T07:41:24.4230000-06:00,in
37,USC00051772,Snow,1997-08-21T00:00:00.0000000-06:00,0.000000,P,,0,,NOAA,2013-08-08T07:41:24.4230000-06:00,in
37,USC00051772,Snow,1997-08-22T00:00:00.0000000-06:00,0.000000,P,,0,,NOAA,2013-08-08T07:41:24.4230000-06:00,in
37,USC00051772,Snow,1997-08-23T00:00:00.0000000-06:00,0.000000,P,,0,,NOAA,2013-08-08T07:41:24.4230000-06:00,in
37,USC00051772,Snow,1997-08-24T00:00:00.0000000-06:00,0.000000,P,,0,,NOAA,2013-08-08T07:41:24.4230000-06:00,in
37,USC00051772,Snow,1997-08-25T00:00:00.0000000-06:00,0.000000,P,,0,,NOAA,2013-08-08T07:41:24.4230000-06:00,in
37,USC00051772,Snow,1997-08-26T00:00:00.0000000-06:00,0.000000,P,,0,,NOAA,2013-08-08T07:41:24.4230000-06:00,in
37,USC00051772,Snow,1997-08-27T00:00:00.0000000-06:00,0.000000,P,,0,,NOAA,2013-08-08T07:41:24.4230000-06:00,in
37,USC00051772,Snow,1997-08-28T00:00:00.0000000-06:00,0.000000,P,,0,,NOAA,2013-08-08T07:41:24.4230000-06:00,in
37,USC00051772,Snow,1997-08-29T00:00:00.0000000-06:00,0.000000,P,,0,,NOAA,2013-08-08T07:41:24.4230000-06:00,in
37,USC00051772,Snow,1997-08-30T00:00:00.0000000-06:00,0.000000,P,,0,,NOAA,2013-08-08T07:41:24.4230000-06:00,in
37,USC00051772,Snow,1997-08-31T00:00:00.0000000-06:00,0.000000,P,,0,,NOAA,2013-08-08T07:41:24.4230000-06:00,in
37,USC00051772,Snow,1997-09-01T00:00:00.0000000-06:00,0.000000,P,,0,,NOAA,2013-08-08T07:41:24.4230000-06:00,in
37,USC00051772,Snow,1997-09-02T00:00:00.0000000-06:00,0.000000,P,,0,,NOAA,2013-08-08T07:41:24.4230000-06:00,in
37,USC00051772,Snow,1997-09-03T00:00:00.0000000-06:00,0.000000,P,,0,,NOAA,2013-08-08T07:41:24.4230000-06:00,in
37,USC00051772,Snow,1997-09-04T00:00:00.0000000-06:00,0.000000,P,,0,,NOAA,2013-08-08T07:41:24.4230000-06:00,in
37,USC00051772,Snow,1997-09-05T00:00:00.0000000-06:00,0.000000,P,,0,,NOAA,2013-08-08T07:41:24.4230000-06:00,in
37,USC00051772,Snow,1997-09-06T00:00:00.0000000-06:00,0.000000,P,,0,,NOAA,2013-08-08T07:41:24.4230000-06:00,in
37,USC00051772,Snow,1997-09-07T00:00:00.0000000-06:00,0.000000,P,,0,,NOAA,2013-08-08T07:41:24.4230000-06:00,in
37,USC00051772,Snow,1997-09-08T00:00:00.0000000-06:00,0.000000,P,,0,,NOAA,2013-08-08T07:41:24.4230000-06:00,in
37,USC00051772,Snow,1997-09-09T00:00:00.0000000-06:00,0.000000,P,,0,,NOAA,2013-08-08T07:41:24.4230000-06:00,in
37,USC00051772,Snow,1997-09-10T00:00:00.0000000-06:00,0.000000,P,,0,,NOAA,2013-08-08T07:41:24.4230000-06:00,in
37,USC00051772,Snow,1997-09-11T00:00:00.0000000-06:00,0.000000,P,,0,,NOAA,2013-08-08T07:41:24.4230000-06:00,in
37,USC00051772,Snow,1997-09-12T00:00:00.0000000-06:00,0.000000,P,,0,,NOAA,2013-08-08T07:41:24.4230000-06:00,in
37,USC00051772,Snow,1997-09-13T00:00:00.0000000-06:00,0.000000,P,,0,,NOAA,2013-08-08T07:41:24.4230000-06:00,in
37,USC00051772,Snow,1997-09-14T00:00:00.0000000-06:00,0.000000,P,,0,,NOAA,2013-08-08T07:41:24.4230000-06:00,in
37,USC00051772,Snow,1997-09-15T00:00:00.0000000-06:00,0.000000,P,,0,,NOAA,2013-08-08T07:41:24.4230000-06:00,in
37,USC00051772,Snow,1997-09-16T00:00:00.0000000-06:00,0.000000,P,,0,,NOAA,2013-08-08T07:41:24.4230000-06:00,in
37,USC00051772,Snow,1997-09-17T00:00:00.0000000-06:00,0.000000,P,,0,,NOAA,2013-08-08T07:41:24.4230000-06:00,in
37,USC00051772,Snow,1997-09-18T00:00:00.0000000-06:00,0.000000,P,,0,,NOAA,2013-08-08T07:41:24.4230000-06:00,in
37,USC00051772,Snow,1997-09-19T00:00:00.0000000-06:00,0.000000,P,,0,,NOAA,2013-08-08T07:41:24.4230000-06:00,in
37,USC00051772,Snow,1997-09-20T00:00:00.0000000-06:00,0.000000,P,,0,,NOAA,2013-08-08T07:41:24.4230000-06:00,in
37,USC00051772,Snow,1997-09-21T00:00:00.0000000-06:00,0.000000,P,,0,,NOAA,2013-08-08T07:41:24.4230000-06:00,in
37,USC00051772,Snow,1997-09-22T00:00:00.0000000-06:00,0.000000,P,,0,,NOAA,2013-08-08T07:41:24.4230000-06:00,in
37,USC00051772,Snow,1997-09-23T00:00:00.0000000-06:00,0.000000,P,,0,,NOAA,2013-08-08T07:41:24.4230000-06:00,in
37,USC00051772,Snow,1997-09-24T00:00:00.0000000-06:00,0.000000,P,,0,,NOAA,2013-08-08T07:41:24.4230000-06:00,in
37,USC00051772,Snow,1997-09-25T00:00:00.0000000-06:00,0.000000,P,,0,,NOAA,2013-08-08T07:41:24.4230000-06:00,in
37,USC00051772,Snow,1997-09-26T00:00:00.0000000-06:00,0.000000,P,,0,,NOAA,2013-08-08T07:41:24.4230000-06:00,in
37,USC00051772,Snow,1997-09-27T00:00:00.0000000-06:00,0.000000,P,,0,,NOAA,2013-08-08T07:41:24.4230000-06:00,in
37,USC00051772,Snow,1997-09-28T00:00:00.0000000-06:00,0.000000,P,,0,,NOAA,2013-08-08T07:41:24.4230000-06:00,in
37,USC00051772,Snow,1997-09-29T00:00:00.0000000-06:00,0.000000,P,,0,,NOAA,2013-08-08T07:41:24.4230000-06:00,in
37,USC00051772,Snow,1997-09-30T00:00:00.0000000-06:00,0.000000,P,,0,,NOAA,2013-08-08T07:41:24.4230000-06:00,in
37,USC00051772,Snow,1997-10-01T00:00:00.0000000-06:00,0.000000,P,,0,,NOAA,2013-08-08T07:41:24.4230000-06:00,in
37,USC00051772,Snow,1997-10-02T00:00:00.0000000-06:00,0.000000,P,,0,,NOAA,2013-08-08T07:41:24.4230000-06:00,in
37,USC00051772,Snow,1997-10-03T00:00:00.0000000-06:00,0.000000,P,,0,,NOAA,2013-08-08T07:41:24.4230000-06:00,in
37,USC00051772,Snow,1997-10-04T00:00:00.0000000-06:00,0.000000,P,,0,,NOAA,2013-08-08T07:41:24.4230000-06:00,in
37,USC00051772,Snow,1997-10-05T00:00:00.0000000-06:00,0.000000,P,,0,,NOAA,2013-08-08T07:41:24.4230000-06:00,in
37,USC00051772,Snow,1997-10-06T00:00:00.0000000-06:00,0.000000,P,,0,,NOAA,2013-08-08T07:41:24.4230000-06:00,in
37,USC00051772,Snow,1997-10-07T00:00:00.0000000-06:00,0.000000,P,,0,,NOAA,2013-08-08T07:41:24.4230000-06:00,in
37,USC00051772,Snow,1997-10-08T00:00:00.0000000-06:00,0.000000,P,,0,,NOAA,2013-08-08T07:41:24.4230000-06:00,in
37,USC00051772,Snow,1997-10-09T00:00:00.0000000-06:00,0.000000,P,,0,,NOAA,2013-08-08T07:41:24.4230000-06:00,in
37,USC00051772,Snow,1997-10-10T00:00:00.0000000-06:00,0.000000,P,,0,,NOAA,2013-08-08T07:41:24.4230000-06:00,in
37,USC00051772,Snow,1997-10-11T00:00:00.0000000-06:00,0.000000,P,,0,,NOAA,2013-08-08T07:41:24.4230000-06:00,in
37,USC00051772,Snow,1997-10-12T00:00:00.0000000-06:00,0.000000,P,,0,,NOAA,2013-08-08T07:41:24.4230000-06:00,in
37,USC00051772,Snow,1997-10-13T00:00:00.0000000-06:00,0.000000,P,,0,,NOAA,2013-08-08T07:41:24.4230000-06:00,in
37,USC00051772,Snow,1997-10-14T00:00:00.0000000-06:00,0.000000,P,,0,,NOAA,2013-08-08T07:41:24.4230000-06:00,in
37,USC00051772,Snow,1997-10-15T00:00:00.0000000-06:00,0.000000,P,,0,,NOAA,2013-08-08T07:41:24.4230000-06:00,in
37,USC00051772,Snow,1997-10-16T00:00:00.0000000-06:00,0.000000,P,,0,,NOAA,2013-08-08T07:41:24.4230000-06:00,in
37,USC00051772,Snow,1997-10-17T00:00:00.0000000-06:00,0.000000,P,,0,,NOAA,2013-08-08T07:41:24.4230000-06:00,in
37,USC00051772,Snow,1997-10-18T00:00:00.0000000-06:00,0.000000,P,,0,,NOAA,2013-08-08T07:41:24.4230000-06:00,in
37,USC00051772,Snow,1997-10-19T00:00:00.0000000-06:00,0.000000,P,,0,,NOAA,2013-08-08T07:41:24.4230000-06:00,in
37,USC00051772,Snow,1997-10-20T00:00:00.0000000-06:00,0.000000,P,,0,,NOAA,2013-08-08T07:41:24.4230000-06:00,in
37,USC00051772,Snow,1997-10-21T00:00:00.0000000-06:00,0.000000,P,,0,,NOAA,2013-08-08T07:41:24.4230000-06:00,in
37,USC00051772,Snow,1997-10-22T00:00:00.0000000-06:00,0.000000,P,,0,,NOAA,2013-08-08T07:41:24.4230000-06:00,in
37,USC00051772,Snow,1997-10-23T00:00:00.0000000-06:00,0.000000,P,,0,,NOAA,2013-08-08T07:41:24.4230000-06:00,in
37,USC00051772,Snow,1997-10-24T00:00:00.0000000-06:00,0.000000,P,,0,,NOAA,2013-08-08T07:41:24.4230000-06:00,in
37,USC00051772,Snow,1997-10-26T00:00:00.0000000-06:00,0.000000,P,,0,,NOAA,2013-08-08T07:41:24.4230000-06:00,in
37,USC00051772,Snow,1997-10-27T00:00:00.0000000-07:00,0.000000,P,,0,,NOAA,2013-08-08T07:41:24.4230000-06:00,in
37,USC00051772,Snow,1997-10-28T00:00:00.0000000-07:00,0.000000,P,,0,,NOAA,2013-08-08T07:41:24.4230000-06:00,in
37,USC00051772,Snow,1997-10-29T00:00:00.0000000-07:00,0.000000,P,,0,,NOAA,2013-08-08T07:41:24.4230000-06:00,in
37,USC00051772,Snow,1997-10-30T00:00:00.0000000-07:00,0.000000,P,,0,,NOAA,2013-08-08T07:41:24.4230000-06:00,in
37,USC00051772,Snow,1997-10-31T00:00:00.0000000-07:00,0.000000,P,,0,,NOAA,2013-08-08T07:41:24.4230000-06:00,in
37,USC00051772,Snow,1997-11-01T00:00:00.0000000-07:00,0.000000,P,,0,,NOAA,2013-08-08T07:41:24.4230000-06:00,in
37,USC00051772,Snow,1997-11-02T00:00:00.0000000-07:00,0.000000,P,,0,,NOAA,2013-08-08T07:41:24.4230000-06:00,in
37,USC00051772,Snow,1997-11-03T00:00:00.0000000-07:00,0.000000,P,,0,,NOAA,2013-08-08T07:41:24.4230000-06:00,in
37,USC00051772,Snow,1997-11-04T00:00:00.0000000-07:00,0.000000,P,,0,,NOAA,2013-08-08T07:41:24.4230000-06:00,in
37,USC00051772,Snow,1997-11-05T00:00:00.0000000-07:00,0.000000,P,,0,,NOAA,2013-08-08T07:41:24.4230000-06:00,in
37,USC00051772,Snow,1997-11-06T00:00:00.0000000-07:00,0.000000,P,,0,,NOAA,2013-08-08T07:41:24.4230000-06:00,in
37,USC00051772,Snow,1997-11-07T00:00:00.0000000-07:00,0.000000,P,,0,,NOAA,2013-08-08T07:41:24.4230000-06:00,in
37,USC00051772,Snow,1997-11-08T00:00:00.0000000-07:00,0.000000,P,,0,,NOAA,2013-08-08T07:41:24.4230000-06:00,in
37,USC00051772,Snow,1997-11-09T00:00:00.0000000-07:00,0.000000,P,,0,,NOAA,2013-08-08T07:41:24.4230000-06:00,in
37,USC00051772,Snow,1997-11-10T00:00:00.0000000-07:00,0.000000,P,,0,,NOAA,2013-08-08T07:41:24.4230000-06:00,in
37,USC00051772,Snow,1997-11-12T00:00:00.0000000-07:00,0.000000,,,0,,NOAA,2013-08-08T07:41:24.4230000-06:00,in
37,USC00051772,Snow,1997-11-13T00:00:00.0000000-07:00,0.000000,T,,0,,NOAA,2013-08-08T07:41:24.4230000-06:00,in
37,USC00051772,Snow,1997-11-14T00:00:00.0000000-07:00,0.000000,T,,0,,NOAA,2013-08-08T07:41:24.4230000-06:00,in
37,USC00051772,Snow,1997-11-15T00:00:00.0000000-07:00,0.000000,P,,0,,NOAA,2013-08-08T07:41:24.4230000-06:00,in
37,USC00051772,Snow,1997-11-16T00:00:00.0000000-07:00,0.000000,P,,0,,NOAA,2013-08-08T07:41:24.4230000-06:00,in
37,USC00051772,Snow,1997-11-17T00:00:00.0000000-07:00,0.000000,P,,0,,NOAA,2013-08-08T07:41:24.4230000-06:00,in
37,USC00051772,Snow,1997-11-18T00:00:00.0000000-07:00,0.000000,P,,0,,NOAA,2013-08-08T07:41:24.4230000-06:00,in
37,USC00051772,Snow,1997-11-19T00:00:00.0000000-07:00,0.000000,P,,0,,NOAA,2013-08-08T07:41:24.4230000-06:00,in
37,USC00051772,Snow,1997-11-20T00:00:00.0000000-07:00,0.000000,P,,0,,NOAA,2013-08-08T07:41:24.4230000-06:00,in
37,USC00051772,Snow,1997-11-21T00:00:00.0000000-07:00,0.000000,P,,0,,NOAA,2013-08-08T07:41:24.4230000-06:00,in
37,USC00051772,Snow,1997-11-22T00:00:00.0000000-07:00,0.000000,P,,0,,NOAA,2013-08-08T07:41:24.4230000-06:00,in
37,USC00051772,Snow,1997-11-23T00:00:00.0000000-07:00,0.000000,P,,0,,NOAA,2013-08-08T07:41:24.4230000-06:00,in
37,USC00051772,Snow,1997-11-24T00:00:00.0000000-07:00,0.000000,P,,0,,NOAA,2013-08-08T07:41:24.4230000-06:00,in
37,USC00051772,Snow,1997-11-25T00:00:00.0000000-07:00,0.000000,P,,0,,NOAA,2013-08-08T07:41:24.4230000-06:00,in
37,USC00051772,Snow,1997-11-26T00:00:00.0000000-07:00,0.000000,P,,0,,NOAA,2013-08-08T07:41:24.4230000-06:00,in
37,USC00051772,Snow,1997-11-27T00:00:00.0000000-07:00,0.000000,P,,0,,NOAA,2013-08-08T07:41:24.4230000-06:00,in
37,USC00051772,Snow,1997-11-28T00:00:00.0000000-07:00,0.000000,P,,0,,NOAA,2013-08-08T07:41:24.4230000-06:00,in
37,USC00051772,Snow,1997-11-29T00:00:00.0000000-07:00,0.000000,P,,0,,NOAA,2013-08-08T07:41:24.4230000-06:00,in
37,USC00051772,Snow,1997-11-30T00:00:00.0000000-07:00,0.000000,P,,0,,NOAA,2013-08-08T07:41:24.4230000-06:00,in
37,USC00051772,Snow,1997-12-01T00:00:00.0000000-07:00,0.000000,P,,0,,NOAA,2013-08-08T07:41:24.4230000-06:00,in
37,USC00051772,Snow,1997-12-02T00:00:00.0000000-07:00,0.000000,T,,0,,NOAA,2013-08-08T07:41:24.4230000-06:00,in
37,USC00051772,Snow,1997-12-03T00:00:00.0000000-07:00,0.000000,T,,0,,NOAA,2013-08-08T07:41:24.4230000-06:00,in
37,USC00051772,Snow,1997-12-04T00:00:00.0000000-07:00,0.000000,P,,0,,NOAA,2013-08-08T07:41:24.4230000-06:00,in
37,USC00051772,Snow,1997-12-05T00:00:00.0000000-07:00,0.000000,P,,0,,NOAA,2013-08-08T07:41:24.4230000-06:00,in
37,USC00051772,Snow,1997-12-06T00:00:00.0000000-07:00,0.000000,P,,0,,NOAA,2013-08-08T07:41:24.4230000-06:00,in
37,USC00051772,Snow,1997-12-07T00:00:00.0000000-07:00,0.984252,,,0,,NOAA,2013-08-08T07:41:24.4230000-06:00,in
37,USC00051772,Snow,1997-12-08T00:00:00.0000000-07:00,0.984252,,,0,,NOAA,2013-08-08T07:41:24.4230000-06:00,in
37,USC00051772,Snow,1997-12-09T00:00:00.0000000-07:00,0.000000,T,,0,,NOAA,2013-08-08T07:41:24.4230000-06:00,in
37,USC00051772,Snow,1997-12-10T00:00:00.0000000-07:00,0.000000,T,,0,,NOAA,2013-08-08T07:41:24.4230000-06:00,in
37,USC00051772,Snow,1997-12-11T00:00:00.0000000-07:00,0.000000,P,,0,,NOAA,2013-08-08T07:41:24.4230000-06:00,in
37,USC00051772,Snow,1997-12-12T00:00:00.0000000-07:00,0.000000,P,,0,,NOAA,2013-08-08T07:41:24.4230000-06:00,in
37,USC00051772,Snow,1997-12-13T00:00:00.0000000-07:00,0.000000,,,0,,NOAA,2013-08-08T07:41:24.4230000-06:00,in
37,USC00051772,Snow,1997-12-14T00:00:00.0000000-07:00,0.000000,P,,0,,NOAA,2013-08-08T07:41:24.4230000-06:00,in
37,USC00051772,Snow,1997-12-15T00:00:00.0000000-07:00,0.000000,P,,0,,NOAA,2013-08-08T07:41:24.4230000-06:00,in
37,USC00051772,Snow,1997-12-16T00:00:00.0000000-07:00,0.000000,P,,0,,NOAA,2013-08-08T07:41:24.4230000-06:00,in
37,USC00051772,Snow,1997-12-17T00:00:00.0000000-07:00,0.000000,P,,0,,NOAA,2013-08-08T07:41:24.4230000-06:00,in
37,USC00051772,Snow,1997-12-18T00:00:00.0000000-07:00,0.000000,P,,0,,NOAA,2013-08-08T07:41:24.4230000-06:00,in
37,USC00051772,Snow,1997-12-19T00:00:00.0000000-07:00,0.000000,P,,0,,NOAA,2013-08-08T07:41:24.4230000-06:00,in
37,USC00051772,Snow,1997-12-20T00:00:00.0000000-07:00,0.000000,P,,0,,NOAA,2013-08-08T07:41:24.4230000-06:00,in
37,USC00051772,Snow,1997-12-21T00:00:00.0000000-07:00,0.000000,P,,0,,NOAA,2013-08-08T07:41:24.4230000-06:00,in
37,USC00051772,Snow,1997-12-22T00:00:00.0000000-07:00,0.000000,P,,0,,NOAA,2013-08-08T07:41:24.4230000-06:00,in
37,USC00051772,Snow,1997-12-23T00:00:00.0000000-07:00,0.000000,P,,0,,NOAA,2013-08-08T07:41:24.4230000-06:00,in
37,USC00051772,Snow,1997-12-24T00:00:00.0000000-07:00,0.000000,P,,0,,NOAA,2013-08-08T07:41:24.4230000-06:00,in
37,USC00051772,Snow,1997-12-26T00:00:00.0000000-07:00,0.000000,P,,0,,NOAA,2013-08-08T07:41:24.4230000-06:00,in
37,USC00051772,Snow,1997-12-27T00:00:00.0000000-07:00,0.000000,P,,0,,NOAA,2013-08-08T07:41:24.4230000-06:00,in
37,USC00051772,Snow,1997-12-29T00:00:00.0000000-07:00,0.000000,P,,0,,NOAA,2013-08-08T07:41:24.4230000-06:00,in
37,USC00051772,Snow,1997-12-30T00:00:00.0000000-07:00,0.000000,P,,0,,NOAA,2013-08-08T07:41:24.4230000-06:00,in
37,USC00051772,Snow,1997-12-31T00:00:00.0000000-07:00,0.000000,P,,0,,NOAA,2013-08-08T07:41:24.4230000-06:00,in
37,USC00051772,Snow,1998-01-01T00:00:00.0000000-07:00,0.000000,P,,0,,NOAA,2013-08-08T07:41:24.4230000-06:00,in
37,USC00051772,Snow,1998-01-02T00:00:00.0000000-07:00,0.000000,P,,0,,NOAA,2013-08-08T07:41:24.4230000-06:00,in
37,USC00051772,Snow,1998-01-06T00:00:00.0000000-07:00,1.496063,,,0,,NOAA,2013-08-08T07:41:24.4230000-06:00,in
37,USC00051772,Snow,1998-01-07T00:00:00.0000000-07:00,0.000000,P,,0,,NOAA,2013-08-08T07:41:24.4230000-06:00,in
37,USC00051772,Snow,1998-01-08T00:00:00.0000000-07:00,0.000000,P,,0,,NOAA,2013-08-08T07:41:24.4230000-06:00,in
37,USC00051772,Snow,1998-01-09T00:00:00.0000000-07:00,0.000000,P,,0,,NOAA,2013-08-08T07:41:24.4230000-06:00,in
37,USC00051772,Snow,1998-01-10T00:00:00.0000000-07:00,0.000000,P,,0,,NOAA,2013-08-08T07:41:24.4230000-06:00,in
37,USC00051772,Snow,1998-01-11T00:00:00.0000000-07:00,0.000000,P,,0,,NOAA,2013-08-08T07:41:24.4230000-06:00,in
37,USC00051772,Snow,1998-01-12T00:00:00.0000000-07:00,0.000000,P,,0,,NOAA,2013-08-08T07:41:24.4230000-06:00,in
37,USC00051772,Snow,1998-01-13T00:00:00.0000000-07:00,0.000000,P,,0,,NOAA,2013-08-08T07:41:24.4230000-06:00,in
37,USC00051772,Snow,1998-01-14T00:00:00.0000000-07:00,0.000000,P,,0,,NOAA,2013-08-08T07:41:24.4230000-06:00,in
37,USC00051772,Snow,1998-01-16T00:00:00.0000000-07:00,0.000000,P,,0,,NOAA,2013-08-08T07:41:24.4230000-06:00,in
37,USC00051772,Snow,1998-01-18T00:00:00.0000000-07:00,0.000000,P,,0,,NOAA,2013-08-08T07:41:24.4230000-06:00,in
37,USC00051772,Snow,1998-01-19T00:00:00.0000000-07:00,0.000000,P,,0,,NOAA,2013-08-08T07:41:24.4230000-06:00,in
37,USC00051772,Snow,1998-01-20T00:00:00.0000000-07:00,0.000000,P,,0,,NOAA,2013-08-08T07:41:24.4230000-06:00,in
37,USC00051772,Snow,1998-01-21T00:00:00.0000000-07:00,0.000000,P,,0,,NOAA,2013-08-08T07:41:24.4230000-06:00,in
37,USC00051772,Snow,1998-01-22T00:00:00.0000000-07:00,0.000000,P,,0,,NOAA,2013-08-08T07:41:24.4230000-06:00,in
37,USC00051772,Snow,1998-01-23T00:00:00.0000000-07:00,0.000000,P,,0,,NOAA,2013-08-08T07:41:24.4230000-06:00,in
37,USC00051772,Snow,1998-01-24T00:00:00.0000000-07:00,0.000000,P,,0,,NOAA,2013-08-08T07:41:24.4230000-06:00,in
37,USC00051772,Snow,1998-01-25T00:00:00.0000000-07:00,0.000000,P,,0,,NOAA,2013-08-08T07:41:24.4230000-06:00,in
37,USC00051772,Snow,1998-01-26T00:00:00.0000000-07:00,0.000000,P,,0,,NOAA,2013-08-08T07:41:24.4230000-06:00,in
37,USC00051772,Snow,1998-01-27T00:00:00.0000000-07:00,0.000000,P,,0,,NOAA,2013-08-08T07:41:24.4230000-06:00,in
37,USC00051772,Snow,1998-01-28T00:00:00.0000000-07:00,0.000000,P,,0,,NOAA,2013-08-08T07:41:24.4230000-06:00,in
37,USC00051772,Snow,1998-01-29T00:00:00.0000000-07:00,0.000000,P,,0,,NOAA,2013-08-08T07:41:24.4230000-06:00,in
37,USC00051772,Snow,1998-01-30T00:00:00.0000000-07:00,0.000000,P,,0,,NOAA,2013-08-08T07:41:24.4230000-06:00,in
37,USC00051772,Snow,1998-01-31T00:00:00.0000000-07:00,0.000000,P,,0,,NOAA,2013-08-08T07:41:24.4230000-06:00,in
37,USC00051772,Snow,1998-07-01T00:00:00.0000000-06:00,0.000000,P,,0,,NOAA,2013-08-08T07:41:24.4230000-06:00,in
37,USC00051772,Snow,1998-07-02T00:00:00.0000000-06:00,0.000000,P,,0,,NOAA,2013-08-08T07:41:24.4230000-06:00,in
37,USC00051772,Snow,1998-07-03T00:00:00.0000000-06:00,0.000000,P,,0,,NOAA,2013-08-08T07:41:24.4230000-06:00,in
37,USC00051772,Snow,1998-07-04T00:00:00.0000000-06:00,0.000000,P,,0,,NOAA,2013-08-08T07:41:24.4230000-06:00,in
37,USC00051772,Snow,1998-07-05T00:00:00.0000000-06:00,0.000000,P,,0,,NOAA,2013-08-08T07:41:24.4230000-06:00,in
37,USC00051772,Snow,1998-07-06T00:00:00.0000000-06:00,0.000000,P,,0,,NOAA,2013-08-08T07:41:24.4230000-06:00,in
37,USC00051772,Snow,1998-07-07T00:00:00.0000000-06:00,0.000000,P,,0,,NOAA,2013-08-08T07:41:24.4230000-06:00,in
37,USC00051772,Snow,1998-07-08T00:00:00.0000000-06:00,0.000000,P,,0,,NOAA,2013-08-08T07:41:24.4230000-06:00,in
37,USC00051772,Snow,1998-07-09T00:00:00.0000000-06:00,0.000000,P,,0,,NOAA,2013-08-08T07:41:24.4230000-06:00,in
37,USC00051772,Snow,1998-07-10T00:00:00.0000000-06:00,0.000000,P,,0,,NOAA,2013-08-08T07:41:24.4230000-06:00,in
37,USC00051772,Snow,1998-07-11T00:00:00.0000000-06:00,0.000000,P,,0,,NOAA,2013-08-08T07:41:24.4230000-06:00,in
37,USC00051772,Snow,1998-07-12T00:00:00.0000000-06:00,0.000000,P,,0,,NOAA,2013-08-08T07:41:24.4230000-06:00,in
37,USC00051772,Snow,1998-07-13T00:00:00.0000000-06:00,0.000000,P,,0,,NOAA,2013-08-08T07:41:24.4230000-06:00,in
37,USC00051772,Snow,1998-07-14T00:00:00.0000000-06:00,0.000000,P,,0,,NOAA,2013-08-08T07:41:24.4230000-06:00,in
37,USC00051772,Snow,1998-07-15T00:00:00.0000000-06:00,0.000000,P,,0,,NOAA,2013-08-08T07:41:24.4230000-06:00,in
37,USC00051772,Snow,1998-07-16T00:00:00.0000000-06:00,0.000000,P,,0,,NOAA,2013-08-08T07:41:24.4230000-06:00,in
37,USC00051772,Snow,1998-07-17T00:00:00.0000000-06:00,0.000000,P,,0,,NOAA,2013-08-08T07:41:24.4230000-06:00,in
37,USC00051772,Snow,1998-07-18T00:00:00.0000000-06:00,0.000000,P,,0,,NOAA,2013-08-08T07:41:24.4230000-06:00,in
37,USC00051772,Snow,1998-07-19T00:00:00.0000000-06:00,0.000000,P,,0,,NOAA,2013-08-08T07:41:24.4230000-06:00,in
37,USC00051772,Snow,1998-07-20T00:00:00.0000000-06:00,0.000000,P,,0,,NOAA,2013-08-08T07:41:24.4230000-06:00,in
37,USC00051772,Snow,1998-07-21T00:00:00.0000000-06:00,0.000000,P,,0,,NOAA,2013-08-08T07:41:24.4230000-06:00,in
37,USC00051772,Snow,1998-07-22T00:00:00.0000000-06:00,0.000000,P,,0,,NOAA,2013-08-08T07:41:24.4230000-06:00,in
37,USC00051772,Snow,1998-07-23T00:00:00.0000000-06:00,0.000000,P,,0,,NOAA,2013-08-08T07:41:24.4230000-06:00,in
37,USC00051772,Snow,1998-07-24T00:00:00.0000000-06:00,0.000000,P,,0,,NOAA,2013-08-08T07:41:24.4230000-06:00,in
37,USC00051772,Snow,1998-07-25T00:00:00.0000000-06:00,0.000000,P,,0,,NOAA,2013-08-08T07:41:24.4230000-06:00,in
37,USC00051772,Snow,1998-07-26T00:00:00.0000000-06:00,0.000000,P,,0,,NOAA,2013-08-08T07:41:24.4230000-06:00,in
37,USC00051772,Snow,1998-07-27T00:00:00.0000000-06:00,0.000000,P,,0,,NOAA,2013-08-08T07:41:24.4230000-06:00,in
37,USC00051772,Snow,1998-07-28T00:00:00.0000000-06:00,0.000000,P,,0,,NOAA,2013-08-08T07:41:24.4230000-06:00,in
37,USC00051772,Snow,1998-07-29T00:00:00.0000000-06:00,0.000000,P,,0,,NOAA,2013-08-08T07:41:24.4230000-06:00,in
37,USC00051772,Snow,1998-07-30T00:00:00.0000000-06:00,0.000000,P,,0,,NOAA,2013-08-08T07:41:24.4230000-06:00,in
37,USC00051772,Snow,1998-07-31T00:00:00.0000000-06:00,0.000000,P,,0,,NOAA,2013-08-08T07:41:24.4230000-06:00,in
37,USC00051772,Snow,1998-08-01T00:00:00.0000000-06:00,0.000000,P,,0,,NOAA,2013-08-08T07:41:24.4230000-06:00,in
37,USC00051772,Snow,1998-08-02T00:00:00.0000000-06:00,0.000000,P,,0,,NOAA,2013-08-08T07:41:24.4230000-06:00,in
37,USC00051772,Snow,1998-08-03T00:00:00.0000000-06:00,0.000000,P,,0,,NOAA,2013-08-08T07:41:24.4230000-06:00,in
37,USC00051772,Snow,1998-08-04T00:00:00.0000000-06:00,0.000000,P,,0,,NOAA,2013-08-08T07:41:24.4230000-06:00,in
37,USC00051772,Snow,1998-08-05T00:00:00.0000000-06:00,0.000000,P,,0,,NOAA,2013-08-08T07:41:24.4230000-06:00,in
37,USC00051772,Snow,1998-08-06T00:00:00.0000000-06:00,0.000000,P,,0,,NOAA,2013-08-08T07:41:24.4230000-06:00,in
37,USC00051772,Snow,1998-08-07T00:00:00.0000000-06:00,0.000000,P,,0,,NOAA,2013-08-08T07:41:24.4230000-06:00,in
37,USC00051772,Snow,1998-08-08T00:00:00.0000000-06:00,0.000000,P,,0,,NOAA,2013-08-08T07:41:24.4230000-06:00,in
37,USC00051772,Snow,1998-08-09T00:00:00.0000000-06:00,0.000000,P,,0,,NOAA,2013-08-08T07:41:24.4230000-06:00,in
37,USC00051772,Snow,1998-08-10T00:00:00.0000000-06:00,0.000000,P,,0,,NOAA,2013-08-08T07:41:24.4230000-06:00,in
37,USC00051772,Snow,1998-08-11T00:00:00.0000000-06:00,0.000000,P,,0,,NOAA,2013-08-08T07:41:24.4230000-06:00,in
37,USC00051772,Snow,1998-08-12T00:00:00.0000000-06:00,0.000000,P,,0,,NOAA,2013-08-08T07:41:24.4230000-06:00,in
37,USC00051772,Snow,1998-08-13T00:00:00.0000000-06:00,0.000000,P,,0,,NOAA,2013-08-08T07:41:24.4230000-06:00,in
37,USC00051772,Snow,1998-08-14T00:00:00.0000000-06:00,0.000000,P,,0,,NOAA,2013-08-08T07:41:24.4230000-06:00,in
37,USC00051772,Snow,1998-08-15T00:00:00.0000000-06:00,0.000000,P,,0,,NOAA,2013-08-08T07:41:24.4230000-06:00,in
37,USC00051772,Snow,1998-08-16T00:00:00.0000000-06:00,0.000000,P,,0,,NOAA,2013-08-08T07:41:24.4230000-06:00,in
37,USC00051772,Snow,1998-08-17T00:00:00.0000000-06:00,0.000000,P,,0,,NOAA,2013-08-08T07:41:24.4230000-06:00,in
37,USC00051772,Snow,1998-08-18T00:00:00.0000000-06:00,0.000000,P,,0,,NOAA,2013-08-08T07:41:24.4230000-06:00,in
37,USC00051772,Snow,1998-08-19T00:00:00.0000000-06:00,0.000000,P,,0,,NOAA,2013-08-08T07:41:24.4230000-06:00,in
37,USC00051772,Snow,1998-08-20T00:00:00.0000000-06:00,0.000000,P,,0,,NOAA,2013-08-08T07:41:24.4230000-06:00,in
37,USC00051772,Snow,1998-08-21T00:00:00.0000000-06:00,0.000000,P,,0,,NOAA,2013-08-08T07:41:24.4230000-06:00,in
37,USC00051772,Snow,1998-08-22T00:00:00.0000000-06:00,0.000000,P,,0,,NOAA,2013-08-08T07:41:24.4230000-06:00,in
37,USC00051772,Snow,1998-08-23T00:00:00.0000000-06:00,0.000000,P,,0,,NOAA,2013-08-08T07:41:24.4230000-06:00,in
37,USC00051772,Snow,1998-08-24T00:00:00.0000000-06:00,0.000000,P,,0,,NOAA,2013-08-08T07:41:24.4230000-06:00,in
37,USC00051772,Snow,1998-08-25T00:00:00.0000000-06:00,0.000000,P,,0,,NOAA,2013-08-08T07:41:24.4230000-06:00,in
37,USC00051772,Snow,1998-08-26T00:00:00.0000000-06:00,0.000000,P,,0,,NOAA,2013-08-08T07:41:24.4230000-06:00,in
37,USC00051772,Snow,1998-08-27T00:00:00.0000000-06:00,0.000000,P,,0,,NOAA,2013-08-08T07:41:24.4230000-06:00,in
37,USC00051772,Snow,1998-08-28T00:00:00.0000000-06:00,0.000000,P,,0,,NOAA,2013-08-08T07:41:24.4230000-06:00,in
37,USC00051772,Snow,1998-08-29T00:00:00.0000000-06:00,0.000000,P,,0,,NOAA,2013-08-08T07:41:24.4230000-06:00,in
37,USC00051772,Snow,1998-08-30T00:00:00.0000000-06:00,0.000000,P,,0,,NOAA,2013-08-08T07:41:24.4230000-06:00,in
37,USC00051772,Snow,1998-08-31T00:00:00.0000000-06:00,0.000000,P,,0,,NOAA,2013-08-08T07:41:24.4230000-06:00,in
37,USC00051772,Snow,1998-09-01T00:00:00.0000000-06:00,0.000000,P,,0,,NOAA,2013-08-08T07:41:24.4230000-06:00,in
37,USC00051772,Snow,1998-09-02T00:00:00.0000000-06:00,0.000000,P,,0,,NOAA,2013-08-08T07:41:24.4230000-06:00,in
37,USC00051772,Snow,1998-09-03T00:00:00.0000000-06:00,0.000000,P,,0,,NOAA,2013-08-08T07:41:24.4230000-06:00,in
37,USC00051772,Snow,1998-09-04T00:00:00.0000000-06:00,0.000000,P,,0,,NOAA,2013-08-08T07:41:24.4230000-06:00,in
37,USC00051772,Snow,1998-09-05T00:00:00.0000000-06:00,0.000000,P,,0,,NOAA,2013-08-08T07:41:24.4230000-06:00,in
37,USC00051772,Snow,1998-09-06T00:00:00.0000000-06:00,0.000000,P,,0,,NOAA,2013-08-08T07:41:24.4230000-06:00,in
37,USC00051772,Snow,1998-09-07T00:00:00.0000000-06:00,0.000000,P,,0,,NOAA,2013-08-08T07:41:24.4230000-06:00,in
37,USC00051772,Snow,1998-09-08T00:00:00.0000000-06:00,0.000000,P,,0,,NOAA,2013-08-08T07:41:24.4230000-06:00,in
37,USC00051772,Snow,1998-09-09T00:00:00.0000000-06:00,0.000000,P,,0,,NOAA,2013-08-08T07:41:24.4230000-06:00,in
37,USC00051772,Snow,1998-09-10T00:00:00.0000000-06:00,0.000000,P,,0,,NOAA,2013-08-08T07:41:24.4230000-06:00,in
37,USC00051772,Snow,1998-09-11T00:00:00.0000000-06:00,0.000000,P,,0,,NOAA,2013-08-08T07:41:24.4230000-06:00,in
37,USC00051772,Snow,1998-09-12T00:00:00.0000000-06:00,0.000000,P,,0,,NOAA,2013-08-08T07:41:24.4230000-06:00,in
37,USC00051772,Snow,1998-09-13T00:00:00.0000000-06:00,0.000000,P,,0,,NOAA,2013-08-08T07:41:24.4230000-06:00,in
37,USC00051772,Snow,1998-09-14T00:00:00.0000000-06:00,0.000000,P,,0,,NOAA,2013-08-08T07:41:24.4230000-06:00,in
37,USC00051772,Snow,1998-09-15T00:00:00.0000000-06:00,0.000000,P,,0,,NOAA,2013-08-08T07:41:24.4230000-06:00,in
37,USC00051772,Snow,1998-09-16T00:00:00.0000000-06:00,0.000000,P,,0,,NOAA,2013-08-08T07:41:24.4230000-06:00,in
37,USC00051772,Snow,1998-09-17T00:00:00.0000000-06:00,0.000000,P,,0,,NOAA,2013-08-08T07:41:24.4230000-06:00,in
37,USC00051772,Snow,1998-09-18T00:00:00.0000000-06:00,0.000000,P,,0,,NOAA,2013-08-08T07:41:24.4230000-06:00,in
37,USC00051772,Snow,1998-09-19T00:00:00.0000000-06:00,0.000000,P,,0,,NOAA,2013-08-08T07:41:24.4230000-06:00,in
37,USC00051772,Snow,1998-09-20T00:00:00.0000000-06:00,0.000000,P,,0,,NOAA,2013-08-08T07:41:24.4230000-06:00,in
37,USC00051772,Snow,1998-09-21T00:00:00.0000000-06:00,0.000000,P,,0,,NOAA,2013-08-08T07:41:24.4230000-06:00,in
37,USC00051772,Snow,1998-09-22T00:00:00.0000000-06:00,0.000000,P,,0,,NOAA,2013-08-08T07:41:24.4230000-06:00,in
37,USC00051772,Snow,1998-09-23T00:00:00.0000000-06:00,0.000000,P,,0,,NOAA,2013-08-08T07:41:24.4230000-06:00,in
37,USC00051772,Snow,1998-09-24T00:00:00.0000000-06:00,0.000000,P,,0,,NOAA,2013-08-08T07:41:24.4230000-06:00,in
37,USC00051772,Snow,1998-09-25T00:00:00.0000000-06:00,0.000000,P,,0,,NOAA,2013-08-08T07:41:24.4230000-06:00,in
37,USC00051772,Snow,1998-09-26T00:00:00.0000000-06:00,0.000000,P,,0,,NOAA,2013-08-08T07:41:24.4230000-06:00,in
37,USC00051772,Snow,1998-09-27T00:00:00.0000000-06:00,0.000000,P,,0,,NOAA,2013-08-08T07:41:24.4230000-06:00,in
37,USC00051772,Snow,1998-09-28T00:00:00.0000000-06:00,0.000000,P,,0,,NOAA,2013-08-08T07:41:24.4230000-06:00,in
37,USC00051772,Snow,1998-09-29T00:00:00.0000000-06:00,0.000000,P,,0,,NOAA,2013-08-08T07:41:24.4230000-06:00,in
37,USC00051772,Snow,1998-09-30T00:00:00.0000000-06:00,0.000000,P,,0,,NOAA,2013-08-08T07:41:24.4230000-06:00,in
37,USC00051772,Snow,1998-10-01T00:00:00.0000000-06:00,0.000000,P,,0,,NOAA,2013-08-08T07:41:24.4230000-06:00,in
37,USC00051772,Snow,1998-10-02T00:00:00.0000000-06:00,0.000000,P,,0,,NOAA,2013-08-08T07:41:24.4230000-06:00,in
37,USC00051772,Snow,1998-10-03T00:00:00.0000000-06:00,0.000000,P,,0,,NOAA,2013-08-08T07:41:24.4230000-06:00,in
37,USC00051772,Snow,1998-10-04T00:00:00.0000000-06:00,0.000000,P,,0,,NOAA,2013-08-08T07:41:24.4230000-06:00,in
37,USC00051772,Snow,1998-10-05T00:00:00.0000000-06:00,0.000000,P,,0,,NOAA,2013-08-08T07:41:24.4230000-06:00,in
37,USC00051772,Snow,1998-10-06T00:00:00.0000000-06:00,0.000000,P,,0,,NOAA,2013-08-08T07:41:24.4230000-06:00,in
37,USC00051772,Snow,1998-10-07T00:00:00.0000000-06:00,0.000000,P,,0,,NOAA,2013-08-08T07:41:24.4230000-06:00,in
37,USC00051772,Snow,1998-10-08T00:00:00.0000000-06:00,0.000000,P,,0,,NOAA,2013-08-08T07:41:24.4230000-06:00,in
37,USC00051772,Snow,1998-10-09T00:00:00.0000000-06:00,0.000000,P,,0,,NOAA,2013-08-08T07:41:24.4230000-06:00,in
37,USC00051772,Snow,1998-10-10T00:00:00.0000000-06:00,0.000000,P,,0,,NOAA,2013-08-08T07:41:24.4230000-06:00,in
37,USC00051772,Snow,1998-10-11T00:00:00.0000000-06:00,0.000000,P,,0,,NOAA,2013-08-08T07:41:24.4230000-06:00,in
37,USC00051772,Snow,1998-10-12T00:00:00.0000000-06:00,0.000000,P,,0,,NOAA,2013-08-08T07:41:24.4230000-06:00,in
37,USC00051772,Snow,1998-10-13T00:00:00.0000000-06:00,0.000000,P,,0,,NOAA,2013-08-08T07:41:24.4230000-06:00,in
37,USC00051772,Snow,1998-10-14T00:00:00.0000000-06:00,0.000000,P,,0,,NOAA,2013-08-08T07:41:24.4230000-06:00,in
37,USC00051772,Snow,1998-10-15T00:00:00.0000000-06:00,0.000000,P,,0,,NOAA,2013-08-08T07:41:24.4230000-06:00,in
37,USC00051772,Snow,1998-10-16T00:00:00.0000000-06:00,0.000000,P,,0,,NOAA,2013-08-08T07:41:24.4230000-06:00,in
37,USC00051772,Snow,1998-10-17T00:00:00.0000000-06:00,0.000000,P,,0,,NOAA,2013-08-08T07:41:24.4230000-06:00,in
37,USC00051772,Snow,1998-10-18T00:00:00.0000000-06:00,0.000000,P,,0,,NOAA,2013-08-08T07:41:24.4230000-06:00,in
37,USC00051772,Snow,1998-10-19T00:00:00.0000000-06:00,0.000000,P,,0,,NOAA,2013-08-08T07:41:24.4230000-06:00,in
37,USC00051772,Snow,1998-10-20T00:00:00.0000000-06:00,0.000000,P,,0,,NOAA,2013-08-08T07:41:24.4230000-06:00,in
37,USC00051772,Snow,1998-10-21T00:00:00.0000000-06:00,0.000000,P,,0,,NOAA,2013-08-08T07:41:24.4230000-06:00,in
37,USC00051772,Snow,1998-10-22T00:00:00.0000000-06:00,0.000000,P,,0,,NOAA,2013-08-08T07:41:24.4230000-06:00,in
37,USC00051772,Snow,1998-10-23T00:00:00.0000000-06:00,0.000000,P,,0,,NOAA,2013-08-08T07:41:24.4230000-06:00,in
37,USC00051772,Snow,1998-10-24T00:00:00.0000000-06:00,0.000000,P,,0,,NOAA,2013-08-08T07:41:24.4230000-06:00,in
37,USC00051772,Snow,1998-10-25T00:00:00.0000000-06:00,0.000000,P,,0,,NOAA,2013-08-08T07:41:24.4230000-06:00,in
37,USC00051772,Snow,1998-10-26T00:00:00.0000000-07:00,0.000000,P,,0,,NOAA,2013-08-08T07:41:24.4230000-06:00,in
37,USC00051772,Snow,1998-10-27T00:00:00.0000000-07:00,0.000000,P,,0,,NOAA,2013-08-08T07:41:24.4230000-06:00,in
37,USC00051772,Snow,1998-10-28T00:00:00.0000000-07:00,0.000000,P,,0,,NOAA,2013-08-08T07:41:24.4230000-06:00,in
37,USC00051772,Snow,1998-10-29T00:00:00.0000000-07:00,0.000000,P,,0,,NOAA,2013-08-08T07:41:24.4230000-06:00,in
37,USC00051772,Snow,1998-10-30T00:00:00.0000000-07:00,0.000000,P,,0,,NOAA,2013-08-08T07:41:24.4230000-06:00,in
37,USC00051772,Snow,1998-10-31T00:00:00.0000000-07:00,0.000000,P,,0,,NOAA,2013-08-08T07:41:24.4230000-06:00,in
37,USC00051772,Snow,1998-11-01T00:00:00.0000000-07:00,0.000000,P,,0,,NOAA,2013-08-08T07:41:24.4230000-06:00,in
37,USC00051772,Snow,1998-11-02T00:00:00.0000000-07:00,0.000000,P,,0,,NOAA,2013-08-08T07:41:24.4230000-06:00,in
37,USC00051772,Snow,1998-11-04T00:00:00.0000000-07:00,0.000000,P,,0,,NOAA,2013-08-08T07:41:24.4230000-06:00,in
37,USC00051772,Snow,1998-11-05T00:00:00.0000000-07:00,0.000000,P,,0,,NOAA,2013-08-08T07:41:24.4230000-06:00,in
37,USC00051772,Snow,1998-11-06T00:00:00.0000000-07:00,0.000000,P,,0,,NOAA,2013-08-08T07:41:24.4230000-06:00,in
37,USC00051772,Snow,1998-11-07T00:00:00.0000000-07:00,0.000000,,,0,,NOAA,2013-08-08T07:41:24.4230000-06:00,in
37,USC00051772,Snow,1998-11-08T00:00:00.0000000-07:00,0.000000,T,,0,,NOAA,2013-08-08T07:41:24.4230000-06:00,in
37,USC00051772,Snow,1998-11-10T00:00:00.0000000-07:00,0.000000,P,,0,,NOAA,2013-08-08T07:41:24.4230000-06:00,in
37,USC00051772,Snow,1998-11-11T00:00:00.0000000-07:00,0.000000,P,,0,,NOAA,2013-08-08T07:41:24.4230000-06:00,in
37,USC00051772,Snow,1998-11-12T00:00:00.0000000-07:00,0.000000,P,,0,,NOAA,2013-08-08T07:41:24.4230000-06:00,in
37,USC00051772,Snow,1998-11-13T00:00:00.0000000-07:00,0.000000,P,,0,,NOAA,2013-08-08T07:41:24.4230000-06:00,in
37,USC00051772,Snow,1998-11-14T00:00:00.0000000-07:00,0.000000,P,,0,,NOAA,2013-08-08T07:41:24.4230000-06:00,in
37,USC00051772,Snow,1998-11-15T00:00:00.0000000-07:00,0.000000,P,,0,,NOAA,2013-08-08T07:41:24.4230000-06:00,in
37,USC00051772,Snow,1998-11-16T00:00:00.0000000-07:00,0.000000,P,,0,,NOAA,2013-08-08T07:41:24.4230000-06:00,in
37,USC00051772,Snow,1998-11-17T00:00:00.0000000-07:00,0.000000,P,,0,,NOAA,2013-08-08T07:41:24.4230000-06:00,in
37,USC00051772,Snow,1998-11-18T00:00:00.0000000-07:00,0.000000,P,,0,,NOAA,2013-08-08T07:41:24.4230000-06:00,in
37,USC00051772,Snow,1998-11-19T00:00:00.0000000-07:00,0.000000,P,,0,,NOAA,2013-08-08T07:41:24.4230000-06:00,in
37,USC00051772,Snow,1998-11-20T00:00:00.0000000-07:00,0.000000,P,,0,,NOAA,2013-08-08T07:41:24.4230000-06:00,in
37,USC00051772,Snow,1998-11-21T00:00:00.0000000-07:00,0.000000,P,,0,,NOAA,2013-08-08T07:41:24.4230000-06:00,in
37,USC00051772,Snow,1998-11-22T00:00:00.0000000-07:00,0.000000,P,,0,,NOAA,2013-08-08T07:41:24.4230000-06:00,in
37,USC00051772,Snow,1998-11-23T00:00:00.0000000-07:00,0.000000,P,,0,,NOAA,2013-08-08T07:41:24.4230000-06:00,in
37,USC00051772,Snow,1998-11-24T00:00:00.0000000-07:00,0.000000,P,,0,,NOAA,2013-08-08T07:41:24.4230000-06:00,in
37,USC00051772,Snow,1998-11-25T00:00:00.0000000-07:00,0.000000,P,,0,,NOAA,2013-08-08T07:41:24.4230000-06:00,in
37,USC00051772,Snow,1998-11-26T00:00:00.0000000-07:00,0.000000,P,,0,,NOAA,2013-08-08T07:41:24.4230000-06:00,in
37,USC00051772,Snow,1998-11-27T00:00:00.0000000-07:00,0.000000,,,0,,NOAA,2013-08-08T07:41:24.4230000-06:00,in
37,USC00051772,Snow,1998-11-28T00:00:00.0000000-07:00,0.000000,P,,0,,NOAA,2013-08-08T07:41:24.4230000-06:00,in
37,USC00051772,Snow,1998-11-29T00:00:00.0000000-07:00,0.000000,T,,0,,NOAA,2013-08-08T07:41:24.4230000-06:00,in
37,USC00051772,Snow,1998-11-30T00:00:00.0000000-07:00,0.000000,P,,0,,NOAA,2013-08-08T07:41:24.4230000-06:00,in
37,USC00051772,Snow,1998-12-01T00:00:00.0000000-07:00,0.000000,P,,0,,NOAA,2013-08-08T07:41:24.4230000-06:00,in
37,USC00051772,Snow,1998-12-02T00:00:00.0000000-07:00,0.000000,P,,0,,NOAA,2013-08-08T07:41:24.4230000-06:00,in
37,USC00051772,Snow,1998-12-03T00:00:00.0000000-07:00,0.000000,P,,0,,NOAA,2013-08-08T07:41:24.4230000-06:00,in
37,USC00051772,Snow,1998-12-04T00:00:00.0000000-07:00,0.000000,P,,0,,NOAA,2013-08-08T07:41:24.4230000-06:00,in
37,USC00051772,Snow,1998-12-07T00:00:00.0000000-07:00,0.000000,P,,0,,NOAA,2013-08-08T07:41:24.4230000-06:00,in
37,USC00051772,Snow,1998-12-08T00:00:00.0000000-07:00,0.000000,P,,0,,NOAA,2013-08-08T07:41:24.4230000-06:00,in
37,USC00051772,Snow,1998-12-09T00:00:00.0000000-07:00,0.196850,,,0,,NOAA,2013-08-08T07:41:24.4230000-06:00,in
37,USC00051772,Snow,1998-12-10T00:00:00.0000000-07:00,0.000000,P,,0,,NOAA,2013-08-08T07:41:24.4230000-06:00,in
37,USC00051772,Snow,1998-12-11T00:00:00.0000000-07:00,0.000000,P,,0,,NOAA,2013-08-08T07:41:24.4230000-06:00,in
37,USC00051772,Snow,1998-12-12T00:00:00.0000000-07:00,0.000000,P,,0,,NOAA,2013-08-08T07:41:24.4230000-06:00,in
37,USC00051772,Snow,1998-12-13T00:00:00.0000000-07:00,0.000000,P,,0,,NOAA,2013-08-08T07:41:24.4230000-06:00,in
37,USC00051772,Snow,1998-12-14T00:00:00.0000000-07:00,0.000000,P,,0,,NOAA,2013-08-08T07:41:24.4230000-06:00,in
37,USC00051772,Snow,1998-12-15T00:00:00.0000000-07:00,0.000000,P,,0,,NOAA,2013-08-08T07:41:24.4230000-06:00,in
37,USC00051772,Snow,1998-12-16T00:00:00.0000000-07:00,0.000000,P,,0,,NOAA,2013-08-08T07:41:24.4230000-06:00,in
37,USC00051772,Snow,1998-12-17T00:00:00.0000000-07:00,0.000000,P,,0,,NOAA,2013-08-08T07:41:24.4230000-06:00,in
37,USC00051772,Snow,1998-12-18T00:00:00.0000000-07:00,0.000000,P,,0,,NOAA,2013-08-08T07:41:24.4230000-06:00,in
37,USC00051772,Snow,1998-12-19T00:00:00.0000000-07:00,0.000000,P,,0,,NOAA,2013-08-08T07:41:24.4230000-06:00,in
37,USC00051772,Snow,1998-12-20T00:00:00.0000000-07:00,3.503937,,,0,,NOAA,2013-08-08T07:41:24.4230000-06:00,in
37,USC00051772,Snow,1998-12-21T00:00:00.0000000-07:00,7.007874,,,0,,NOAA,2013-08-08T07:41:24.4230000-06:00,in
37,USC00051772,Snow,1998-12-22T00:00:00.0000000-07:00,0.000000,P,,0,,NOAA,2013-08-08T07:41:24.4230000-06:00,in
37,USC00051772,Snow,1998-12-23T00:00:00.0000000-07:00,0.000000,P,,0,,NOAA,2013-08-08T07:41:24.4230000-06:00,in
37,USC00051772,Snow,1998-12-24T00:00:00.0000000-07:00,0.000000,P,,0,,NOAA,2013-08-08T07:41:24.4230000-06:00,in
37,USC00051772,Snow,1998-12-25T00:00:00.0000000-07:00,0.000000,P,,0,,NOAA,2013-08-08T07:41:24.4230000-06:00,in
37,USC00051772,Snow,1998-12-26T00:00:00.0000000-07:00,0.000000,P,,0,,NOAA,2013-08-08T07:41:24.4230000-06:00,in
37,USC00051772,Snow,1998-12-27T00:00:00.0000000-07:00,0.000000,P,,0,,NOAA,2013-08-08T07:41:24.4230000-06:00,in
37,USC00051772,Snow,1998-12-28T00:00:00.0000000-07:00,0.000000,P,,0,,NOAA,2013-08-08T07:41:24.4230000-06:00,in
37,USC00051772,Snow,1998-12-29T00:00:00.0000000-07:00,0.000000,P,,0,,NOAA,2013-08-08T07:41:24.4230000-06:00,in
37,USC00051772,Snow,1998-12-30T00:00:00.0000000-07:00,0.000000,P,,0,,NOAA,2013-08-08T07:41:24.4230000-06:00,in
37,USC00051772,Snow,1998-12-31T00:00:00.0000000-07:00,0.000000,P,,0,,NOAA,2013-08-08T07:41:24.4230000-06:00,in
37,USC00051772,Snow,1999-01-01T00:00:00.0000000-07:00,0.000000,P,,0,,NOAA,2013-08-08T07:41:24.4230000-06:00,in
37,USC00051772,Snow,1999-01-02T00:00:00.0000000-07:00,0.000000,P,,0,,NOAA,2013-08-08T07:41:24.4230000-06:00,in
37,USC00051772,Snow,1999-01-03T00:00:00.0000000-07:00,0.000000,P,,0,,NOAA,2013-08-08T07:41:24.4230000-06:00,in
37,USC00051772,Snow,1999-01-04T00:00:00.0000000-07:00,0.000000,P,,0,,NOAA,2013-08-08T07:41:24.4230000-06:00,in
37,USC00051772,Snow,1999-01-05T00:00:00.0000000-07:00,0.000000,P,,0,,NOAA,2013-08-08T07:41:24.4230000-06:00,in
37,USC00051772,Snow,1999-01-06T00:00:00.0000000-07:00,0.000000,P,,0,,NOAA,2013-08-08T07:41:24.4230000-06:00,in
37,USC00051772,Snow,1999-01-07T00:00:00.0000000-07:00,0.000000,P,,0,,NOAA,2013-08-08T07:41:24.4230000-06:00,in
37,USC00051772,Snow,1999-01-08T00:00:00.0000000-07:00,0.000000,P,,0,,NOAA,2013-08-08T07:41:24.4230000-06:00,in
37,USC00051772,Snow,1999-01-09T00:00:00.0000000-07:00,0.000000,P,,0,,NOAA,2013-08-08T07:41:24.4230000-06:00,in
37,USC00051772,Snow,1999-01-10T00:00:00.0000000-07:00,0.000000,P,,0,,NOAA,2013-08-08T07:41:24.4230000-06:00,in
37,USC00051772,Snow,1999-01-11T00:00:00.0000000-07:00,0.000000,P,,0,,NOAA,2013-08-08T07:41:24.4230000-06:00,in
37,USC00051772,Snow,1999-01-12T00:00:00.0000000-07:00,0.000000,P,,0,,NOAA,2013-08-08T07:41:24.4230000-06:00,in
37,USC00051772,Snow,1999-01-13T00:00:00.0000000-07:00,0.000000,P,,0,,NOAA,2013-08-08T07:41:24.4230000-06:00,in
37,USC00051772,Snow,1999-01-14T00:00:00.0000000-07:00,0.000000,T,,0,,NOAA,2013-08-08T07:41:24.4230000-06:00,in
37,USC00051772,Snow,1999-01-15T00:00:00.0000000-07:00,0.000000,P,,0,,NOAA,2013-08-08T07:41:24.4230000-06:00,in
37,USC00051772,Snow,1999-01-16T00:00:00.0000000-07:00,0.000000,P,,0,,NOAA,2013-08-08T07:41:24.4230000-06:00,in
37,USC00051772,Snow,1999-01-17T00:00:00.0000000-07:00,0.000000,P,,0,,NOAA,2013-08-08T07:41:24.4230000-06:00,in
37,USC00051772,Snow,1999-01-18T00:00:00.0000000-07:00,0.000000,P,,0,,NOAA,2013-08-08T07:41:24.4230000-06:00,in
37,USC00051772,Snow,1999-01-19T00:00:00.0000000-07:00,0.000000,P,,0,,NOAA,2013-08-08T07:41:24.4230000-06:00,in
37,USC00051772,Snow,1999-01-20T00:00:00.0000000-07:00,0.000000,P,,0,,NOAA,2013-08-08T07:41:24.4230000-06:00,in
37,USC00051772,Snow,1999-01-21T00:00:00.0000000-07:00,0.000000,T,,0,,NOAA,2013-08-08T07:41:24.4230000-06:00,in
37,USC00051772,Snow,1999-01-22T00:00:00.0000000-07:00,0.511811,,,0,,NOAA,2013-08-08T07:41:24.4230000-06:00,in
37,USC00051772,Snow,1999-01-23T00:00:00.0000000-07:00,0.000000,P,,0,,NOAA,2013-08-08T07:41:24.4230000-06:00,in
37,USC00051772,Snow,1999-01-24T00:00:00.0000000-07:00,0.000000,P,,0,,NOAA,2013-08-08T07:41:24.4230000-06:00,in
37,USC00051772,Snow,1999-01-25T00:00:00.0000000-07:00,0.000000,P,,0,,NOAA,2013-08-08T07:41:24.4230000-06:00,in
37,USC00051772,Snow,1999-01-26T00:00:00.0000000-07:00,0.000000,T,,0,,NOAA,2013-08-08T07:41:24.4230000-06:00,in
37,USC00051772,Snow,1999-01-27T00:00:00.0000000-07:00,0.000000,P,,0,,NOAA,2013-08-08T07:41:24.4230000-06:00,in
37,USC00051772,Snow,1999-01-28T00:00:00.0000000-07:00,0.000000,P,,0,,NOAA,2013-08-08T07:41:24.4230000-06:00,in
37,USC00051772,Snow,1999-01-29T00:00:00.0000000-07:00,0.000000,P,,0,,NOAA,2013-08-08T07:41:24.4230000-06:00,in
37,USC00051772,Snow,1999-01-30T00:00:00.0000000-07:00,0.000000,P,,0,,NOAA,2013-08-08T07:41:24.4230000-06:00,in
37,USC00051772,Snow,1999-01-31T00:00:00.0000000-07:00,0.000000,P,,0,,NOAA,2013-08-08T07:41:24.4230000-06:00,in
37,USC00051772,Snow,1999-02-01T00:00:00.0000000-07:00,0.000000,T,,0,,NOAA,2013-08-08T07:41:24.4230000-06:00,in
37,USC00051772,Snow,1999-02-02T00:00:00.0000000-07:00,0.000000,P,,0,,NOAA,2013-08-08T07:41:24.4230000-06:00,in
37,USC00051772,Snow,1999-02-03T00:00:00.0000000-07:00,0.000000,P,,0,,NOAA,2013-08-08T07:41:24.4230000-06:00,in
37,USC00051772,Snow,1999-02-04T00:00:00.0000000-07:00,0.000000,P,,0,,NOAA,2013-08-08T07:41:24.4230000-06:00,in
37,USC00051772,Snow,1999-02-05T00:00:00.0000000-07:00,0.118110,,,0,,NOAA,2013-08-08T07:41:24.4230000-06:00,in
37,USC00051772,Snow,1999-02-06T00:00:00.0000000-07:00,0.000000,P,,0,,NOAA,2013-08-08T07:41:24.4230000-06:00,in
37,USC00051772,Snow,1999-02-07T00:00:00.0000000-07:00,0.000000,P,,0,,NOAA,2013-08-08T07:41:24.4230000-06:00,in
37,USC00051772,Snow,1999-02-08T00:00:00.0000000-07:00,0.000000,P,,0,,NOAA,2013-08-08T07:41:24.4230000-06:00,in
37,USC00051772,Snow,1999-02-09T00:00:00.0000000-07:00,0.000000,P,,0,,NOAA,2013-08-08T07:41:24.4230000-06:00,in
37,USC00051772,Snow,1999-02-10T00:00:00.0000000-07:00,0.000000,P,,0,,NOAA,2013-08-08T07:41:24.4230000-06:00,in
37,USC00051772,Snow,1999-02-11T00:00:00.0000000-07:00,0.787402,,,0,,NOAA,2013-08-08T07:41:24.4230000-06:00,in
37,USC00051772,Snow,1999-02-12T00:00:00.0000000-07:00,0.000000,P,,0,,NOAA,2013-08-08T07:41:24.4230000-06:00,in
37,USC00051772,Snow,1999-02-13T00:00:00.0000000-07:00,0.000000,P,,0,,NOAA,2013-08-08T07:41:24.4230000-06:00,in
37,USC00051772,Snow,1999-02-14T00:00:00.0000000-07:00,0.000000,P,,0,,NOAA,2013-08-08T07:41:24.4230000-06:00,in
37,USC00051772,Snow,1999-02-15T00:00:00.0000000-07:00,0.000000,P,,0,,NOAA,2013-08-08T07:41:24.4230000-06:00,in
37,USC00051772,Snow,1999-02-16T00:00:00.0000000-07:00,0.000000,P,,0,,NOAA,2013-08-08T07:41:24.4230000-06:00,in
37,USC00051772,Snow,1999-02-17T00:00:00.0000000-07:00,0.000000,P,,0,,NOAA,2013-08-08T07:41:24.4230000-06:00,in
37,USC00051772,Snow,1999-02-18T00:00:00.0000000-07:00,0.000000,P,,0,,NOAA,2013-08-08T07:41:24.4230000-06:00,in
37,USC00051772,Snow,1999-02-19T00:00:00.0000000-07:00,0.000000,P,,0,,NOAA,2013-08-08T07:41:24.4230000-06:00,in
37,USC00051772,Snow,1999-02-20T00:00:00.0000000-07:00,0.000000,P,,0,,NOAA,2013-08-08T07:41:24.4230000-06:00,in
37,USC00051772,Snow,1999-02-21T00:00:00.0000000-07:00,0.000000,P,,0,,NOAA,2013-08-08T07:41:24.4230000-06:00,in
37,USC00051772,Snow,1999-02-22T00:00:00.0000000-07:00,0.984252,,,0,,NOAA,2013-08-08T07:41:24.4230000-06:00,in
37,USC00051772,Snow,1999-02-23T00:00:00.0000000-07:00,0.000000,P,,0,,NOAA,2013-08-08T07:41:24.4230000-06:00,in
37,USC00051772,Snow,1999-02-24T00:00:00.0000000-07:00,0.000000,P,,0,,NOAA,2013-08-08T07:41:24.4230000-06:00,in
37,USC00051772,Snow,1999-02-25T00:00:00.0000000-07:00,0.000000,P,,0,,NOAA,2013-08-08T07:41:24.4230000-06:00,in
37,USC00051772,Snow,1999-02-26T00:00:00.0000000-07:00,0.000000,P,,0,,NOAA,2013-08-08T07:41:24.4230000-06:00,in
37,USC00051772,Snow,1999-02-27T00:00:00.0000000-07:00,0.000000,P,,0,,NOAA,2013-08-08T07:41:24.4230000-06:00,in
37,USC00051772,Snow,1999-02-28T00:00:00.0000000-07:00,0.000000,P,,0,,NOAA,2013-08-08T07:41:24.4230000-06:00,in
37,USC00051772,Snow,1999-03-01T00:00:00.0000000-07:00,0.000000,P,,0,,NOAA,2013-08-08T07:41:24.4230000-06:00,in
37,USC00051772,Snow,1999-03-02T00:00:00.0000000-07:00,0.000000,P,,0,,NOAA,2013-08-08T07:41:24.4230000-06:00,in
37,USC00051772,Snow,1999-03-03T00:00:00.0000000-07:00,0.000000,P,,0,,NOAA,2013-08-08T07:41:24.4230000-06:00,in
37,USC00051772,Snow,1999-03-04T00:00:00.0000000-07:00,0.000000,P,,0,,NOAA,2013-08-08T07:41:24.4230000-06:00,in
37,USC00051772,Snow,1999-03-05T00:00:00.0000000-07:00,0.000000,P,,0,,NOAA,2013-08-08T07:41:24.4230000-06:00,in
37,USC00051772,Snow,1999-03-06T00:00:00.0000000-07:00,0.000000,T,,0,,NOAA,2013-08-08T07:41:24.4230000-06:00,in
37,USC00051772,Snow,1999-03-07T00:00:00.0000000-07:00,0.000000,P,,0,,NOAA,2013-08-08T07:41:24.4230000-06:00,in
37,USC00051772,Snow,1999-03-08T00:00:00.0000000-07:00,0.000000,P,,0,,NOAA,2013-08-08T07:41:24.4230000-06:00,in
37,USC00051772,Snow,1999-03-09T00:00:00.0000000-07:00,0.000000,P,,0,,NOAA,2013-08-08T07:41:24.4230000-06:00,in
37,USC00051772,Snow,1999-03-10T00:00:00.0000000-07:00,0.000000,P,,0,,NOAA,2013-08-08T07:41:24.4230000-06:00,in
37,USC00051772,Snow,1999-03-11T00:00:00.0000000-07:00,0.000000,T,,0,,NOAA,2013-08-08T07:41:24.4230000-06:00,in
37,USC00051772,Snow,1999-03-12T00:00:00.0000000-07:00,0.000000,P,,0,,NOAA,2013-08-08T07:41:24.4230000-06:00,in
37,USC00051772,Snow,1999-03-13T00:00:00.0000000-07:00,0.000000,P,,0,,NOAA,2013-08-08T07:41:24.4230000-06:00,in
37,USC00051772,Snow,1999-03-14T00:00:00.0000000-07:00,0.000000,P,,0,,NOAA,2013-08-08T07:41:24.4230000-06:00,in
37,USC00051772,Snow,1999-03-15T00:00:00.0000000-07:00,0.000000,P,,0,,NOAA,2013-08-08T07:41:24.4230000-06:00,in
37,USC00051772,Snow,1999-03-16T00:00:00.0000000-07:00,0.000000,P,,0,,NOAA,2013-08-08T07:41:24.4230000-06:00,in
37,USC00051772,Snow,1999-03-17T00:00:00.0000000-07:00,0.000000,P,,0,,NOAA,2013-08-08T07:41:24.4230000-06:00,in
37,USC00051772,Snow,1999-03-18T00:00:00.0000000-07:00,0.000000,P,,0,,NOAA,2013-08-08T07:41:24.4230000-06:00,in
37,USC00051772,Snow,1999-03-19T00:00:00.0000000-07:00,0.000000,P,,0,,NOAA,2013-08-08T07:41:24.4230000-06:00,in
37,USC00051772,Snow,1999-03-20T00:00:00.0000000-07:00,0.000000,P,,0,,NOAA,2013-08-08T07:41:24.4230000-06:00,in
37,USC00051772,Snow,1999-03-21T00:00:00.0000000-07:00,0.000000,P,,0,,NOAA,2013-08-08T07:41:24.4230000-06:00,in
37,USC00051772,Snow,1999-03-22T00:00:00.0000000-07:00,0.000000,P,,0,,NOAA,2013-08-08T07:41:24.4230000-06:00,in
37,USC00051772,Snow,1999-03-23T00:00:00.0000000-07:00,0.000000,P,,0,,NOAA,2013-08-08T07:41:24.4230000-06:00,in
37,USC00051772,Snow,1999-03-24T00:00:00.0000000-07:00,0.000000,P,,0,,NOAA,2013-08-08T07:41:24.4230000-06:00,in
37,USC00051772,Snow,1999-03-25T00:00:00.0000000-07:00,0.000000,P,,0,,NOAA,2013-08-08T07:41:24.4230000-06:00,in
37,USC00051772,Snow,1999-03-26T00:00:00.0000000-07:00,0.000000,P,,0,,NOAA,2013-08-08T07:41:24.4230000-06:00,in
37,USC00051772,Snow,1999-03-27T00:00:00.0000000-07:00,0.000000,P,,0,,NOAA,2013-08-08T07:41:24.4230000-06:00,in
37,USC00051772,Snow,1999-03-28T00:00:00.0000000-07:00,0.000000,P,,0,,NOAA,2013-08-08T07:41:24.4230000-06:00,in
37,USC00051772,Snow,1999-03-29T00:00:00.0000000-07:00,0.000000,P,,0,,NOAA,2013-08-08T07:41:24.4230000-06:00,in
37,USC00051772,Snow,1999-03-30T00:00:00.0000000-07:00,0.000000,P,,0,,NOAA,2013-08-08T07:41:24.4230000-06:00,in
37,USC00051772,Snow,1999-03-31T00:00:00.0000000-07:00,0.000000,P,,0,,NOAA,2013-08-08T07:41:24.4230000-06:00,in
37,USC00051772,Snow,1999-04-01T00:00:00.0000000-07:00,0.000000,T,,0,,NOAA,2013-03-29T15:47:48.0770000-06:00,in
37,USC00051772,Snow,1999-04-02T00:00:00.0000000-07:00,0.000000,P,,0,,NOAA,2013-03-29T15:47:48.0770000-06:00,in
37,USC00051772,Snow,1999-04-03T00:00:00.0000000-07:00,0.000000,T,,0,,NOAA,2013-03-29T15:47:48.0770000-06:00,in
37,USC00051772,Snow,1999-04-04T00:00:00.0000000-07:00,0.000000,T,,0,,NOAA,2013-03-29T15:47:48.0770000-06:00,in
37,USC00051772,Snow,1999-04-05T00:00:00.0000000-06:00,0.000000,P,,0,,NOAA,2013-03-29T15:47:48.0770000-06:00,in
37,USC00051772,Snow,1999-04-06T00:00:00.0000000-06:00,0.000000,P,,0,,NOAA,2013-03-29T15:47:48.0770000-06:00,in
37,USC00051772,Snow,1999-04-07T00:00:00.0000000-06:00,0.000000,P,,0,,NOAA,2013-03-29T15:47:48.0770000-06:00,in
37,USC00051772,Snow,1999-04-08T00:00:00.0000000-06:00,0.000000,P,,0,,NOAA,2013-03-29T15:47:48.0770000-06:00,in
37,USC00051772,Snow,1999-04-09T00:00:00.0000000-06:00,0.000000,P,,0,,NOAA,2013-03-29T15:47:48.0770000-06:00,in
37,USC00051772,Snow,1999-04-10T00:00:00.0000000-06:00,0.000000,P,,0,,NOAA,2013-03-29T15:47:48.0770000-06:00,in
37,USC00051772,Snow,1999-04-11T00:00:00.0000000-06:00,0.000000,P,,0,,NOAA,2013-03-29T15:47:48.0770000-06:00,in
37,USC00051772,Snow,1999-04-12T00:00:00.0000000-06:00,0.000000,P,,0,,NOAA,2013-03-29T15:47:48.0770000-06:00,in
37,USC00051772,Snow,1999-04-13T00:00:00.0000000-06:00,0.000000,P,,0,,NOAA,2013-03-29T15:47:48.0770000-06:00,in
37,USC00051772,Snow,1999-04-14T00:00:00.0000000-06:00,0.000000,P,,0,,NOAA,2013-03-29T15:47:48.0770000-06:00,in
37,USC00051772,Snow,1999-04-15T00:00:00.0000000-06:00,0.000000,P,,0,,NOAA,2013-03-29T15:47:48.0770000-06:00,in
37,USC00051772,Snow,1999-04-16T00:00:00.0000000-06:00,0.000000,P,,0,,NOAA,2013-03-29T15:47:48.0770000-06:00,in
37,USC00051772,Snow,1999-04-17T00:00:00.0000000-06:00,0.000000,P,,0,,NOAA,2013-03-29T15:47:48.0770000-06:00,in
37,USC00051772,Snow,1999-04-18T00:00:00.0000000-06:00,0.000000,P,,0,,NOAA,2013-03-29T15:47:48.0770000-06:00,in
37,USC00051772,Snow,1999-04-19T00:00:00.0000000-06:00,0.000000,P,,0,,NOAA,2013-03-29T15:47:48.0770000-06:00,in
37,USC00051772,Snow,1999-04-20T00:00:00.0000000-06:00,0.000000,P,,0,,NOAA,2013-03-29T15:47:48.0770000-06:00,in
37,USC00051772,Snow,1999-04-21T00:00:00.0000000-06:00,0.000000,P,,0,,NOAA,2013-03-29T15:47:48.0770000-06:00,in
37,USC00051772,Snow,1999-04-22T00:00:00.0000000-06:00,0.000000,P,,0,,NOAA,2013-03-29T15:47:48.0770000-06:00,in
37,USC00051772,Snow,1999-04-23T00:00:00.0000000-06:00,0.000000,P,,0,,NOAA,2013-03-29T15:47:48.0770000-06:00,in
37,USC00051772,Snow,1999-04-24T00:00:00.0000000-06:00,0.000000,P,,0,,NOAA,2013-03-29T15:47:48.0770000-06:00,in
37,USC00051772,Snow,1999-04-25T00:00:00.0000000-06:00,0.000000,P,,0,,NOAA,2013-03-29T15:47:48.0770000-06:00,in
37,USC00051772,Snow,1999-04-26T00:00:00.0000000-06:00,0.000000,P,,0,,NOAA,2013-03-29T15:47:48.0770000-06:00,in
37,USC00051772,Snow,1999-04-27T00:00:00.0000000-06:00,0.000000,P,,0,,NOAA,2013-03-29T15:47:48.0770000-06:00,in
37,USC00051772,Snow,1999-04-28T00:00:00.0000000-06:00,0.000000,P,,0,,NOAA,2013-03-29T15:47:48.0770000-06:00,in
37,USC00051772,Snow,1999-04-29T00:00:00.0000000-06:00,0.000000,P,,0,,NOAA,2013-03-29T15:47:48.0770000-06:00,in
37,USC00051772,Snow,1999-04-30T00:00:00.0000000-06:00,0.000000,P,,0,,NOAA,2013-03-29T15:47:48.0770000-06:00,in
37,USC00051772,Snow,1999-05-01T00:00:00.0000000-06:00,0.000000,P,,0,,NOAA,2013-08-08T07:41:24.4230000-06:00,in
37,USC00051772,Snow,1999-05-02T00:00:00.0000000-06:00,0.000000,P,,0,,NOAA,2013-08-08T07:41:24.4230000-06:00,in
37,USC00051772,Snow,1999-05-03T00:00:00.0000000-06:00,0.000000,P,,0,,NOAA,2013-08-08T07:41:24.4230000-06:00,in
37,USC00051772,Snow,1999-05-04T00:00:00.0000000-06:00,0.000000,P,,0,,NOAA,2013-08-08T07:41:24.4230000-06:00,in
37,USC00051772,Snow,1999-05-05T00:00:00.0000000-06:00,0.000000,P,,0,,NOAA,2013-08-08T07:41:24.4230000-06:00,in
37,USC00051772,Snow,1999-05-06T00:00:00.0000000-06:00,0.000000,P,,0,,NOAA,2013-08-08T07:41:24.4230000-06:00,in
37,USC00051772,Snow,1999-05-07T00:00:00.0000000-06:00,0.000000,P,,0,,NOAA,2013-08-08T07:41:24.4230000-06:00,in
37,USC00051772,Snow,1999-05-08T00:00:00.0000000-06:00,0.000000,P,,0,,NOAA,2013-08-08T07:41:24.4230000-06:00,in
37,USC00051772,Snow,1999-05-09T00:00:00.0000000-06:00,0.000000,P,,0,,NOAA,2013-08-08T07:41:24.4230000-06:00,in
37,USC00051772,Snow,1999-05-10T00:00:00.0000000-06:00,0.000000,P,,0,,NOAA,2013-08-08T07:41:24.4230000-06:00,in
37,USC00051772,Snow,1999-05-11T00:00:00.0000000-06:00,0.000000,P,,0,,NOAA,2013-08-08T07:41:24.4230000-06:00,in
37,USC00051772,Snow,1999-05-12T00:00:00.0000000-06:00,0.000000,P,,0,,NOAA,2013-08-08T07:41:24.4230000-06:00,in
37,USC00051772,Snow,1999-05-13T00:00:00.0000000-06:00,0.000000,P,,0,,NOAA,2013-08-08T07:41:24.4230000-06:00,in
37,USC00051772,Snow,1999-05-14T00:00:00.0000000-06:00,0.000000,P,,0,,NOAA,2013-08-08T07:41:24.4230000-06:00,in
37,USC00051772,Snow,1999-05-15T00:00:00.0000000-06:00,0.000000,P,,0,,NOAA,2013-08-08T07:41:24.4230000-06:00,in
37,USC00051772,Snow,1999-05-16T00:00:00.0000000-06:00,0.000000,P,,0,,NOAA,2013-08-08T07:41:24.4230000-06:00,in
37,USC00051772,Snow,1999-05-17T00:00:00.0000000-06:00,0.000000,P,,0,,NOAA,2013-08-08T07:41:24.4230000-06:00,in
37,USC00051772,Snow,1999-05-18T00:00:00.0000000-06:00,0.000000,P,,0,,NOAA,2013-08-08T07:41:24.4230000-06:00,in
37,USC00051772,Snow,1999-05-19T00:00:00.0000000-06:00,0.000000,P,,0,,NOAA,2013-08-08T07:41:24.4230000-06:00,in
37,USC00051772,Snow,1999-05-20T00:00:00.0000000-06:00,0.000000,P,,0,,NOAA,2013-08-08T07:41:24.4230000-06:00,in
37,USC00051772,Snow,1999-05-21T00:00:00.0000000-06:00,0.000000,P,,0,,NOAA,2013-08-08T07:41:24.4230000-06:00,in
37,USC00051772,Snow,1999-05-22T00:00:00.0000000-06:00,0.000000,P,,0,,NOAA,2013-08-08T07:41:24.4230000-06:00,in
37,USC00051772,Snow,1999-05-23T00:00:00.0000000-06:00,0.000000,P,,0,,NOAA,2013-08-08T07:41:24.4230000-06:00,in
37,USC00051772,Snow,1999-05-24T00:00:00.0000000-06:00,0.000000,P,,0,,NOAA,2013-08-08T07:41:24.4230000-06:00,in
37,USC00051772,Snow,1999-05-25T00:00:00.0000000-06:00,0.000000,P,,0,,NOAA,2013-08-08T07:41:24.4230000-06:00,in
37,USC00051772,Snow,1999-05-26T00:00:00.0000000-06:00,0.000000,P,,0,,NOAA,2013-08-08T07:41:24.4230000-06:00,in
37,USC00051772,Snow,1999-05-27T00:00:00.0000000-06:00,0.000000,P,,0,,NOAA,2013-08-08T07:41:24.4230000-06:00,in
37,USC00051772,Snow,1999-05-28T00:00:00.0000000-06:00,0.000000,P,,0,,NOAA,2013-08-08T07:41:24.4230000-06:00,in
37,USC00051772,Snow,1999-05-29T00:00:00.0000000-06:00,0.000000,P,,0,,NOAA,2013-08-08T07:41:24.4230000-06:00,in
37,USC00051772,Snow,1999-05-30T00:00:00.0000000-06:00,0.000000,P,,0,,NOAA,2013-08-08T07:41:24.4230000-06:00,in
37,USC00051772,Snow,1999-05-31T00:00:00.0000000-06:00,0.000000,P,,0,,NOAA,2013-08-08T07:41:24.4230000-06:00,in
37,USC00051772,Snow,1999-06-01T00:00:00.0000000-06:00,0.000000,P,,0,,NOAA,2013-08-08T07:41:24.4230000-06:00,in
37,USC00051772,Snow,1999-06-02T00:00:00.0000000-06:00,0.000000,P,,0,,NOAA,2013-08-08T07:41:24.4230000-06:00,in
37,USC00051772,Snow,1999-06-03T00:00:00.0000000-06:00,0.000000,P,,0,,NOAA,2013-08-08T07:41:24.4230000-06:00,in
37,USC00051772,Snow,1999-06-04T00:00:00.0000000-06:00,0.000000,P,,0,,NOAA,2013-08-08T07:41:24.4230000-06:00,in
37,USC00051772,Snow,1999-06-05T00:00:00.0000000-06:00,0.000000,P,,0,,NOAA,2013-08-08T07:41:24.4230000-06:00,in
37,USC00051772,Snow,1999-06-06T00:00:00.0000000-06:00,0.000000,P,,0,,NOAA,2013-08-08T07:41:24.4230000-06:00,in
37,USC00051772,Snow,1999-06-07T00:00:00.0000000-06:00,0.000000,P,,0,,NOAA,2013-08-08T07:41:24.4230000-06:00,in
37,USC00051772,Snow,1999-06-08T00:00:00.0000000-06:00,0.000000,P,,0,,NOAA,2013-08-08T07:41:24.4230000-06:00,in
37,USC00051772,Snow,1999-06-09T00:00:00.0000000-06:00,0.000000,P,,0,,NOAA,2013-08-08T07:41:24.4230000-06:00,in
37,USC00051772,Snow,1999-06-10T00:00:00.0000000-06:00,0.000000,P,,0,,NOAA,2013-08-08T07:41:24.4230000-06:00,in
37,USC00051772,Snow,1999-06-11T00:00:00.0000000-06:00,0.000000,P,,0,,NOAA,2013-08-08T07:41:24.4230000-06:00,in
37,USC00051772,Snow,1999-06-12T00:00:00.0000000-06:00,0.000000,P,,0,,NOAA,2013-08-08T07:41:24.4230000-06:00,in
37,USC00051772,Snow,1999-06-13T00:00:00.0000000-06:00,0.000000,P,,0,,NOAA,2013-08-08T07:41:24.4230000-06:00,in
37,USC00051772,Snow,1999-06-14T00:00:00.0000000-06:00,0.000000,P,,0,,NOAA,2013-08-08T07:41:24.4230000-06:00,in
37,USC00051772,Snow,1999-06-15T00:00:00.0000000-06:00,0.000000,P,,0,,NOAA,2013-08-08T07:41:24.4230000-06:00,in
37,USC00051772,Snow,1999-06-16T00:00:00.0000000-06:00,0.000000,P,,0,,NOAA,2013-08-08T07:41:24.4230000-06:00,in
37,USC00051772,Snow,1999-06-17T00:00:00.0000000-06:00,0.000000,P,,0,,NOAA,2013-08-08T07:41:24.4230000-06:00,in
37,USC00051772,Snow,1999-06-18T00:00:00.0000000-06:00,0.000000,P,,0,,NOAA,2013-08-08T07:41:24.4230000-06:00,in
37,USC00051772,Snow,1999-06-19T00:00:00.0000000-06:00,0.000000,P,,0,,NOAA,2013-08-08T07:41:24.4230000-06:00,in
37,USC00051772,Snow,1999-06-20T00:00:00.0000000-06:00,0.000000,P,,0,,NOAA,2013-08-08T07:41:24.4230000-06:00,in
37,USC00051772,Snow,1999-06-21T00:00:00.0000000-06:00,0.000000,P,,0,,NOAA,2013-08-08T07:41:24.4230000-06:00,in
37,USC00051772,Snow,1999-06-22T00:00:00.0000000-06:00,0.000000,P,,0,,NOAA,2013-08-08T07:41:24.4230000-06:00,in
37,USC00051772,Snow,1999-06-23T00:00:00.0000000-06:00,0.000000,P,,0,,NOAA,2013-08-08T07:41:24.4230000-06:00,in
37,USC00051772,Snow,1999-06-24T00:00:00.0000000-06:00,0.000000,P,,0,,NOAA,2013-08-08T07:41:24.4230000-06:00,in
37,USC00051772,Snow,1999-06-25T00:00:00.0000000-06:00,0.000000,P,,0,,NOAA,2013-08-08T07:41:24.4230000-06:00,in
37,USC00051772,Snow,1999-06-26T00:00:00.0000000-06:00,0.000000,P,,0,,NOAA,2013-08-08T07:41:24.4230000-06:00,in
37,USC00051772,Snow,1999-06-27T00:00:00.0000000-06:00,0.000000,P,,0,,NOAA,2013-08-08T07:41:24.4230000-06:00,in
37,USC00051772,Snow,1999-06-28T00:00:00.0000000-06:00,0.000000,P,,0,,NOAA,2013-08-08T07:41:24.4230000-06:00,in
37,USC00051772,Snow,1999-06-29T00:00:00.0000000-06:00,0.000000,P,,0,,NOAA,2013-08-08T07:41:24.4230000-06:00,in
37,USC00051772,Snow,1999-06-30T00:00:00.0000000-06:00,0.000000,P,,0,,NOAA,2013-08-08T07:41:24.4230000-06:00,in
37,USC00051772,Snow,1999-07-01T00:00:00.0000000-06:00,0.000000,P,,0,,NOAA,2013-08-08T07:41:24.4230000-06:00,in
37,USC00051772,Snow,1999-07-02T00:00:00.0000000-06:00,0.000000,P,,0,,NOAA,2013-08-08T07:41:24.4230000-06:00,in
37,USC00051772,Snow,1999-07-03T00:00:00.0000000-06:00,0.000000,P,,0,,NOAA,2013-08-08T07:41:24.4230000-06:00,in
37,USC00051772,Snow,1999-07-04T00:00:00.0000000-06:00,0.000000,P,,0,,NOAA,2013-08-08T07:41:24.4230000-06:00,in
37,USC00051772,Snow,1999-07-05T00:00:00.0000000-06:00,0.000000,P,,0,,NOAA,2013-08-08T07:41:24.4230000-06:00,in
37,USC00051772,Snow,1999-07-06T00:00:00.0000000-06:00,0.000000,P,,0,,NOAA,2013-08-08T07:41:24.4230000-06:00,in
37,USC00051772,Snow,1999-07-07T00:00:00.0000000-06:00,0.000000,P,,0,,NOAA,2013-08-08T07:41:24.4230000-06:00,in
37,USC00051772,Snow,1999-07-08T00:00:00.0000000-06:00,0.000000,P,,0,,NOAA,2013-08-08T07:41:24.4230000-06:00,in
37,USC00051772,Snow,1999-07-09T00:00:00.0000000-06:00,0.000000,P,,0,,NOAA,2013-08-08T07:41:24.4230000-06:00,in
37,USC00051772,Snow,1999-07-10T00:00:00.0000000-06:00,0.000000,P,,0,,NOAA,2013-08-08T07:41:24.4230000-06:00,in
37,USC00051772,Snow,1999-07-11T00:00:00.0000000-06:00,0.000000,P,,0,,NOAA,2013-08-08T07:41:24.4230000-06:00,in
37,USC00051772,Snow,1999-07-12T00:00:00.0000000-06:00,0.000000,P,,0,,NOAA,2013-08-08T07:41:24.4230000-06:00,in
37,USC00051772,Snow,1999-07-13T00:00:00.0000000-06:00,0.000000,P,,0,,NOAA,2013-08-08T07:41:24.4230000-06:00,in
37,USC00051772,Snow,1999-07-14T00:00:00.0000000-06:00,0.000000,P,,0,,NOAA,2013-08-08T07:41:24.4230000-06:00,in
37,USC00051772,Snow,1999-07-15T00:00:00.0000000-06:00,0.000000,P,,0,,NOAA,2013-08-08T07:41:24.4230000-06:00,in
37,USC00051772,Snow,1999-07-16T00:00:00.0000000-06:00,0.000000,P,,0,,NOAA,2013-08-08T07:41:24.4230000-06:00,in
37,USC00051772,Snow,1999-07-17T00:00:00.0000000-06:00,0.000000,P,,0,,NOAA,2013-08-08T07:41:24.4230000-06:00,in
37,USC00051772,Snow,1999-07-18T00:00:00.0000000-06:00,0.000000,P,,0,,NOAA,2013-08-08T07:41:24.4230000-06:00,in
37,USC00051772,Snow,1999-07-19T00:00:00.0000000-06:00,0.000000,P,,0,,NOAA,2013-08-08T07:41:24.4230000-06:00,in
37,USC00051772,Snow,1999-07-20T00:00:00.0000000-06:00,0.000000,P,,0,,NOAA,2013-08-08T07:41:24.4230000-06:00,in
37,USC00051772,Snow,1999-07-21T00:00:00.0000000-06:00,0.000000,P,,0,,NOAA,2013-08-08T07:41:24.4230000-06:00,in
37,USC00051772,Snow,1999-07-22T00:00:00.0000000-06:00,0.000000,P,,0,,NOAA,2013-08-08T07:41:24.4230000-06:00,in
37,USC00051772,Snow,1999-07-23T00:00:00.0000000-06:00,0.000000,P,,0,,NOAA,2013-08-08T07:41:24.4230000-06:00,in
37,USC00051772,Snow,1999-07-24T00:00:00.0000000-06:00,0.000000,P,,0,,NOAA,2013-08-08T07:41:24.4230000-06:00,in
37,USC00051772,Snow,1999-07-25T00:00:00.0000000-06:00,0.000000,P,,0,,NOAA,2013-08-08T07:41:24.4230000-06:00,in
37,USC00051772,Snow,1999-07-26T00:00:00.0000000-06:00,0.000000,P,,0,,NOAA,2013-08-08T07:41:24.4230000-06:00,in
37,USC00051772,Snow,1999-07-27T00:00:00.0000000-06:00,0.000000,P,,0,,NOAA,2013-08-08T07:41:24.4230000-06:00,in
37,USC00051772,Snow,1999-07-28T00:00:00.0000000-06:00,0.000000,P,,0,,NOAA,2013-08-08T07:41:24.4230000-06:00,in
37,USC00051772,Snow,1999-07-29T00:00:00.0000000-06:00,0.000000,P,,0,,NOAA,2013-08-08T07:41:24.4230000-06:00,in
37,USC00051772,Snow,1999-07-30T00:00:00.0000000-06:00,0.000000,P,,0,,NOAA,2013-08-08T07:41:24.4230000-06:00,in
37,USC00051772,Snow,1999-07-31T00:00:00.0000000-06:00,0.000000,P,,0,,NOAA,2013-08-08T07:41:24.4230000-06:00,in
37,USC00051772,Snow,1999-08-01T00:00:00.0000000-06:00,0.000000,P,,0,,NOAA,2013-08-08T07:41:24.4230000-06:00,in
37,USC00051772,Snow,1999-08-02T00:00:00.0000000-06:00,0.000000,P,,0,,NOAA,2013-08-08T07:41:24.4230000-06:00,in
37,USC00051772,Snow,1999-08-03T00:00:00.0000000-06:00,0.000000,P,,0,,NOAA,2013-08-08T07:41:24.4230000-06:00,in
37,USC00051772,Snow,1999-08-04T00:00:00.0000000-06:00,0.000000,P,,0,,NOAA,2013-08-08T07:41:24.4230000-06:00,in
37,USC00051772,Snow,1999-08-05T00:00:00.0000000-06:00,0.000000,P,,0,,NOAA,2013-08-08T07:41:24.4230000-06:00,in
37,USC00051772,Snow,1999-08-06T00:00:00.0000000-06:00,0.000000,P,,0,,NOAA,2013-08-08T07:41:24.4230000-06:00,in
37,USC00051772,Snow,1999-08-07T00:00:00.0000000-06:00,0.000000,P,,0,,NOAA,2013-08-08T07:41:24.4230000-06:00,in
37,USC00051772,Snow,1999-08-08T00:00:00.0000000-06:00,0.000000,P,,0,,NOAA,2013-08-08T07:41:24.4230000-06:00,in
37,USC00051772,Snow,1999-08-09T00:00:00.0000000-06:00,0.000000,P,,0,,NOAA,2013-08-08T07:41:24.4230000-06:00,in
37,USC00051772,Snow,1999-08-10T00:00:00.0000000-06:00,0.000000,P,,0,,NOAA,2013-08-08T07:41:24.4230000-06:00,in
37,USC00051772,Snow,1999-08-11T00:00:00.0000000-06:00,0.000000,P,,0,,NOAA,2013-08-08T07:41:24.4230000-06:00,in
37,USC00051772,Snow,1999-08-12T00:00:00.0000000-06:00,0.000000,P,,0,,NOAA,2013-08-08T07:41:24.4230000-06:00,in
37,USC00051772,Snow,1999-08-13T00:00:00.0000000-06:00,0.000000,P,,0,,NOAA,2013-08-08T07:41:24.4230000-06:00,in
37,USC00051772,Snow,1999-08-14T00:00:00.0000000-06:00,0.000000,P,,0,,NOAA,2013-08-08T07:41:24.4230000-06:00,in
37,USC00051772,Snow,1999-08-15T00:00:00.0000000-06:00,0.000000,P,,0,,NOAA,2013-08-08T07:41:24.4230000-06:00,in
37,USC00051772,Snow,1999-08-16T00:00:00.0000000-06:00,0.000000,P,,0,,NOAA,2013-08-08T07:41:24.4230000-06:00,in
37,USC00051772,Snow,1999-08-17T00:00:00.0000000-06:00,0.000000,P,,0,,NOAA,2013-08-08T07:41:24.4230000-06:00,in
37,USC00051772,Snow,1999-08-18T00:00:00.0000000-06:00,0.000000,P,,0,,NOAA,2013-08-08T07:41:24.4230000-06:00,in
37,USC00051772,Snow,1999-08-19T00:00:00.0000000-06:00,0.000000,P,,0,,NOAA,2013-08-08T07:41:24.4230000-06:00,in
37,USC00051772,Snow,1999-08-20T00:00:00.0000000-06:00,0.000000,P,,0,,NOAA,2013-08-08T07:41:24.4230000-06:00,in
37,USC00051772,Snow,1999-08-21T00:00:00.0000000-06:00,0.000000,P,,0,,NOAA,2013-08-08T07:41:24.4230000-06:00,in
37,USC00051772,Snow,1999-08-22T00:00:00.0000000-06:00,0.000000,P,,0,,NOAA,2013-08-08T07:41:24.4230000-06:00,in
37,USC00051772,Snow,1999-08-23T00:00:00.0000000-06:00,0.000000,P,,0,,NOAA,2013-08-08T07:41:24.4230000-06:00,in
37,USC00051772,Snow,1999-08-24T00:00:00.0000000-06:00,0.000000,P,,0,,NOAA,2013-08-08T07:41:24.4230000-06:00,in
37,USC00051772,Snow,1999-08-25T00:00:00.0000000-06:00,0.000000,P,,0,,NOAA,2013-08-08T07:41:24.4230000-06:00,in
37,USC00051772,Snow,1999-08-26T00:00:00.0000000-06:00,0.000000,P,,0,,NOAA,2013-08-08T07:41:24.4230000-06:00,in
37,USC00051772,Snow,1999-08-27T00:00:00.0000000-06:00,0.000000,P,,0,,NOAA,2013-08-08T07:41:24.4230000-06:00,in
37,USC00051772,Snow,1999-08-28T00:00:00.0000000-06:00,0.000000,P,,0,,NOAA,2013-08-08T07:41:24.4230000-06:00,in
37,USC00051772,Snow,1999-08-29T00:00:00.0000000-06:00,0.000000,P,,0,,NOAA,2013-08-08T07:41:24.4230000-06:00,in
37,USC00051772,Snow,1999-08-30T00:00:00.0000000-06:00,0.000000,P,,0,,NOAA,2013-08-08T07:41:24.4230000-06:00,in
37,USC00051772,Snow,1999-08-31T00:00:00.0000000-06:00,0.000000,P,,0,,NOAA,2013-08-08T07:41:24.4230000-06:00,in
37,USC00051772,Snow,1999-09-01T00:00:00.0000000-06:00,0.000000,P,,0,,NOAA,2013-08-08T07:41:24.4230000-06:00,in
37,USC00051772,Snow,1999-09-02T00:00:00.0000000-06:00,0.000000,P,,0,,NOAA,2013-08-08T07:41:24.4230000-06:00,in
37,USC00051772,Snow,1999-09-03T00:00:00.0000000-06:00,0.000000,P,,0,,NOAA,2013-08-08T07:41:24.4230000-06:00,in
37,USC00051772,Snow,1999-09-04T00:00:00.0000000-06:00,0.000000,P,,0,,NOAA,2013-08-08T07:41:24.4230000-06:00,in
37,USC00051772,Snow,1999-09-05T00:00:00.0000000-06:00,0.000000,P,,0,,NOAA,2013-08-08T07:41:24.4230000-06:00,in
37,USC00051772,Snow,1999-09-06T00:00:00.0000000-06:00,0.000000,P,,0,,NOAA,2013-08-08T07:41:24.4230000-06:00,in
37,USC00051772,Snow,1999-09-07T00:00:00.0000000-06:00,0.000000,P,,0,,NOAA,2013-08-08T07:41:24.4230000-06:00,in
37,USC00051772,Snow,1999-09-08T00:00:00.0000000-06:00,0.000000,P,,0,,NOAA,2013-08-08T07:41:24.4230000-06:00,in
37,USC00051772,Snow,1999-09-09T00:00:00.0000000-06:00,0.000000,P,,0,,NOAA,2013-08-08T07:41:24.4230000-06:00,in
37,USC00051772,Snow,1999-09-10T00:00:00.0000000-06:00,0.000000,P,,0,,NOAA,2013-08-08T07:41:24.4230000-06:00,in
37,USC00051772,Snow,1999-09-11T00:00:00.0000000-06:00,0.000000,P,,0,,NOAA,2013-08-08T07:41:24.4230000-06:00,in
37,USC00051772,Snow,1999-09-12T00:00:00.0000000-06:00,0.000000,P,,0,,NOAA,2013-08-08T07:41:24.4230000-06:00,in
37,USC00051772,Snow,1999-09-13T00:00:00.0000000-06:00,0.000000,P,,0,,NOAA,2013-08-08T07:41:24.4230000-06:00,in
37,USC00051772,Snow,1999-09-14T00:00:00.0000000-06:00,0.000000,P,,0,,NOAA,2013-08-08T07:41:24.4230000-06:00,in
37,USC00051772,Snow,1999-09-15T00:00:00.0000000-06:00,0.000000,P,,0,,NOAA,2013-08-08T07:41:24.4230000-06:00,in
37,USC00051772,Snow,1999-09-16T00:00:00.0000000-06:00,0.000000,P,,0,,NOAA,2013-08-08T07:41:24.4230000-06:00,in
37,USC00051772,Snow,1999-09-17T00:00:00.0000000-06:00,0.000000,P,,0,,NOAA,2013-08-08T07:41:24.4230000-06:00,in
37,USC00051772,Snow,1999-09-18T00:00:00.0000000-06:00,0.000000,P,,0,,NOAA,2013-08-08T07:41:24.4230000-06:00,in
37,USC00051772,Snow,1999-09-19T00:00:00.0000000-06:00,0.000000,P,,0,,NOAA,2013-08-08T07:41:24.4230000-06:00,in
37,USC00051772,Snow,1999-09-20T00:00:00.0000000-06:00,0.000000,P,,0,,NOAA,2013-08-08T07:41:24.4230000-06:00,in
37,USC00051772,Snow,1999-09-21T00:00:00.0000000-06:00,0.000000,P,,0,,NOAA,2013-08-08T07:41:24.4230000-06:00,in
37,USC00051772,Snow,1999-09-22T00:00:00.0000000-06:00,0.000000,P,,0,,NOAA,2013-08-08T07:41:24.4230000-06:00,in
37,USC00051772,Snow,1999-09-23T00:00:00.0000000-06:00,0.000000,P,,0,,NOAA,2013-08-08T07:41:24.4230000-06:00,in
37,USC00051772,Snow,1999-09-24T00:00:00.0000000-06:00,0.000000,P,,0,,NOAA,2013-08-08T07:41:24.4230000-06:00,in
37,USC00051772,Snow,1999-09-25T00:00:00.0000000-06:00,0.000000,P,,0,,NOAA,2013-08-08T07:41:24.4230000-06:00,in
37,USC00051772,Snow,1999-09-26T00:00:00.0000000-06:00,0.000000,P,,0,,NOAA,2013-08-08T07:41:24.4230000-06:00,in
37,USC00051772,Snow,1999-09-27T00:00:00.0000000-06:00,0.000000,P,,0,,NOAA,2013-08-08T07:41:24.4230000-06:00,in
37,USC00051772,Snow,1999-09-28T00:00:00.0000000-06:00,0.000000,P,,0,,NOAA,2013-08-08T07:41:24.4230000-06:00,in
37,USC00051772,Snow,1999-09-29T00:00:00.0000000-06:00,0.000000,P,,0,,NOAA,2013-08-08T07:41:24.4230000-06:00,in
37,USC00051772,Snow,1999-09-30T00:00:00.0000000-06:00,0.000000,P,,0,,NOAA,2013-08-08T07:41:24.4230000-06:00,in
37,USC00051772,Snow,1999-10-01T00:00:00.0000000-06:00,0.000000,P,,0,,NOAA,2013-08-08T07:41:24.4230000-06:00,in
37,USC00051772,Snow,1999-10-02T00:00:00.0000000-06:00,0.000000,P,,0,,NOAA,2013-08-08T07:41:24.4230000-06:00,in
37,USC00051772,Snow,1999-10-03T00:00:00.0000000-06:00,0.000000,P,,0,,NOAA,2013-08-08T07:41:24.4230000-06:00,in
37,USC00051772,Snow,1999-10-04T00:00:00.0000000-06:00,0.000000,P,,0,,NOAA,2013-08-08T07:41:24.4230000-06:00,in
37,USC00051772,Snow,1999-10-05T00:00:00.0000000-06:00,0.000000,P,,0,,NOAA,2013-08-08T07:41:24.4230000-06:00,in
37,USC00051772,Snow,1999-10-06T00:00:00.0000000-06:00,0.000000,P,,0,,NOAA,2013-08-08T07:41:24.4230000-06:00,in
37,USC00051772,Snow,1999-10-07T00:00:00.0000000-06:00,0.000000,P,,0,,NOAA,2013-08-08T07:41:24.4230000-06:00,in
37,USC00051772,Snow,1999-10-08T00:00:00.0000000-06:00,0.000000,P,,0,,NOAA,2013-08-08T07:41:24.4230000-06:00,in
37,USC00051772,Snow,1999-10-09T00:00:00.0000000-06:00,0.000000,P,,0,,NOAA,2013-08-08T07:41:24.4230000-06:00,in
37,USC00051772,Snow,1999-10-10T00:00:00.0000000-06:00,0.000000,P,,0,,NOAA,2013-08-08T07:41:24.4230000-06:00,in
37,USC00051772,Snow,1999-10-11T00:00:00.0000000-06:00,0.000000,P,,0,,NOAA,2013-08-08T07:41:24.4230000-06:00,in
37,USC00051772,Snow,1999-10-12T00:00:00.0000000-06:00,0.000000,P,,0,,NOAA,2013-08-08T07:41:24.4230000-06:00,in
37,USC00051772,Snow,1999-10-13T00:00:00.0000000-06:00,0.000000,P,,0,,NOAA,2013-08-08T07:41:24.4230000-06:00,in
37,USC00051772,Snow,1999-10-14T00:00:00.0000000-06:00,0.000000,P,,0,,NOAA,2013-08-08T07:41:24.4230000-06:00,in
37,USC00051772,Snow,1999-10-15T00:00:00.0000000-06:00,0.000000,P,,0,,NOAA,2013-08-08T07:41:24.4230000-06:00,in
37,USC00051772,Snow,1999-10-16T00:00:00.0000000-06:00,0.000000,P,,0,,NOAA,2013-08-08T07:41:24.4230000-06:00,in
37,USC00051772,Snow,1999-10-17T00:00:00.0000000-06:00,0.000000,P,,0,,NOAA,2013-08-08T07:41:24.4230000-06:00,in
37,USC00051772,Snow,1999-10-18T00:00:00.0000000-06:00,0.000000,P,,0,,NOAA,2013-08-08T07:41:24.4230000-06:00,in
37,USC00051772,Snow,1999-10-19T00:00:00.0000000-06:00,0.000000,P,,0,,NOAA,2013-08-08T07:41:24.4230000-06:00,in
37,USC00051772,Snow,1999-10-20T00:00:00.0000000-06:00,0.000000,P,,0,,NOAA,2013-08-08T07:41:24.4230000-06:00,in
37,USC00051772,Snow,1999-10-21T00:00:00.0000000-06:00,0.000000,P,,0,,NOAA,2013-08-08T07:41:24.4230000-06:00,in
37,USC00051772,Snow,1999-10-22T00:00:00.0000000-06:00,0.000000,P,,0,,NOAA,2013-08-08T07:41:24.4230000-06:00,in
37,USC00051772,Snow,1999-10-23T00:00:00.0000000-06:00,0.000000,P,,0,,NOAA,2013-08-08T07:41:24.4230000-06:00,in
37,USC00051772,Snow,1999-10-24T00:00:00.0000000-06:00,0.000000,P,,0,,NOAA,2013-08-08T07:41:24.4230000-06:00,in
37,USC00051772,Snow,1999-10-25T00:00:00.0000000-06:00,0.000000,P,,0,,NOAA,2013-08-08T07:41:24.4230000-06:00,in
37,USC00051772,Snow,1999-10-26T00:00:00.0000000-06:00,0.000000,P,,0,,NOAA,2013-08-08T07:41:24.4230000-06:00,in
37,USC00051772,Snow,1999-10-27T00:00:00.0000000-06:00,0.000000,P,,0,,NOAA,2013-08-08T07:41:24.4230000-06:00,in
37,USC00051772,Snow,1999-10-28T00:00:00.0000000-06:00,0.000000,P,,0,,NOAA,2013-08-08T07:41:24.4230000-06:00,in
37,USC00051772,Snow,1999-10-29T00:00:00.0000000-06:00,0.000000,P,,0,,NOAA,2013-08-08T07:41:24.4230000-06:00,in
37,USC00051772,Snow,1999-10-30T00:00:00.0000000-06:00,0.000000,P,,0,,NOAA,2013-08-08T07:41:24.4230000-06:00,in
37,USC00051772,Snow,1999-10-31T00:00:00.0000000-06:00,0.000000,P,,0,,NOAA,2013-08-08T07:41:24.4230000-06:00,in
37,USC00051772,Snow,1999-11-01T00:00:00.0000000-07:00,0.000000,P,,0,,NOAA,2013-08-08T07:41:24.4230000-06:00,in
37,USC00051772,Snow,1999-11-02T00:00:00.0000000-07:00,0.000000,P,,0,,NOAA,2013-08-08T07:41:24.4230000-06:00,in
37,USC00051772,Snow,1999-11-03T00:00:00.0000000-07:00,0.000000,P,,0,,NOAA,2013-08-08T07:41:24.4230000-06:00,in
37,USC00051772,Snow,1999-11-04T00:00:00.0000000-07:00,0.000000,P,,0,,NOAA,2013-08-08T07:41:24.4230000-06:00,in
37,USC00051772,Snow,1999-11-05T00:00:00.0000000-07:00,0.000000,P,,0,,NOAA,2013-08-08T07:41:24.4230000-06:00,in
37,USC00051772,Snow,1999-11-06T00:00:00.0000000-07:00,0.000000,P,,0,,NOAA,2013-08-08T07:41:24.4230000-06:00,in
37,USC00051772,Snow,1999-11-07T00:00:00.0000000-07:00,0.000000,P,,0,,NOAA,2013-08-08T07:41:24.4230000-06:00,in
37,USC00051772,Snow,1999-11-08T00:00:00.0000000-07:00,0.000000,P,,0,,NOAA,2013-08-08T07:41:24.4230000-06:00,in
37,USC00051772,Snow,1999-11-09T00:00:00.0000000-07:00,0.000000,P,,0,,NOAA,2013-08-08T07:41:24.4230000-06:00,in
37,USC00051772,Snow,1999-11-10T00:00:00.0000000-07:00,0.000000,P,,0,,NOAA,2013-08-08T07:41:24.4230000-06:00,in
37,USC00051772,Snow,1999-11-11T00:00:00.0000000-07:00,0.000000,P,,0,,NOAA,2013-08-08T07:41:24.4230000-06:00,in
37,USC00051772,Snow,1999-11-12T00:00:00.0000000-07:00,0.000000,P,,0,,NOAA,2013-08-08T07:41:24.4230000-06:00,in
37,USC00051772,Snow,1999-11-13T00:00:00.0000000-07:00,0.000000,P,,0,,NOAA,2013-08-08T07:41:24.4230000-06:00,in
37,USC00051772,Snow,1999-11-14T00:00:00.0000000-07:00,0.000000,P,,0,,NOAA,2013-08-08T07:41:24.4230000-06:00,in
37,USC00051772,Snow,1999-11-15T00:00:00.0000000-07:00,0.000000,P,,0,,NOAA,2013-08-08T07:41:24.4230000-06:00,in
37,USC00051772,Snow,1999-11-16T00:00:00.0000000-07:00,0.000000,P,,0,,NOAA,2013-08-08T07:41:24.4230000-06:00,in
37,USC00051772,Snow,1999-11-17T00:00:00.0000000-07:00,0.000000,P,,0,,NOAA,2013-08-08T07:41:24.4230000-06:00,in
37,USC00051772,Snow,1999-11-18T00:00:00.0000000-07:00,0.000000,P,,0,,NOAA,2013-08-08T07:41:24.4230000-06:00,in
37,USC00051772,Snow,1999-11-19T00:00:00.0000000-07:00,0.000000,P,,0,,NOAA,2013-08-08T07:41:24.4230000-06:00,in
37,USC00051772,Snow,1999-11-20T00:00:00.0000000-07:00,0.000000,P,,0,,NOAA,2013-08-08T07:41:24.4230000-06:00,in
37,USC00051772,Snow,1999-11-21T00:00:00.0000000-07:00,0.000000,P,,0,,NOAA,2013-08-08T07:41:24.4230000-06:00,in
37,USC00051772,Snow,1999-11-22T00:00:00.0000000-07:00,0.511811,,,0,,NOAA,2013-08-08T07:41:24.4230000-06:00,in
37,USC00051772,Snow,1999-11-23T00:00:00.0000000-07:00,0.000000,P,,0,,NOAA,2013-08-08T07:41:24.4230000-06:00,in
37,USC00051772,Snow,1999-11-24T00:00:00.0000000-07:00,0.000000,P,,0,,NOAA,2013-08-08T07:41:24.4230000-06:00,in
37,USC00051772,Snow,1999-11-25T00:00:00.0000000-07:00,0.000000,P,,0,,NOAA,2013-08-08T07:41:24.4230000-06:00,in
37,USC00051772,Snow,1999-11-26T00:00:00.0000000-07:00,0.000000,P,,0,,NOAA,2013-08-08T07:41:24.4230000-06:00,in
37,USC00051772,Snow,1999-11-27T00:00:00.0000000-07:00,0.000000,P,,0,,NOAA,2013-08-08T07:41:24.4230000-06:00,in
37,USC00051772,Snow,1999-11-28T00:00:00.0000000-07:00,0.000000,P,,0,,NOAA,2013-08-08T07:41:24.4230000-06:00,in
37,USC00051772,Snow,1999-11-29T00:00:00.0000000-07:00,0.000000,P,,0,,NOAA,2013-08-08T07:41:24.4230000-06:00,in
37,USC00051772,Snow,1999-11-30T00:00:00.0000000-07:00,0.000000,P,,0,,NOAA,2013-08-08T07:41:24.4230000-06:00,in
37,USC00051772,Snow,1999-12-01T00:00:00.0000000-07:00,0.000000,P,,0,,NOAA,2013-08-08T07:41:24.4230000-06:00,in
37,USC00051772,Snow,1999-12-02T00:00:00.0000000-07:00,0.000000,P,,0,,NOAA,2013-08-08T07:41:24.4230000-06:00,in
37,USC00051772,Snow,1999-12-03T00:00:00.0000000-07:00,0.000000,T,,0,,NOAA,2013-08-08T07:41:24.4230000-06:00,in
37,USC00051772,Snow,1999-12-04T00:00:00.0000000-07:00,0.000000,P,,0,,NOAA,2013-08-08T07:41:24.4230000-06:00,in
37,USC00051772,Snow,1999-12-05T00:00:00.0000000-07:00,0.000000,P,,0,,NOAA,2013-08-08T07:41:24.4230000-06:00,in
37,USC00051772,Snow,1999-12-06T00:00:00.0000000-07:00,0.000000,P,,0,,NOAA,2013-08-08T07:41:24.4230000-06:00,in
37,USC00051772,Snow,1999-12-07T00:00:00.0000000-07:00,0.000000,P,,0,,NOAA,2013-08-08T07:41:24.4230000-06:00,in
37,USC00051772,Snow,1999-12-08T00:00:00.0000000-07:00,1.181102,,,0,,NOAA,2013-08-08T07:41:24.4230000-06:00,in
37,USC00051772,Snow,1999-12-09T00:00:00.0000000-07:00,0.000000,P,,0,,NOAA,2013-08-08T07:41:24.4230000-06:00,in
37,USC00051772,Snow,1999-12-10T00:00:00.0000000-07:00,0.000000,P,,0,,NOAA,2013-08-08T07:41:24.4230000-06:00,in
37,USC00051772,Snow,1999-12-11T00:00:00.0000000-07:00,0.708661,,,0,,NOAA,2013-08-08T07:41:24.4230000-06:00,in
37,USC00051772,Snow,1999-12-12T00:00:00.0000000-07:00,0.000000,P,,0,,NOAA,2013-08-08T07:41:24.4230000-06:00,in
37,USC00051772,Snow,1999-12-13T00:00:00.0000000-07:00,0.000000,P,,0,,NOAA,2013-08-08T07:41:24.4230000-06:00,in
37,USC00051772,Snow,1999-12-14T00:00:00.0000000-07:00,0.984252,,,0,,NOAA,2013-08-08T07:41:24.4230000-06:00,in
37,USC00051772,Snow,1999-12-15T00:00:00.0000000-07:00,0.000000,P,,0,,NOAA,2013-08-08T07:41:24.4230000-06:00,in
37,USC00051772,Snow,1999-12-16T00:00:00.0000000-07:00,0.000000,P,,0,,NOAA,2013-08-08T07:41:24.4230000-06:00,in
37,USC00051772,Snow,1999-12-17T00:00:00.0000000-07:00,0.000000,P,,0,,NOAA,2013-08-08T07:41:24.4230000-06:00,in
37,USC00051772,Snow,1999-12-18T00:00:00.0000000-07:00,0.000000,P,,0,,NOAA,2013-08-08T07:41:24.4230000-06:00,in
37,USC00051772,Snow,1999-12-19T00:00:00.0000000-07:00,0.000000,P,,0,,NOAA,2013-08-08T07:41:24.4230000-06:00,in
37,USC00051772,Snow,1999-12-20T00:00:00.0000000-07:00,0.000000,P,,0,,NOAA,2013-08-08T07:41:24.4230000-06:00,in
37,USC00051772,Snow,1999-12-21T00:00:00.0000000-07:00,0.511811,,,0,,NOAA,2013-08-08T07:41:24.4230000-06:00,in
37,USC00051772,Snow,1999-12-22T00:00:00.0000000-07:00,0.000000,P,,0,,NOAA,2013-08-08T07:41:24.4230000-06:00,in
37,USC00051772,Snow,1999-12-23T00:00:00.0000000-07:00,0.000000,P,,0,,NOAA,2013-08-08T07:41:24.4230000-06:00,in
37,USC00051772,Snow,1999-12-24T00:00:00.0000000-07:00,0.000000,P,,0,,NOAA,2013-08-08T07:41:24.4230000-06:00,in
37,USC00051772,Snow,1999-12-25T00:00:00.0000000-07:00,0.000000,P,,0,,NOAA,2013-08-08T07:41:24.4230000-06:00,in
37,USC00051772,Snow,1999-12-26T00:00:00.0000000-07:00,0.000000,P,,0,,NOAA,2013-08-08T07:41:24.4230000-06:00,in
37,USC00051772,Snow,1999-12-27T00:00:00.0000000-07:00,0.000000,P,,0,,NOAA,2013-08-08T07:41:24.4230000-06:00,in
37,USC00051772,Snow,1999-12-28T00:00:00.0000000-07:00,0.000000,P,,0,,NOAA,2013-08-08T07:41:24.4230000-06:00,in
37,USC00051772,Snow,1999-12-29T00:00:00.0000000-07:00,0.000000,P,,0,,NOAA,2013-08-08T07:41:24.4230000-06:00,in
37,USC00051772,Snow,1999-12-30T00:00:00.0000000-07:00,0.000000,P,,0,,NOAA,2013-08-08T07:41:24.4230000-06:00,in
37,USC00051772,Snow,1999-12-31T00:00:00.0000000-07:00,0.000000,P,,0,,NOAA,2013-08-08T07:41:24.4230000-06:00,in
37,USC00051772,Snow,2000-01-01T00:00:00.0000000-07:00,0.000000,T,,0,,NOAA,2013-08-08T07:41:24.4230000-06:00,in
37,USC00051772,Snow,2000-01-03T00:00:00.0000000-07:00,2.007874,,,0,,NOAA,2013-08-08T07:41:24.4230000-06:00,in
37,USC00051772,Snow,2000-01-04T00:00:00.0000000-07:00,0.000000,,,0,,NOAA,2013-08-08T07:41:24.4230000-06:00,in
37,USC00051772,Snow,2000-01-05T00:00:00.0000000-07:00,0.000000,T,,0,,NOAA,2013-08-08T07:41:24.4230000-06:00,in
37,USC00051772,Snow,2000-01-06T00:00:00.0000000-07:00,0.000000,P,,0,,NOAA,2013-08-08T07:41:24.4230000-06:00,in
37,USC00051772,Snow,2000-01-07T00:00:00.0000000-07:00,0.000000,P,,0,,NOAA,2013-08-08T07:41:24.4230000-06:00,in
37,USC00051772,Snow,2000-01-08T00:00:00.0000000-07:00,0.000000,P,,0,,NOAA,2013-08-08T07:41:24.4230000-06:00,in
37,USC00051772,Snow,2000-01-09T00:00:00.0000000-07:00,0.000000,P,,0,,NOAA,2013-08-08T07:41:24.4230000-06:00,in
37,USC00051772,Snow,2000-01-10T00:00:00.0000000-07:00,0.000000,P,,0,,NOAA,2013-08-08T07:41:24.4230000-06:00,in
37,USC00051772,Snow,2000-01-11T00:00:00.0000000-07:00,0.000000,P,,0,,NOAA,2013-08-08T07:41:24.4230000-06:00,in
37,USC00051772,Snow,2000-01-12T00:00:00.0000000-07:00,0.000000,P,,0,,NOAA,2013-08-08T07:41:24.4230000-06:00,in
37,USC00051772,Snow,2000-01-13T00:00:00.0000000-07:00,0.000000,P,,0,,NOAA,2013-08-08T07:41:24.4230000-06:00,in
37,USC00051772,Snow,2000-01-14T00:00:00.0000000-07:00,0.000000,P,,0,,NOAA,2013-08-08T07:41:24.4230000-06:00,in
37,USC00051772,Snow,2000-01-15T00:00:00.0000000-07:00,0.000000,P,,0,,NOAA,2013-08-08T07:41:24.4230000-06:00,in
37,USC00051772,Snow,2000-01-16T00:00:00.0000000-07:00,0.000000,P,,0,,NOAA,2013-08-08T07:41:24.4230000-06:00,in
37,USC00051772,Snow,2000-01-17T00:00:00.0000000-07:00,0.000000,P,,0,,NOAA,2013-08-08T07:41:24.4230000-06:00,in
37,USC00051772,Snow,2000-01-18T00:00:00.0000000-07:00,0.000000,P,,0,,NOAA,2013-08-08T07:41:24.4230000-06:00,in
37,USC00051772,Snow,2000-01-19T00:00:00.0000000-07:00,0.000000,P,,0,,NOAA,2013-08-08T07:41:24.4230000-06:00,in
37,USC00051772,Snow,2000-01-20T00:00:00.0000000-07:00,0.000000,P,,0,,NOAA,2013-08-08T07:41:24.4230000-06:00,in
37,USC00051772,Snow,2000-01-21T00:00:00.0000000-07:00,0.000000,P,,0,,NOAA,2013-08-08T07:41:24.4230000-06:00,in
37,USC00051772,Snow,2000-01-22T00:00:00.0000000-07:00,2.007874,,,0,,NOAA,2013-08-08T07:41:24.4230000-06:00,in
37,USC00051772,Snow,2000-01-23T00:00:00.0000000-07:00,0.000000,P,,0,,NOAA,2013-08-08T07:41:24.4230000-06:00,in
37,USC00051772,Snow,2000-01-24T00:00:00.0000000-07:00,0.000000,P,,0,,NOAA,2013-08-08T07:41:24.4230000-06:00,in
37,USC00051772,Snow,2000-01-25T00:00:00.0000000-07:00,0.000000,P,,0,,NOAA,2013-08-08T07:41:24.4230000-06:00,in
37,USC00051772,Snow,2000-01-26T00:00:00.0000000-07:00,0.000000,P,,0,,NOAA,2013-08-08T07:41:24.4230000-06:00,in
37,USC00051772,Snow,2000-01-27T00:00:00.0000000-07:00,0.000000,P,,0,,NOAA,2013-08-08T07:41:24.4230000-06:00,in
37,USC00051772,Snow,2000-01-28T00:00:00.0000000-07:00,0.000000,P,,0,,NOAA,2013-08-08T07:41:24.4230000-06:00,in
37,USC00051772,Snow,2000-01-29T00:00:00.0000000-07:00,0.000000,P,,0,,NOAA,2013-08-08T07:41:24.4230000-06:00,in
37,USC00051772,Snow,2000-01-30T00:00:00.0000000-07:00,0.000000,P,,0,,NOAA,2013-08-08T07:41:24.4230000-06:00,in
37,USC00051772,Snow,2000-01-31T00:00:00.0000000-07:00,0.000000,P,,0,,NOAA,2013-08-08T07:41:24.4230000-06:00,in
37,USC00051772,Snow,2000-02-01T00:00:00.0000000-07:00,0.000000,P,,0,,NOAA,2013-08-08T07:41:24.4230000-06:00,in
37,USC00051772,Snow,2000-02-02T00:00:00.0000000-07:00,0.000000,P,,0,,NOAA,2013-08-08T07:41:24.4230000-06:00,in
37,USC00051772,Snow,2000-02-03T00:00:00.0000000-07:00,0.000000,P,,0,,NOAA,2013-08-08T07:41:24.4230000-06:00,in
37,USC00051772,Snow,2000-02-04T00:00:00.0000000-07:00,0.000000,P,,0,,NOAA,2013-08-08T07:41:24.4230000-06:00,in
37,USC00051772,Snow,2000-02-05T00:00:00.0000000-07:00,0.000000,P,,0,,NOAA,2013-08-08T07:41:24.4230000-06:00,in
37,USC00051772,Snow,2000-02-06T00:00:00.0000000-07:00,0.000000,P,,0,,NOAA,2013-08-08T07:41:24.4230000-06:00,in
37,USC00051772,Snow,2000-02-07T00:00:00.0000000-07:00,0.000000,P,,0,,NOAA,2013-08-08T07:41:24.4230000-06:00,in
37,USC00051772,Snow,2000-02-08T00:00:00.0000000-07:00,0.000000,P,,0,,NOAA,2013-08-08T07:41:24.4230000-06:00,in
37,USC00051772,Snow,2000-02-09T00:00:00.0000000-07:00,0.000000,P,,0,,NOAA,2013-08-08T07:41:24.4230000-06:00,in
37,USC00051772,Snow,2000-02-10T00:00:00.0000000-07:00,0.000000,P,,0,,NOAA,2013-08-08T07:41:24.4230000-06:00,in
37,USC00051772,Snow,2000-02-11T00:00:00.0000000-07:00,0.000000,P,,0,,NOAA,2013-08-08T07:41:24.4230000-06:00,in
37,USC00051772,Snow,2000-02-12T00:00:00.0000000-07:00,0.000000,P,,0,,NOAA,2013-08-08T07:41:24.4230000-06:00,in
37,USC00051772,Snow,2000-02-13T00:00:00.0000000-07:00,0.000000,P,,0,,NOAA,2013-08-08T07:41:24.4230000-06:00,in
37,USC00051772,Snow,2000-02-14T00:00:00.0000000-07:00,0.000000,P,,0,,NOAA,2013-08-08T07:41:24.4230000-06:00,in
37,USC00051772,Snow,2000-02-15T00:00:00.0000000-07:00,0.000000,T,,0,,NOAA,2013-08-08T07:41:24.4230000-06:00,in
37,USC00051772,Snow,2000-02-16T00:00:00.0000000-07:00,0.000000,P,,0,,NOAA,2013-08-08T07:41:24.4230000-06:00,in
37,USC00051772,Snow,2000-02-17T00:00:00.0000000-07:00,0.000000,P,,0,,NOAA,2013-08-08T07:41:24.4230000-06:00,in
37,USC00051772,Snow,2000-02-18T00:00:00.0000000-07:00,0.000000,P,,0,,NOAA,2013-08-08T07:41:24.4230000-06:00,in
37,USC00051772,Snow,2000-02-19T00:00:00.0000000-07:00,0.000000,P,,0,,NOAA,2013-08-08T07:41:24.4230000-06:00,in
37,USC00051772,Snow,2000-02-20T00:00:00.0000000-07:00,0.000000,P,,0,,NOAA,2013-08-08T07:41:24.4230000-06:00,in
37,USC00051772,Snow,2000-02-21T00:00:00.0000000-07:00,0.000000,P,,0,,NOAA,2013-08-08T07:41:24.4230000-06:00,in
37,USC00051772,Snow,2000-02-22T00:00:00.0000000-07:00,0.000000,P,,0,,NOAA,2013-08-08T07:41:24.4230000-06:00,in
37,USC00051772,Snow,2000-02-23T00:00:00.0000000-07:00,0.000000,P,,0,,NOAA,2013-08-08T07:41:24.4230000-06:00,in
37,USC00051772,Snow,2000-02-24T00:00:00.0000000-07:00,0.000000,P,,0,,NOAA,2013-08-08T07:41:24.4230000-06:00,in
37,USC00051772,Snow,2000-02-25T00:00:00.0000000-07:00,0.000000,P,,0,,NOAA,2013-08-08T07:41:24.4230000-06:00,in
37,USC00051772,Snow,2000-02-26T00:00:00.0000000-07:00,0.000000,P,,0,,NOAA,2013-08-08T07:41:24.4230000-06:00,in
37,USC00051772,Snow,2000-02-27T00:00:00.0000000-07:00,0.000000,P,,0,,NOAA,2013-08-08T07:41:24.4230000-06:00,in
37,USC00051772,Snow,2000-02-28T00:00:00.0000000-07:00,0.000000,P,,0,,NOAA,2013-08-08T07:41:24.4230000-06:00,in
37,USC00051772,Snow,2000-02-29T00:00:00.0000000-07:00,0.000000,P,,0,,NOAA,2013-08-08T07:41:24.4230000-06:00,in
37,USC00051772,Snow,2000-03-01T00:00:00.0000000-07:00,0.000000,P,,0,,NOAA,2013-08-08T07:41:24.4230000-06:00,in
37,USC00051772,Snow,2000-03-02T00:00:00.0000000-07:00,0.000000,P,,0,,NOAA,2013-08-08T07:41:24.4230000-06:00,in
37,USC00051772,Snow,2000-03-03T00:00:00.0000000-07:00,0.000000,P,,0,,NOAA,2013-08-08T07:41:24.4230000-06:00,in
37,USC00051772,Snow,2000-03-04T00:00:00.0000000-07:00,0.000000,P,,0,,NOAA,2013-08-08T07:41:24.4230000-06:00,in
37,USC00051772,Snow,2000-03-05T00:00:00.0000000-07:00,0.000000,P,,0,,NOAA,2013-08-08T07:41:24.4230000-06:00,in
37,USC00051772,Snow,2000-03-06T00:00:00.0000000-07:00,0.000000,P,,0,,NOAA,2013-08-08T07:41:24.4230000-06:00,in
37,USC00051772,Snow,2000-03-07T00:00:00.0000000-07:00,0.000000,T,,0,,NOAA,2013-08-08T07:41:24.4230000-06:00,in
37,USC00051772,Snow,2000-03-08T00:00:00.0000000-07:00,0.000000,P,,0,,NOAA,2013-08-08T07:41:24.4230000-06:00,in
37,USC00051772,Snow,2000-03-09T00:00:00.0000000-07:00,0.000000,T,,0,,NOAA,2013-08-08T07:41:24.4230000-06:00,in
37,USC00051772,Snow,2000-03-10T00:00:00.0000000-07:00,0.000000,P,,0,,NOAA,2013-08-08T07:41:24.4230000-06:00,in
37,USC00051772,Snow,2000-03-11T00:00:00.0000000-07:00,0.000000,P,,0,,NOAA,2013-08-08T07:41:24.4230000-06:00,in
37,USC00051772,Snow,2000-03-12T00:00:00.0000000-07:00,0.000000,T,,0,,NOAA,2013-08-08T07:41:24.4230000-06:00,in
37,USC00051772,Snow,2000-03-13T00:00:00.0000000-07:00,0.000000,P,,0,,NOAA,2013-08-08T07:41:24.4230000-06:00,in
37,USC00051772,Snow,2000-03-14T00:00:00.0000000-07:00,0.000000,P,,0,,NOAA,2013-08-08T07:41:24.4230000-06:00,in
37,USC00051772,Snow,2000-03-15T00:00:00.0000000-07:00,0.000000,P,,0,,NOAA,2013-08-08T07:41:24.4230000-06:00,in
37,USC00051772,Snow,2000-03-16T00:00:00.0000000-07:00,0.000000,T,,0,,NOAA,2013-08-08T07:41:24.4230000-06:00,in
37,USC00051772,Snow,2000-03-17T00:00:00.0000000-07:00,0.000000,P,,0,,NOAA,2013-08-08T07:41:24.4230000-06:00,in
37,USC00051772,Snow,2000-03-18T00:00:00.0000000-07:00,0.000000,P,,0,,NOAA,2013-08-08T07:41:24.4230000-06:00,in
37,USC00051772,Snow,2000-03-19T00:00:00.0000000-07:00,0.000000,P,,0,,NOAA,2013-08-08T07:41:24.4230000-06:00,in
37,USC00051772,Snow,2000-03-20T00:00:00.0000000-07:00,2.007874,,,0,,NOAA,2013-08-08T07:41:24.4230000-06:00,in
37,USC00051772,Snow,2000-03-21T00:00:00.0000000-07:00,2.007874,,,0,,NOAA,2013-08-08T07:41:24.4230000-06:00,in
37,USC00051772,Snow,2000-03-22T00:00:00.0000000-07:00,0.000000,P,,0,,NOAA,2013-08-08T07:41:24.4230000-06:00,in
37,USC00051772,Snow,2000-03-23T00:00:00.0000000-07:00,0.000000,P,,0,,NOAA,2013-08-08T07:41:24.4230000-06:00,in
37,USC00051772,Snow,2000-03-24T00:00:00.0000000-07:00,0.000000,P,,0,,NOAA,2013-08-08T07:41:24.4230000-06:00,in
37,USC00051772,Snow,2000-03-25T00:00:00.0000000-07:00,0.000000,P,,0,,NOAA,2013-08-08T07:41:24.4230000-06:00,in
37,USC00051772,Snow,2000-03-26T00:00:00.0000000-07:00,0.000000,P,,0,,NOAA,2013-08-08T07:41:24.4230000-06:00,in
37,USC00051772,Snow,2000-03-27T00:00:00.0000000-07:00,0.000000,P,,0,,NOAA,2013-08-08T07:41:24.4230000-06:00,in
37,USC00051772,Snow,2000-03-28T00:00:00.0000000-07:00,0.000000,P,,0,,NOAA,2013-08-08T07:41:24.4230000-06:00,in
37,USC00051772,Snow,2000-03-29T00:00:00.0000000-07:00,0.000000,P,,0,,NOAA,2013-08-08T07:41:24.4230000-06:00,in
37,USC00051772,Snow,2000-03-30T00:00:00.0000000-07:00,0.000000,P,,0,,NOAA,2013-08-08T07:41:24.4230000-06:00,in
37,USC00051772,Snow,2000-03-31T00:00:00.0000000-07:00,0.000000,P,,0,,NOAA,2013-08-08T07:41:24.4230000-06:00,in
37,USC00051772,Snow,2000-04-01T00:00:00.0000000-07:00,0.000000,P,,0,,NOAA,2013-08-08T07:41:24.4230000-06:00,in
37,USC00051772,Snow,2000-04-02T00:00:00.0000000-07:00,0.000000,P,,0,,NOAA,2013-08-08T07:41:24.4230000-06:00,in
37,USC00051772,Snow,2000-04-03T00:00:00.0000000-06:00,0.000000,P,,0,,NOAA,2013-08-08T07:41:24.4230000-06:00,in
37,USC00051772,Snow,2000-04-04T00:00:00.0000000-06:00,0.000000,P,,0,,NOAA,2013-08-08T07:41:24.4230000-06:00,in
37,USC00051772,Snow,2000-04-05T00:00:00.0000000-06:00,0.000000,P,,0,,NOAA,2013-08-08T07:41:24.4230000-06:00,in
37,USC00051772,Snow,2000-04-06T00:00:00.0000000-06:00,0.000000,P,,0,,NOAA,2013-08-08T07:41:24.4230000-06:00,in
37,USC00051772,Snow,2000-04-07T00:00:00.0000000-06:00,0.000000,P,,0,,NOAA,2013-08-08T07:41:24.4230000-06:00,in
37,USC00051772,Snow,2000-04-08T00:00:00.0000000-06:00,0.000000,P,,0,,NOAA,2013-08-08T07:41:24.4230000-06:00,in
37,USC00051772,Snow,2000-04-09T00:00:00.0000000-06:00,0.000000,P,,0,,NOAA,2013-08-08T07:41:24.4230000-06:00,in
37,USC00051772,Snow,2000-04-10T00:00:00.0000000-06:00,0.000000,P,,0,,NOAA,2013-08-08T07:41:24.4230000-06:00,in
37,USC00051772,Snow,2000-04-11T00:00:00.0000000-06:00,0.000000,P,,0,,NOAA,2013-08-08T07:41:24.4230000-06:00,in
37,USC00051772,Snow,2000-04-12T00:00:00.0000000-06:00,0.000000,P,,0,,NOAA,2013-08-08T07:41:24.4230000-06:00,in
37,USC00051772,Snow,2000-04-13T00:00:00.0000000-06:00,0.000000,P,,0,,NOAA,2013-08-08T07:41:24.4230000-06:00,in
37,USC00051772,Snow,2000-04-14T00:00:00.0000000-06:00,0.000000,P,,0,,NOAA,2013-08-08T07:41:24.4230000-06:00,in
37,USC00051772,Snow,2000-04-15T00:00:00.0000000-06:00,0.000000,P,,0,,NOAA,2013-08-08T07:41:24.4230000-06:00,in
37,USC00051772,Snow,2000-04-16T00:00:00.0000000-06:00,0.000000,P,,0,,NOAA,2013-08-08T07:41:24.4230000-06:00,in
37,USC00051772,Snow,2000-04-17T00:00:00.0000000-06:00,0.000000,P,,0,,NOAA,2013-08-08T07:41:24.4230000-06:00,in
37,USC00051772,Snow,2000-04-18T00:00:00.0000000-06:00,0.000000,P,,0,,NOAA,2013-08-08T07:41:24.4230000-06:00,in
37,USC00051772,Snow,2000-04-19T00:00:00.0000000-06:00,0.000000,P,,0,,NOAA,2013-08-08T07:41:24.4230000-06:00,in
37,USC00051772,Snow,2000-04-20T00:00:00.0000000-06:00,0.000000,P,,0,,NOAA,2013-08-08T07:41:24.4230000-06:00,in
37,USC00051772,Snow,2000-04-21T00:00:00.0000000-06:00,0.000000,P,,0,,NOAA,2013-08-08T07:41:24.4230000-06:00,in
37,USC00051772,Snow,2000-04-22T00:00:00.0000000-06:00,0.000000,P,,0,,NOAA,2013-08-08T07:41:24.4230000-06:00,in
37,USC00051772,Snow,2000-04-23T00:00:00.0000000-06:00,0.000000,P,,0,,NOAA,2013-08-08T07:41:24.4230000-06:00,in
37,USC00051772,Snow,2000-04-24T00:00:00.0000000-06:00,0.000000,P,,0,,NOAA,2013-08-08T07:41:24.4230000-06:00,in
37,USC00051772,Snow,2000-04-25T00:00:00.0000000-06:00,0.000000,P,,0,,NOAA,2013-08-08T07:41:24.4230000-06:00,in
37,USC00051772,Snow,2000-04-26T00:00:00.0000000-06:00,0.000000,P,,0,,NOAA,2013-08-08T07:41:24.4230000-06:00,in
37,USC00051772,Snow,2000-04-27T00:00:00.0000000-06:00,0.000000,P,,0,,NOAA,2013-08-08T07:41:24.4230000-06:00,in
37,USC00051772,Snow,2000-04-28T00:00:00.0000000-06:00,0.000000,P,,0,,NOAA,2013-08-08T07:41:24.4230000-06:00,in
37,USC00051772,Snow,2000-04-29T00:00:00.0000000-06:00,0.000000,P,,0,,NOAA,2013-08-08T07:41:24.4230000-06:00,in
37,USC00051772,Snow,2000-04-30T00:00:00.0000000-06:00,0.000000,P,,0,,NOAA,2013-08-08T07:41:24.4230000-06:00,in
37,USC00051772,Snow,2000-05-01T00:00:00.0000000-06:00,0.000000,P,,0,,NOAA,2013-08-08T07:41:24.4230000-06:00,in
37,USC00051772,Snow,2000-05-02T00:00:00.0000000-06:00,0.000000,P,,0,,NOAA,2013-08-08T07:41:24.4230000-06:00,in
37,USC00051772,Snow,2000-05-03T00:00:00.0000000-06:00,0.000000,P,,0,,NOAA,2013-08-08T07:41:24.4230000-06:00,in
37,USC00051772,Snow,2000-05-04T00:00:00.0000000-06:00,0.000000,P,,0,,NOAA,2013-08-08T07:41:24.4230000-06:00,in
37,USC00051772,Snow,2000-05-05T00:00:00.0000000-06:00,0.000000,P,,0,,NOAA,2013-08-08T07:41:24.4230000-06:00,in
37,USC00051772,Snow,2000-05-06T00:00:00.0000000-06:00,0.000000,P,,0,,NOAA,2013-08-08T07:41:24.4230000-06:00,in
37,USC00051772,Snow,2000-05-07T00:00:00.0000000-06:00,0.000000,P,,0,,NOAA,2013-08-08T07:41:24.4230000-06:00,in
37,USC00051772,Snow,2000-05-08T00:00:00.0000000-06:00,0.000000,P,,0,,NOAA,2013-08-08T07:41:24.4230000-06:00,in
37,USC00051772,Snow,2000-05-09T00:00:00.0000000-06:00,0.000000,P,,0,,NOAA,2013-08-08T07:41:24.4230000-06:00,in
37,USC00051772,Snow,2000-05-10T00:00:00.0000000-06:00,0.000000,P,,0,,NOAA,2013-08-08T07:41:24.4230000-06:00,in
37,USC00051772,Snow,2000-05-11T00:00:00.0000000-06:00,0.000000,P,,0,,NOAA,2013-08-08T07:41:24.4230000-06:00,in
37,USC00051772,Snow,2000-05-12T00:00:00.0000000-06:00,0.000000,P,,0,,NOAA,2013-08-08T07:41:24.4230000-06:00,in
37,USC00051772,Snow,2000-05-13T00:00:00.0000000-06:00,0.000000,P,,0,,NOAA,2013-08-08T07:41:24.4230000-06:00,in
37,USC00051772,Snow,2000-05-14T00:00:00.0000000-06:00,0.000000,P,,0,,NOAA,2013-08-08T07:41:24.4230000-06:00,in
37,USC00051772,Snow,2000-05-15T00:00:00.0000000-06:00,0.000000,P,,0,,NOAA,2013-08-08T07:41:24.4230000-06:00,in
37,USC00051772,Snow,2000-05-16T00:00:00.0000000-06:00,0.000000,P,,0,,NOAA,2013-08-08T07:41:24.4230000-06:00,in
37,USC00051772,Snow,2000-05-17T00:00:00.0000000-06:00,0.000000,P,,0,,NOAA,2013-08-08T07:41:24.4230000-06:00,in
37,USC00051772,Snow,2000-05-18T00:00:00.0000000-06:00,0.000000,P,,0,,NOAA,2013-08-08T07:41:24.4230000-06:00,in
37,USC00051772,Snow,2000-05-19T00:00:00.0000000-06:00,0.000000,P,,0,,NOAA,2013-08-08T07:41:24.4230000-06:00,in
37,USC00051772,Snow,2000-05-20T00:00:00.0000000-06:00,0.000000,P,,0,,NOAA,2013-08-08T07:41:24.4230000-06:00,in
37,USC00051772,Snow,2000-05-21T00:00:00.0000000-06:00,0.000000,P,,0,,NOAA,2013-08-08T07:41:24.4230000-06:00,in
37,USC00051772,Snow,2000-05-22T00:00:00.0000000-06:00,0.000000,P,,0,,NOAA,2013-08-08T07:41:24.4230000-06:00,in
37,USC00051772,Snow,2000-05-23T00:00:00.0000000-06:00,0.000000,P,,0,,NOAA,2013-08-08T07:41:24.4230000-06:00,in
37,USC00051772,Snow,2000-05-24T00:00:00.0000000-06:00,0.000000,P,,0,,NOAA,2013-08-08T07:41:24.4230000-06:00,in
37,USC00051772,Snow,2000-05-25T00:00:00.0000000-06:00,0.000000,P,,0,,NOAA,2013-08-08T07:41:24.4230000-06:00,in
37,USC00051772,Snow,2000-05-26T00:00:00.0000000-06:00,0.000000,P,,0,,NOAA,2013-08-08T07:41:24.4230000-06:00,in
37,USC00051772,Snow,2000-05-27T00:00:00.0000000-06:00,0.000000,P,,0,,NOAA,2013-08-08T07:41:24.4230000-06:00,in
37,USC00051772,Snow,2000-05-28T00:00:00.0000000-06:00,0.000000,P,,0,,NOAA,2013-08-08T07:41:24.4230000-06:00,in
37,USC00051772,Snow,2000-05-29T00:00:00.0000000-06:00,0.000000,P,,0,,NOAA,2013-08-08T07:41:24.4230000-06:00,in
37,USC00051772,Snow,2000-05-30T00:00:00.0000000-06:00,0.000000,P,,0,,NOAA,2013-08-08T07:41:24.4230000-06:00,in
37,USC00051772,Snow,2000-05-31T00:00:00.0000000-06:00,0.000000,P,,0,,NOAA,2013-08-08T07:41:24.4230000-06:00,in
37,USC00051772,Snow,2000-06-01T00:00:00.0000000-06:00,0.000000,P,,0,,NOAA,2013-08-08T07:41:24.4230000-06:00,in
37,USC00051772,Snow,2000-06-02T00:00:00.0000000-06:00,0.000000,P,,0,,NOAA,2013-08-08T07:41:24.4230000-06:00,in
37,USC00051772,Snow,2000-06-03T00:00:00.0000000-06:00,0.000000,P,,0,,NOAA,2013-08-08T07:41:24.4230000-06:00,in
37,USC00051772,Snow,2000-06-04T00:00:00.0000000-06:00,0.000000,P,,0,,NOAA,2013-08-08T07:41:24.4230000-06:00,in
37,USC00051772,Snow,2000-06-05T00:00:00.0000000-06:00,0.000000,P,,0,,NOAA,2013-08-08T07:41:24.4230000-06:00,in
37,USC00051772,Snow,2000-06-06T00:00:00.0000000-06:00,0.000000,P,,0,,NOAA,2013-08-08T07:41:24.4230000-06:00,in
37,USC00051772,Snow,2000-06-07T00:00:00.0000000-06:00,0.000000,P,,0,,NOAA,2013-08-08T07:41:24.4230000-06:00,in
37,USC00051772,Snow,2000-06-08T00:00:00.0000000-06:00,0.000000,P,,0,,NOAA,2013-08-08T07:41:24.4230000-06:00,in
37,USC00051772,Snow,2000-06-09T00:00:00.0000000-06:00,0.000000,P,,0,,NOAA,2013-08-08T07:41:24.4230000-06:00,in
37,USC00051772,Snow,2000-06-10T00:00:00.0000000-06:00,0.000000,P,,0,,NOAA,2013-08-08T07:41:24.4230000-06:00,in
37,USC00051772,Snow,2000-06-11T00:00:00.0000000-06:00,0.000000,P,,0,,NOAA,2013-08-08T07:41:24.4230000-06:00,in
37,USC00051772,Snow,2000-06-12T00:00:00.0000000-06:00,0.000000,P,,0,,NOAA,2013-08-08T07:41:24.4230000-06:00,in
37,USC00051772,Snow,2000-06-13T00:00:00.0000000-06:00,0.000000,P,,0,,NOAA,2013-08-08T07:41:24.4230000-06:00,in
37,USC00051772,Snow,2000-06-14T00:00:00.0000000-06:00,0.000000,P,,0,,NOAA,2013-08-08T07:41:24.4230000-06:00,in
37,USC00051772,Snow,2000-06-15T00:00:00.0000000-06:00,0.000000,P,,0,,NOAA,2013-08-08T07:41:24.4230000-06:00,in
37,USC00051772,Snow,2000-06-16T00:00:00.0000000-06:00,0.000000,P,,0,,NOAA,2013-08-08T07:41:24.4230000-06:00,in
37,USC00051772,Snow,2000-06-17T00:00:00.0000000-06:00,0.000000,P,,0,,NOAA,2013-08-08T07:41:24.4230000-06:00,in
37,USC00051772,Snow,2000-06-18T00:00:00.0000000-06:00,0.000000,P,,0,,NOAA,2013-08-08T07:41:24.4230000-06:00,in
37,USC00051772,Snow,2000-06-19T00:00:00.0000000-06:00,0.000000,P,,0,,NOAA,2013-08-08T07:41:24.4230000-06:00,in
37,USC00051772,Snow,2000-06-20T00:00:00.0000000-06:00,0.000000,P,,0,,NOAA,2013-08-08T07:41:24.4230000-06:00,in
37,USC00051772,Snow,2000-06-21T00:00:00.0000000-06:00,0.000000,P,,0,,NOAA,2013-08-08T07:41:24.4230000-06:00,in
37,USC00051772,Snow,2000-06-22T00:00:00.0000000-06:00,0.000000,P,,0,,NOAA,2013-08-08T07:41:24.4230000-06:00,in
37,USC00051772,Snow,2000-06-23T00:00:00.0000000-06:00,0.000000,P,,0,,NOAA,2013-08-08T07:41:24.4230000-06:00,in
37,USC00051772,Snow,2000-06-24T00:00:00.0000000-06:00,0.000000,P,,0,,NOAA,2013-08-08T07:41:24.4230000-06:00,in
37,USC00051772,Snow,2000-06-25T00:00:00.0000000-06:00,0.000000,P,,0,,NOAA,2013-08-08T07:41:24.4230000-06:00,in
37,USC00051772,Snow,2000-06-26T00:00:00.0000000-06:00,0.000000,P,,0,,NOAA,2013-08-08T07:41:24.4230000-06:00,in
37,USC00051772,Snow,2000-06-27T00:00:00.0000000-06:00,0.000000,P,,0,,NOAA,2013-08-08T07:41:24.4230000-06:00,in
37,USC00051772,Snow,2000-06-28T00:00:00.0000000-06:00,0.000000,P,,0,,NOAA,2013-08-08T07:41:24.4230000-06:00,in
37,USC00051772,Snow,2000-06-29T00:00:00.0000000-06:00,0.000000,P,,0,,NOAA,2013-08-08T07:41:24.4230000-06:00,in
37,USC00051772,Snow,2000-06-30T00:00:00.0000000-06:00,0.000000,P,,0,,NOAA,2013-08-08T07:41:24.4230000-06:00,in
37,USC00051772,Snow,2000-07-01T00:00:00.0000000-06:00,0.000000,P,,0,,NOAA,2013-08-08T07:41:24.4230000-06:00,in
37,USC00051772,Snow,2000-07-02T00:00:00.0000000-06:00,0.000000,P,,0,,NOAA,2013-08-08T07:41:24.4230000-06:00,in
37,USC00051772,Snow,2000-07-03T00:00:00.0000000-06:00,0.000000,P,,0,,NOAA,2013-08-08T07:41:24.4230000-06:00,in
37,USC00051772,Snow,2000-07-04T00:00:00.0000000-06:00,0.000000,P,,0,,NOAA,2013-08-08T07:41:24.4230000-06:00,in
37,USC00051772,Snow,2000-07-05T00:00:00.0000000-06:00,0.000000,P,,0,,NOAA,2013-08-08T07:41:24.4230000-06:00,in
37,USC00051772,Snow,2000-07-06T00:00:00.0000000-06:00,0.000000,P,,0,,NOAA,2013-08-08T07:41:24.4230000-06:00,in
37,USC00051772,Snow,2000-07-07T00:00:00.0000000-06:00,0.000000,P,,0,,NOAA,2013-08-08T07:41:24.4230000-06:00,in
37,USC00051772,Snow,2000-07-08T00:00:00.0000000-06:00,0.000000,P,,0,,NOAA,2013-08-08T07:41:24.4230000-06:00,in
37,USC00051772,Snow,2000-07-09T00:00:00.0000000-06:00,0.000000,P,,0,,NOAA,2013-08-08T07:41:24.4230000-06:00,in
37,USC00051772,Snow,2000-07-10T00:00:00.0000000-06:00,0.000000,P,,0,,NOAA,2013-08-08T07:41:24.4230000-06:00,in
37,USC00051772,Snow,2000-07-11T00:00:00.0000000-06:00,0.000000,P,,0,,NOAA,2013-08-08T07:41:24.4230000-06:00,in
37,USC00051772,Snow,2000-07-12T00:00:00.0000000-06:00,0.000000,P,,0,,NOAA,2013-08-08T07:41:24.4230000-06:00,in
37,USC00051772,Snow,2000-07-13T00:00:00.0000000-06:00,0.000000,P,,0,,NOAA,2013-08-08T07:41:24.4230000-06:00,in
37,USC00051772,Snow,2000-07-14T00:00:00.0000000-06:00,0.000000,P,,0,,NOAA,2013-08-08T07:41:24.4230000-06:00,in
37,USC00051772,Snow,2000-07-15T00:00:00.0000000-06:00,0.000000,P,,0,,NOAA,2013-08-08T07:41:24.4230000-06:00,in
37,USC00051772,Snow,2000-07-16T00:00:00.0000000-06:00,0.000000,P,,0,,NOAA,2013-08-08T07:41:24.4230000-06:00,in
37,USC00051772,Snow,2000-07-17T00:00:00.0000000-06:00,0.000000,P,,0,,NOAA,2013-08-08T07:41:24.4230000-06:00,in
37,USC00051772,Snow,2000-07-18T00:00:00.0000000-06:00,0.000000,P,,0,,NOAA,2013-08-08T07:41:24.4230000-06:00,in
37,USC00051772,Snow,2000-07-19T00:00:00.0000000-06:00,0.000000,P,,0,,NOAA,2013-08-08T07:41:24.4230000-06:00,in
37,USC00051772,Snow,2000-07-20T00:00:00.0000000-06:00,0.000000,P,,0,,NOAA,2013-08-08T07:41:24.4230000-06:00,in
37,USC00051772,Snow,2000-07-21T00:00:00.0000000-06:00,0.000000,P,,0,,NOAA,2013-08-08T07:41:24.4230000-06:00,in
37,USC00051772,Snow,2000-07-22T00:00:00.0000000-06:00,0.000000,P,,0,,NOAA,2013-08-08T07:41:24.4230000-06:00,in
37,USC00051772,Snow,2000-07-23T00:00:00.0000000-06:00,0.000000,P,,0,,NOAA,2013-08-08T07:41:24.4230000-06:00,in
37,USC00051772,Snow,2000-07-24T00:00:00.0000000-06:00,0.000000,P,,0,,NOAA,2013-08-08T07:41:24.4230000-06:00,in
37,USC00051772,Snow,2000-07-25T00:00:00.0000000-06:00,0.000000,P,,0,,NOAA,2013-08-08T07:41:24.4230000-06:00,in
37,USC00051772,Snow,2000-07-26T00:00:00.0000000-06:00,0.000000,P,,0,,NOAA,2013-08-08T07:41:24.4230000-06:00,in
37,USC00051772,Snow,2000-07-27T00:00:00.0000000-06:00,0.000000,P,,0,,NOAA,2013-08-08T07:41:24.4230000-06:00,in
37,USC00051772,Snow,2000-07-28T00:00:00.0000000-06:00,0.000000,P,,0,,NOAA,2013-08-08T07:41:24.4230000-06:00,in
37,USC00051772,Snow,2000-07-29T00:00:00.0000000-06:00,0.000000,P,,0,,NOAA,2013-08-08T07:41:24.4230000-06:00,in
37,USC00051772,Snow,2000-07-30T00:00:00.0000000-06:00,0.000000,P,,0,,NOAA,2013-08-08T07:41:24.4230000-06:00,in
37,USC00051772,Snow,2000-07-31T00:00:00.0000000-06:00,0.000000,P,,0,,NOAA,2013-08-08T07:41:24.4230000-06:00,in
37,USC00051772,Snow,2000-08-01T00:00:00.0000000-06:00,0.000000,P,,0,,NOAA,2013-08-08T07:41:24.4230000-06:00,in
37,USC00051772,Snow,2000-08-02T00:00:00.0000000-06:00,0.000000,P,,0,,NOAA,2013-08-08T07:41:24.4230000-06:00,in
37,USC00051772,Snow,2000-08-03T00:00:00.0000000-06:00,0.000000,P,,0,,NOAA,2013-08-08T07:41:24.4230000-06:00,in
37,USC00051772,Snow,2000-08-04T00:00:00.0000000-06:00,0.000000,P,,0,,NOAA,2013-08-08T07:41:24.4230000-06:00,in
37,USC00051772,Snow,2000-08-05T00:00:00.0000000-06:00,0.000000,P,,0,,NOAA,2013-08-08T07:41:24.4230000-06:00,in
37,USC00051772,Snow,2000-08-06T00:00:00.0000000-06:00,0.000000,P,,0,,NOAA,2013-08-08T07:41:24.4230000-06:00,in
37,USC00051772,Snow,2000-08-07T00:00:00.0000000-06:00,0.000000,P,,0,,NOAA,2013-08-08T07:41:24.4230000-06:00,in
37,USC00051772,Snow,2000-08-08T00:00:00.0000000-06:00,0.000000,P,,0,,NOAA,2013-08-08T07:41:24.4230000-06:00,in
37,USC00051772,Snow,2000-08-09T00:00:00.0000000-06:00,0.000000,P,,0,,NOAA,2013-08-08T07:41:24.4230000-06:00,in
37,USC00051772,Snow,2000-08-10T00:00:00.0000000-06:00,0.000000,P,,0,,NOAA,2013-08-08T07:41:24.4230000-06:00,in
37,USC00051772,Snow,2000-08-11T00:00:00.0000000-06:00,0.000000,P,,0,,NOAA,2013-08-08T07:41:24.4230000-06:00,in
37,USC00051772,Snow,2000-08-12T00:00:00.0000000-06:00,0.000000,P,,0,,NOAA,2013-08-08T07:41:24.4230000-06:00,in
37,USC00051772,Snow,2000-08-13T00:00:00.0000000-06:00,0.000000,P,,0,,NOAA,2013-08-08T07:41:24.4230000-06:00,in
37,USC00051772,Snow,2000-08-14T00:00:00.0000000-06:00,0.000000,P,,0,,NOAA,2013-08-08T07:41:24.4230000-06:00,in
37,USC00051772,Snow,2000-08-15T00:00:00.0000000-06:00,0.000000,P,,0,,NOAA,2013-08-08T07:41:24.4230000-06:00,in
37,USC00051772,Snow,2000-08-16T00:00:00.0000000-06:00,0.000000,P,,0,,NOAA,2013-08-08T07:41:24.4230000-06:00,in
37,USC00051772,Snow,2000-08-17T00:00:00.0000000-06:00,0.000000,P,,0,,NOAA,2013-08-08T07:41:24.4230000-06:00,in
37,USC00051772,Snow,2000-08-18T00:00:00.0000000-06:00,0.000000,P,,0,,NOAA,2013-08-08T07:41:24.4230000-06:00,in
37,USC00051772,Snow,2000-08-19T00:00:00.0000000-06:00,0.000000,P,,0,,NOAA,2013-08-08T07:41:24.4230000-06:00,in
37,USC00051772,Snow,2000-08-20T00:00:00.0000000-06:00,0.000000,P,,0,,NOAA,2013-08-08T07:41:24.4230000-06:00,in
37,USC00051772,Snow,2000-08-21T00:00:00.0000000-06:00,0.000000,P,,0,,NOAA,2013-08-08T07:41:24.4230000-06:00,in
37,USC00051772,Snow,2000-08-22T00:00:00.0000000-06:00,0.000000,P,,0,,NOAA,2013-08-08T07:41:24.4230000-06:00,in
37,USC00051772,Snow,2000-08-23T00:00:00.0000000-06:00,0.000000,P,,0,,NOAA,2013-08-08T07:41:24.4230000-06:00,in
37,USC00051772,Snow,2000-08-24T00:00:00.0000000-06:00,0.000000,P,,0,,NOAA,2013-08-08T07:41:24.4230000-06:00,in
37,USC00051772,Snow,2000-08-25T00:00:00.0000000-06:00,0.000000,P,,0,,NOAA,2013-08-08T07:41:24.4230000-06:00,in
37,USC00051772,Snow,2000-08-26T00:00:00.0000000-06:00,0.000000,P,,0,,NOAA,2013-08-08T07:41:24.4230000-06:00,in
37,USC00051772,Snow,2000-08-27T00:00:00.0000000-06:00,0.000000,P,,0,,NOAA,2013-08-08T07:41:24.4230000-06:00,in
37,USC00051772,Snow,2000-08-28T00:00:00.0000000-06:00,0.000000,P,,0,,NOAA,2013-08-08T07:41:24.4230000-06:00,in
37,USC00051772,Snow,2000-08-29T00:00:00.0000000-06:00,0.000000,P,,0,,NOAA,2013-08-08T07:41:24.4230000-06:00,in
37,USC00051772,Snow,2000-08-30T00:00:00.0000000-06:00,0.000000,P,,0,,NOAA,2013-08-08T07:41:24.4230000-06:00,in
37,USC00051772,Snow,2000-08-31T00:00:00.0000000-06:00,0.000000,P,,0,,NOAA,2013-08-08T07:41:24.4230000-06:00,in
37,USC00051772,Snow,2000-09-01T00:00:00.0000000-06:00,0.000000,P,,0,,NOAA,2013-08-08T07:41:24.4230000-06:00,in
37,USC00051772,Snow,2000-09-02T00:00:00.0000000-06:00,0.000000,P,,0,,NOAA,2013-08-08T07:41:24.4230000-06:00,in
37,USC00051772,Snow,2000-09-03T00:00:00.0000000-06:00,0.000000,P,,0,,NOAA,2013-08-08T07:41:24.4230000-06:00,in
37,USC00051772,Snow,2000-09-04T00:00:00.0000000-06:00,0.000000,P,,0,,NOAA,2013-08-08T07:41:24.4230000-06:00,in
37,USC00051772,Snow,2000-09-05T00:00:00.0000000-06:00,0.000000,P,,0,,NOAA,2013-08-08T07:41:24.4230000-06:00,in
37,USC00051772,Snow,2000-09-06T00:00:00.0000000-06:00,0.000000,P,,0,,NOAA,2013-08-08T07:41:24.4230000-06:00,in
37,USC00051772,Snow,2000-09-07T00:00:00.0000000-06:00,0.000000,P,,0,,NOAA,2013-08-08T07:41:24.4230000-06:00,in
37,USC00051772,Snow,2000-09-08T00:00:00.0000000-06:00,0.000000,P,,0,,NOAA,2013-08-08T07:41:24.4230000-06:00,in
37,USC00051772,Snow,2000-09-09T00:00:00.0000000-06:00,0.000000,P,,0,,NOAA,2013-08-08T07:41:24.4230000-06:00,in
37,USC00051772,Snow,2000-09-10T00:00:00.0000000-06:00,0.000000,P,,0,,NOAA,2013-08-08T07:41:24.4230000-06:00,in
37,USC00051772,Snow,2000-09-11T00:00:00.0000000-06:00,0.000000,P,,0,,NOAA,2013-08-08T07:41:24.4230000-06:00,in
37,USC00051772,Snow,2000-09-12T00:00:00.0000000-06:00,0.000000,P,,0,,NOAA,2013-08-08T07:41:24.4230000-06:00,in
37,USC00051772,Snow,2000-09-13T00:00:00.0000000-06:00,0.000000,P,,0,,NOAA,2013-08-08T07:41:24.4230000-06:00,in
37,USC00051772,Snow,2000-09-14T00:00:00.0000000-06:00,0.000000,P,,0,,NOAA,2013-08-08T07:41:24.4230000-06:00,in
37,USC00051772,Snow,2000-09-15T00:00:00.0000000-06:00,0.000000,P,,0,,NOAA,2013-08-08T07:41:24.4230000-06:00,in
37,USC00051772,Snow,2000-09-16T00:00:00.0000000-06:00,0.000000,P,,0,,NOAA,2013-08-08T07:41:24.4230000-06:00,in
37,USC00051772,Snow,2000-09-17T00:00:00.0000000-06:00,0.000000,P,,0,,NOAA,2013-08-08T07:41:24.4230000-06:00,in
37,USC00051772,Snow,2000-09-18T00:00:00.0000000-06:00,0.000000,P,,0,,NOAA,2013-08-08T07:41:24.4230000-06:00,in
37,USC00051772,Snow,2000-09-19T00:00:00.0000000-06:00,0.000000,P,,0,,NOAA,2013-08-08T07:41:24.4230000-06:00,in
37,USC00051772,Snow,2000-09-20T00:00:00.0000000-06:00,0.000000,P,,0,,NOAA,2013-08-08T07:41:24.4230000-06:00,in
37,USC00051772,Snow,2000-09-21T00:00:00.0000000-06:00,0.000000,P,,0,,NOAA,2013-08-08T07:41:24.4230000-06:00,in
37,USC00051772,Snow,2000-09-22T00:00:00.0000000-06:00,0.000000,P,,0,,NOAA,2013-08-08T07:41:24.4230000-06:00,in
37,USC00051772,Snow,2000-09-23T00:00:00.0000000-06:00,0.000000,P,,0,,NOAA,2013-08-08T07:41:24.4230000-06:00,in
37,USC00051772,Snow,2000-09-24T00:00:00.0000000-06:00,0.000000,P,,0,,NOAA,2013-08-08T07:41:24.4230000-06:00,in
37,USC00051772,Snow,2000-09-25T00:00:00.0000000-06:00,0.000000,P,,0,,NOAA,2013-08-08T07:41:24.4230000-06:00,in
37,USC00051772,Snow,2000-09-26T00:00:00.0000000-06:00,0.000000,P,,0,,NOAA,2013-08-08T07:41:24.4230000-06:00,in
37,USC00051772,Snow,2000-09-27T00:00:00.0000000-06:00,0.000000,P,,0,,NOAA,2013-08-08T07:41:24.4230000-06:00,in
37,USC00051772,Snow,2000-09-28T00:00:00.0000000-06:00,0.000000,P,,0,,NOAA,2013-08-08T07:41:24.4230000-06:00,in
37,USC00051772,Snow,2000-09-29T00:00:00.0000000-06:00,0.000000,P,,0,,NOAA,2013-08-08T07:41:24.4230000-06:00,in
37,USC00051772,Snow,2000-09-30T00:00:00.0000000-06:00,0.000000,P,,0,,NOAA,2013-08-08T07:41:24.4230000-06:00,in
37,USC00051772,Snow,2000-10-01T00:00:00.0000000-06:00,0.000000,P,,0,,NOAA,2013-08-08T07:41:24.4230000-06:00,in
37,USC00051772,Snow,2000-10-02T00:00:00.0000000-06:00,0.000000,P,,0,,NOAA,2013-08-08T07:41:24.4230000-06:00,in
37,USC00051772,Snow,2000-10-03T00:00:00.0000000-06:00,0.000000,P,,0,,NOAA,2013-08-08T07:41:24.4230000-06:00,in
37,USC00051772,Snow,2000-10-04T00:00:00.0000000-06:00,0.000000,P,,0,,NOAA,2013-08-08T07:41:24.4230000-06:00,in
37,USC00051772,Snow,2000-10-05T00:00:00.0000000-06:00,0.000000,P,,0,,NOAA,2013-08-08T07:41:24.4230000-06:00,in
37,USC00051772,Snow,2000-10-06T00:00:00.0000000-06:00,0.000000,P,,0,,NOAA,2013-08-08T07:41:24.4230000-06:00,in
37,USC00051772,Snow,2000-10-07T00:00:00.0000000-06:00,0.000000,P,,0,,NOAA,2013-08-08T07:41:24.4230000-06:00,in
37,USC00051772,Snow,2000-10-08T00:00:00.0000000-06:00,0.000000,P,,0,,NOAA,2013-08-08T07:41:24.4230000-06:00,in
37,USC00051772,Snow,2000-10-09T00:00:00.0000000-06:00,0.000000,P,,0,,NOAA,2013-08-08T07:41:24.4230000-06:00,in
37,USC00051772,Snow,2000-10-10T00:00:00.0000000-06:00,0.000000,P,,0,,NOAA,2013-08-08T07:41:24.4230000-06:00,in
37,USC00051772,Snow,2000-10-11T00:00:00.0000000-06:00,0.000000,P,,0,,NOAA,2013-08-08T07:41:24.4230000-06:00,in
37,USC00051772,Snow,2000-10-12T00:00:00.0000000-06:00,0.000000,P,,0,,NOAA,2013-08-08T07:41:24.4230000-06:00,in
37,USC00051772,Snow,2000-10-13T00:00:00.0000000-06:00,0.000000,P,,0,,NOAA,2013-08-08T07:41:24.4230000-06:00,in
37,USC00051772,Snow,2000-10-14T00:00:00.0000000-06:00,0.000000,P,,0,,NOAA,2013-08-08T07:41:24.4230000-06:00,in
37,USC00051772,Snow,2000-10-15T00:00:00.0000000-06:00,0.000000,P,,0,,NOAA,2013-08-08T07:41:24.4230000-06:00,in
37,USC00051772,Snow,2000-10-16T00:00:00.0000000-06:00,0.000000,P,,0,,NOAA,2013-08-08T07:41:24.4230000-06:00,in
37,USC00051772,Snow,2000-10-17T00:00:00.0000000-06:00,0.000000,P,,0,,NOAA,2013-08-08T07:41:24.4230000-06:00,in
37,USC00051772,Snow,2000-10-18T00:00:00.0000000-06:00,0.000000,P,,0,,NOAA,2013-08-08T07:41:24.4230000-06:00,in
37,USC00051772,Snow,2000-10-19T00:00:00.0000000-06:00,0.000000,P,,0,,NOAA,2013-08-08T07:41:24.4230000-06:00,in
37,USC00051772,Snow,2000-10-20T00:00:00.0000000-06:00,0.000000,P,,0,,NOAA,2013-08-08T07:41:24.4230000-06:00,in
37,USC00051772,Snow,2000-10-21T00:00:00.0000000-06:00,0.000000,P,,0,,NOAA,2013-08-08T07:41:24.4230000-06:00,in
37,USC00051772,Snow,2000-10-22T00:00:00.0000000-06:00,0.000000,P,,0,,NOAA,2013-08-08T07:41:24.4230000-06:00,in
37,USC00051772,Snow,2000-10-23T00:00:00.0000000-06:00,0.000000,P,,0,,NOAA,2013-08-08T07:41:24.4230000-06:00,in
37,USC00051772,Snow,2000-10-24T00:00:00.0000000-06:00,0.000000,P,,0,,NOAA,2013-08-08T07:41:24.4230000-06:00,in
37,USC00051772,Snow,2000-10-25T00:00:00.0000000-06:00,0.000000,P,,0,,NOAA,2013-08-08T07:41:24.4230000-06:00,in
37,USC00051772,Snow,2000-10-26T00:00:00.0000000-06:00,0.000000,P,,0,,NOAA,2013-08-08T07:41:24.4230000-06:00,in
37,USC00051772,Snow,2000-10-27T00:00:00.0000000-06:00,0.000000,P,,0,,NOAA,2013-08-08T07:41:24.4230000-06:00,in
37,USC00051772,Snow,2000-10-28T00:00:00.0000000-06:00,0.000000,P,,0,,NOAA,2013-08-08T07:41:24.4230000-06:00,in
37,USC00051772,Snow,2000-10-29T00:00:00.0000000-06:00,0.000000,P,,0,,NOAA,2013-08-08T07:41:24.4230000-06:00,in
37,USC00051772,Snow,2000-10-30T00:00:00.0000000-07:00,0.000000,P,,0,,NOAA,2013-08-08T07:41:24.4230000-06:00,in
37,USC00051772,Snow,2000-10-31T00:00:00.0000000-07:00,0.000000,P,,0,,NOAA,2013-08-08T07:41:24.4230000-06:00,in
37,USC00051772,Snow,2000-11-01T00:00:00.0000000-07:00,0.000000,P,,0,,NOAA,2013-08-08T07:41:24.4230000-06:00,in
37,USC00051772,Snow,2000-11-02T00:00:00.0000000-07:00,0.000000,P,,0,,NOAA,2013-08-08T07:41:24.4230000-06:00,in
37,USC00051772,Snow,2000-11-03T00:00:00.0000000-07:00,0.000000,P,,0,,NOAA,2013-08-08T07:41:24.4230000-06:00,in
37,USC00051772,Snow,2000-11-04T00:00:00.0000000-07:00,0.000000,P,,0,,NOAA,2013-08-08T07:41:24.4230000-06:00,in
37,USC00051772,Snow,2000-11-05T00:00:00.0000000-07:00,0.000000,P,,0,,NOAA,2013-08-08T07:41:24.4230000-06:00,in
37,USC00051772,Snow,2000-11-06T00:00:00.0000000-07:00,0.000000,T,,0,,NOAA,2013-08-08T07:41:24.4230000-06:00,in
37,USC00051772,Snow,2000-11-07T00:00:00.0000000-07:00,0.000000,P,,0,,NOAA,2013-08-08T07:41:24.4230000-06:00,in
37,USC00051772,Snow,2000-11-08T00:00:00.0000000-07:00,0.000000,P,,0,,NOAA,2013-08-08T07:41:24.4230000-06:00,in
37,USC00051772,Snow,2000-11-09T00:00:00.0000000-07:00,0.000000,P,,0,,NOAA,2013-08-08T07:41:24.4230000-06:00,in
37,USC00051772,Snow,2000-11-10T00:00:00.0000000-07:00,0.000000,P,,0,,NOAA,2013-08-08T07:41:24.4230000-06:00,in
37,USC00051772,Snow,2000-11-11T00:00:00.0000000-07:00,0.984252,,,0,,NOAA,2013-08-08T07:41:24.4230000-06:00,in
37,USC00051772,Snow,2000-11-12T00:00:00.0000000-07:00,0.000000,P,,0,,NOAA,2013-08-08T07:41:24.4230000-06:00,in
37,USC00051772,Snow,2000-11-13T00:00:00.0000000-07:00,0.000000,P,,0,,NOAA,2013-08-08T07:41:24.4230000-06:00,in
37,USC00051772,Snow,2000-11-14T00:00:00.0000000-07:00,0.000000,P,,0,,NOAA,2013-08-08T07:41:24.4230000-06:00,in
37,USC00051772,Snow,2000-11-15T00:00:00.0000000-07:00,2.007874,,,0,,NOAA,2013-08-08T07:41:24.4230000-06:00,in
37,USC00051772,Snow,2000-11-16T00:00:00.0000000-07:00,0.000000,P,,0,,NOAA,2013-08-08T07:41:24.4230000-06:00,in
37,USC00051772,Snow,2000-11-17T00:00:00.0000000-07:00,0.000000,P,,0,,NOAA,2013-08-08T07:41:24.4230000-06:00,in
37,USC00051772,Snow,2000-11-18T00:00:00.0000000-07:00,0.000000,P,,0,,NOAA,2013-08-08T07:41:24.4230000-06:00,in
37,USC00051772,Snow,2000-11-19T00:00:00.0000000-07:00,0.000000,P,,0,,NOAA,2013-08-08T07:41:24.4230000-06:00,in
37,USC00051772,Snow,2000-11-20T00:00:00.0000000-07:00,0.000000,P,,0,,NOAA,2013-08-08T07:41:24.4230000-06:00,in
37,USC00051772,Snow,2000-11-21T00:00:00.0000000-07:00,0.000000,P,,0,,NOAA,2013-08-08T07:41:24.4230000-06:00,in
37,USC00051772,Snow,2000-11-22T00:00:00.0000000-07:00,0.000000,P,,0,,NOAA,2013-08-08T07:41:24.4230000-06:00,in
37,USC00051772,Snow,2000-11-23T00:00:00.0000000-07:00,0.000000,P,,0,,NOAA,2013-08-08T07:41:24.4230000-06:00,in
37,USC00051772,Snow,2000-11-24T00:00:00.0000000-07:00,0.000000,P,,0,,NOAA,2013-08-08T07:41:24.4230000-06:00,in
37,USC00051772,Snow,2000-11-25T00:00:00.0000000-07:00,0.000000,P,,0,,NOAA,2013-08-08T07:41:24.4230000-06:00,in
37,USC00051772,Snow,2000-11-26T00:00:00.0000000-07:00,0.000000,P,,0,,NOAA,2013-08-08T07:41:24.4230000-06:00,in
37,USC00051772,Snow,2000-11-27T00:00:00.0000000-07:00,0.000000,P,,0,,NOAA,2013-08-08T07:41:24.4230000-06:00,in
37,USC00051772,Snow,2000-11-28T00:00:00.0000000-07:00,0.000000,P,,0,,NOAA,2013-08-08T07:41:24.4230000-06:00,in
37,USC00051772,Snow,2000-11-29T00:00:00.0000000-07:00,0.000000,P,,0,,NOAA,2013-08-08T07:41:24.4230000-06:00,in
37,USC00051772,Snow,2000-11-30T00:00:00.0000000-07:00,0.000000,P,,0,,NOAA,2013-08-08T07:41:24.4230000-06:00,in
37,USC00051772,Snow,2000-12-01T00:00:00.0000000-07:00,0.000000,P,,0,,NOAA,2013-08-08T07:41:24.4230000-06:00,in
37,USC00051772,Snow,2000-12-02T00:00:00.0000000-07:00,0.000000,P,,0,,NOAA,2013-08-08T07:41:24.4230000-06:00,in
37,USC00051772,Snow,2000-12-03T00:00:00.0000000-07:00,0.000000,P,,0,,NOAA,2013-08-08T07:41:24.4230000-06:00,in
37,USC00051772,Snow,2000-12-04T00:00:00.0000000-07:00,0.000000,P,,0,,NOAA,2013-08-08T07:41:24.4230000-06:00,in
37,USC00051772,Snow,2000-12-05T00:00:00.0000000-07:00,0.000000,P,,0,,NOAA,2013-08-08T07:41:24.4230000-06:00,in
37,USC00051772,Snow,2000-12-06T00:00:00.0000000-07:00,0.000000,P,,0,,NOAA,2013-08-08T07:41:24.4230000-06:00,in
37,USC00051772,Snow,2000-12-07T00:00:00.0000000-07:00,0.000000,P,,0,,NOAA,2013-08-08T07:41:24.4230000-06:00,in
37,USC00051772,Snow,2000-12-08T00:00:00.0000000-07:00,0.000000,P,,0,,NOAA,2013-08-08T07:41:24.4230000-06:00,in
37,USC00051772,Snow,2000-12-09T00:00:00.0000000-07:00,0.000000,T,,0,,NOAA,2013-08-08T07:41:24.4230000-06:00,in
37,USC00051772,Snow,2000-12-10T00:00:00.0000000-07:00,0.000000,P,,0,,NOAA,2013-08-08T07:41:24.4230000-06:00,in
37,USC00051772,Snow,2000-12-11T00:00:00.0000000-07:00,0.984252,,,0,,NOAA,2013-08-08T07:41:24.4230000-06:00,in
37,USC00051772,Snow,2000-12-12T00:00:00.0000000-07:00,0.000000,P,,0,,NOAA,2013-08-08T07:41:24.4230000-06:00,in
37,USC00051772,Snow,2000-12-13T00:00:00.0000000-07:00,0.984252,,,0,,NOAA,2013-08-08T07:41:24.4230000-06:00,in
37,USC00051772,Snow,2000-12-14T00:00:00.0000000-07:00,0.000000,T,,0,,NOAA,2013-08-08T07:41:24.4230000-06:00,in
37,USC00051772,Snow,2000-12-15T00:00:00.0000000-07:00,0.000000,T,,0,,NOAA,2013-08-08T07:41:24.4230000-06:00,in
37,USC00051772,Snow,2000-12-16T00:00:00.0000000-07:00,0.000000,P,,0,,NOAA,2013-08-08T07:41:24.4230000-06:00,in
37,USC00051772,Snow,2000-12-17T00:00:00.0000000-07:00,0.000000,P,,0,,NOAA,2013-08-08T07:41:24.4230000-06:00,in
37,USC00051772,Snow,2000-12-18T00:00:00.0000000-07:00,0.000000,P,,0,,NOAA,2013-08-08T07:41:24.4230000-06:00,in
37,USC00051772,Snow,2000-12-19T00:00:00.0000000-07:00,0.000000,P,,0,,NOAA,2013-08-08T07:41:24.4230000-06:00,in
37,USC00051772,Snow,2000-12-20T00:00:00.0000000-07:00,0.000000,P,,0,,NOAA,2013-08-08T07:41:24.4230000-06:00,in
37,USC00051772,Snow,2000-12-21T00:00:00.0000000-07:00,0.000000,P,,0,,NOAA,2013-08-08T07:41:24.4230000-06:00,in
37,USC00051772,Snow,2000-12-22T00:00:00.0000000-07:00,0.000000,P,,0,,NOAA,2013-08-08T07:41:24.4230000-06:00,in
37,USC00051772,Snow,2000-12-23T00:00:00.0000000-07:00,0.000000,P,,0,,NOAA,2013-08-08T07:41:24.4230000-06:00,in
37,USC00051772,Snow,2000-12-24T00:00:00.0000000-07:00,0.000000,P,,0,,NOAA,2013-08-08T07:41:24.4230000-06:00,in
37,USC00051772,Snow,2000-12-25T00:00:00.0000000-07:00,2.007874,,,0,,NOAA,2013-08-08T07:41:24.4230000-06:00,in
37,USC00051772,Snow,2000-12-26T00:00:00.0000000-07:00,0.000000,T,,0,,NOAA,2013-08-08T07:41:24.4230000-06:00,in
37,USC00051772,Snow,2000-12-27T00:00:00.0000000-07:00,0.000000,P,,0,,NOAA,2013-08-08T07:41:24.4230000-06:00,in
37,USC00051772,Snow,2000-12-28T00:00:00.0000000-07:00,0.000000,P,,0,,NOAA,2013-08-08T07:41:24.4230000-06:00,in
37,USC00051772,Snow,2000-12-29T00:00:00.0000000-07:00,0.000000,P,,0,,NOAA,2013-08-08T07:41:24.4230000-06:00,in
37,USC00051772,Snow,2000-12-30T00:00:00.0000000-07:00,0.000000,P,,0,,NOAA,2013-08-08T07:41:24.4230000-06:00,in
37,USC00051772,Snow,2000-12-31T00:00:00.0000000-07:00,0.000000,P,,0,,NOAA,2013-08-08T07:41:24.4230000-06:00,in
37,USC00051772,Snow,2001-01-01T00:00:00.0000000-07:00,0.000000,P,,0,,NOAA,2013-08-08T07:41:24.4230000-06:00,in
37,USC00051772,Snow,2001-01-02T00:00:00.0000000-07:00,0.000000,P,,0,,NOAA,2013-08-08T07:41:24.4230000-06:00,in
37,USC00051772,Snow,2001-01-03T00:00:00.0000000-07:00,0.000000,P,,0,,NOAA,2013-08-08T07:41:24.4230000-06:00,in
37,USC00051772,Snow,2001-01-04T00:00:00.0000000-07:00,0.000000,P,,0,,NOAA,2013-08-08T07:41:24.4230000-06:00,in
37,USC00051772,Snow,2001-01-05T00:00:00.0000000-07:00,0.000000,P,,0,,NOAA,2013-08-08T07:41:24.4230000-06:00,in
37,USC00051772,Snow,2001-01-06T00:00:00.0000000-07:00,0.000000,P,,0,,NOAA,2013-08-08T07:41:24.4230000-06:00,in
37,USC00051772,Snow,2001-01-07T00:00:00.0000000-07:00,0.000000,P,,0,,NOAA,2013-08-08T07:41:24.4230000-06:00,in
37,USC00051772,Snow,2001-01-08T00:00:00.0000000-07:00,0.000000,P,,0,,NOAA,2013-08-08T07:41:24.4230000-06:00,in
37,USC00051772,Snow,2001-01-09T00:00:00.0000000-07:00,0.000000,P,,0,,NOAA,2013-08-08T07:41:24.4230000-06:00,in
37,USC00051772,Snow,2001-01-10T00:00:00.0000000-07:00,0.000000,T,,0,,NOAA,2013-08-08T07:41:24.4230000-06:00,in
37,USC00051772,Snow,2001-01-11T00:00:00.0000000-07:00,0.000000,T,,0,,NOAA,2013-08-08T07:41:24.4230000-06:00,in
37,USC00051772,Snow,2001-01-12T00:00:00.0000000-07:00,0.000000,P,,0,,NOAA,2013-08-08T07:41:24.4230000-06:00,in
37,USC00051772,Snow,2001-01-13T00:00:00.0000000-07:00,4.015748,,,0,,NOAA,2013-08-08T07:41:24.4230000-06:00,in
37,USC00051772,Snow,2001-01-14T00:00:00.0000000-07:00,0.000000,P,,0,,NOAA,2013-08-08T07:41:24.4230000-06:00,in
37,USC00051772,Snow,2001-01-15T00:00:00.0000000-07:00,0.000000,P,,0,,NOAA,2013-08-08T07:41:24.4230000-06:00,in
37,USC00051772,Snow,2001-01-16T00:00:00.0000000-07:00,0.000000,P,,0,,NOAA,2013-08-08T07:41:24.4230000-06:00,in
37,USC00051772,Snow,2001-01-17T00:00:00.0000000-07:00,0.000000,P,,0,,NOAA,2013-08-08T07:41:24.4230000-06:00,in
37,USC00051772,Snow,2001-01-18T00:00:00.0000000-07:00,0.000000,P,,0,,NOAA,2013-08-08T07:41:24.4230000-06:00,in
37,USC00051772,Snow,2001-01-19T00:00:00.0000000-07:00,0.000000,P,,0,,NOAA,2013-08-08T07:41:24.4230000-06:00,in
37,USC00051772,Snow,2001-01-20T00:00:00.0000000-07:00,0.000000,P,,0,,NOAA,2013-08-08T07:41:24.4230000-06:00,in
37,USC00051772,Snow,2001-01-21T00:00:00.0000000-07:00,0.000000,P,,0,,NOAA,2013-08-08T07:41:24.4230000-06:00,in
37,USC00051772,Snow,2001-01-22T00:00:00.0000000-07:00,0.000000,P,,0,,NOAA,2013-08-08T07:41:24.4230000-06:00,in
37,USC00051772,Snow,2001-01-23T00:00:00.0000000-07:00,0.000000,P,,0,,NOAA,2013-08-08T07:41:24.4230000-06:00,in
37,USC00051772,Snow,2001-01-24T00:00:00.0000000-07:00,0.000000,P,,0,,NOAA,2013-08-08T07:41:24.4230000-06:00,in
37,USC00051772,Snow,2001-01-25T00:00:00.0000000-07:00,0.196850,,,0,,NOAA,2013-08-08T07:41:24.4230000-06:00,in
37,USC00051772,Snow,2001-01-26T00:00:00.0000000-07:00,0.000000,T,,0,,NOAA,2013-08-08T07:41:24.4230000-06:00,in
37,USC00051772,Snow,2001-01-27T00:00:00.0000000-07:00,0.000000,P,,0,,NOAA,2013-08-08T07:41:24.4230000-06:00,in
37,USC00051772,Snow,2001-01-28T00:00:00.0000000-07:00,0.984252,,,0,,NOAA,2013-08-08T07:41:24.4230000-06:00,in
37,USC00051772,Snow,2001-01-29T00:00:00.0000000-07:00,0.984252,,,0,,NOAA,2013-08-08T07:41:24.4230000-06:00,in
37,USC00051772,Snow,2001-01-30T00:00:00.0000000-07:00,0.000000,T,,0,,NOAA,2013-08-08T07:41:24.4230000-06:00,in
37,USC00051772,Snow,2001-01-31T00:00:00.0000000-07:00,0.000000,P,,0,,NOAA,2013-08-08T07:41:24.4230000-06:00,in
37,USC00051772,Snow,2001-02-01T00:00:00.0000000-07:00,0.000000,P,,0,,NOAA,2013-08-08T07:41:24.4230000-06:00,in
37,USC00051772,Snow,2001-02-02T00:00:00.0000000-07:00,0.000000,P,,0,,NOAA,2013-08-08T07:41:24.4230000-06:00,in
37,USC00051772,Snow,2001-02-03T00:00:00.0000000-07:00,0.000000,P,,0,,NOAA,2013-08-08T07:41:24.4230000-06:00,in
37,USC00051772,Snow,2001-02-04T00:00:00.0000000-07:00,0.000000,P,,0,,NOAA,2013-08-08T07:41:24.4230000-06:00,in
37,USC00051772,Snow,2001-02-05T00:00:00.0000000-07:00,0.000000,P,,0,,NOAA,2013-08-08T07:41:24.4230000-06:00,in
37,USC00051772,Snow,2001-02-06T00:00:00.0000000-07:00,0.000000,P,,0,,NOAA,2013-08-08T07:41:24.4230000-06:00,in
37,USC00051772,Snow,2001-02-07T00:00:00.0000000-07:00,0.000000,P,,0,,NOAA,2013-08-08T07:41:24.4230000-06:00,in
37,USC00051772,Snow,2001-02-08T00:00:00.0000000-07:00,0.000000,P,,0,,NOAA,2013-08-08T07:41:24.4230000-06:00,in
37,USC00051772,Snow,2001-02-09T00:00:00.0000000-07:00,0.000000,P,,0,,NOAA,2013-08-08T07:41:24.4230000-06:00,in
37,USC00051772,Snow,2001-02-10T00:00:00.0000000-07:00,0.000000,P,,0,,NOAA,2013-08-08T07:41:24.4230000-06:00,in
37,USC00051772,Snow,2001-02-11T00:00:00.0000000-07:00,0.000000,P,,0,,NOAA,2013-08-08T07:41:24.4230000-06:00,in
37,USC00051772,Snow,2001-02-12T00:00:00.0000000-07:00,0.000000,P,,0,,NOAA,2013-08-08T07:41:24.4230000-06:00,in
37,USC00051772,Snow,2001-02-13T00:00:00.0000000-07:00,0.000000,P,,0,,NOAA,2013-08-08T07:41:24.4230000-06:00,in
37,USC00051772,Snow,2001-02-14T00:00:00.0000000-07:00,0.000000,P,,0,,NOAA,2013-08-08T07:41:24.4230000-06:00,in
37,USC00051772,Snow,2001-02-15T00:00:00.0000000-07:00,0.000000,P,,0,,NOAA,2013-08-08T07:41:24.4230000-06:00,in
37,USC00051772,Snow,2001-02-16T00:00:00.0000000-07:00,0.000000,P,,0,,NOAA,2013-08-08T07:41:24.4230000-06:00,in
37,USC00051772,Snow,2001-02-17T00:00:00.0000000-07:00,0.000000,P,,0,,NOAA,2013-08-08T07:41:24.4230000-06:00,in
37,USC00051772,Snow,2001-02-18T00:00:00.0000000-07:00,0.000000,P,,0,,NOAA,2013-08-08T07:41:24.4230000-06:00,in
37,USC00051772,Snow,2001-02-19T00:00:00.0000000-07:00,0.000000,P,,0,,NOAA,2013-08-08T07:41:24.4230000-06:00,in
37,USC00051772,Snow,2001-02-20T00:00:00.0000000-07:00,0.000000,P,,0,,NOAA,2013-08-08T07:41:24.4230000-06:00,in
37,USC00051772,Snow,2001-02-21T00:00:00.0000000-07:00,0.000000,P,,0,,NOAA,2013-08-08T07:41:24.4230000-06:00,in
37,USC00051772,Snow,2001-02-22T00:00:00.0000000-07:00,0.000000,P,,0,,NOAA,2013-08-08T07:41:24.4230000-06:00,in
37,USC00051772,Snow,2001-02-23T00:00:00.0000000-07:00,0.000000,P,,0,,NOAA,2013-08-08T07:41:24.4230000-06:00,in
37,USC00051772,Snow,2001-02-24T00:00:00.0000000-07:00,0.511811,,,0,,NOAA,2013-08-08T07:41:24.4230000-06:00,in
37,USC00051772,Snow,2001-02-25T00:00:00.0000000-07:00,0.000000,P,,0,,NOAA,2013-08-08T07:41:24.4230000-06:00,in
37,USC00051772,Snow,2001-02-26T00:00:00.0000000-07:00,0.000000,P,,0,,NOAA,2013-08-08T07:41:24.4230000-06:00,in
37,USC00051772,Snow,2001-02-27T00:00:00.0000000-07:00,0.000000,P,,0,,NOAA,2013-08-08T07:41:24.4230000-06:00,in
37,USC00051772,Snow,2001-02-28T00:00:00.0000000-07:00,0.000000,P,,0,,NOAA,2013-08-08T07:41:24.4230000-06:00,in
37,USC00051772,Snow,2001-03-01T00:00:00.0000000-07:00,0.000000,P,,0,,NOAA,2013-08-08T07:41:24.4230000-06:00,in
37,USC00051772,Snow,2001-03-02T00:00:00.0000000-07:00,0.000000,P,,0,,NOAA,2013-08-08T07:41:24.4230000-06:00,in
37,USC00051772,Snow,2001-03-03T00:00:00.0000000-07:00,0.000000,P,,0,,NOAA,2013-08-08T07:41:24.4230000-06:00,in
37,USC00051772,Snow,2001-03-04T00:00:00.0000000-07:00,0.000000,P,,0,,NOAA,2013-08-08T07:41:24.4230000-06:00,in
37,USC00051772,Snow,2001-03-05T00:00:00.0000000-07:00,0.000000,P,,0,,NOAA,2013-08-08T07:41:24.4230000-06:00,in
37,USC00051772,Snow,2001-03-06T00:00:00.0000000-07:00,0.000000,P,,0,,NOAA,2013-08-08T07:41:24.4230000-06:00,in
37,USC00051772,Snow,2001-03-07T00:00:00.0000000-07:00,0.000000,P,,0,,NOAA,2013-08-08T07:41:24.4230000-06:00,in
37,USC00051772,Snow,2001-03-08T00:00:00.0000000-07:00,0.000000,P,,0,,NOAA,2013-08-08T07:41:24.4230000-06:00,in
37,USC00051772,Snow,2001-03-09T00:00:00.0000000-07:00,0.000000,P,,0,,NOAA,2013-08-08T07:41:24.4230000-06:00,in
37,USC00051772,Snow,2001-03-10T00:00:00.0000000-07:00,0.000000,P,,0,,NOAA,2013-08-08T07:41:24.4230000-06:00,in
37,USC00051772,Snow,2001-03-11T00:00:00.0000000-07:00,0.984252,,,0,,NOAA,2013-08-08T07:41:24.4230000-06:00,in
37,USC00051772,Snow,2001-03-12T00:00:00.0000000-07:00,0.000000,P,,0,,NOAA,2013-08-08T07:41:24.4230000-06:00,in
37,USC00051772,Snow,2001-03-13T00:00:00.0000000-07:00,0.000000,P,,0,,NOAA,2013-08-08T07:41:24.4230000-06:00,in
37,USC00051772,Snow,2001-03-14T00:00:00.0000000-07:00,0.000000,P,,0,,NOAA,2013-08-08T07:41:24.4230000-06:00,in
37,USC00051772,Snow,2001-03-15T00:00:00.0000000-07:00,0.000000,P,,0,,NOAA,2013-08-08T07:41:24.4230000-06:00,in
37,USC00051772,Snow,2001-03-16T00:00:00.0000000-07:00,0.000000,P,,0,,NOAA,2013-08-08T07:41:24.4230000-06:00,in
37,USC00051772,Snow,2001-03-17T00:00:00.0000000-07:00,0.511811,,,0,,NOAA,2013-08-08T07:41:24.4230000-06:00,in
37,USC00051772,Snow,2001-03-18T00:00:00.0000000-07:00,0.000000,P,,0,,NOAA,2013-08-08T07:41:24.4230000-06:00,in
37,USC00051772,Snow,2001-03-19T00:00:00.0000000-07:00,0.000000,P,,0,,NOAA,2013-08-08T07:41:24.4230000-06:00,in
37,USC00051772,Snow,2001-03-20T00:00:00.0000000-07:00,0.000000,P,,0,,NOAA,2013-08-08T07:41:24.4230000-06:00,in
37,USC00051772,Snow,2001-03-21T00:00:00.0000000-07:00,0.000000,P,,0,,NOAA,2013-08-08T07:41:24.4230000-06:00,in
37,USC00051772,Snow,2001-03-22T00:00:00.0000000-07:00,0.000000,P,,0,,NOAA,2013-08-08T07:41:24.4230000-06:00,in
37,USC00051772,Snow,2001-03-23T00:00:00.0000000-07:00,0.000000,P,,0,,NOAA,2013-08-08T07:41:24.4230000-06:00,in
37,USC00051772,Snow,2001-03-24T00:00:00.0000000-07:00,0.000000,P,,0,,NOAA,2013-08-08T07:41:24.4230000-06:00,in
37,USC00051772,Snow,2001-03-25T00:00:00.0000000-07:00,0.000000,P,,0,,NOAA,2013-08-08T07:41:24.4230000-06:00,in
37,USC00051772,Snow,2001-03-26T00:00:00.0000000-07:00,0.000000,P,,0,,NOAA,2013-08-08T07:41:24.4230000-06:00,in
37,USC00051772,Snow,2001-03-27T00:00:00.0000000-07:00,0.000000,P,,0,,NOAA,2013-08-08T07:41:24.4230000-06:00,in
37,USC00051772,Snow,2001-03-28T00:00:00.0000000-07:00,0.000000,P,,0,,NOAA,2013-08-08T07:41:24.4230000-06:00,in
37,USC00051772,Snow,2001-03-29T00:00:00.0000000-07:00,0.000000,P,,0,,NOAA,2013-08-08T07:41:24.4230000-06:00,in
37,USC00051772,Snow,2001-03-30T00:00:00.0000000-07:00,0.000000,P,,0,,NOAA,2013-08-08T07:41:24.4230000-06:00,in
37,USC00051772,Snow,2001-03-31T00:00:00.0000000-07:00,0.000000,P,,0,,NOAA,2013-08-08T07:41:24.4230000-06:00,in
37,USC00051772,Snow,2001-04-01T00:00:00.0000000-07:00,0.000000,P,,0,,NOAA,2013-08-08T07:41:24.4230000-06:00,in
37,USC00051772,Snow,2001-04-02T00:00:00.0000000-06:00,0.000000,P,,0,,NOAA,2013-08-08T07:41:24.4230000-06:00,in
37,USC00051772,Snow,2001-04-03T00:00:00.0000000-06:00,0.000000,P,,0,,NOAA,2013-08-08T07:41:24.4230000-06:00,in
37,USC00051772,Snow,2001-04-04T00:00:00.0000000-06:00,0.000000,P,,0,,NOAA,2013-08-08T07:41:24.4230000-06:00,in
37,USC00051772,Snow,2001-04-05T00:00:00.0000000-06:00,0.000000,P,,0,,NOAA,2013-08-08T07:41:24.4230000-06:00,in
37,USC00051772,Snow,2001-04-06T00:00:00.0000000-06:00,0.000000,P,,0,,NOAA,2013-08-08T07:41:24.4230000-06:00,in
37,USC00051772,Snow,2001-04-07T00:00:00.0000000-06:00,0.000000,P,,0,,NOAA,2013-08-08T07:41:24.4230000-06:00,in
37,USC00051772,Snow,2001-04-08T00:00:00.0000000-06:00,0.000000,P,,0,,NOAA,2013-08-08T07:41:24.4230000-06:00,in
37,USC00051772,Snow,2001-04-09T00:00:00.0000000-06:00,0.000000,P,,0,,NOAA,2013-08-08T07:41:24.4230000-06:00,in
37,USC00051772,Snow,2001-04-10T00:00:00.0000000-06:00,0.000000,P,,0,,NOAA,2013-08-08T07:41:24.4230000-06:00,in
37,USC00051772,Snow,2001-04-11T00:00:00.0000000-06:00,0.000000,P,,0,,NOAA,2013-08-08T07:41:24.4230000-06:00,in
37,USC00051772,Snow,2001-04-12T00:00:00.0000000-06:00,0.000000,P,,0,,NOAA,2013-08-08T07:41:24.4230000-06:00,in
37,USC00051772,Snow,2001-04-13T00:00:00.0000000-06:00,0.000000,P,,0,,NOAA,2013-08-08T07:41:24.4230000-06:00,in
37,USC00051772,Snow,2001-04-14T00:00:00.0000000-06:00,0.000000,P,,0,,NOAA,2013-08-08T07:41:24.4230000-06:00,in
37,USC00051772,Snow,2001-04-15T00:00:00.0000000-06:00,0.000000,P,,0,,NOAA,2013-08-08T07:41:24.4230000-06:00,in
37,USC00051772,Snow,2001-04-16T00:00:00.0000000-06:00,0.000000,P,,0,,NOAA,2013-08-08T07:41:24.4230000-06:00,in
37,USC00051772,Snow,2001-04-17T00:00:00.0000000-06:00,0.000000,P,,0,,NOAA,2013-08-08T07:41:24.4230000-06:00,in
37,USC00051772,Snow,2001-04-18T00:00:00.0000000-06:00,0.000000,P,,0,,NOAA,2013-08-08T07:41:24.4230000-06:00,in
37,USC00051772,Snow,2001-04-19T00:00:00.0000000-06:00,0.000000,P,,0,,NOAA,2013-08-08T07:41:24.4230000-06:00,in
37,USC00051772,Snow,2001-04-20T00:00:00.0000000-06:00,0.000000,P,,0,,NOAA,2013-08-08T07:41:24.4230000-06:00,in
37,USC00051772,Snow,2001-04-21T00:00:00.0000000-06:00,0.000000,P,,0,,NOAA,2013-08-08T07:41:24.4230000-06:00,in
37,USC00051772,Snow,2001-04-22T00:00:00.0000000-06:00,0.000000,P,,0,,NOAA,2013-08-08T07:41:24.4230000-06:00,in
37,USC00051772,Snow,2001-04-23T00:00:00.0000000-06:00,0.000000,P,,0,,NOAA,2013-08-08T07:41:24.4230000-06:00,in
37,USC00051772,Snow,2001-04-24T00:00:00.0000000-06:00,0.000000,P,,0,,NOAA,2013-08-08T07:41:24.4230000-06:00,in
37,USC00051772,Snow,2001-04-25T00:00:00.0000000-06:00,0.000000,P,,0,,NOAA,2013-08-08T07:41:24.4230000-06:00,in
37,USC00051772,Snow,2001-04-26T00:00:00.0000000-06:00,0.000000,P,,0,,NOAA,2013-08-08T07:41:24.4230000-06:00,in
37,USC00051772,Snow,2001-04-27T00:00:00.0000000-06:00,0.000000,P,,0,,NOAA,2013-08-08T07:41:24.4230000-06:00,in
37,USC00051772,Snow,2001-04-28T00:00:00.0000000-06:00,0.000000,P,,0,,NOAA,2013-08-08T07:41:24.4230000-06:00,in
37,USC00051772,Snow,2001-04-29T00:00:00.0000000-06:00,0.000000,P,,0,,NOAA,2013-08-08T07:41:24.4230000-06:00,in
37,USC00051772,Snow,2001-04-30T00:00:00.0000000-06:00,0.000000,P,,0,,NOAA,2013-08-08T07:41:24.4230000-06:00,in
37,USC00051772,Snow,2001-05-01T00:00:00.0000000-06:00,0.000000,P,,0,,NOAA,2013-08-08T07:41:24.4230000-06:00,in
37,USC00051772,Snow,2001-05-02T00:00:00.0000000-06:00,0.000000,P,,0,,NOAA,2013-08-08T07:41:24.4230000-06:00,in
37,USC00051772,Snow,2001-05-03T00:00:00.0000000-06:00,0.000000,P,,0,,NOAA,2013-08-08T07:41:24.4230000-06:00,in
37,USC00051772,Snow,2001-05-04T00:00:00.0000000-06:00,0.000000,P,,0,,NOAA,2013-08-08T07:41:24.4230000-06:00,in
37,USC00051772,Snow,2001-05-05T00:00:00.0000000-06:00,0.000000,P,,0,,NOAA,2013-08-08T07:41:24.4230000-06:00,in
37,USC00051772,Snow,2001-05-06T00:00:00.0000000-06:00,0.000000,P,,0,,NOAA,2013-08-08T07:41:24.4230000-06:00,in
37,USC00051772,Snow,2001-05-07T00:00:00.0000000-06:00,0.000000,P,,0,,NOAA,2013-08-08T07:41:24.4230000-06:00,in
37,USC00051772,Snow,2001-05-08T00:00:00.0000000-06:00,0.000000,P,,0,,NOAA,2013-08-08T07:41:24.4230000-06:00,in
37,USC00051772,Snow,2001-05-09T00:00:00.0000000-06:00,0.000000,P,,0,,NOAA,2013-08-08T07:41:24.4230000-06:00,in
37,USC00051772,Snow,2001-05-10T00:00:00.0000000-06:00,0.000000,P,,0,,NOAA,2013-08-08T07:41:24.4230000-06:00,in
37,USC00051772,Snow,2001-05-11T00:00:00.0000000-06:00,0.000000,P,,0,,NOAA,2013-08-08T07:41:24.4230000-06:00,in
37,USC00051772,Snow,2001-05-12T00:00:00.0000000-06:00,0.000000,P,,0,,NOAA,2013-08-08T07:41:24.4230000-06:00,in
37,USC00051772,Snow,2001-05-13T00:00:00.0000000-06:00,0.000000,P,,0,,NOAA,2013-08-08T07:41:24.4230000-06:00,in
37,USC00051772,Snow,2001-05-14T00:00:00.0000000-06:00,0.000000,P,,0,,NOAA,2013-08-08T07:41:24.4230000-06:00,in
37,USC00051772,Snow,2001-05-15T00:00:00.0000000-06:00,0.000000,P,,0,,NOAA,2013-08-08T07:41:24.4230000-06:00,in
37,USC00051772,Snow,2001-05-16T00:00:00.0000000-06:00,0.000000,P,,0,,NOAA,2013-08-08T07:41:24.4230000-06:00,in
37,USC00051772,Snow,2001-05-17T00:00:00.0000000-06:00,0.000000,P,,0,,NOAA,2013-08-08T07:41:24.4230000-06:00,in
37,USC00051772,Snow,2001-05-18T00:00:00.0000000-06:00,0.000000,P,,0,,NOAA,2013-08-08T07:41:24.4230000-06:00,in
37,USC00051772,Snow,2001-05-19T00:00:00.0000000-06:00,0.000000,P,,0,,NOAA,2013-08-08T07:41:24.4230000-06:00,in
37,USC00051772,Snow,2001-05-20T00:00:00.0000000-06:00,0.000000,P,,0,,NOAA,2013-08-08T07:41:24.4230000-06:00,in
37,USC00051772,Snow,2001-05-21T00:00:00.0000000-06:00,0.000000,P,,0,,NOAA,2013-08-08T07:41:24.4230000-06:00,in
37,USC00051772,Snow,2001-05-22T00:00:00.0000000-06:00,0.000000,P,,0,,NOAA,2013-08-08T07:41:24.4230000-06:00,in
37,USC00051772,Snow,2001-05-23T00:00:00.0000000-06:00,0.000000,P,,0,,NOAA,2013-08-08T07:41:24.4230000-06:00,in
37,USC00051772,Snow,2001-05-24T00:00:00.0000000-06:00,0.000000,P,,0,,NOAA,2013-08-08T07:41:24.4230000-06:00,in
37,USC00051772,Snow,2001-05-25T00:00:00.0000000-06:00,0.000000,P,,0,,NOAA,2013-08-08T07:41:24.4230000-06:00,in
37,USC00051772,Snow,2001-05-26T00:00:00.0000000-06:00,0.000000,P,,0,,NOAA,2013-08-08T07:41:24.4230000-06:00,in
37,USC00051772,Snow,2001-05-27T00:00:00.0000000-06:00,0.000000,P,,0,,NOAA,2013-08-08T07:41:24.4230000-06:00,in
37,USC00051772,Snow,2001-05-28T00:00:00.0000000-06:00,0.000000,P,,0,,NOAA,2013-08-08T07:41:24.4230000-06:00,in
37,USC00051772,Snow,2001-05-29T00:00:00.0000000-06:00,0.000000,P,,0,,NOAA,2013-08-08T07:41:24.4230000-06:00,in
37,USC00051772,Snow,2001-05-30T00:00:00.0000000-06:00,0.000000,P,,0,,NOAA,2013-08-08T07:41:24.4230000-06:00,in
37,USC00051772,Snow,2001-05-31T00:00:00.0000000-06:00,0.000000,P,,0,,NOAA,2013-08-08T07:41:24.4230000-06:00,in
37,USC00051772,Snow,2001-06-01T00:00:00.0000000-06:00,0.000000,P,,0,,NOAA,2013-08-08T07:41:24.4230000-06:00,in
37,USC00051772,Snow,2001-06-02T00:00:00.0000000-06:00,0.000000,P,,0,,NOAA,2013-08-08T07:41:24.4230000-06:00,in
37,USC00051772,Snow,2001-06-03T00:00:00.0000000-06:00,0.000000,P,,0,,NOAA,2013-08-08T07:41:24.4230000-06:00,in
37,USC00051772,Snow,2001-06-04T00:00:00.0000000-06:00,0.000000,P,,0,,NOAA,2013-08-08T07:41:24.4230000-06:00,in
37,USC00051772,Snow,2001-06-05T00:00:00.0000000-06:00,0.000000,P,,0,,NOAA,2013-08-08T07:41:24.4230000-06:00,in
37,USC00051772,Snow,2001-06-06T00:00:00.0000000-06:00,0.000000,P,,0,,NOAA,2013-08-08T07:41:24.4230000-06:00,in
37,USC00051772,Snow,2001-06-07T00:00:00.0000000-06:00,0.000000,P,,0,,NOAA,2013-08-08T07:41:24.4230000-06:00,in
37,USC00051772,Snow,2001-06-08T00:00:00.0000000-06:00,0.000000,P,,0,,NOAA,2013-08-08T07:41:24.4230000-06:00,in
37,USC00051772,Snow,2001-06-09T00:00:00.0000000-06:00,0.000000,P,,0,,NOAA,2013-08-08T07:41:24.4230000-06:00,in
37,USC00051772,Snow,2001-06-10T00:00:00.0000000-06:00,0.000000,P,,0,,NOAA,2013-08-08T07:41:24.4230000-06:00,in
37,USC00051772,Snow,2001-06-11T00:00:00.0000000-06:00,0.000000,P,,0,,NOAA,2013-08-08T07:41:24.4230000-06:00,in
37,USC00051772,Snow,2001-06-12T00:00:00.0000000-06:00,0.000000,P,,0,,NOAA,2013-08-08T07:41:24.4230000-06:00,in
37,USC00051772,Snow,2001-06-13T00:00:00.0000000-06:00,0.000000,P,,0,,NOAA,2013-08-08T07:41:24.4230000-06:00,in
37,USC00051772,Snow,2001-06-14T00:00:00.0000000-06:00,0.000000,P,,0,,NOAA,2013-08-08T07:41:24.4230000-06:00,in
37,USC00051772,Snow,2001-06-15T00:00:00.0000000-06:00,0.000000,P,,0,,NOAA,2013-08-08T07:41:24.4230000-06:00,in
37,USC00051772,Snow,2001-06-16T00:00:00.0000000-06:00,0.000000,P,,0,,NOAA,2013-08-08T07:41:24.4230000-06:00,in
37,USC00051772,Snow,2001-06-17T00:00:00.0000000-06:00,0.000000,P,,0,,NOAA,2013-08-08T07:41:24.4230000-06:00,in
37,USC00051772,Snow,2001-06-18T00:00:00.0000000-06:00,0.000000,P,,0,,NOAA,2013-08-08T07:41:24.4230000-06:00,in
37,USC00051772,Snow,2001-06-19T00:00:00.0000000-06:00,0.000000,P,,0,,NOAA,2013-08-08T07:41:24.4230000-06:00,in
37,USC00051772,Snow,2001-06-20T00:00:00.0000000-06:00,0.000000,P,,0,,NOAA,2013-08-08T07:41:24.4230000-06:00,in
37,USC00051772,Snow,2001-06-21T00:00:00.0000000-06:00,0.000000,P,,0,,NOAA,2013-08-08T07:41:24.4230000-06:00,in
37,USC00051772,Snow,2001-06-22T00:00:00.0000000-06:00,0.000000,P,,0,,NOAA,2013-08-08T07:41:24.4230000-06:00,in
37,USC00051772,Snow,2001-06-23T00:00:00.0000000-06:00,0.000000,P,,0,,NOAA,2013-08-08T07:41:24.4230000-06:00,in
37,USC00051772,Snow,2001-06-24T00:00:00.0000000-06:00,0.000000,P,,0,,NOAA,2013-08-08T07:41:24.4230000-06:00,in
37,USC00051772,Snow,2001-06-25T00:00:00.0000000-06:00,0.000000,P,,0,,NOAA,2013-08-08T07:41:24.4230000-06:00,in
37,USC00051772,Snow,2001-06-26T00:00:00.0000000-06:00,0.000000,P,,0,,NOAA,2013-08-08T07:41:24.4230000-06:00,in
37,USC00051772,Snow,2001-06-27T00:00:00.0000000-06:00,0.000000,P,,0,,NOAA,2013-08-08T07:41:24.4230000-06:00,in
37,USC00051772,Snow,2001-06-28T00:00:00.0000000-06:00,0.000000,P,,0,,NOAA,2013-08-08T07:41:24.4230000-06:00,in
37,USC00051772,Snow,2001-06-29T00:00:00.0000000-06:00,0.000000,P,,0,,NOAA,2013-08-08T07:41:24.4230000-06:00,in
37,USC00051772,Snow,2001-06-30T00:00:00.0000000-06:00,0.000000,P,,0,,NOAA,2013-08-08T07:41:24.4230000-06:00,in
37,USC00051772,Snow,2001-07-01T00:00:00.0000000-06:00,0.000000,P,,0,,NOAA,2013-08-08T07:41:24.4230000-06:00,in
37,USC00051772,Snow,2001-07-02T00:00:00.0000000-06:00,0.000000,P,,0,,NOAA,2013-08-08T07:41:24.4230000-06:00,in
37,USC00051772,Snow,2001-07-03T00:00:00.0000000-06:00,0.000000,P,,0,,NOAA,2013-08-08T07:41:24.4230000-06:00,in
37,USC00051772,Snow,2001-07-04T00:00:00.0000000-06:00,0.000000,P,,0,,NOAA,2013-08-08T07:41:24.4230000-06:00,in
37,USC00051772,Snow,2001-07-05T00:00:00.0000000-06:00,0.000000,P,,0,,NOAA,2013-08-08T07:41:24.4230000-06:00,in
37,USC00051772,Snow,2001-07-06T00:00:00.0000000-06:00,0.000000,P,,0,,NOAA,2013-08-08T07:41:24.4230000-06:00,in
37,USC00051772,Snow,2001-07-07T00:00:00.0000000-06:00,0.000000,P,,0,,NOAA,2013-08-08T07:41:24.4230000-06:00,in
37,USC00051772,Snow,2001-07-08T00:00:00.0000000-06:00,0.000000,P,,0,,NOAA,2013-08-08T07:41:24.4230000-06:00,in
37,USC00051772,Snow,2001-07-09T00:00:00.0000000-06:00,0.000000,P,,0,,NOAA,2013-08-08T07:41:24.4230000-06:00,in
37,USC00051772,Snow,2001-07-10T00:00:00.0000000-06:00,0.000000,P,,0,,NOAA,2013-08-08T07:41:24.4230000-06:00,in
37,USC00051772,Snow,2001-07-11T00:00:00.0000000-06:00,0.000000,P,,0,,NOAA,2013-08-08T07:41:24.4230000-06:00,in
37,USC00051772,Snow,2001-07-12T00:00:00.0000000-06:00,0.000000,P,,0,,NOAA,2013-08-08T07:41:24.4230000-06:00,in
37,USC00051772,Snow,2001-07-13T00:00:00.0000000-06:00,0.000000,P,,0,,NOAA,2013-08-08T07:41:24.4230000-06:00,in
37,USC00051772,Snow,2001-07-14T00:00:00.0000000-06:00,0.000000,P,,0,,NOAA,2013-08-08T07:41:24.4230000-06:00,in
37,USC00051772,Snow,2001-07-15T00:00:00.0000000-06:00,0.000000,P,,0,,NOAA,2013-08-08T07:41:24.4230000-06:00,in
37,USC00051772,Snow,2001-07-16T00:00:00.0000000-06:00,0.000000,P,,0,,NOAA,2013-08-08T07:41:24.4230000-06:00,in
37,USC00051772,Snow,2001-07-17T00:00:00.0000000-06:00,0.000000,P,,0,,NOAA,2013-08-08T07:41:24.4230000-06:00,in
37,USC00051772,Snow,2001-07-18T00:00:00.0000000-06:00,0.000000,P,,0,,NOAA,2013-08-08T07:41:24.4230000-06:00,in
37,USC00051772,Snow,2001-07-19T00:00:00.0000000-06:00,0.000000,P,,0,,NOAA,2013-08-08T07:41:24.4230000-06:00,in
37,USC00051772,Snow,2001-07-20T00:00:00.0000000-06:00,0.000000,P,,0,,NOAA,2013-08-08T07:41:24.4230000-06:00,in
37,USC00051772,Snow,2001-07-21T00:00:00.0000000-06:00,0.000000,P,,0,,NOAA,2013-08-08T07:41:24.4230000-06:00,in
37,USC00051772,Snow,2001-07-22T00:00:00.0000000-06:00,0.000000,P,,0,,NOAA,2013-08-08T07:41:24.4230000-06:00,in
37,USC00051772,Snow,2001-07-23T00:00:00.0000000-06:00,0.000000,P,,0,,NOAA,2013-08-08T07:41:24.4230000-06:00,in
37,USC00051772,Snow,2001-07-24T00:00:00.0000000-06:00,0.000000,P,,0,,NOAA,2013-08-08T07:41:24.4230000-06:00,in
37,USC00051772,Snow,2001-07-25T00:00:00.0000000-06:00,0.000000,P,,0,,NOAA,2013-08-08T07:41:24.4230000-06:00,in
37,USC00051772,Snow,2001-07-26T00:00:00.0000000-06:00,0.000000,P,,0,,NOAA,2013-08-08T07:41:24.4230000-06:00,in
37,USC00051772,Snow,2001-07-27T00:00:00.0000000-06:00,0.000000,P,,0,,NOAA,2013-08-08T07:41:24.4230000-06:00,in
37,USC00051772,Snow,2001-07-28T00:00:00.0000000-06:00,0.000000,P,,0,,NOAA,2013-08-08T07:41:24.4230000-06:00,in
37,USC00051772,Snow,2001-07-29T00:00:00.0000000-06:00,0.000000,P,,0,,NOAA,2013-08-08T07:41:24.4230000-06:00,in
37,USC00051772,Snow,2001-07-30T00:00:00.0000000-06:00,0.000000,P,,0,,NOAA,2013-08-08T07:41:24.4230000-06:00,in
37,USC00051772,Snow,2001-07-31T00:00:00.0000000-06:00,0.000000,P,,0,,NOAA,2013-08-08T07:41:24.4230000-06:00,in
37,USC00051772,Snow,2001-08-01T00:00:00.0000000-06:00,0.000000,P,,0,,NOAA,2013-08-08T07:41:24.4230000-06:00,in
37,USC00051772,Snow,2001-08-02T00:00:00.0000000-06:00,0.000000,P,,0,,NOAA,2013-08-08T07:41:24.4230000-06:00,in
37,USC00051772,Snow,2001-08-03T00:00:00.0000000-06:00,0.000000,P,,0,,NOAA,2013-08-08T07:41:24.4230000-06:00,in
37,USC00051772,Snow,2001-08-04T00:00:00.0000000-06:00,0.000000,P,,0,,NOAA,2013-08-08T07:41:24.4230000-06:00,in
37,USC00051772,Snow,2001-08-05T00:00:00.0000000-06:00,0.000000,P,,0,,NOAA,2013-08-08T07:41:24.4230000-06:00,in
37,USC00051772,Snow,2001-08-06T00:00:00.0000000-06:00,0.000000,P,,0,,NOAA,2013-08-08T07:41:24.4230000-06:00,in
37,USC00051772,Snow,2001-08-07T00:00:00.0000000-06:00,0.000000,P,,0,,NOAA,2013-08-08T07:41:24.4230000-06:00,in
37,USC00051772,Snow,2001-08-08T00:00:00.0000000-06:00,0.000000,P,,0,,NOAA,2013-08-08T07:41:24.4230000-06:00,in
37,USC00051772,Snow,2001-08-09T00:00:00.0000000-06:00,0.000000,P,,0,,NOAA,2013-08-08T07:41:24.4230000-06:00,in
37,USC00051772,Snow,2001-08-10T00:00:00.0000000-06:00,0.000000,P,,0,,NOAA,2013-08-08T07:41:24.4230000-06:00,in
37,USC00051772,Snow,2001-08-11T00:00:00.0000000-06:00,0.000000,P,,0,,NOAA,2013-08-08T07:41:24.4230000-06:00,in
37,USC00051772,Snow,2001-08-12T00:00:00.0000000-06:00,0.000000,P,,0,,NOAA,2013-08-08T07:41:24.4230000-06:00,in
37,USC00051772,Snow,2001-08-13T00:00:00.0000000-06:00,0.000000,P,,0,,NOAA,2013-08-08T07:41:24.4230000-06:00,in
37,USC00051772,Snow,2001-08-14T00:00:00.0000000-06:00,0.000000,P,,0,,NOAA,2013-08-08T07:41:24.4230000-06:00,in
37,USC00051772,Snow,2001-08-15T00:00:00.0000000-06:00,0.000000,P,,0,,NOAA,2013-08-08T07:41:24.4230000-06:00,in
37,USC00051772,Snow,2001-08-16T00:00:00.0000000-06:00,0.000000,P,,0,,NOAA,2013-08-08T07:41:24.4230000-06:00,in
37,USC00051772,Snow,2001-08-17T00:00:00.0000000-06:00,0.000000,P,,0,,NOAA,2013-08-08T07:41:24.4230000-06:00,in
37,USC00051772,Snow,2001-08-18T00:00:00.0000000-06:00,0.000000,P,,0,,NOAA,2013-08-08T07:41:24.4230000-06:00,in
37,USC00051772,Snow,2001-08-19T00:00:00.0000000-06:00,0.000000,P,,0,,NOAA,2013-08-08T07:41:24.4230000-06:00,in
37,USC00051772,Snow,2001-08-20T00:00:00.0000000-06:00,0.000000,P,,0,,NOAA,2013-08-08T07:41:24.4230000-06:00,in
37,USC00051772,Snow,2001-08-21T00:00:00.0000000-06:00,0.000000,P,,0,,NOAA,2013-08-08T07:41:24.4230000-06:00,in
37,USC00051772,Snow,2001-08-22T00:00:00.0000000-06:00,0.000000,P,,0,,NOAA,2013-08-08T07:41:24.4230000-06:00,in
37,USC00051772,Snow,2001-08-23T00:00:00.0000000-06:00,0.000000,P,,0,,NOAA,2013-08-08T07:41:24.4230000-06:00,in
37,USC00051772,Snow,2001-08-24T00:00:00.0000000-06:00,0.000000,P,,0,,NOAA,2013-08-08T07:41:24.4230000-06:00,in
37,USC00051772,Snow,2001-08-25T00:00:00.0000000-06:00,0.000000,P,,0,,NOAA,2013-08-08T07:41:24.4230000-06:00,in
37,USC00051772,Snow,2001-08-26T00:00:00.0000000-06:00,0.000000,P,,0,,NOAA,2013-08-08T07:41:24.4230000-06:00,in
37,USC00051772,Snow,2001-08-27T00:00:00.0000000-06:00,0.000000,P,,0,,NOAA,2013-08-08T07:41:24.4230000-06:00,in
37,USC00051772,Snow,2001-08-28T00:00:00.0000000-06:00,0.000000,P,,0,,NOAA,2013-08-08T07:41:24.4230000-06:00,in
37,USC00051772,Snow,2001-08-29T00:00:00.0000000-06:00,0.000000,P,,0,,NOAA,2013-08-08T07:41:24.4230000-06:00,in
37,USC00051772,Snow,2001-08-30T00:00:00.0000000-06:00,0.000000,P,,0,,NOAA,2013-08-08T07:41:24.4230000-06:00,in
37,USC00051772,Snow,2001-08-31T00:00:00.0000000-06:00,0.000000,P,,0,,NOAA,2013-08-08T07:41:24.4230000-06:00,in
37,USC00051772,Snow,2001-09-01T00:00:00.0000000-06:00,0.000000,P,,0,,NOAA,2013-08-08T07:41:24.4230000-06:00,in
37,USC00051772,Snow,2001-09-02T00:00:00.0000000-06:00,0.000000,P,,0,,NOAA,2013-08-08T07:41:24.4230000-06:00,in
37,USC00051772,Snow,2001-09-03T00:00:00.0000000-06:00,0.000000,P,,0,,NOAA,2013-08-08T07:41:24.4230000-06:00,in
37,USC00051772,Snow,2001-09-04T00:00:00.0000000-06:00,0.000000,P,,0,,NOAA,2013-08-08T07:41:24.4230000-06:00,in
37,USC00051772,Snow,2001-09-05T00:00:00.0000000-06:00,0.000000,P,,0,,NOAA,2013-08-08T07:41:24.4230000-06:00,in
37,USC00051772,Snow,2001-09-06T00:00:00.0000000-06:00,0.000000,P,,0,,NOAA,2013-08-08T07:41:24.4230000-06:00,in
37,USC00051772,Snow,2001-09-07T00:00:00.0000000-06:00,0.000000,P,,0,,NOAA,2013-08-08T07:41:24.4230000-06:00,in
37,USC00051772,Snow,2001-09-08T00:00:00.0000000-06:00,0.000000,P,,0,,NOAA,2013-08-08T07:41:24.4230000-06:00,in
37,USC00051772,Snow,2001-09-09T00:00:00.0000000-06:00,0.000000,P,,0,,NOAA,2013-08-08T07:41:24.4230000-06:00,in
37,USC00051772,Snow,2001-09-10T00:00:00.0000000-06:00,0.000000,P,,0,,NOAA,2013-08-08T07:41:24.4230000-06:00,in
37,USC00051772,Snow,2001-09-11T00:00:00.0000000-06:00,0.000000,P,,0,,NOAA,2013-08-08T07:41:24.4230000-06:00,in
37,USC00051772,Snow,2001-09-12T00:00:00.0000000-06:00,0.000000,P,,0,,NOAA,2013-08-08T07:41:24.4230000-06:00,in
37,USC00051772,Snow,2001-09-13T00:00:00.0000000-06:00,0.000000,P,,0,,NOAA,2013-08-08T07:41:24.4230000-06:00,in
37,USC00051772,Snow,2001-09-14T00:00:00.0000000-06:00,0.000000,P,,0,,NOAA,2013-08-08T07:41:24.4230000-06:00,in
37,USC00051772,Snow,2001-09-15T00:00:00.0000000-06:00,0.000000,P,,0,,NOAA,2013-08-08T07:41:24.4230000-06:00,in
37,USC00051772,Snow,2001-09-16T00:00:00.0000000-06:00,0.000000,P,,0,,NOAA,2013-08-08T07:41:24.4230000-06:00,in
37,USC00051772,Snow,2001-09-17T00:00:00.0000000-06:00,0.000000,P,,0,,NOAA,2013-08-08T07:41:24.4230000-06:00,in
37,USC00051772,Snow,2001-09-18T00:00:00.0000000-06:00,0.000000,P,,0,,NOAA,2013-08-08T07:41:24.4230000-06:00,in
37,USC00051772,Snow,2001-09-19T00:00:00.0000000-06:00,0.000000,P,,0,,NOAA,2013-08-08T07:41:24.4230000-06:00,in
37,USC00051772,Snow,2001-09-20T00:00:00.0000000-06:00,0.000000,P,,0,,NOAA,2013-08-08T07:41:24.4230000-06:00,in
37,USC00051772,Snow,2001-09-21T00:00:00.0000000-06:00,0.000000,P,,0,,NOAA,2013-08-08T07:41:24.4230000-06:00,in
37,USC00051772,Snow,2001-09-22T00:00:00.0000000-06:00,0.000000,P,,0,,NOAA,2013-08-08T07:41:24.4230000-06:00,in
37,USC00051772,Snow,2001-09-23T00:00:00.0000000-06:00,0.000000,P,,0,,NOAA,2013-08-08T07:41:24.4230000-06:00,in
37,USC00051772,Snow,2001-09-24T00:00:00.0000000-06:00,0.000000,P,,0,,NOAA,2013-08-08T07:41:24.4230000-06:00,in
37,USC00051772,Snow,2001-09-25T00:00:00.0000000-06:00,0.000000,P,,0,,NOAA,2013-08-08T07:41:24.4230000-06:00,in
37,USC00051772,Snow,2001-09-26T00:00:00.0000000-06:00,0.000000,P,,0,,NOAA,2013-08-08T07:41:24.4230000-06:00,in
37,USC00051772,Snow,2001-09-27T00:00:00.0000000-06:00,0.000000,P,,0,,NOAA,2013-08-08T07:41:24.4230000-06:00,in
37,USC00051772,Snow,2001-09-28T00:00:00.0000000-06:00,0.000000,P,,0,,NOAA,2013-08-08T07:41:24.4230000-06:00,in
37,USC00051772,Snow,2001-09-29T00:00:00.0000000-06:00,0.000000,P,,0,,NOAA,2013-08-08T07:41:24.4230000-06:00,in
37,USC00051772,Snow,2001-09-30T00:00:00.0000000-06:00,0.000000,P,,0,,NOAA,2013-08-08T07:41:24.4230000-06:00,in
37,USC00051772,Snow,2001-10-01T00:00:00.0000000-06:00,0.000000,P,,0,,NOAA,2013-08-08T07:41:24.4230000-06:00,in
37,USC00051772,Snow,2001-10-02T00:00:00.0000000-06:00,0.000000,P,,0,,NOAA,2013-08-08T07:41:24.4230000-06:00,in
37,USC00051772,Snow,2001-10-03T00:00:00.0000000-06:00,0.000000,P,,0,,NOAA,2013-08-08T07:41:24.4230000-06:00,in
37,USC00051772,Snow,2001-10-04T00:00:00.0000000-06:00,0.000000,P,,0,,NOAA,2013-08-08T07:41:24.4230000-06:00,in
37,USC00051772,Snow,2001-10-05T00:00:00.0000000-06:00,0.000000,P,,0,,NOAA,2013-08-08T07:41:24.4230000-06:00,in
37,USC00051772,Snow,2001-10-06T00:00:00.0000000-06:00,0.000000,P,,0,,NOAA,2013-08-08T07:41:24.4230000-06:00,in
37,USC00051772,Snow,2001-10-07T00:00:00.0000000-06:00,0.000000,P,,0,,NOAA,2013-08-08T07:41:24.4230000-06:00,in
37,USC00051772,Snow,2001-10-08T00:00:00.0000000-06:00,0.000000,P,,0,,NOAA,2013-08-08T07:41:24.4230000-06:00,in
37,USC00051772,Snow,2001-10-09T00:00:00.0000000-06:00,0.000000,P,,0,,NOAA,2013-08-08T07:41:24.4230000-06:00,in
37,USC00051772,Snow,2001-10-10T00:00:00.0000000-06:00,0.000000,P,,0,,NOAA,2013-08-08T07:41:24.4230000-06:00,in
37,USC00051772,Snow,2001-10-11T00:00:00.0000000-06:00,0.000000,P,,0,,NOAA,2013-08-08T07:41:24.4230000-06:00,in
37,USC00051772,Snow,2001-10-12T00:00:00.0000000-06:00,0.000000,P,,0,,NOAA,2013-08-08T07:41:24.4230000-06:00,in
37,USC00051772,Snow,2001-10-13T00:00:00.0000000-06:00,0.000000,P,,0,,NOAA,2013-08-08T07:41:24.4230000-06:00,in
37,USC00051772,Snow,2001-10-14T00:00:00.0000000-06:00,0.000000,P,,0,,NOAA,2013-08-08T07:41:24.4230000-06:00,in
37,USC00051772,Snow,2001-10-15T00:00:00.0000000-06:00,0.000000,P,,0,,NOAA,2013-08-08T07:41:24.4230000-06:00,in
37,USC00051772,Snow,2001-10-16T00:00:00.0000000-06:00,0.000000,P,,0,,NOAA,2013-08-08T07:41:24.4230000-06:00,in
37,USC00051772,Snow,2001-10-17T00:00:00.0000000-06:00,0.000000,P,,0,,NOAA,2013-08-08T07:41:24.4230000-06:00,in
37,USC00051772,Snow,2001-10-18T00:00:00.0000000-06:00,0.000000,P,,0,,NOAA,2013-08-08T07:41:24.4230000-06:00,in
37,USC00051772,Snow,2001-10-19T00:00:00.0000000-06:00,0.000000,P,,0,,NOAA,2013-08-08T07:41:24.4230000-06:00,in
37,USC00051772,Snow,2001-10-20T00:00:00.0000000-06:00,0.000000,P,,0,,NOAA,2013-08-08T07:41:24.4230000-06:00,in
37,USC00051772,Snow,2001-10-21T00:00:00.0000000-06:00,0.000000,P,,0,,NOAA,2013-08-08T07:41:24.4230000-06:00,in
37,USC00051772,Snow,2001-10-22T00:00:00.0000000-06:00,0.000000,P,,0,,NOAA,2013-08-08T07:41:24.4230000-06:00,in
37,USC00051772,Snow,2001-10-23T00:00:00.0000000-06:00,0.000000,P,,0,,NOAA,2013-08-08T07:41:24.4230000-06:00,in
37,USC00051772,Snow,2001-10-24T00:00:00.0000000-06:00,0.000000,P,,0,,NOAA,2013-08-08T07:41:24.4230000-06:00,in
37,USC00051772,Snow,2001-10-25T00:00:00.0000000-06:00,0.000000,P,,0,,NOAA,2013-08-08T07:41:24.4230000-06:00,in
37,USC00051772,Snow,2001-10-26T00:00:00.0000000-06:00,0.000000,P,,0,,NOAA,2013-08-08T07:41:24.4230000-06:00,in
37,USC00051772,Snow,2001-10-27T00:00:00.0000000-06:00,0.000000,P,,0,,NOAA,2013-08-08T07:41:24.4230000-06:00,in
37,USC00051772,Snow,2001-10-28T00:00:00.0000000-06:00,0.000000,P,,0,,NOAA,2013-08-08T07:41:24.4230000-06:00,in
37,USC00051772,Snow,2001-10-29T00:00:00.0000000-07:00,0.000000,P,,0,,NOAA,2013-08-08T07:41:24.4230000-06:00,in
37,USC00051772,Snow,2001-10-30T00:00:00.0000000-07:00,0.000000,P,,0,,NOAA,2013-08-08T07:41:24.4230000-06:00,in
37,USC00051772,Snow,2001-10-31T00:00:00.0000000-07:00,0.000000,P,,0,,NOAA,2013-08-08T07:41:24.4230000-06:00,in
37,USC00051772,Snow,2001-11-01T00:00:00.0000000-07:00,0.000000,P,,0,,NOAA,2013-08-08T07:41:24.4230000-06:00,in
37,USC00051772,Snow,2001-11-02T00:00:00.0000000-07:00,0.000000,P,,0,,NOAA,2013-08-08T07:41:24.4230000-06:00,in
37,USC00051772,Snow,2001-11-03T00:00:00.0000000-07:00,0.000000,P,,0,,NOAA,2013-08-08T07:41:24.4230000-06:00,in
37,USC00051772,Snow,2001-11-04T00:00:00.0000000-07:00,0.000000,P,,0,,NOAA,2013-08-08T07:41:24.4230000-06:00,in
37,USC00051772,Snow,2001-11-05T00:00:00.0000000-07:00,0.000000,P,,0,,NOAA,2013-08-08T07:41:24.4230000-06:00,in
37,USC00051772,Snow,2001-11-06T00:00:00.0000000-07:00,0.000000,P,,0,,NOAA,2013-08-08T07:41:24.4230000-06:00,in
37,USC00051772,Snow,2001-11-07T00:00:00.0000000-07:00,0.000000,P,,0,,NOAA,2013-08-08T07:41:24.4230000-06:00,in
37,USC00051772,Snow,2001-11-08T00:00:00.0000000-07:00,0.000000,P,,0,,NOAA,2013-08-08T07:41:24.4230000-06:00,in
37,USC00051772,Snow,2001-11-09T00:00:00.0000000-07:00,0.000000,P,,0,,NOAA,2013-08-08T07:41:24.4230000-06:00,in
37,USC00051772,Snow,2001-11-10T00:00:00.0000000-07:00,0.000000,P,,0,,NOAA,2013-08-08T07:41:24.4230000-06:00,in
37,USC00051772,Snow,2001-11-11T00:00:00.0000000-07:00,0.000000,P,,0,,NOAA,2013-08-08T07:41:24.4230000-06:00,in
37,USC00051772,Snow,2001-11-12T00:00:00.0000000-07:00,0.000000,P,,0,,NOAA,2013-08-08T07:41:24.4230000-06:00,in
37,USC00051772,Snow,2001-11-13T00:00:00.0000000-07:00,0.000000,P,,0,,NOAA,2013-08-08T07:41:24.4230000-06:00,in
37,USC00051772,Snow,2001-11-14T00:00:00.0000000-07:00,0.000000,P,,0,,NOAA,2013-08-08T07:41:24.4230000-06:00,in
37,USC00051772,Snow,2001-11-15T00:00:00.0000000-07:00,0.000000,P,,0,,NOAA,2013-08-08T07:41:24.4230000-06:00,in
37,USC00051772,Snow,2001-11-16T00:00:00.0000000-07:00,0.000000,P,,0,,NOAA,2013-08-08T07:41:24.4230000-06:00,in
37,USC00051772,Snow,2001-11-17T00:00:00.0000000-07:00,0.000000,P,,0,,NOAA,2013-08-08T07:41:24.4230000-06:00,in
37,USC00051772,Snow,2001-11-18T00:00:00.0000000-07:00,0.000000,P,,0,,NOAA,2013-08-08T07:41:24.4230000-06:00,in
37,USC00051772,Snow,2001-11-19T00:00:00.0000000-07:00,0.000000,P,,0,,NOAA,2013-08-08T07:41:24.4230000-06:00,in
37,USC00051772,Snow,2001-11-20T00:00:00.0000000-07:00,0.000000,P,,0,,NOAA,2013-08-08T07:41:24.4230000-06:00,in
37,USC00051772,Snow,2001-11-21T00:00:00.0000000-07:00,0.000000,P,,0,,NOAA,2013-08-08T07:41:24.4230000-06:00,in
37,USC00051772,Snow,2001-11-22T00:00:00.0000000-07:00,0.000000,P,,0,,NOAA,2013-08-08T07:41:24.4230000-06:00,in
37,USC00051772,Snow,2001-11-23T00:00:00.0000000-07:00,0.000000,P,,0,,NOAA,2013-08-08T07:41:24.4230000-06:00,in
37,USC00051772,Snow,2001-11-24T00:00:00.0000000-07:00,0.000000,P,,0,,NOAA,2013-08-08T07:41:24.4230000-06:00,in
37,USC00051772,Snow,2001-11-25T00:00:00.0000000-07:00,0.000000,P,,0,,NOAA,2013-08-08T07:41:24.4230000-06:00,in
37,USC00051772,Snow,2001-11-26T00:00:00.0000000-07:00,0.118110,,,0,,NOAA,2013-08-08T07:41:24.4230000-06:00,in
37,USC00051772,Snow,2001-11-27T00:00:00.0000000-07:00,0.000000,P,,0,,NOAA,2013-08-08T07:41:24.4230000-06:00,in
37,USC00051772,Snow,2001-11-28T00:00:00.0000000-07:00,0.000000,P,,0,,NOAA,2013-08-08T07:41:24.4230000-06:00,in
37,USC00051772,Snow,2001-11-29T00:00:00.0000000-07:00,0.000000,P,,0,,NOAA,2013-08-08T07:41:24.4230000-06:00,in
37,USC00051772,Snow,2001-11-30T00:00:00.0000000-07:00,2.992126,,,0,,NOAA,2013-08-08T07:41:24.4230000-06:00,in
37,USC00051772,Snow,2001-12-01T00:00:00.0000000-07:00,0.000000,P,,0,,NOAA,2013-08-08T07:41:24.4230000-06:00,in
37,USC00051772,Snow,2001-12-02T00:00:00.0000000-07:00,0.000000,P,,0,,NOAA,2013-08-08T07:41:24.4230000-06:00,in
37,USC00051772,Snow,2001-12-03T00:00:00.0000000-07:00,0.000000,P,,0,,NOAA,2013-08-08T07:41:24.4230000-06:00,in
37,USC00051772,Snow,2001-12-04T00:00:00.0000000-07:00,0.000000,P,,0,,NOAA,2013-08-08T07:41:24.4230000-06:00,in
37,USC00051772,Snow,2001-12-05T00:00:00.0000000-07:00,0.000000,T,,0,,NOAA,2013-08-08T07:41:24.4230000-06:00,in
37,USC00051772,Snow,2001-12-06T00:00:00.0000000-07:00,0.000000,P,,0,,NOAA,2013-08-08T07:41:24.4230000-06:00,in
37,USC00051772,Snow,2001-12-07T00:00:00.0000000-07:00,0.000000,P,,0,,NOAA,2013-08-08T07:41:24.4230000-06:00,in
37,USC00051772,Snow,2001-12-08T00:00:00.0000000-07:00,0.000000,P,,0,,NOAA,2013-08-08T07:41:24.4230000-06:00,in
37,USC00051772,Snow,2001-12-09T00:00:00.0000000-07:00,0.000000,P,,0,,NOAA,2013-08-08T07:41:24.4230000-06:00,in
37,USC00051772,Snow,2001-12-10T00:00:00.0000000-07:00,0.000000,P,,0,,NOAA,2013-08-08T07:41:24.4230000-06:00,in
37,USC00051772,Snow,2001-12-11T00:00:00.0000000-07:00,0.000000,P,,0,,NOAA,2013-08-08T07:41:24.4230000-06:00,in
37,USC00051772,Snow,2001-12-12T00:00:00.0000000-07:00,0.984252,,,0,,NOAA,2013-08-08T07:41:24.4230000-06:00,in
37,USC00051772,Snow,2001-12-13T00:00:00.0000000-07:00,0.000000,T,,0,,NOAA,2013-08-08T07:41:24.4230000-06:00,in
37,USC00051772,Snow,2001-12-14T00:00:00.0000000-07:00,0.000000,P,,0,,NOAA,2013-08-08T07:41:24.4230000-06:00,in
37,USC00051772,Snow,2001-12-15T00:00:00.0000000-07:00,0.000000,T,,0,,NOAA,2013-08-08T07:41:24.4230000-06:00,in
37,USC00051772,Snow,2001-12-16T00:00:00.0000000-07:00,0.118110,,,0,,NOAA,2013-08-08T07:41:24.4230000-06:00,in
37,USC00051772,Snow,2001-12-17T00:00:00.0000000-07:00,0.000000,P,,0,,NOAA,2013-08-08T07:41:24.4230000-06:00,in
37,USC00051772,Snow,2001-12-18T00:00:00.0000000-07:00,0.000000,T,,0,,NOAA,2013-08-08T07:41:24.4230000-06:00,in
37,USC00051772,Snow,2001-12-19T00:00:00.0000000-07:00,0.000000,P,,0,,NOAA,2013-08-08T07:41:24.4230000-06:00,in
37,USC00051772,Snow,2001-12-20T00:00:00.0000000-07:00,0.000000,P,,0,,NOAA,2013-08-08T07:41:24.4230000-06:00,in
37,USC00051772,Snow,2001-12-21T00:00:00.0000000-07:00,0.000000,P,,0,,NOAA,2013-08-08T07:41:24.4230000-06:00,in
37,USC00051772,Snow,2001-12-22T00:00:00.0000000-07:00,0.000000,P,,0,,NOAA,2013-08-08T07:41:24.4230000-06:00,in
37,USC00051772,Snow,2001-12-23T00:00:00.0000000-07:00,0.000000,P,,0,,NOAA,2013-08-08T07:41:24.4230000-06:00,in
37,USC00051772,Snow,2001-12-24T00:00:00.0000000-07:00,0.000000,P,,0,,NOAA,2013-08-08T07:41:24.4230000-06:00,in
37,USC00051772,Snow,2001-12-25T00:00:00.0000000-07:00,0.000000,P,,0,,NOAA,2013-08-08T07:41:24.4230000-06:00,in
37,USC00051772,Snow,2001-12-26T00:00:00.0000000-07:00,0.000000,P,,0,,NOAA,2013-08-08T07:41:24.4230000-06:00,in
37,USC00051772,Snow,2001-12-27T00:00:00.0000000-07:00,0.000000,P,,0,,NOAA,2013-08-08T07:41:24.4230000-06:00,in
37,USC00051772,Snow,2001-12-28T00:00:00.0000000-07:00,0.000000,P,,0,,NOAA,2013-08-08T07:41:24.4230000-06:00,in
37,USC00051772,Snow,2001-12-29T00:00:00.0000000-07:00,0.000000,P,,0,,NOAA,2013-08-08T07:41:24.4230000-06:00,in
37,USC00051772,Snow,2001-12-30T00:00:00.0000000-07:00,1.496063,,,0,,NOAA,2013-08-08T07:41:24.4230000-06:00,in
37,USC00051772,Snow,2001-12-31T00:00:00.0000000-07:00,0.000000,T,,0,,NOAA,2013-08-08T07:41:24.4230000-06:00,in
37,USC00051772,Snow,2002-01-01T00:00:00.0000000-07:00,0.511811,,,0,,NOAA,2013-08-08T07:41:24.4230000-06:00,in
37,USC00051772,Snow,2002-01-02T00:00:00.0000000-07:00,0.000000,P,,0,,NOAA,2013-08-08T07:41:24.4230000-06:00,in
37,USC00051772,Snow,2002-01-03T00:00:00.0000000-07:00,0.000000,P,,0,,NOAA,2013-08-08T07:41:24.4230000-06:00,in
37,USC00051772,Snow,2002-01-04T00:00:00.0000000-07:00,0.000000,P,,0,,NOAA,2013-08-08T07:41:24.4230000-06:00,in
37,USC00051772,Snow,2002-01-05T00:00:00.0000000-07:00,0.000000,P,,0,,NOAA,2013-08-08T07:41:24.4230000-06:00,in
37,USC00051772,Snow,2002-01-06T00:00:00.0000000-07:00,0.000000,P,,0,,NOAA,2013-08-08T07:41:24.4230000-06:00,in
37,USC00051772,Snow,2002-01-07T00:00:00.0000000-07:00,0.000000,P,,0,,NOAA,2013-08-08T07:41:24.4230000-06:00,in
37,USC00051772,Snow,2002-01-08T00:00:00.0000000-07:00,0.000000,P,,0,,NOAA,2013-08-08T07:41:24.4230000-06:00,in
37,USC00051772,Snow,2002-01-09T00:00:00.0000000-07:00,0.000000,P,,0,,NOAA,2013-08-08T07:41:24.4230000-06:00,in
37,USC00051772,Snow,2002-01-10T00:00:00.0000000-07:00,0.000000,T,,0,,NOAA,2013-08-08T07:41:24.4230000-06:00,in
37,USC00051772,Snow,2002-01-11T00:00:00.0000000-07:00,0.000000,P,,0,,NOAA,2013-08-08T07:41:24.4230000-06:00,in
37,USC00051772,Snow,2002-01-12T00:00:00.0000000-07:00,0.000000,P,,0,,NOAA,2013-08-08T07:41:24.4230000-06:00,in
37,USC00051772,Snow,2002-01-13T00:00:00.0000000-07:00,0.000000,P,,0,,NOAA,2013-08-08T07:41:24.4230000-06:00,in
37,USC00051772,Snow,2002-01-14T00:00:00.0000000-07:00,0.000000,P,,0,,NOAA,2013-08-08T07:41:24.4230000-06:00,in
37,USC00051772,Snow,2002-01-15T00:00:00.0000000-07:00,0.000000,P,,0,,NOAA,2013-08-08T07:41:24.4230000-06:00,in
37,USC00051772,Snow,2002-01-16T00:00:00.0000000-07:00,0.000000,P,,0,,NOAA,2013-08-08T07:41:24.4230000-06:00,in
37,USC00051772,Snow,2002-01-17T00:00:00.0000000-07:00,0.511811,,,0,,NOAA,2013-08-08T07:41:24.4230000-06:00,in
37,USC00051772,Snow,2002-01-18T00:00:00.0000000-07:00,0.000000,P,,0,,NOAA,2013-08-08T07:41:24.4230000-06:00,in
37,USC00051772,Snow,2002-01-19T00:00:00.0000000-07:00,0.000000,P,,0,,NOAA,2013-08-08T07:41:24.4230000-06:00,in
37,USC00051772,Snow,2002-01-20T00:00:00.0000000-07:00,0.000000,P,,0,,NOAA,2013-08-08T07:41:24.4230000-06:00,in
37,USC00051772,Snow,2002-01-21T00:00:00.0000000-07:00,0.000000,P,,0,,NOAA,2013-08-08T07:41:24.4230000-06:00,in
37,USC00051772,Snow,2002-01-22T00:00:00.0000000-07:00,0.000000,P,,0,,NOAA,2013-08-08T07:41:24.4230000-06:00,in
37,USC00051772,Snow,2002-01-23T00:00:00.0000000-07:00,2.007874,,,0,,NOAA,2013-08-08T07:41:24.4230000-06:00,in
37,USC00051772,Snow,2002-01-24T00:00:00.0000000-07:00,0.000000,P,,0,,NOAA,2013-08-08T07:41:24.4230000-06:00,in
37,USC00051772,Snow,2002-01-25T00:00:00.0000000-07:00,0.000000,P,,0,,NOAA,2013-08-08T07:41:24.4230000-06:00,in
37,USC00051772,Snow,2002-01-26T00:00:00.0000000-07:00,0.000000,P,,0,,NOAA,2013-08-08T07:41:24.4230000-06:00,in
37,USC00051772,Snow,2002-01-27T00:00:00.0000000-07:00,0.000000,P,,0,,NOAA,2013-08-08T07:41:24.4230000-06:00,in
37,USC00051772,Snow,2002-01-28T00:00:00.0000000-07:00,0.000000,P,,0,,NOAA,2013-08-08T07:41:24.4230000-06:00,in
37,USC00051772,Snow,2002-01-29T00:00:00.0000000-07:00,0.000000,P,,0,,NOAA,2013-08-08T07:41:24.4230000-06:00,in
37,USC00051772,Snow,2002-01-30T00:00:00.0000000-07:00,2.992126,,,0,,NOAA,2013-08-08T07:41:24.4230000-06:00,in
37,USC00051772,Snow,2002-01-31T00:00:00.0000000-07:00,0.000000,P,,0,,NOAA,2013-08-08T07:41:24.4230000-06:00,in
37,USC00051772,Snow,2002-02-01T00:00:00.0000000-07:00,0.000000,P,,0,,NOAA,2013-08-08T07:41:24.4230000-06:00,in
37,USC00051772,Snow,2002-02-02T00:00:00.0000000-07:00,0.000000,P,,0,,NOAA,2013-08-08T07:41:24.4230000-06:00,in
37,USC00051772,Snow,2002-02-03T00:00:00.0000000-07:00,0.000000,P,,0,,NOAA,2013-08-08T07:41:24.4230000-06:00,in
37,USC00051772,Snow,2002-02-04T00:00:00.0000000-07:00,0.000000,P,,0,,NOAA,2013-08-08T07:41:24.4230000-06:00,in
37,USC00051772,Snow,2002-02-05T00:00:00.0000000-07:00,0.000000,P,,0,,NOAA,2013-08-08T07:41:24.4230000-06:00,in
37,USC00051772,Snow,2002-02-06T00:00:00.0000000-07:00,0.000000,P,,0,,NOAA,2013-08-08T07:41:24.4230000-06:00,in
37,USC00051772,Snow,2002-02-07T00:00:00.0000000-07:00,0.000000,P,,0,,NOAA,2013-08-08T07:41:24.4230000-06:00,in
37,USC00051772,Snow,2002-02-08T00:00:00.0000000-07:00,0.000000,P,,0,,NOAA,2013-08-08T07:41:24.4230000-06:00,in
37,USC00051772,Snow,2002-02-09T00:00:00.0000000-07:00,0.000000,P,,0,,NOAA,2013-08-08T07:41:24.4230000-06:00,in
37,USC00051772,Snow,2002-02-10T00:00:00.0000000-07:00,0.000000,P,,0,,NOAA,2013-08-08T07:41:24.4230000-06:00,in
37,USC00051772,Snow,2002-02-11T00:00:00.0000000-07:00,0.000000,P,,0,,NOAA,2013-08-08T07:41:24.4230000-06:00,in
37,USC00051772,Snow,2002-02-12T00:00:00.0000000-07:00,0.000000,P,,0,,NOAA,2013-08-08T07:41:24.4230000-06:00,in
37,USC00051772,Snow,2002-02-13T00:00:00.0000000-07:00,0.000000,P,,0,,NOAA,2013-08-08T07:41:24.4230000-06:00,in
37,USC00051772,Snow,2002-02-14T00:00:00.0000000-07:00,0.000000,P,,0,,NOAA,2013-08-08T07:41:24.4230000-06:00,in
37,USC00051772,Snow,2002-02-15T00:00:00.0000000-07:00,0.000000,P,,0,,NOAA,2013-08-08T07:41:24.4230000-06:00,in
37,USC00051772,Snow,2002-02-16T00:00:00.0000000-07:00,0.000000,P,,0,,NOAA,2013-08-08T07:41:24.4230000-06:00,in
37,USC00051772,Snow,2002-02-17T00:00:00.0000000-07:00,0.000000,P,,0,,NOAA,2013-08-08T07:41:24.4230000-06:00,in
37,USC00051772,Snow,2002-02-18T00:00:00.0000000-07:00,0.000000,P,,0,,NOAA,2013-08-08T07:41:24.4230000-06:00,in
37,USC00051772,Snow,2002-02-19T00:00:00.0000000-07:00,0.511811,,,0,,NOAA,2013-08-08T07:41:24.4230000-06:00,in
37,USC00051772,Snow,2002-02-20T00:00:00.0000000-07:00,0.000000,P,,0,,NOAA,2013-08-08T07:41:24.4230000-06:00,in
37,USC00051772,Snow,2002-02-21T00:00:00.0000000-07:00,0.000000,T,,0,,NOAA,2013-08-08T07:41:24.4230000-06:00,in
37,USC00051772,Snow,2002-02-22T00:00:00.0000000-07:00,0.000000,P,,0,,NOAA,2013-08-08T07:41:24.4230000-06:00,in
37,USC00051772,Snow,2002-02-23T00:00:00.0000000-07:00,0.000000,P,,0,,NOAA,2013-08-08T07:41:24.4230000-06:00,in
37,USC00051772,Snow,2002-02-24T00:00:00.0000000-07:00,0.000000,P,,0,,NOAA,2013-08-08T07:41:24.4230000-06:00,in
37,USC00051772,Snow,2002-02-25T00:00:00.0000000-07:00,0.000000,P,,0,,NOAA,2013-08-08T07:41:24.4230000-06:00,in
37,USC00051772,Snow,2002-02-26T00:00:00.0000000-07:00,0.000000,P,,0,,NOAA,2013-08-08T07:41:24.4230000-06:00,in
37,USC00051772,Snow,2002-02-27T00:00:00.0000000-07:00,0.000000,P,,0,,NOAA,2013-08-08T07:41:24.4230000-06:00,in
37,USC00051772,Snow,2002-02-28T00:00:00.0000000-07:00,0.000000,P,,0,,NOAA,2013-08-08T07:41:24.4230000-06:00,in
37,USC00051772,Snow,2002-03-01T00:00:00.0000000-07:00,0.000000,P,,0,,NOAA,2013-08-08T07:41:24.4230000-06:00,in
37,USC00051772,Snow,2002-03-02T00:00:00.0000000-07:00,0.000000,P,,0,,NOAA,2013-08-08T07:41:24.4230000-06:00,in
37,USC00051772,Snow,2002-03-03T00:00:00.0000000-07:00,0.000000,P,,0,,NOAA,2013-08-08T07:41:24.4230000-06:00,in
37,USC00051772,Snow,2002-03-04T00:00:00.0000000-07:00,0.000000,P,,0,,NOAA,2013-08-08T07:41:24.4230000-06:00,in
37,USC00051772,Snow,2002-03-05T00:00:00.0000000-07:00,0.000000,P,,0,,NOAA,2013-08-08T07:41:24.4230000-06:00,in
37,USC00051772,Snow,2002-03-06T00:00:00.0000000-07:00,0.000000,P,,0,,NOAA,2013-08-08T07:41:24.4230000-06:00,in
37,USC00051772,Snow,2002-03-07T00:00:00.0000000-07:00,0.000000,P,,0,,NOAA,2013-08-08T07:41:24.4230000-06:00,in
37,USC00051772,Snow,2002-03-08T00:00:00.0000000-07:00,0.000000,T,,0,,NOAA,2013-08-08T07:41:24.4230000-06:00,in
37,USC00051772,Snow,2002-03-09T00:00:00.0000000-07:00,0.118110,,,0,,NOAA,2013-08-08T07:41:24.4230000-06:00,in
37,USC00051772,Snow,2002-03-10T00:00:00.0000000-07:00,0.000000,P,,0,,NOAA,2013-08-08T07:41:24.4230000-06:00,in
37,USC00051772,Snow,2002-03-11T00:00:00.0000000-07:00,0.000000,P,,0,,NOAA,2013-08-08T07:41:24.4230000-06:00,in
37,USC00051772,Snow,2002-03-12T00:00:00.0000000-07:00,0.000000,P,,0,,NOAA,2013-08-08T07:41:24.4230000-06:00,in
37,USC00051772,Snow,2002-03-13T00:00:00.0000000-07:00,0.000000,P,,0,,NOAA,2013-08-08T07:41:24.4230000-06:00,in
37,USC00051772,Snow,2002-03-14T00:00:00.0000000-07:00,0.000000,P,,0,,NOAA,2013-08-08T07:41:24.4230000-06:00,in
37,USC00051772,Snow,2002-03-15T00:00:00.0000000-07:00,0.000000,P,,0,,NOAA,2013-08-08T07:41:24.4230000-06:00,in
37,USC00051772,Snow,2002-03-16T00:00:00.0000000-07:00,0.000000,P,,0,,NOAA,2013-08-08T07:41:24.4230000-06:00,in
37,USC00051772,Snow,2002-03-17T00:00:00.0000000-07:00,0.000000,T,,0,,NOAA,2013-08-08T07:41:24.4230000-06:00,in
37,USC00051772,Snow,2002-03-18T00:00:00.0000000-07:00,0.000000,T,,0,,NOAA,2013-08-08T07:41:24.4230000-06:00,in
37,USC00051772,Snow,2002-03-19T00:00:00.0000000-07:00,0.000000,P,,0,,NOAA,2013-08-08T07:41:24.4230000-06:00,in
37,USC00051772,Snow,2002-03-20T00:00:00.0000000-07:00,0.000000,P,,0,,NOAA,2013-08-08T07:41:24.4230000-06:00,in
37,USC00051772,Snow,2002-03-21T00:00:00.0000000-07:00,0.000000,P,,0,,NOAA,2013-08-08T07:41:24.4230000-06:00,in
37,USC00051772,Snow,2002-03-22T00:00:00.0000000-07:00,0.000000,P,,0,,NOAA,2013-08-08T07:41:24.4230000-06:00,in
37,USC00051772,Snow,2002-03-23T00:00:00.0000000-07:00,0.000000,P,,0,,NOAA,2013-08-08T07:41:24.4230000-06:00,in
37,USC00051772,Snow,2002-03-24T00:00:00.0000000-07:00,0.000000,P,,0,,NOAA,2013-08-08T07:41:24.4230000-06:00,in
37,USC00051772,Snow,2002-03-25T00:00:00.0000000-07:00,0.000000,P,,0,,NOAA,2013-08-08T07:41:24.4230000-06:00,in
37,USC00051772,Snow,2002-03-26T00:00:00.0000000-07:00,0.000000,P,,0,,NOAA,2013-08-08T07:41:24.4230000-06:00,in
37,USC00051772,Snow,2002-03-27T00:00:00.0000000-07:00,0.000000,P,,0,,NOAA,2013-08-08T07:41:24.4230000-06:00,in
37,USC00051772,Snow,2002-03-28T00:00:00.0000000-07:00,0.000000,P,,0,,NOAA,2013-08-08T07:41:24.4230000-06:00,in
37,USC00051772,Snow,2002-03-29T00:00:00.0000000-07:00,0.000000,P,,0,,NOAA,2013-08-08T07:41:24.4230000-06:00,in
37,USC00051772,Snow,2002-03-30T00:00:00.0000000-07:00,0.000000,P,,0,,NOAA,2013-08-08T07:41:24.4230000-06:00,in
37,USC00051772,Snow,2002-03-31T00:00:00.0000000-07:00,0.000000,P,,0,,NOAA,2013-08-08T07:41:24.4230000-06:00,in
37,USC00051772,Snow,2002-04-01T00:00:00.0000000-07:00,0.000000,P,,0,,NOAA,2013-08-08T07:41:24.4230000-06:00,in
37,USC00051772,Snow,2002-04-02T00:00:00.0000000-07:00,0.000000,P,,0,,NOAA,2013-08-08T07:41:24.4230000-06:00,in
37,USC00051772,Snow,2002-04-03T00:00:00.0000000-07:00,0.000000,P,,0,,NOAA,2013-08-08T07:41:24.4230000-06:00,in
37,USC00051772,Snow,2002-04-04T00:00:00.0000000-07:00,0.000000,P,,0,,NOAA,2013-08-08T07:41:24.4230000-06:00,in
37,USC00051772,Snow,2002-04-05T00:00:00.0000000-07:00,0.000000,P,,0,,NOAA,2013-08-08T07:41:24.4230000-06:00,in
37,USC00051772,Snow,2002-04-06T00:00:00.0000000-07:00,0.000000,P,,0,,NOAA,2013-08-08T07:41:24.4230000-06:00,in
37,USC00051772,Snow,2002-04-07T00:00:00.0000000-07:00,0.000000,P,,0,,NOAA,2013-08-08T07:41:24.4230000-06:00,in
37,USC00051772,Snow,2002-04-08T00:00:00.0000000-06:00,0.000000,P,,0,,NOAA,2013-08-08T07:41:24.4230000-06:00,in
37,USC00051772,Snow,2002-04-09T00:00:00.0000000-06:00,0.000000,P,,0,,NOAA,2013-08-08T07:41:24.4230000-06:00,in
37,USC00051772,Snow,2002-04-10T00:00:00.0000000-06:00,0.000000,P,,0,,NOAA,2013-08-08T07:41:24.4230000-06:00,in
37,USC00051772,Snow,2002-04-11T00:00:00.0000000-06:00,0.000000,P,,0,,NOAA,2013-08-08T07:41:24.4230000-06:00,in
37,USC00051772,Snow,2002-04-12T00:00:00.0000000-06:00,0.000000,P,,0,,NOAA,2013-08-08T07:41:24.4230000-06:00,in
37,USC00051772,Snow,2002-04-13T00:00:00.0000000-06:00,0.000000,P,,0,,NOAA,2013-08-08T07:41:24.4230000-06:00,in
37,USC00051772,Snow,2002-04-14T00:00:00.0000000-06:00,0.000000,P,,0,,NOAA,2013-08-08T07:41:24.4230000-06:00,in
37,USC00051772,Snow,2002-04-15T00:00:00.0000000-06:00,0.000000,P,,0,,NOAA,2013-08-08T07:41:24.4230000-06:00,in
37,USC00051772,Snow,2002-04-16T00:00:00.0000000-06:00,0.000000,P,,0,,NOAA,2013-08-08T07:41:24.4230000-06:00,in
37,USC00051772,Snow,2002-04-17T00:00:00.0000000-06:00,0.000000,P,,0,,NOAA,2013-08-08T07:41:24.4230000-06:00,in
37,USC00051772,Snow,2002-04-18T00:00:00.0000000-06:00,0.000000,P,,0,,NOAA,2013-08-08T07:41:24.4230000-06:00,in
37,USC00051772,Snow,2002-04-19T00:00:00.0000000-06:00,0.000000,P,,0,,NOAA,2013-08-08T07:41:24.4230000-06:00,in
37,USC00051772,Snow,2002-04-20T00:00:00.0000000-06:00,0.000000,T,,0,,NOAA,2013-08-08T07:41:24.4230000-06:00,in
37,USC00051772,Snow,2002-04-21T00:00:00.0000000-06:00,0.000000,P,,0,,NOAA,2013-08-08T07:41:24.4230000-06:00,in
37,USC00051772,Snow,2002-04-22T00:00:00.0000000-06:00,0.000000,P,,0,,NOAA,2013-08-08T07:41:24.4230000-06:00,in
37,USC00051772,Snow,2002-04-23T00:00:00.0000000-06:00,0.000000,P,,0,,NOAA,2013-08-08T07:41:24.4230000-06:00,in
37,USC00051772,Snow,2002-04-24T00:00:00.0000000-06:00,0.000000,P,,0,,NOAA,2013-08-08T07:41:24.4230000-06:00,in
37,USC00051772,Snow,2002-04-25T00:00:00.0000000-06:00,0.000000,P,,0,,NOAA,2013-08-08T07:41:24.4230000-06:00,in
37,USC00051772,Snow,2002-04-26T00:00:00.0000000-06:00,0.000000,P,,0,,NOAA,2013-08-08T07:41:24.4230000-06:00,in
37,USC00051772,Snow,2002-04-27T00:00:00.0000000-06:00,0.000000,P,,0,,NOAA,2013-08-08T07:41:24.4230000-06:00,in
37,USC00051772,Snow,2002-04-28T00:00:00.0000000-06:00,0.000000,P,,0,,NOAA,2013-08-08T07:41:24.4230000-06:00,in
37,USC00051772,Snow,2002-04-29T00:00:00.0000000-06:00,0.000000,P,,0,,NOAA,2013-08-08T07:41:24.4230000-06:00,in
37,USC00051772,Snow,2002-04-30T00:00:00.0000000-06:00,0.000000,P,,0,,NOAA,2013-08-08T07:41:24.4230000-06:00,in
37,USC00051772,Snow,2002-05-01T00:00:00.0000000-06:00,0.000000,P,,0,,NOAA,2013-08-08T07:41:24.4230000-06:00,in
37,USC00051772,Snow,2002-05-02T00:00:00.0000000-06:00,0.000000,P,,0,,NOAA,2013-08-08T07:41:24.4230000-06:00,in
37,USC00051772,Snow,2002-05-03T00:00:00.0000000-06:00,0.000000,P,,0,,NOAA,2013-08-08T07:41:24.4230000-06:00,in
37,USC00051772,Snow,2002-05-04T00:00:00.0000000-06:00,0.000000,P,,0,,NOAA,2013-08-08T07:41:24.4230000-06:00,in
37,USC00051772,Snow,2002-05-05T00:00:00.0000000-06:00,0.000000,P,,0,,NOAA,2013-08-08T07:41:24.4230000-06:00,in
37,USC00051772,Snow,2002-05-06T00:00:00.0000000-06:00,0.000000,P,,0,,NOAA,2013-08-08T07:41:24.4230000-06:00,in
37,USC00051772,Snow,2002-05-07T00:00:00.0000000-06:00,0.000000,P,,0,,NOAA,2013-08-08T07:41:24.4230000-06:00,in
37,USC00051772,Snow,2002-05-08T00:00:00.0000000-06:00,0.000000,P,,0,,NOAA,2013-08-08T07:41:24.4230000-06:00,in
37,USC00051772,Snow,2002-05-09T00:00:00.0000000-06:00,0.000000,P,,0,,NOAA,2013-08-08T07:41:24.4230000-06:00,in
37,USC00051772,Snow,2002-05-10T00:00:00.0000000-06:00,0.000000,P,,0,,NOAA,2013-08-08T07:41:24.4230000-06:00,in
37,USC00051772,Snow,2002-05-11T00:00:00.0000000-06:00,0.000000,P,,0,,NOAA,2013-08-08T07:41:24.4230000-06:00,in
37,USC00051772,Snow,2002-05-12T00:00:00.0000000-06:00,0.000000,P,,0,,NOAA,2013-08-08T07:41:24.4230000-06:00,in
37,USC00051772,Snow,2002-05-13T00:00:00.0000000-06:00,0.000000,P,,0,,NOAA,2013-08-08T07:41:24.4230000-06:00,in
37,USC00051772,Snow,2002-05-14T00:00:00.0000000-06:00,0.000000,P,,0,,NOAA,2013-08-08T07:41:24.4230000-06:00,in
37,USC00051772,Snow,2002-05-15T00:00:00.0000000-06:00,0.000000,P,,0,,NOAA,2013-08-08T07:41:24.4230000-06:00,in
37,USC00051772,Snow,2002-05-16T00:00:00.0000000-06:00,0.000000,P,,0,,NOAA,2013-08-08T07:41:24.4230000-06:00,in
37,USC00051772,Snow,2002-05-17T00:00:00.0000000-06:00,0.000000,P,,0,,NOAA,2013-08-08T07:41:24.4230000-06:00,in
37,USC00051772,Snow,2002-05-18T00:00:00.0000000-06:00,0.000000,P,,0,,NOAA,2013-08-08T07:41:24.4230000-06:00,in
37,USC00051772,Snow,2002-05-19T00:00:00.0000000-06:00,0.000000,P,,0,,NOAA,2013-08-08T07:41:24.4230000-06:00,in
37,USC00051772,Snow,2002-05-20T00:00:00.0000000-06:00,0.000000,P,,0,,NOAA,2013-08-08T07:41:24.4230000-06:00,in
37,USC00051772,Snow,2002-05-21T00:00:00.0000000-06:00,0.000000,P,,0,,NOAA,2013-08-08T07:41:24.4230000-06:00,in
37,USC00051772,Snow,2002-05-22T00:00:00.0000000-06:00,0.000000,P,,0,,NOAA,2013-08-08T07:41:24.4230000-06:00,in
37,USC00051772,Snow,2002-05-23T00:00:00.0000000-06:00,0.000000,P,,0,,NOAA,2013-08-08T07:41:24.4230000-06:00,in
37,USC00051772,Snow,2002-05-24T00:00:00.0000000-06:00,0.000000,P,,0,,NOAA,2013-08-08T07:41:24.4230000-06:00,in
37,USC00051772,Snow,2002-05-25T00:00:00.0000000-06:00,0.000000,P,,0,,NOAA,2013-08-08T07:41:24.4230000-06:00,in
37,USC00051772,Snow,2002-05-26T00:00:00.0000000-06:00,0.000000,P,,0,,NOAA,2013-08-08T07:41:24.4230000-06:00,in
37,USC00051772,Snow,2002-05-27T00:00:00.0000000-06:00,0.000000,P,,0,,NOAA,2013-08-08T07:41:24.4230000-06:00,in
37,USC00051772,Snow,2002-05-28T00:00:00.0000000-06:00,0.000000,P,,0,,NOAA,2013-08-08T07:41:24.4230000-06:00,in
37,USC00051772,Snow,2002-05-29T00:00:00.0000000-06:00,0.000000,P,,0,,NOAA,2013-08-08T07:41:24.4230000-06:00,in
37,USC00051772,Snow,2002-05-30T00:00:00.0000000-06:00,0.000000,P,,0,,NOAA,2013-08-08T07:41:24.4230000-06:00,in
37,USC00051772,Snow,2002-05-31T00:00:00.0000000-06:00,0.000000,P,,0,,NOAA,2013-08-08T07:41:24.4230000-06:00,in
37,USC00051772,Snow,2002-06-01T00:00:00.0000000-06:00,0.000000,P,,0,,NOAA,2013-08-08T07:41:24.4230000-06:00,in
37,USC00051772,Snow,2002-06-02T00:00:00.0000000-06:00,0.000000,P,,0,,NOAA,2013-08-08T07:41:24.4230000-06:00,in
37,USC00051772,Snow,2002-06-03T00:00:00.0000000-06:00,0.000000,P,,0,,NOAA,2013-08-08T07:41:24.4230000-06:00,in
37,USC00051772,Snow,2002-06-04T00:00:00.0000000-06:00,0.000000,P,,0,,NOAA,2013-08-08T07:41:24.4230000-06:00,in
37,USC00051772,Snow,2002-06-05T00:00:00.0000000-06:00,0.000000,P,,0,,NOAA,2013-08-08T07:41:24.4230000-06:00,in
37,USC00051772,Snow,2002-06-06T00:00:00.0000000-06:00,0.000000,P,,0,,NOAA,2013-08-08T07:41:24.4230000-06:00,in
37,USC00051772,Snow,2002-06-07T00:00:00.0000000-06:00,0.000000,P,,0,,NOAA,2013-08-08T07:41:24.4230000-06:00,in
37,USC00051772,Snow,2002-06-08T00:00:00.0000000-06:00,0.000000,P,,0,,NOAA,2013-08-08T07:41:24.4230000-06:00,in
37,USC00051772,Snow,2002-06-09T00:00:00.0000000-06:00,0.000000,P,,0,,NOAA,2013-08-08T07:41:24.4230000-06:00,in
37,USC00051772,Snow,2002-06-10T00:00:00.0000000-06:00,0.000000,P,,0,,NOAA,2013-08-08T07:41:24.4230000-06:00,in
37,USC00051772,Snow,2002-06-11T00:00:00.0000000-06:00,0.000000,P,,0,,NOAA,2013-08-08T07:41:24.4230000-06:00,in
37,USC00051772,Snow,2002-06-12T00:00:00.0000000-06:00,0.000000,P,,0,,NOAA,2013-08-08T07:41:24.4230000-06:00,in
37,USC00051772,Snow,2002-06-13T00:00:00.0000000-06:00,0.000000,P,,0,,NOAA,2013-08-08T07:41:24.4230000-06:00,in
37,USC00051772,Snow,2002-06-14T00:00:00.0000000-06:00,0.000000,P,,0,,NOAA,2013-08-08T07:41:24.4230000-06:00,in
37,USC00051772,Snow,2002-06-15T00:00:00.0000000-06:00,0.000000,P,,0,,NOAA,2013-08-08T07:41:24.4230000-06:00,in
37,USC00051772,Snow,2002-06-16T00:00:00.0000000-06:00,0.000000,P,,0,,NOAA,2013-08-08T07:41:24.4230000-06:00,in
37,USC00051772,Snow,2002-06-17T00:00:00.0000000-06:00,0.000000,P,,0,,NOAA,2013-08-08T07:41:24.4230000-06:00,in
37,USC00051772,Snow,2002-06-18T00:00:00.0000000-06:00,0.000000,P,,0,,NOAA,2013-08-08T07:41:24.4230000-06:00,in
37,USC00051772,Snow,2002-06-19T00:00:00.0000000-06:00,0.000000,P,,0,,NOAA,2013-08-08T07:41:24.4230000-06:00,in
37,USC00051772,Snow,2002-06-20T00:00:00.0000000-06:00,0.000000,P,,0,,NOAA,2013-08-08T07:41:24.4230000-06:00,in
37,USC00051772,Snow,2002-06-21T00:00:00.0000000-06:00,0.000000,P,,0,,NOAA,2013-08-08T07:41:24.4230000-06:00,in
37,USC00051772,Snow,2002-06-22T00:00:00.0000000-06:00,0.000000,P,,0,,NOAA,2013-08-08T07:41:24.4230000-06:00,in
37,USC00051772,Snow,2002-06-23T00:00:00.0000000-06:00,0.000000,P,,0,,NOAA,2013-08-08T07:41:24.4230000-06:00,in
37,USC00051772,Snow,2002-06-24T00:00:00.0000000-06:00,0.000000,P,,0,,NOAA,2013-08-08T07:41:24.4230000-06:00,in
37,USC00051772,Snow,2002-06-25T00:00:00.0000000-06:00,0.000000,P,,0,,NOAA,2013-08-08T07:41:24.4230000-06:00,in
37,USC00051772,Snow,2002-06-26T00:00:00.0000000-06:00,0.000000,P,,0,,NOAA,2013-08-08T07:41:24.4230000-06:00,in
37,USC00051772,Snow,2002-06-27T00:00:00.0000000-06:00,0.000000,P,,0,,NOAA,2013-08-08T07:41:24.4230000-06:00,in
37,USC00051772,Snow,2002-06-28T00:00:00.0000000-06:00,0.000000,P,,0,,NOAA,2013-08-08T07:41:24.4230000-06:00,in
37,USC00051772,Snow,2002-06-29T00:00:00.0000000-06:00,0.000000,P,,0,,NOAA,2013-08-08T07:41:24.4230000-06:00,in
37,USC00051772,Snow,2002-06-30T00:00:00.0000000-06:00,0.000000,P,,0,,NOAA,2013-08-08T07:41:24.4230000-06:00,in
37,USC00051772,Snow,2002-07-01T00:00:00.0000000-06:00,0.000000,P,,0,,NOAA,2013-08-08T07:41:24.4230000-06:00,in
37,USC00051772,Snow,2002-07-02T00:00:00.0000000-06:00,0.000000,P,,0,,NOAA,2013-08-08T07:41:24.4230000-06:00,in
37,USC00051772,Snow,2002-07-03T00:00:00.0000000-06:00,0.000000,P,,0,,NOAA,2013-08-08T07:41:24.4230000-06:00,in
37,USC00051772,Snow,2002-07-04T00:00:00.0000000-06:00,0.000000,P,,0,,NOAA,2013-08-08T07:41:24.4230000-06:00,in
37,USC00051772,Snow,2002-07-05T00:00:00.0000000-06:00,0.000000,P,,0,,NOAA,2013-08-08T07:41:24.4230000-06:00,in
37,USC00051772,Snow,2002-07-06T00:00:00.0000000-06:00,0.000000,P,,0,,NOAA,2013-08-08T07:41:24.4230000-06:00,in
37,USC00051772,Snow,2002-07-07T00:00:00.0000000-06:00,0.000000,P,,0,,NOAA,2013-08-08T07:41:24.4230000-06:00,in
37,USC00051772,Snow,2002-07-08T00:00:00.0000000-06:00,0.000000,P,,0,,NOAA,2013-08-08T07:41:24.4230000-06:00,in
37,USC00051772,Snow,2002-07-09T00:00:00.0000000-06:00,0.000000,P,,0,,NOAA,2013-08-08T07:41:24.4230000-06:00,in
37,USC00051772,Snow,2002-07-10T00:00:00.0000000-06:00,0.000000,P,,0,,NOAA,2013-08-08T07:41:24.4230000-06:00,in
37,USC00051772,Snow,2002-07-11T00:00:00.0000000-06:00,0.000000,P,,0,,NOAA,2013-08-08T07:41:24.4230000-06:00,in
37,USC00051772,Snow,2002-07-12T00:00:00.0000000-06:00,0.000000,P,,0,,NOAA,2013-08-08T07:41:24.4230000-06:00,in
37,USC00051772,Snow,2002-07-13T00:00:00.0000000-06:00,0.000000,P,,0,,NOAA,2013-08-08T07:41:24.4230000-06:00,in
37,USC00051772,Snow,2002-07-14T00:00:00.0000000-06:00,0.000000,P,,0,,NOAA,2013-08-08T07:41:24.4230000-06:00,in
37,USC00051772,Snow,2002-07-15T00:00:00.0000000-06:00,0.000000,P,,0,,NOAA,2013-08-08T07:41:24.4230000-06:00,in
37,USC00051772,Snow,2002-07-16T00:00:00.0000000-06:00,0.000000,P,,0,,NOAA,2013-08-08T07:41:24.4230000-06:00,in
37,USC00051772,Snow,2002-07-17T00:00:00.0000000-06:00,0.000000,P,,0,,NOAA,2013-08-08T07:41:24.4230000-06:00,in
37,USC00051772,Snow,2002-07-18T00:00:00.0000000-06:00,0.000000,P,,0,,NOAA,2013-08-08T07:41:24.4230000-06:00,in
37,USC00051772,Snow,2002-07-19T00:00:00.0000000-06:00,0.000000,P,,0,,NOAA,2013-08-08T07:41:24.4230000-06:00,in
37,USC00051772,Snow,2002-07-20T00:00:00.0000000-06:00,0.000000,P,,0,,NOAA,2013-08-08T07:41:24.4230000-06:00,in
37,USC00051772,Snow,2002-07-21T00:00:00.0000000-06:00,0.000000,P,,0,,NOAA,2013-08-08T07:41:24.4230000-06:00,in
37,USC00051772,Snow,2002-07-22T00:00:00.0000000-06:00,0.000000,P,,0,,NOAA,2013-08-08T07:41:24.4230000-06:00,in
37,USC00051772,Snow,2002-07-23T00:00:00.0000000-06:00,0.000000,P,,0,,NOAA,2013-08-08T07:41:24.4230000-06:00,in
37,USC00051772,Snow,2002-07-24T00:00:00.0000000-06:00,0.000000,P,,0,,NOAA,2013-08-08T07:41:24.4230000-06:00,in
37,USC00051772,Snow,2002-07-25T00:00:00.0000000-06:00,0.000000,P,,0,,NOAA,2013-08-08T07:41:24.4230000-06:00,in
37,USC00051772,Snow,2002-07-26T00:00:00.0000000-06:00,0.000000,P,,0,,NOAA,2013-08-08T07:41:24.4230000-06:00,in
37,USC00051772,Snow,2002-07-27T00:00:00.0000000-06:00,0.000000,P,,0,,NOAA,2013-08-08T07:41:24.4230000-06:00,in
37,USC00051772,Snow,2002-07-28T00:00:00.0000000-06:00,0.000000,P,,0,,NOAA,2013-08-08T07:41:24.4230000-06:00,in
37,USC00051772,Snow,2002-07-29T00:00:00.0000000-06:00,0.000000,P,,0,,NOAA,2013-08-08T07:41:24.4230000-06:00,in
37,USC00051772,Snow,2002-07-30T00:00:00.0000000-06:00,0.000000,P,,0,,NOAA,2013-08-08T07:41:24.4230000-06:00,in
37,USC00051772,Snow,2002-07-31T00:00:00.0000000-06:00,0.000000,P,,0,,NOAA,2013-08-08T07:41:24.4230000-06:00,in
37,USC00051772,Snow,2002-08-01T00:00:00.0000000-06:00,0.000000,P,,0,,NOAA,2013-08-08T07:41:24.4230000-06:00,in
37,USC00051772,Snow,2002-08-02T00:00:00.0000000-06:00,0.000000,P,,0,,NOAA,2013-08-08T07:41:24.4230000-06:00,in
37,USC00051772,Snow,2002-08-03T00:00:00.0000000-06:00,0.000000,P,,0,,NOAA,2013-08-08T07:41:24.4230000-06:00,in
37,USC00051772,Snow,2002-08-04T00:00:00.0000000-06:00,0.000000,P,,0,,NOAA,2013-08-08T07:41:24.4230000-06:00,in
37,USC00051772,Snow,2002-08-05T00:00:00.0000000-06:00,0.000000,P,,0,,NOAA,2013-08-08T07:41:24.4230000-06:00,in
37,USC00051772,Snow,2002-08-06T00:00:00.0000000-06:00,0.000000,P,,0,,NOAA,2013-08-08T07:41:24.4230000-06:00,in
37,USC00051772,Snow,2002-08-07T00:00:00.0000000-06:00,0.000000,P,,0,,NOAA,2013-08-08T07:41:24.4230000-06:00,in
37,USC00051772,Snow,2002-08-08T00:00:00.0000000-06:00,0.000000,P,,0,,NOAA,2013-08-08T07:41:24.4230000-06:00,in
37,USC00051772,Snow,2002-08-09T00:00:00.0000000-06:00,0.000000,P,,0,,NOAA,2013-08-08T07:41:24.4230000-06:00,in
37,USC00051772,Snow,2002-08-10T00:00:00.0000000-06:00,0.000000,P,,0,,NOAA,2013-08-08T07:41:24.4230000-06:00,in
37,USC00051772,Snow,2002-08-11T00:00:00.0000000-06:00,0.000000,P,,0,,NOAA,2013-08-08T07:41:24.4230000-06:00,in
37,USC00051772,Snow,2002-08-12T00:00:00.0000000-06:00,0.000000,P,,0,,NOAA,2013-08-08T07:41:24.4230000-06:00,in
37,USC00051772,Snow,2002-08-13T00:00:00.0000000-06:00,0.000000,P,,0,,NOAA,2013-08-08T07:41:24.4230000-06:00,in
37,USC00051772,Snow,2002-08-14T00:00:00.0000000-06:00,0.000000,P,,0,,NOAA,2013-08-08T07:41:24.4230000-06:00,in
37,USC00051772,Snow,2002-08-15T00:00:00.0000000-06:00,0.000000,P,,0,,NOAA,2013-08-08T07:41:24.4230000-06:00,in
37,USC00051772,Snow,2002-08-16T00:00:00.0000000-06:00,0.000000,P,,0,,NOAA,2013-08-08T07:41:24.4230000-06:00,in
37,USC00051772,Snow,2002-08-17T00:00:00.0000000-06:00,0.000000,P,,0,,NOAA,2013-08-08T07:41:24.4230000-06:00,in
37,USC00051772,Snow,2002-08-18T00:00:00.0000000-06:00,0.000000,P,,0,,NOAA,2013-08-08T07:41:24.4230000-06:00,in
37,USC00051772,Snow,2002-08-19T00:00:00.0000000-06:00,0.000000,P,,0,,NOAA,2013-08-08T07:41:24.4230000-06:00,in
37,USC00051772,Snow,2002-08-20T00:00:00.0000000-06:00,0.000000,P,,0,,NOAA,2013-08-08T07:41:24.4230000-06:00,in
37,USC00051772,Snow,2002-08-21T00:00:00.0000000-06:00,0.000000,P,,0,,NOAA,2013-08-08T07:41:24.4230000-06:00,in
37,USC00051772,Snow,2002-08-22T00:00:00.0000000-06:00,0.000000,P,,0,,NOAA,2013-08-08T07:41:24.4230000-06:00,in
37,USC00051772,Snow,2002-08-23T00:00:00.0000000-06:00,0.000000,P,,0,,NOAA,2013-08-08T07:41:24.4230000-06:00,in
37,USC00051772,Snow,2002-08-24T00:00:00.0000000-06:00,0.000000,P,,0,,NOAA,2013-08-08T07:41:24.4230000-06:00,in
37,USC00051772,Snow,2002-08-25T00:00:00.0000000-06:00,0.000000,P,,0,,NOAA,2013-08-08T07:41:24.4230000-06:00,in
37,USC00051772,Snow,2002-08-26T00:00:00.0000000-06:00,0.000000,P,,0,,NOAA,2013-08-08T07:41:24.4230000-06:00,in
37,USC00051772,Snow,2002-08-27T00:00:00.0000000-06:00,0.000000,P,,0,,NOAA,2013-08-08T07:41:24.4230000-06:00,in
37,USC00051772,Snow,2002-08-28T00:00:00.0000000-06:00,0.000000,P,,0,,NOAA,2013-08-08T07:41:24.4230000-06:00,in
37,USC00051772,Snow,2002-08-29T00:00:00.0000000-06:00,0.000000,P,,0,,NOAA,2013-08-08T07:41:24.4230000-06:00,in
37,USC00051772,Snow,2002-08-30T00:00:00.0000000-06:00,0.000000,P,,0,,NOAA,2013-08-08T07:41:24.4230000-06:00,in
37,USC00051772,Snow,2002-08-31T00:00:00.0000000-06:00,0.000000,P,,0,,NOAA,2013-08-08T07:41:24.4230000-06:00,in
37,USC00051772,Snow,2002-09-01T00:00:00.0000000-06:00,0.000000,P,,0,,NOAA,2013-08-08T07:41:24.4230000-06:00,in
37,USC00051772,Snow,2002-09-02T00:00:00.0000000-06:00,0.000000,P,,0,,NOAA,2013-08-08T07:41:24.4230000-06:00,in
37,USC00051772,Snow,2002-09-03T00:00:00.0000000-06:00,0.000000,P,,0,,NOAA,2013-08-08T07:41:24.4230000-06:00,in
37,USC00051772,Snow,2002-09-04T00:00:00.0000000-06:00,0.000000,P,,0,,NOAA,2013-08-08T07:41:24.4230000-06:00,in
37,USC00051772,Snow,2002-09-05T00:00:00.0000000-06:00,0.000000,P,,0,,NOAA,2013-08-08T07:41:24.4230000-06:00,in
37,USC00051772,Snow,2002-09-06T00:00:00.0000000-06:00,0.000000,P,,0,,NOAA,2013-08-08T07:41:24.4230000-06:00,in
37,USC00051772,Snow,2002-09-07T00:00:00.0000000-06:00,0.000000,P,,0,,NOAA,2013-08-08T07:41:24.4230000-06:00,in
37,USC00051772,Snow,2002-09-08T00:00:00.0000000-06:00,0.000000,P,,0,,NOAA,2013-08-08T07:41:24.4230000-06:00,in
37,USC00051772,Snow,2002-09-09T00:00:00.0000000-06:00,0.000000,P,,0,,NOAA,2013-08-08T07:41:24.4230000-06:00,in
37,USC00051772,Snow,2002-09-10T00:00:00.0000000-06:00,0.000000,P,,0,,NOAA,2013-08-08T07:41:24.4230000-06:00,in
37,USC00051772,Snow,2002-09-11T00:00:00.0000000-06:00,0.000000,P,,0,,NOAA,2013-08-08T07:41:24.4230000-06:00,in
37,USC00051772,Snow,2002-09-12T00:00:00.0000000-06:00,0.000000,P,,0,,NOAA,2013-08-08T07:41:24.4230000-06:00,in
37,USC00051772,Snow,2002-09-13T00:00:00.0000000-06:00,0.000000,P,,0,,NOAA,2013-08-08T07:41:24.4230000-06:00,in
37,USC00051772,Snow,2002-09-14T00:00:00.0000000-06:00,0.000000,P,,0,,NOAA,2013-08-08T07:41:24.4230000-06:00,in
37,USC00051772,Snow,2002-09-15T00:00:00.0000000-06:00,0.000000,P,,0,,NOAA,2013-08-08T07:41:24.4230000-06:00,in
37,USC00051772,Snow,2002-09-16T00:00:00.0000000-06:00,0.000000,P,,0,,NOAA,2013-08-08T07:41:24.4230000-06:00,in
37,USC00051772,Snow,2002-09-17T00:00:00.0000000-06:00,0.000000,P,,0,,NOAA,2013-08-08T07:41:24.4230000-06:00,in
37,USC00051772,Snow,2002-09-18T00:00:00.0000000-06:00,0.000000,P,,0,,NOAA,2013-08-08T07:41:24.4230000-06:00,in
37,USC00051772,Snow,2002-09-19T00:00:00.0000000-06:00,0.000000,P,,0,,NOAA,2013-08-08T07:41:24.4230000-06:00,in
37,USC00051772,Snow,2002-09-20T00:00:00.0000000-06:00,0.000000,P,,0,,NOAA,2013-08-08T07:41:24.4230000-06:00,in
37,USC00051772,Snow,2002-09-21T00:00:00.0000000-06:00,0.000000,P,,0,,NOAA,2013-08-08T07:41:24.4230000-06:00,in
37,USC00051772,Snow,2002-09-22T00:00:00.0000000-06:00,0.000000,P,,0,,NOAA,2013-08-08T07:41:24.4230000-06:00,in
37,USC00051772,Snow,2002-09-23T00:00:00.0000000-06:00,0.000000,P,,0,,NOAA,2013-08-08T07:41:24.4230000-06:00,in
37,USC00051772,Snow,2002-09-24T00:00:00.0000000-06:00,0.000000,P,,0,,NOAA,2013-08-08T07:41:24.4230000-06:00,in
37,USC00051772,Snow,2002-09-25T00:00:00.0000000-06:00,0.000000,P,,0,,NOAA,2013-08-08T07:41:24.4230000-06:00,in
37,USC00051772,Snow,2002-09-26T00:00:00.0000000-06:00,0.000000,P,,0,,NOAA,2013-08-08T07:41:24.4230000-06:00,in
37,USC00051772,Snow,2002-09-27T00:00:00.0000000-06:00,0.000000,P,,0,,NOAA,2013-08-08T07:41:24.4230000-06:00,in
37,USC00051772,Snow,2002-09-28T00:00:00.0000000-06:00,0.000000,P,,0,,NOAA,2013-08-08T07:41:24.4230000-06:00,in
37,USC00051772,Snow,2002-09-29T00:00:00.0000000-06:00,0.000000,P,,0,,NOAA,2013-08-08T07:41:24.4230000-06:00,in
37,USC00051772,Snow,2002-09-30T00:00:00.0000000-06:00,0.000000,P,,0,,NOAA,2013-08-08T07:41:24.4230000-06:00,in
37,USC00051772,Snow,2002-10-01T00:00:00.0000000-06:00,0.000000,P,,0,,NOAA,2013-08-08T07:41:24.4230000-06:00,in
37,USC00051772,Snow,2002-10-02T00:00:00.0000000-06:00,0.000000,P,,0,,NOAA,2013-08-08T07:41:24.4230000-06:00,in
37,USC00051772,Snow,2002-10-03T00:00:00.0000000-06:00,0.000000,P,,0,,NOAA,2013-08-08T07:41:24.4230000-06:00,in
37,USC00051772,Snow,2002-10-04T00:00:00.0000000-06:00,0.000000,P,,0,,NOAA,2013-08-08T07:41:24.4230000-06:00,in
37,USC00051772,Snow,2002-10-05T00:00:00.0000000-06:00,0.000000,P,,0,,NOAA,2013-08-08T07:41:24.4230000-06:00,in
37,USC00051772,Snow,2002-10-06T00:00:00.0000000-06:00,0.000000,P,,0,,NOAA,2013-08-08T07:41:24.4230000-06:00,in
37,USC00051772,Snow,2002-10-07T00:00:00.0000000-06:00,0.000000,P,,0,,NOAA,2013-08-08T07:41:24.4230000-06:00,in
37,USC00051772,Snow,2002-10-08T00:00:00.0000000-06:00,0.000000,P,,0,,NOAA,2013-08-08T07:41:24.4230000-06:00,in
37,USC00051772,Snow,2002-10-09T00:00:00.0000000-06:00,0.000000,P,,0,,NOAA,2013-08-08T07:41:24.4230000-06:00,in
37,USC00051772,Snow,2002-10-10T00:00:00.0000000-06:00,0.000000,P,,0,,NOAA,2013-08-08T07:41:24.4230000-06:00,in
37,USC00051772,Snow,2002-10-11T00:00:00.0000000-06:00,0.000000,P,,0,,NOAA,2013-08-08T07:41:24.4230000-06:00,in
37,USC00051772,Snow,2002-10-12T00:00:00.0000000-06:00,0.000000,P,,0,,NOAA,2013-08-08T07:41:24.4230000-06:00,in
37,USC00051772,Snow,2002-10-13T00:00:00.0000000-06:00,0.000000,P,,0,,NOAA,2013-08-08T07:41:24.4230000-06:00,in
37,USC00051772,Snow,2002-10-14T00:00:00.0000000-06:00,0.000000,P,,0,,NOAA,2013-08-08T07:41:24.4230000-06:00,in
37,USC00051772,Snow,2002-10-15T00:00:00.0000000-06:00,0.000000,P,,0,,NOAA,2013-08-08T07:41:24.4230000-06:00,in
37,USC00051772,Snow,2002-10-16T00:00:00.0000000-06:00,0.000000,P,,0,,NOAA,2013-08-08T07:41:24.4230000-06:00,in
37,USC00051772,Snow,2002-10-17T00:00:00.0000000-06:00,0.000000,P,,0,,NOAA,2013-08-08T07:41:24.4230000-06:00,in
37,USC00051772,Snow,2002-10-18T00:00:00.0000000-06:00,0.000000,P,,0,,NOAA,2013-08-08T07:41:24.4230000-06:00,in
37,USC00051772,Snow,2002-10-19T00:00:00.0000000-06:00,0.000000,P,,0,,NOAA,2013-08-08T07:41:24.4230000-06:00,in
37,USC00051772,Snow,2002-10-20T00:00:00.0000000-06:00,0.000000,P,,0,,NOAA,2013-08-08T07:41:24.4230000-06:00,in
37,USC00051772,Snow,2002-10-21T00:00:00.0000000-06:00,0.000000,P,,0,,NOAA,2013-08-08T07:41:24.4230000-06:00,in
37,USC00051772,Snow,2002-10-22T00:00:00.0000000-06:00,0.000000,P,,0,,NOAA,2013-08-08T07:41:24.4230000-06:00,in
37,USC00051772,Snow,2002-10-23T00:00:00.0000000-06:00,0.000000,P,,0,,NOAA,2013-08-08T07:41:24.4230000-06:00,in
37,USC00051772,Snow,2002-10-24T00:00:00.0000000-06:00,0.000000,P,,0,,NOAA,2013-08-08T07:41:24.4230000-06:00,in
37,USC00051772,Snow,2002-10-25T00:00:00.0000000-06:00,0.000000,P,,0,,NOAA,2013-08-08T07:41:24.4230000-06:00,in
37,USC00051772,Snow,2002-10-26T00:00:00.0000000-06:00,0.000000,P,,0,,NOAA,2013-08-08T07:41:24.4230000-06:00,in
37,USC00051772,Snow,2002-10-27T00:00:00.0000000-06:00,0.000000,P,,0,,NOAA,2013-08-08T07:41:24.4230000-06:00,in
37,USC00051772,Snow,2002-10-28T00:00:00.0000000-07:00,0.000000,P,,0,,NOAA,2013-08-08T07:41:24.4230000-06:00,in
37,USC00051772,Snow,2002-10-29T00:00:00.0000000-07:00,0.000000,P,,0,,NOAA,2013-08-08T07:41:24.4230000-06:00,in
37,USC00051772,Snow,2002-10-30T00:00:00.0000000-07:00,0.000000,P,,0,,NOAA,2013-08-08T07:41:24.4230000-06:00,in
37,USC00051772,Snow,2002-10-31T00:00:00.0000000-07:00,0.000000,P,,0,,NOAA,2013-08-08T07:41:24.4230000-06:00,in
37,USC00051772,Snow,2002-11-01T00:00:00.0000000-07:00,0.000000,P,,0,,NOAA,2013-08-08T07:41:24.4230000-06:00,in
37,USC00051772,Snow,2002-11-02T00:00:00.0000000-07:00,0.000000,P,,0,,NOAA,2013-08-08T07:41:24.4230000-06:00,in
37,USC00051772,Snow,2002-11-03T00:00:00.0000000-07:00,0.000000,P,,0,,NOAA,2013-08-08T07:41:24.4230000-06:00,in
37,USC00051772,Snow,2002-11-04T00:00:00.0000000-07:00,0.000000,P,,0,,NOAA,2013-08-08T07:41:24.4230000-06:00,in
37,USC00051772,Snow,2002-11-05T00:00:00.0000000-07:00,0.000000,P,,0,,NOAA,2013-08-08T07:41:24.4230000-06:00,in
37,USC00051772,Snow,2002-11-06T00:00:00.0000000-07:00,0.000000,P,,0,,NOAA,2013-08-08T07:41:24.4230000-06:00,in
37,USC00051772,Snow,2002-11-07T00:00:00.0000000-07:00,0.000000,P,,0,,NOAA,2013-08-08T07:41:24.4230000-06:00,in
37,USC00051772,Snow,2002-11-08T00:00:00.0000000-07:00,0.000000,P,,0,,NOAA,2013-08-08T07:41:24.4230000-06:00,in
37,USC00051772,Snow,2002-11-09T00:00:00.0000000-07:00,0.000000,P,,0,,NOAA,2013-08-08T07:41:24.4230000-06:00,in
37,USC00051772,Snow,2002-11-10T00:00:00.0000000-07:00,0.000000,P,,0,,NOAA,2013-08-08T07:41:24.4230000-06:00,in
37,USC00051772,Snow,2002-11-11T00:00:00.0000000-07:00,0.000000,P,,0,,NOAA,2013-08-08T07:41:24.4230000-06:00,in
37,USC00051772,Snow,2002-11-12T00:00:00.0000000-07:00,0.000000,P,,0,,NOAA,2013-08-08T07:41:24.4230000-06:00,in
37,USC00051772,Snow,2002-11-13T00:00:00.0000000-07:00,0.000000,P,,0,,NOAA,2013-08-08T07:41:24.4230000-06:00,in
37,USC00051772,Snow,2002-11-14T00:00:00.0000000-07:00,0.000000,P,,0,,NOAA,2013-08-08T07:41:24.4230000-06:00,in
37,USC00051772,Snow,2002-11-15T00:00:00.0000000-07:00,0.000000,P,,0,,NOAA,2013-08-08T07:41:24.4230000-06:00,in
37,USC00051772,Snow,2002-11-16T00:00:00.0000000-07:00,0.000000,P,,0,,NOAA,2013-08-08T07:41:24.4230000-06:00,in
37,USC00051772,Snow,2002-11-17T00:00:00.0000000-07:00,0.000000,P,,0,,NOAA,2013-08-08T07:41:24.4230000-06:00,in
37,USC00051772,Snow,2002-11-18T00:00:00.0000000-07:00,0.000000,P,,0,,NOAA,2013-08-08T07:41:24.4230000-06:00,in
37,USC00051772,Snow,2002-11-19T00:00:00.0000000-07:00,0.000000,P,,0,,NOAA,2013-08-08T07:41:24.4230000-06:00,in
37,USC00051772,Snow,2002-11-20T00:00:00.0000000-07:00,0.000000,P,,0,,NOAA,2013-08-08T07:41:24.4230000-06:00,in
37,USC00051772,Snow,2002-11-21T00:00:00.0000000-07:00,0.000000,P,,0,,NOAA,2013-08-08T07:41:24.4230000-06:00,in
37,USC00051772,Snow,2002-11-22T00:00:00.0000000-07:00,0.000000,P,,0,,NOAA,2013-08-08T07:41:24.4230000-06:00,in
37,USC00051772,Snow,2002-11-23T00:00:00.0000000-07:00,0.000000,P,,0,,NOAA,2013-08-08T07:41:24.4230000-06:00,in
37,USC00051772,Snow,2002-11-24T00:00:00.0000000-07:00,0.000000,P,,0,,NOAA,2013-08-08T07:41:24.4230000-06:00,in
37,USC00051772,Snow,2002-11-25T00:00:00.0000000-07:00,2.007874,,,0,,NOAA,2013-08-08T07:41:24.4230000-06:00,in
37,USC00051772,Snow,2002-11-26T00:00:00.0000000-07:00,0.000000,P,,0,,NOAA,2013-08-08T07:41:24.4230000-06:00,in
37,USC00051772,Snow,2002-11-27T00:00:00.0000000-07:00,0.000000,P,,0,,NOAA,2013-08-08T07:41:24.4230000-06:00,in
37,USC00051772,Snow,2002-11-28T00:00:00.0000000-07:00,0.000000,P,,0,,NOAA,2013-08-08T07:41:24.4230000-06:00,in
37,USC00051772,Snow,2002-11-29T00:00:00.0000000-07:00,0.000000,P,,0,,NOAA,2013-08-08T07:41:24.4230000-06:00,in
37,USC00051772,Snow,2002-11-30T00:00:00.0000000-07:00,0.000000,P,,0,,NOAA,2013-08-08T07:41:24.4230000-06:00,in
37,USC00051772,Snow,2002-12-01T00:00:00.0000000-07:00,0.000000,P,,0,,NOAA,2013-08-08T07:41:24.4230000-06:00,in
37,USC00051772,Snow,2002-12-02T00:00:00.0000000-07:00,0.000000,P,,0,,NOAA,2013-08-08T07:41:24.4230000-06:00,in
37,USC00051772,Snow,2002-12-03T00:00:00.0000000-07:00,0.000000,P,,0,,NOAA,2013-08-08T07:41:24.4230000-06:00,in
37,USC00051772,Snow,2002-12-04T00:00:00.0000000-07:00,0.000000,P,,0,,NOAA,2013-08-08T07:41:24.4230000-06:00,in
37,USC00051772,Snow,2002-12-05T00:00:00.0000000-07:00,0.000000,P,,0,,NOAA,2013-08-08T07:41:24.4230000-06:00,in
37,USC00051772,Snow,2002-12-06T00:00:00.0000000-07:00,0.000000,P,,0,,NOAA,2013-08-08T07:41:24.4230000-06:00,in
37,USC00051772,Snow,2002-12-07T00:00:00.0000000-07:00,0.000000,P,,0,,NOAA,2013-08-08T07:41:24.4230000-06:00,in
37,USC00051772,Snow,2002-12-08T00:00:00.0000000-07:00,0.000000,P,,0,,NOAA,2013-08-08T07:41:24.4230000-06:00,in
37,USC00051772,Snow,2002-12-09T00:00:00.0000000-07:00,0.000000,P,,0,,NOAA,2013-08-08T07:41:24.4230000-06:00,in
37,USC00051772,Snow,2002-12-10T00:00:00.0000000-07:00,0.000000,P,,0,,NOAA,2013-08-08T07:41:24.4230000-06:00,in
37,USC00051772,Snow,2002-12-11T00:00:00.0000000-07:00,0.000000,P,,0,,NOAA,2013-08-08T07:41:24.4230000-06:00,in
37,USC00051772,Snow,2002-12-12T00:00:00.0000000-07:00,0.000000,P,,0,,NOAA,2013-08-08T07:41:24.4230000-06:00,in
37,USC00051772,Snow,2002-12-13T00:00:00.0000000-07:00,0.000000,P,,0,,NOAA,2013-08-08T07:41:24.4230000-06:00,in
37,USC00051772,Snow,2002-12-14T00:00:00.0000000-07:00,0.000000,P,,0,,NOAA,2013-08-08T07:41:24.4230000-06:00,in
37,USC00051772,Snow,2002-12-15T00:00:00.0000000-07:00,0.000000,P,,0,,NOAA,2013-08-08T07:41:24.4230000-06:00,in
37,USC00051772,Snow,2002-12-16T00:00:00.0000000-07:00,0.000000,P,,0,,NOAA,2013-08-08T07:41:24.4230000-06:00,in
37,USC00051772,Snow,2002-12-17T00:00:00.0000000-07:00,0.000000,P,,0,,NOAA,2013-08-08T07:41:24.4230000-06:00,in
37,USC00051772,Snow,2002-12-18T00:00:00.0000000-07:00,0.000000,P,,0,,NOAA,2013-08-08T07:41:24.4230000-06:00,in
37,USC00051772,Snow,2002-12-19T00:00:00.0000000-07:00,0.000000,P,,0,,NOAA,2013-08-08T07:41:24.4230000-06:00,in
37,USC00051772,Snow,2002-12-20T00:00:00.0000000-07:00,0.000000,P,,0,,NOAA,2013-08-08T07:41:24.4230000-06:00,in
37,USC00051772,Snow,2002-12-21T00:00:00.0000000-07:00,0.000000,P,,0,,NOAA,2013-08-08T07:41:24.4230000-06:00,in
37,USC00051772,Snow,2002-12-22T00:00:00.0000000-07:00,0.000000,P,,0,,NOAA,2013-08-08T07:41:24.4230000-06:00,in
37,USC00051772,Snow,2002-12-23T00:00:00.0000000-07:00,0.000000,P,,0,,NOAA,2013-08-08T07:41:24.4230000-06:00,in
37,USC00051772,Snow,2002-12-24T00:00:00.0000000-07:00,0.000000,P,,0,,NOAA,2013-08-08T07:41:24.4230000-06:00,in
37,USC00051772,Snow,2002-12-25T00:00:00.0000000-07:00,0.984252,,,0,,NOAA,2013-08-08T07:41:24.4230000-06:00,in
37,USC00051772,Snow,2002-12-26T00:00:00.0000000-07:00,0.118110,,,0,,NOAA,2013-08-08T07:41:24.4230000-06:00,in
37,USC00051772,Snow,2002-12-27T00:00:00.0000000-07:00,0.000000,P,,0,,NOAA,2013-08-08T07:41:24.4230000-06:00,in
37,USC00051772,Snow,2002-12-28T00:00:00.0000000-07:00,0.000000,P,,0,,NOAA,2013-08-08T07:41:24.4230000-06:00,in
37,USC00051772,Snow,2002-12-29T00:00:00.0000000-07:00,0.000000,P,,0,,NOAA,2013-08-08T07:41:24.4230000-06:00,in
37,USC00051772,Snow,2002-12-30T00:00:00.0000000-07:00,0.000000,P,,0,,NOAA,2013-08-08T07:41:24.4230000-06:00,in
37,USC00051772,Snow,2002-12-31T00:00:00.0000000-07:00,0.000000,T,,0,,NOAA,2013-08-08T07:41:24.4230000-06:00,in
37,USC00051772,Snow,2003-01-01T00:00:00.0000000-07:00,0.118110,,,0,,NOAA,2013-08-08T07:41:24.4230000-06:00,in
37,USC00051772,Snow,2003-01-02T00:00:00.0000000-07:00,0.000000,P,,0,,NOAA,2013-08-08T07:41:24.4230000-06:00,in
37,USC00051772,Snow,2003-01-03T00:00:00.0000000-07:00,0.000000,P,,0,,NOAA,2013-08-08T07:41:24.4230000-06:00,in
37,USC00051772,Snow,2003-01-04T00:00:00.0000000-07:00,0.000000,P,,0,,NOAA,2013-08-08T07:41:24.4230000-06:00,in
37,USC00051772,Snow,2003-01-05T00:00:00.0000000-07:00,0.000000,P,,0,,NOAA,2013-08-08T07:41:24.4230000-06:00,in
37,USC00051772,Snow,2003-01-06T00:00:00.0000000-07:00,0.000000,T,,0,,NOAA,2013-08-08T07:41:24.4230000-06:00,in
37,USC00051772,Snow,2003-01-07T00:00:00.0000000-07:00,0.000000,P,,0,,NOAA,2013-08-08T07:41:24.4230000-06:00,in
37,USC00051772,Snow,2003-01-08T00:00:00.0000000-07:00,0.000000,P,,0,,NOAA,2013-08-08T07:41:24.4230000-06:00,in
37,USC00051772,Snow,2003-01-09T00:00:00.0000000-07:00,0.000000,P,,0,,NOAA,2013-08-08T07:41:24.4230000-06:00,in
37,USC00051772,Snow,2003-01-10T00:00:00.0000000-07:00,0.000000,T,,0,,NOAA,2013-08-08T07:41:24.4230000-06:00,in
37,USC00051772,Snow,2003-01-11T00:00:00.0000000-07:00,0.000000,P,,0,,NOAA,2013-08-08T07:41:24.4230000-06:00,in
37,USC00051772,Snow,2003-01-12T00:00:00.0000000-07:00,0.000000,P,,0,,NOAA,2013-08-08T07:41:24.4230000-06:00,in
37,USC00051772,Snow,2003-01-13T00:00:00.0000000-07:00,0.000000,P,,0,,NOAA,2013-08-08T07:41:24.4230000-06:00,in
37,USC00051772,Snow,2003-01-14T00:00:00.0000000-07:00,0.000000,P,,0,,NOAA,2013-08-08T07:41:24.4230000-06:00,in
37,USC00051772,Snow,2003-01-15T00:00:00.0000000-07:00,0.000000,P,,0,,NOAA,2013-08-08T07:41:24.4230000-06:00,in
37,USC00051772,Snow,2003-01-16T00:00:00.0000000-07:00,0.000000,P,,0,,NOAA,2013-08-08T07:41:24.4230000-06:00,in
37,USC00051772,Snow,2003-01-17T00:00:00.0000000-07:00,0.000000,P,,0,,NOAA,2013-08-08T07:41:24.4230000-06:00,in
37,USC00051772,Snow,2003-01-18T00:00:00.0000000-07:00,0.000000,P,,0,,NOAA,2013-08-08T07:41:24.4230000-06:00,in
37,USC00051772,Snow,2003-01-19T00:00:00.0000000-07:00,0.000000,P,,0,,NOAA,2013-08-08T07:41:24.4230000-06:00,in
37,USC00051772,Snow,2003-01-20T00:00:00.0000000-07:00,0.000000,P,,0,,NOAA,2013-08-08T07:41:24.4230000-06:00,in
37,USC00051772,Snow,2003-01-21T00:00:00.0000000-07:00,0.000000,P,,0,,NOAA,2013-08-08T07:41:24.4230000-06:00,in
37,USC00051772,Snow,2003-01-22T00:00:00.0000000-07:00,0.000000,P,,0,,NOAA,2013-08-08T07:41:24.4230000-06:00,in
37,USC00051772,Snow,2003-01-23T00:00:00.0000000-07:00,0.000000,P,,0,,NOAA,2013-08-08T07:41:24.4230000-06:00,in
37,USC00051772,Snow,2003-01-24T00:00:00.0000000-07:00,0.000000,P,,0,,NOAA,2013-08-08T07:41:24.4230000-06:00,in
37,USC00051772,Snow,2003-01-25T00:00:00.0000000-07:00,0.000000,P,,0,,NOAA,2013-08-08T07:41:24.4230000-06:00,in
37,USC00051772,Snow,2003-01-26T00:00:00.0000000-07:00,0.000000,P,,0,,NOAA,2013-08-08T07:41:24.4230000-06:00,in
37,USC00051772,Snow,2003-01-27T00:00:00.0000000-07:00,0.000000,P,,0,,NOAA,2013-08-08T07:41:24.4230000-06:00,in
37,USC00051772,Snow,2003-01-28T00:00:00.0000000-07:00,0.000000,P,,0,,NOAA,2013-08-08T07:41:24.4230000-06:00,in
37,USC00051772,Snow,2003-01-29T00:00:00.0000000-07:00,0.000000,P,,0,,NOAA,2013-08-08T07:41:24.4230000-06:00,in
37,USC00051772,Snow,2003-01-30T00:00:00.0000000-07:00,0.000000,P,,0,,NOAA,2013-08-08T07:41:24.4230000-06:00,in
37,USC00051772,Snow,2003-01-31T00:00:00.0000000-07:00,0.000000,P,,0,,NOAA,2013-08-08T07:41:24.4230000-06:00,in
37,USC00051772,Snow,2003-02-01T00:00:00.0000000-07:00,0.000000,P,,0,,NOAA,2013-08-08T07:41:24.4230000-06:00,in
37,USC00051772,Snow,2003-02-02T00:00:00.0000000-07:00,0.000000,P,,0,,NOAA,2013-08-08T07:41:24.4230000-06:00,in
37,USC00051772,Snow,2003-02-03T00:00:00.0000000-07:00,0.984252,,,0,,NOAA,2013-08-08T07:41:24.4230000-06:00,in
37,USC00051772,Snow,2003-02-04T00:00:00.0000000-07:00,0.000000,P,,0,,NOAA,2013-08-08T07:41:24.4230000-06:00,in
37,USC00051772,Snow,2003-02-05T00:00:00.0000000-07:00,0.000000,P,,0,,NOAA,2013-08-08T07:41:24.4230000-06:00,in
37,USC00051772,Snow,2003-02-06T00:00:00.0000000-07:00,0.000000,P,,0,,NOAA,2013-08-08T07:41:24.4230000-06:00,in
37,USC00051772,Snow,2003-02-07T00:00:00.0000000-07:00,0.000000,P,,0,,NOAA,2013-08-08T07:41:24.4230000-06:00,in
37,USC00051772,Snow,2003-02-08T00:00:00.0000000-07:00,0.000000,P,,0,,NOAA,2013-08-08T07:41:24.4230000-06:00,in
37,USC00051772,Snow,2003-02-09T00:00:00.0000000-07:00,0.000000,P,,0,,NOAA,2013-08-08T07:41:24.4230000-06:00,in
37,USC00051772,Snow,2003-02-10T00:00:00.0000000-07:00,0.000000,P,,0,,NOAA,2013-08-08T07:41:24.4230000-06:00,in
37,USC00051772,Snow,2003-02-11T00:00:00.0000000-07:00,0.000000,P,,0,,NOAA,2013-08-08T07:41:24.4230000-06:00,in
37,USC00051772,Snow,2003-02-12T00:00:00.0000000-07:00,0.000000,P,,0,,NOAA,2013-08-08T07:41:24.4230000-06:00,in
37,USC00051772,Snow,2003-02-13T00:00:00.0000000-07:00,0.000000,P,,0,,NOAA,2013-08-08T07:41:24.4230000-06:00,in
37,USC00051772,Snow,2003-02-14T00:00:00.0000000-07:00,0.000000,P,,0,,NOAA,2013-08-08T07:41:24.4230000-06:00,in
37,USC00051772,Snow,2003-02-15T00:00:00.0000000-07:00,0.000000,P,,0,,NOAA,2013-08-08T07:41:24.4230000-06:00,in
37,USC00051772,Snow,2003-02-16T00:00:00.0000000-07:00,0.000000,P,,0,,NOAA,2013-08-08T07:41:24.4230000-06:00,in
37,USC00051772,Snow,2003-02-17T00:00:00.0000000-07:00,0.393701,,,0,,NOAA,2013-08-08T07:41:24.4230000-06:00,in
37,USC00051772,Snow,2003-02-18T00:00:00.0000000-07:00,0.000000,P,,0,,NOAA,2013-08-08T07:41:24.4230000-06:00,in
37,USC00051772,Snow,2003-02-19T00:00:00.0000000-07:00,0.000000,P,,0,,NOAA,2013-08-08T07:41:24.4230000-06:00,in
37,USC00051772,Snow,2003-02-20T00:00:00.0000000-07:00,0.000000,P,,0,,NOAA,2013-08-08T07:41:24.4230000-06:00,in
37,USC00051772,Snow,2003-02-21T00:00:00.0000000-07:00,0.000000,P,,0,,NOAA,2013-08-08T07:41:24.4230000-06:00,in
37,USC00051772,Snow,2003-02-22T00:00:00.0000000-07:00,0.000000,P,,0,,NOAA,2013-08-08T07:41:24.4230000-06:00,in
37,USC00051772,Snow,2003-02-23T00:00:00.0000000-07:00,0.000000,T,,0,,NOAA,2013-08-08T07:41:24.4230000-06:00,in
37,USC00051772,Snow,2003-02-24T00:00:00.0000000-07:00,0.000000,P,,0,,NOAA,2013-08-08T07:41:24.4230000-06:00,in
37,USC00051772,Snow,2003-02-25T00:00:00.0000000-07:00,0.000000,P,,0,,NOAA,2013-08-08T07:41:24.4230000-06:00,in
37,USC00051772,Snow,2003-02-26T00:00:00.0000000-07:00,0.000000,P,,0,,NOAA,2013-08-08T07:41:24.4230000-06:00,in
37,USC00051772,Snow,2003-02-27T00:00:00.0000000-07:00,0.984252,,,0,,NOAA,2013-08-08T07:41:24.4230000-06:00,in
37,USC00051772,Snow,2003-02-28T00:00:00.0000000-07:00,0.984252,,,0,,NOAA,2013-08-08T07:41:24.4230000-06:00,in
37,USC00051772,Snow,2003-03-01T00:00:00.0000000-07:00,1.811024,,,0,,NOAA,2013-08-08T07:41:24.4230000-06:00,in
37,USC00051772,Snow,2003-03-02T00:00:00.0000000-07:00,0.984252,,,0,,NOAA,2013-08-08T07:41:24.4230000-06:00,in
37,USC00051772,Snow,2003-03-03T00:00:00.0000000-07:00,0.000000,P,,0,,NOAA,2013-08-08T07:41:24.4230000-06:00,in
37,USC00051772,Snow,2003-03-04T00:00:00.0000000-07:00,0.000000,P,,0,,NOAA,2013-08-08T07:41:24.4230000-06:00,in
37,USC00051772,Snow,2003-03-05T00:00:00.0000000-07:00,0.000000,T,,0,,NOAA,2013-08-08T07:41:24.4230000-06:00,in
37,USC00051772,Snow,2003-03-06T00:00:00.0000000-07:00,0.000000,P,,0,,NOAA,2013-08-08T07:41:24.4230000-06:00,in
37,USC00051772,Snow,2003-03-07T00:00:00.0000000-07:00,0.000000,P,,0,,NOAA,2013-08-08T07:41:24.4230000-06:00,in
37,USC00051772,Snow,2003-03-08T00:00:00.0000000-07:00,0.000000,P,,0,,NOAA,2013-08-08T07:41:24.4230000-06:00,in
37,USC00051772,Snow,2003-03-09T00:00:00.0000000-07:00,0.000000,P,,0,,NOAA,2013-08-08T07:41:24.4230000-06:00,in
37,USC00051772,Snow,2003-03-10T00:00:00.0000000-07:00,0.000000,P,,0,,NOAA,2013-08-08T07:41:24.4230000-06:00,in
37,USC00051772,Snow,2003-03-11T00:00:00.0000000-07:00,0.000000,P,,0,,NOAA,2013-08-08T07:41:24.4230000-06:00,in
37,USC00051772,Snow,2003-03-12T00:00:00.0000000-07:00,0.000000,P,,0,,NOAA,2013-08-08T07:41:24.4230000-06:00,in
37,USC00051772,Snow,2003-03-13T00:00:00.0000000-07:00,0.000000,P,,0,,NOAA,2013-08-08T07:41:24.4230000-06:00,in
37,USC00051772,Snow,2003-03-14T00:00:00.0000000-07:00,0.000000,P,,0,,NOAA,2013-08-08T07:41:24.4230000-06:00,in
37,USC00051772,Snow,2003-03-15T00:00:00.0000000-07:00,0.000000,P,,0,,NOAA,2013-08-08T07:41:24.4230000-06:00,in
37,USC00051772,Snow,2003-03-16T00:00:00.0000000-07:00,0.000000,P,,0,,NOAA,2013-08-08T07:41:24.4230000-06:00,in
37,USC00051772,Snow,2003-03-17T00:00:00.0000000-07:00,0.000000,P,,0,,NOAA,2013-08-08T07:41:24.4230000-06:00,in
37,USC00051772,Snow,2003-03-18T00:00:00.0000000-07:00,0.000000,P,,0,,NOAA,2013-08-08T07:41:24.4230000-06:00,in
37,USC00051772,Snow,2003-03-19T00:00:00.0000000-07:00,0.000000,P,,0,,NOAA,2013-08-08T07:41:24.4230000-06:00,in
37,USC00051772,Snow,2003-03-20T00:00:00.0000000-07:00,0.000000,P,,0,,NOAA,2013-08-08T07:41:24.4230000-06:00,in
37,USC00051772,Snow,2003-03-21T00:00:00.0000000-07:00,0.000000,P,,0,,NOAA,2013-08-08T07:41:24.4230000-06:00,in
37,USC00051772,Snow,2003-03-22T00:00:00.0000000-07:00,0.000000,P,,0,,NOAA,2013-08-08T07:41:24.4230000-06:00,in
37,USC00051772,Snow,2003-03-23T00:00:00.0000000-07:00,0.000000,P,,0,,NOAA,2013-08-08T07:41:24.4230000-06:00,in
37,USC00051772,Snow,2003-03-24T00:00:00.0000000-07:00,0.000000,P,,0,,NOAA,2013-08-08T07:41:24.4230000-06:00,in
37,USC00051772,Snow,2003-03-25T00:00:00.0000000-07:00,0.000000,P,,0,,NOAA,2013-08-08T07:41:24.4230000-06:00,in
37,USC00051772,Snow,2003-03-26T00:00:00.0000000-07:00,0.000000,P,,0,,NOAA,2013-08-08T07:41:24.4230000-06:00,in
37,USC00051772,Snow,2003-03-27T00:00:00.0000000-07:00,0.000000,P,,0,,NOAA,2013-08-08T07:41:24.4230000-06:00,in
37,USC00051772,Snow,2003-03-28T00:00:00.0000000-07:00,0.000000,P,,0,,NOAA,2013-08-08T07:41:24.4230000-06:00,in
37,USC00051772,Snow,2003-03-29T00:00:00.0000000-07:00,0.000000,P,,0,,NOAA,2013-08-08T07:41:24.4230000-06:00,in
37,USC00051772,Snow,2003-03-30T00:00:00.0000000-07:00,0.000000,P,,0,,NOAA,2013-08-08T07:41:24.4230000-06:00,in
37,USC00051772,Snow,2003-03-31T00:00:00.0000000-07:00,0.000000,P,,0,,NOAA,2013-08-08T07:41:24.4230000-06:00,in
37,USC00051772,Snow,2003-04-01T00:00:00.0000000-07:00,0.000000,P,,0,,NOAA,2013-08-08T07:41:24.4230000-06:00,in
37,USC00051772,Snow,2003-04-02T00:00:00.0000000-07:00,0.000000,P,,0,,NOAA,2013-08-08T07:41:24.4230000-06:00,in
37,USC00051772,Snow,2003-04-03T00:00:00.0000000-07:00,0.000000,T,,0,,NOAA,2013-08-08T07:41:24.4230000-06:00,in
37,USC00051772,Snow,2003-04-04T00:00:00.0000000-07:00,0.000000,P,,0,,NOAA,2013-08-08T07:41:24.4230000-06:00,in
37,USC00051772,Snow,2003-04-05T00:00:00.0000000-07:00,0.000000,P,,0,,NOAA,2013-08-08T07:41:24.4230000-06:00,in
37,USC00051772,Snow,2003-04-06T00:00:00.0000000-07:00,0.000000,T,,0,,NOAA,2013-08-08T07:41:24.4230000-06:00,in
37,USC00051772,Snow,2003-04-07T00:00:00.0000000-06:00,0.000000,P,,0,,NOAA,2013-08-08T07:41:24.4230000-06:00,in
37,USC00051772,Snow,2003-04-08T00:00:00.0000000-06:00,0.000000,P,,0,,NOAA,2013-08-08T07:41:24.4230000-06:00,in
37,USC00051772,Snow,2003-04-09T00:00:00.0000000-06:00,0.000000,P,,0,,NOAA,2013-08-08T07:41:24.4230000-06:00,in
37,USC00051772,Snow,2003-04-10T00:00:00.0000000-06:00,0.000000,P,,0,,NOAA,2013-08-08T07:41:24.4230000-06:00,in
37,USC00051772,Snow,2003-04-11T00:00:00.0000000-06:00,0.000000,P,,0,,NOAA,2013-08-08T07:41:24.4230000-06:00,in
37,USC00051772,Snow,2003-04-12T00:00:00.0000000-06:00,0.000000,P,,0,,NOAA,2013-08-08T07:41:24.4230000-06:00,in
37,USC00051772,Snow,2003-04-13T00:00:00.0000000-06:00,0.000000,P,,0,,NOAA,2013-08-08T07:41:24.4230000-06:00,in
37,USC00051772,Snow,2003-04-14T00:00:00.0000000-06:00,0.000000,P,,0,,NOAA,2013-08-08T07:41:24.4230000-06:00,in
37,USC00051772,Snow,2003-04-15T00:00:00.0000000-06:00,0.000000,P,,0,,NOAA,2013-08-08T07:41:24.4230000-06:00,in
37,USC00051772,Snow,2003-04-16T00:00:00.0000000-06:00,0.000000,P,,0,,NOAA,2013-08-08T07:41:24.4230000-06:00,in
37,USC00051772,Snow,2003-04-17T00:00:00.0000000-06:00,0.000000,P,,0,,NOAA,2013-08-08T07:41:24.4230000-06:00,in
37,USC00051772,Snow,2003-04-18T00:00:00.0000000-06:00,0.000000,P,,0,,NOAA,2013-08-08T07:41:24.4230000-06:00,in
37,USC00051772,Snow,2003-04-19T00:00:00.0000000-06:00,0.000000,P,,0,,NOAA,2013-08-08T07:41:24.4230000-06:00,in
37,USC00051772,Snow,2003-04-20T00:00:00.0000000-06:00,0.000000,P,,0,,NOAA,2013-08-08T07:41:24.4230000-06:00,in
37,USC00051772,Snow,2003-04-21T00:00:00.0000000-06:00,0.000000,P,,0,,NOAA,2013-08-08T07:41:24.4230000-06:00,in
37,USC00051772,Snow,2003-04-22T00:00:00.0000000-06:00,0.000000,P,,0,,NOAA,2013-08-08T07:41:24.4230000-06:00,in
37,USC00051772,Snow,2003-04-23T00:00:00.0000000-06:00,0.000000,T,,0,,NOAA,2013-08-08T07:41:24.4230000-06:00,in
37,USC00051772,Snow,2003-04-24T00:00:00.0000000-06:00,0.000000,P,,0,,NOAA,2013-08-08T07:41:24.4230000-06:00,in
37,USC00051772,Snow,2003-04-25T00:00:00.0000000-06:00,0.000000,P,,0,,NOAA,2013-08-08T07:41:24.4230000-06:00,in
37,USC00051772,Snow,2003-04-26T00:00:00.0000000-06:00,0.000000,P,,0,,NOAA,2013-08-08T07:41:24.4230000-06:00,in
37,USC00051772,Snow,2003-04-27T00:00:00.0000000-06:00,0.000000,P,,0,,NOAA,2013-08-08T07:41:24.4230000-06:00,in
37,USC00051772,Snow,2003-04-28T00:00:00.0000000-06:00,0.000000,P,,0,,NOAA,2013-08-08T07:41:24.4230000-06:00,in
37,USC00051772,Snow,2003-04-29T00:00:00.0000000-06:00,0.000000,P,,0,,NOAA,2013-08-08T07:41:24.4230000-06:00,in
37,USC00051772,Snow,2003-04-30T00:00:00.0000000-06:00,0.000000,P,,0,,NOAA,2013-08-08T07:41:24.4230000-06:00,in
37,USC00051772,Snow,2003-05-01T00:00:00.0000000-06:00,0.000000,P,,0,,NOAA,2013-08-08T07:41:24.4230000-06:00,in
37,USC00051772,Snow,2003-05-02T00:00:00.0000000-06:00,0.000000,P,,0,,NOAA,2013-08-08T07:41:24.4230000-06:00,in
37,USC00051772,Snow,2003-05-03T00:00:00.0000000-06:00,0.000000,P,,0,,NOAA,2013-08-08T07:41:24.4230000-06:00,in
37,USC00051772,Snow,2003-05-04T00:00:00.0000000-06:00,0.000000,P,,0,,NOAA,2013-08-08T07:41:24.4230000-06:00,in
37,USC00051772,Snow,2003-05-05T00:00:00.0000000-06:00,0.000000,P,,0,,NOAA,2013-08-08T07:41:24.4230000-06:00,in
37,USC00051772,Snow,2003-05-06T00:00:00.0000000-06:00,0.000000,P,,0,,NOAA,2013-08-08T07:41:24.4230000-06:00,in
37,USC00051772,Snow,2003-05-07T00:00:00.0000000-06:00,0.000000,P,,0,,NOAA,2013-08-08T07:41:24.4230000-06:00,in
37,USC00051772,Snow,2003-05-08T00:00:00.0000000-06:00,0.000000,P,,0,,NOAA,2013-08-08T07:41:24.4230000-06:00,in
37,USC00051772,Snow,2003-05-09T00:00:00.0000000-06:00,0.000000,T,,0,,NOAA,2013-08-08T07:41:24.4230000-06:00,in
37,USC00051772,Snow,2003-05-10T00:00:00.0000000-06:00,0.000000,P,,0,,NOAA,2013-08-08T07:41:24.4230000-06:00,in
37,USC00051772,Snow,2003-05-11T00:00:00.0000000-06:00,0.000000,P,,0,,NOAA,2013-08-08T07:41:24.4230000-06:00,in
37,USC00051772,Snow,2003-05-12T00:00:00.0000000-06:00,0.000000,P,,0,,NOAA,2013-08-08T07:41:24.4230000-06:00,in
37,USC00051772,Snow,2003-05-13T00:00:00.0000000-06:00,0.000000,P,,0,,NOAA,2013-08-08T07:41:24.4230000-06:00,in
37,USC00051772,Snow,2003-05-14T00:00:00.0000000-06:00,0.000000,P,,0,,NOAA,2013-08-08T07:41:24.4230000-06:00,in
37,USC00051772,Snow,2003-05-15T00:00:00.0000000-06:00,0.000000,P,,0,,NOAA,2013-08-08T07:41:24.4230000-06:00,in
37,USC00051772,Snow,2003-05-16T00:00:00.0000000-06:00,0.000000,P,,0,,NOAA,2013-08-08T07:41:24.4230000-06:00,in
37,USC00051772,Snow,2003-05-17T00:00:00.0000000-06:00,0.000000,P,,0,,NOAA,2013-08-08T07:41:24.4230000-06:00,in
37,USC00051772,Snow,2003-05-18T00:00:00.0000000-06:00,0.000000,P,,0,,NOAA,2013-08-08T07:41:24.4230000-06:00,in
37,USC00051772,Snow,2003-05-19T00:00:00.0000000-06:00,0.000000,P,,0,,NOAA,2013-08-08T07:41:24.4230000-06:00,in
37,USC00051772,Snow,2003-05-20T00:00:00.0000000-06:00,0.000000,P,,0,,NOAA,2013-08-08T07:41:24.4230000-06:00,in
37,USC00051772,Snow,2003-05-21T00:00:00.0000000-06:00,0.000000,P,,0,,NOAA,2013-08-08T07:41:24.4230000-06:00,in
37,USC00051772,Snow,2003-05-22T00:00:00.0000000-06:00,0.000000,P,,0,,NOAA,2013-08-08T07:41:24.4230000-06:00,in
37,USC00051772,Snow,2003-05-23T00:00:00.0000000-06:00,0.000000,P,,0,,NOAA,2013-08-08T07:41:24.4230000-06:00,in
37,USC00051772,Snow,2003-05-24T00:00:00.0000000-06:00,0.000000,P,,0,,NOAA,2013-08-08T07:41:24.4230000-06:00,in
37,USC00051772,Snow,2003-05-25T00:00:00.0000000-06:00,0.000000,P,,0,,NOAA,2013-08-08T07:41:24.4230000-06:00,in
37,USC00051772,Snow,2003-05-26T00:00:00.0000000-06:00,0.000000,P,,0,,NOAA,2013-08-08T07:41:24.4230000-06:00,in
37,USC00051772,Snow,2003-05-27T00:00:00.0000000-06:00,0.000000,P,,0,,NOAA,2013-08-08T07:41:24.4230000-06:00,in
37,USC00051772,Snow,2003-05-28T00:00:00.0000000-06:00,0.000000,P,,0,,NOAA,2013-08-08T07:41:24.4230000-06:00,in
37,USC00051772,Snow,2003-05-29T00:00:00.0000000-06:00,0.000000,P,,0,,NOAA,2013-08-08T07:41:24.4230000-06:00,in
37,USC00051772,Snow,2003-05-30T00:00:00.0000000-06:00,0.000000,P,,0,,NOAA,2013-08-08T07:41:24.4230000-06:00,in
37,USC00051772,Snow,2003-05-31T00:00:00.0000000-06:00,0.000000,P,,0,,NOAA,2013-08-08T07:41:24.4230000-06:00,in
37,USC00051772,Snow,2003-06-01T00:00:00.0000000-06:00,0.000000,P,,0,,NOAA,2013-08-08T07:41:24.4230000-06:00,in
37,USC00051772,Snow,2003-06-02T00:00:00.0000000-06:00,0.000000,P,,0,,NOAA,2013-08-08T07:41:24.4230000-06:00,in
37,USC00051772,Snow,2003-06-03T00:00:00.0000000-06:00,0.000000,P,,0,,NOAA,2013-08-08T07:41:24.4230000-06:00,in
37,USC00051772,Snow,2003-06-04T00:00:00.0000000-06:00,0.000000,P,,0,,NOAA,2013-08-08T07:41:24.4230000-06:00,in
37,USC00051772,Snow,2003-06-05T00:00:00.0000000-06:00,0.000000,P,,0,,NOAA,2013-08-08T07:41:24.4230000-06:00,in
37,USC00051772,Snow,2003-06-06T00:00:00.0000000-06:00,0.000000,P,,0,,NOAA,2013-08-08T07:41:24.4230000-06:00,in
37,USC00051772,Snow,2003-06-07T00:00:00.0000000-06:00,0.000000,P,,0,,NOAA,2013-08-08T07:41:24.4230000-06:00,in
37,USC00051772,Snow,2003-06-08T00:00:00.0000000-06:00,0.000000,P,,0,,NOAA,2013-08-08T07:41:24.4230000-06:00,in
37,USC00051772,Snow,2003-06-09T00:00:00.0000000-06:00,0.000000,P,,0,,NOAA,2013-08-08T07:41:24.4230000-06:00,in
37,USC00051772,Snow,2003-06-10T00:00:00.0000000-06:00,0.000000,P,,0,,NOAA,2013-08-08T07:41:24.4230000-06:00,in
37,USC00051772,Snow,2003-06-11T00:00:00.0000000-06:00,0.000000,P,,0,,NOAA,2013-08-08T07:41:24.4230000-06:00,in
37,USC00051772,Snow,2003-06-12T00:00:00.0000000-06:00,0.000000,P,,0,,NOAA,2013-08-08T07:41:24.4230000-06:00,in
37,USC00051772,Snow,2003-06-13T00:00:00.0000000-06:00,0.000000,P,,0,,NOAA,2013-08-08T07:41:24.4230000-06:00,in
37,USC00051772,Snow,2003-06-14T00:00:00.0000000-06:00,0.000000,P,,0,,NOAA,2013-08-08T07:41:24.4230000-06:00,in
37,USC00051772,Snow,2003-06-15T00:00:00.0000000-06:00,0.000000,P,,0,,NOAA,2013-08-08T07:41:24.4230000-06:00,in
37,USC00051772,Snow,2003-06-16T00:00:00.0000000-06:00,0.000000,P,,0,,NOAA,2013-08-08T07:41:24.4230000-06:00,in
37,USC00051772,Snow,2003-06-17T00:00:00.0000000-06:00,0.000000,P,,0,,NOAA,2013-08-08T07:41:24.4230000-06:00,in
37,USC00051772,Snow,2003-06-18T00:00:00.0000000-06:00,0.000000,P,,0,,NOAA,2013-08-08T07:41:24.4230000-06:00,in
37,USC00051772,Snow,2003-06-19T00:00:00.0000000-06:00,0.000000,P,,0,,NOAA,2013-08-08T07:41:24.4230000-06:00,in
37,USC00051772,Snow,2003-06-20T00:00:00.0000000-06:00,0.000000,P,,0,,NOAA,2013-08-08T07:41:24.4230000-06:00,in
37,USC00051772,Snow,2003-06-21T00:00:00.0000000-06:00,0.000000,P,,0,,NOAA,2013-08-08T07:41:24.4230000-06:00,in
37,USC00051772,Snow,2003-06-22T00:00:00.0000000-06:00,0.000000,P,,0,,NOAA,2013-08-08T07:41:24.4230000-06:00,in
37,USC00051772,Snow,2003-06-23T00:00:00.0000000-06:00,0.000000,P,,0,,NOAA,2013-08-08T07:41:24.4230000-06:00,in
37,USC00051772,Snow,2003-06-24T00:00:00.0000000-06:00,0.000000,P,,0,,NOAA,2013-08-08T07:41:24.4230000-06:00,in
37,USC00051772,Snow,2003-06-25T00:00:00.0000000-06:00,0.000000,P,,0,,NOAA,2013-08-08T07:41:24.4230000-06:00,in
37,USC00051772,Snow,2003-06-26T00:00:00.0000000-06:00,0.000000,P,,0,,NOAA,2013-08-08T07:41:24.4230000-06:00,in
37,USC00051772,Snow,2003-06-27T00:00:00.0000000-06:00,0.000000,P,,0,,NOAA,2013-08-08T07:41:24.4230000-06:00,in
37,USC00051772,Snow,2003-06-28T00:00:00.0000000-06:00,0.000000,P,,0,,NOAA,2013-08-08T07:41:24.4230000-06:00,in
37,USC00051772,Snow,2003-06-29T00:00:00.0000000-06:00,0.000000,P,,0,,NOAA,2013-08-08T07:41:24.4230000-06:00,in
37,USC00051772,Snow,2003-06-30T00:00:00.0000000-06:00,0.000000,P,,0,,NOAA,2013-08-08T07:41:24.4230000-06:00,in
37,USC00051772,Snow,2003-07-01T00:00:00.0000000-06:00,0.000000,P,,0,,NOAA,2013-08-08T07:41:24.4230000-06:00,in
37,USC00051772,Snow,2003-07-02T00:00:00.0000000-06:00,0.000000,P,,0,,NOAA,2013-08-08T07:41:24.4230000-06:00,in
37,USC00051772,Snow,2003-07-03T00:00:00.0000000-06:00,0.000000,P,,0,,NOAA,2013-08-08T07:41:24.4230000-06:00,in
37,USC00051772,Snow,2003-07-04T00:00:00.0000000-06:00,0.000000,P,,0,,NOAA,2013-08-08T07:41:24.4230000-06:00,in
37,USC00051772,Snow,2003-07-05T00:00:00.0000000-06:00,0.000000,P,,0,,NOAA,2013-08-08T07:41:24.4230000-06:00,in
37,USC00051772,Snow,2003-07-06T00:00:00.0000000-06:00,0.000000,P,,0,,NOAA,2013-08-08T07:41:24.4230000-06:00,in
37,USC00051772,Snow,2003-07-07T00:00:00.0000000-06:00,0.000000,P,,0,,NOAA,2013-08-08T07:41:24.4230000-06:00,in
37,USC00051772,Snow,2003-07-08T00:00:00.0000000-06:00,0.000000,P,,0,,NOAA,2013-08-08T07:41:24.4230000-06:00,in
37,USC00051772,Snow,2003-07-09T00:00:00.0000000-06:00,0.000000,P,,0,,NOAA,2013-08-08T07:41:24.4230000-06:00,in
37,USC00051772,Snow,2003-07-10T00:00:00.0000000-06:00,0.000000,P,,0,,NOAA,2013-08-08T07:41:24.4230000-06:00,in
37,USC00051772,Snow,2003-07-11T00:00:00.0000000-06:00,0.000000,P,,0,,NOAA,2013-08-08T07:41:24.4230000-06:00,in
37,USC00051772,Snow,2003-07-12T00:00:00.0000000-06:00,0.000000,P,,0,,NOAA,2013-08-08T07:41:24.4230000-06:00,in
37,USC00051772,Snow,2003-07-13T00:00:00.0000000-06:00,0.000000,P,,0,,NOAA,2013-08-08T07:41:24.4230000-06:00,in
37,USC00051772,Snow,2003-07-14T00:00:00.0000000-06:00,0.000000,P,,0,,NOAA,2013-08-08T07:41:24.4230000-06:00,in
37,USC00051772,Snow,2003-07-15T00:00:00.0000000-06:00,0.000000,P,,0,,NOAA,2013-08-08T07:41:24.4230000-06:00,in
37,USC00051772,Snow,2003-07-16T00:00:00.0000000-06:00,0.000000,P,,0,,NOAA,2013-08-08T07:41:24.4230000-06:00,in
37,USC00051772,Snow,2003-07-17T00:00:00.0000000-06:00,0.000000,P,,0,,NOAA,2013-08-08T07:41:24.4230000-06:00,in
37,USC00051772,Snow,2003-07-18T00:00:00.0000000-06:00,0.000000,P,,0,,NOAA,2013-08-08T07:41:24.4230000-06:00,in
37,USC00051772,Snow,2003-07-19T00:00:00.0000000-06:00,0.000000,P,,0,,NOAA,2013-08-08T07:41:24.4230000-06:00,in
37,USC00051772,Snow,2003-07-20T00:00:00.0000000-06:00,0.000000,P,,0,,NOAA,2013-08-08T07:41:24.4230000-06:00,in
37,USC00051772,Snow,2003-07-21T00:00:00.0000000-06:00,0.000000,P,,0,,NOAA,2013-08-08T07:41:24.4230000-06:00,in
37,USC00051772,Snow,2003-07-22T00:00:00.0000000-06:00,0.000000,P,,0,,NOAA,2013-08-08T07:41:24.4230000-06:00,in
37,USC00051772,Snow,2003-07-23T00:00:00.0000000-06:00,0.000000,P,,0,,NOAA,2013-08-08T07:41:24.4230000-06:00,in
37,USC00051772,Snow,2003-07-24T00:00:00.0000000-06:00,0.000000,P,,0,,NOAA,2013-08-08T07:41:24.4230000-06:00,in
37,USC00051772,Snow,2003-07-25T00:00:00.0000000-06:00,0.000000,P,,0,,NOAA,2013-08-08T07:41:24.4230000-06:00,in
37,USC00051772,Snow,2003-07-26T00:00:00.0000000-06:00,0.000000,P,,0,,NOAA,2013-08-08T07:41:24.4230000-06:00,in
37,USC00051772,Snow,2003-07-27T00:00:00.0000000-06:00,0.000000,P,,0,,NOAA,2013-08-08T07:41:24.4230000-06:00,in
37,USC00051772,Snow,2003-07-28T00:00:00.0000000-06:00,0.000000,P,,0,,NOAA,2013-08-08T07:41:24.4230000-06:00,in
37,USC00051772,Snow,2003-07-29T00:00:00.0000000-06:00,0.000000,P,,0,,NOAA,2013-08-08T07:41:24.4230000-06:00,in
37,USC00051772,Snow,2003-07-30T00:00:00.0000000-06:00,0.000000,P,,0,,NOAA,2013-08-08T07:41:24.4230000-06:00,in
37,USC00051772,Snow,2003-07-31T00:00:00.0000000-06:00,0.000000,P,,0,,NOAA,2013-08-08T07:41:24.4230000-06:00,in
37,USC00051772,Snow,2003-08-01T00:00:00.0000000-06:00,0.000000,P,,0,,NOAA,2013-08-08T07:41:24.4230000-06:00,in
37,USC00051772,Snow,2003-08-02T00:00:00.0000000-06:00,0.000000,P,,0,,NOAA,2013-08-08T07:41:24.4230000-06:00,in
37,USC00051772,Snow,2003-08-03T00:00:00.0000000-06:00,0.000000,P,,0,,NOAA,2013-08-08T07:41:24.4230000-06:00,in
37,USC00051772,Snow,2003-08-04T00:00:00.0000000-06:00,0.000000,P,,0,,NOAA,2013-08-08T07:41:24.4230000-06:00,in
37,USC00051772,Snow,2003-08-05T00:00:00.0000000-06:00,0.000000,P,,0,,NOAA,2013-08-08T07:41:24.4230000-06:00,in
37,USC00051772,Snow,2003-08-06T00:00:00.0000000-06:00,0.000000,P,,0,,NOAA,2013-08-08T07:41:24.4230000-06:00,in
37,USC00051772,Snow,2003-08-07T00:00:00.0000000-06:00,0.000000,P,,0,,NOAA,2013-08-08T07:41:24.4230000-06:00,in
37,USC00051772,Snow,2003-08-08T00:00:00.0000000-06:00,0.000000,P,,0,,NOAA,2013-08-08T07:41:24.4230000-06:00,in
37,USC00051772,Snow,2003-08-09T00:00:00.0000000-06:00,0.000000,P,,0,,NOAA,2013-08-08T07:41:24.4230000-06:00,in
37,USC00051772,Snow,2003-08-10T00:00:00.0000000-06:00,0.000000,P,,0,,NOAA,2013-08-08T07:41:24.4230000-06:00,in
37,USC00051772,Snow,2003-08-11T00:00:00.0000000-06:00,0.000000,P,,0,,NOAA,2013-08-08T07:41:24.4230000-06:00,in
37,USC00051772,Snow,2003-08-12T00:00:00.0000000-06:00,0.000000,P,,0,,NOAA,2013-08-08T07:41:24.4230000-06:00,in
37,USC00051772,Snow,2003-08-13T00:00:00.0000000-06:00,0.000000,P,,0,,NOAA,2013-08-08T07:41:24.4230000-06:00,in
37,USC00051772,Snow,2003-08-14T00:00:00.0000000-06:00,0.000000,P,,0,,NOAA,2013-08-08T07:41:24.4230000-06:00,in
37,USC00051772,Snow,2003-08-15T00:00:00.0000000-06:00,0.000000,P,,0,,NOAA,2013-08-08T07:41:24.4230000-06:00,in
37,USC00051772,Snow,2003-08-16T00:00:00.0000000-06:00,0.000000,P,,0,,NOAA,2013-08-08T07:41:24.4230000-06:00,in
37,USC00051772,Snow,2003-08-17T00:00:00.0000000-06:00,0.000000,P,,0,,NOAA,2013-08-08T07:41:24.4230000-06:00,in
37,USC00051772,Snow,2003-08-18T00:00:00.0000000-06:00,0.000000,P,,0,,NOAA,2013-08-08T07:41:24.4230000-06:00,in
37,USC00051772,Snow,2003-08-19T00:00:00.0000000-06:00,0.000000,P,,0,,NOAA,2013-08-08T07:41:24.4230000-06:00,in
37,USC00051772,Snow,2003-08-20T00:00:00.0000000-06:00,0.000000,P,,0,,NOAA,2013-08-08T07:41:24.4230000-06:00,in
37,USC00051772,Snow,2003-08-21T00:00:00.0000000-06:00,0.000000,P,,0,,NOAA,2013-08-08T07:41:24.4230000-06:00,in
37,USC00051772,Snow,2003-08-22T00:00:00.0000000-06:00,0.000000,P,,0,,NOAA,2013-08-08T07:41:24.4230000-06:00,in
37,USC00051772,Snow,2003-08-23T00:00:00.0000000-06:00,0.000000,P,,0,,NOAA,2013-08-08T07:41:24.4230000-06:00,in
37,USC00051772,Snow,2003-08-24T00:00:00.0000000-06:00,0.000000,P,,0,,NOAA,2013-08-08T07:41:24.4230000-06:00,in
37,USC00051772,Snow,2003-08-25T00:00:00.0000000-06:00,0.000000,P,,0,,NOAA,2013-08-08T07:41:24.4230000-06:00,in
37,USC00051772,Snow,2003-08-26T00:00:00.0000000-06:00,0.000000,P,,0,,NOAA,2013-08-08T07:41:24.4230000-06:00,in
37,USC00051772,Snow,2003-08-27T00:00:00.0000000-06:00,0.000000,P,,0,,NOAA,2013-08-08T07:41:24.4230000-06:00,in
37,USC00051772,Snow,2003-08-28T00:00:00.0000000-06:00,0.000000,P,,0,,NOAA,2013-08-08T07:41:24.4230000-06:00,in
37,USC00051772,Snow,2003-08-29T00:00:00.0000000-06:00,0.000000,P,,0,,NOAA,2013-08-08T07:41:24.4230000-06:00,in
37,USC00051772,Snow,2003-08-30T00:00:00.0000000-06:00,0.000000,P,,0,,NOAA,2013-08-08T07:41:24.4230000-06:00,in
37,USC00051772,Snow,2003-08-31T00:00:00.0000000-06:00,0.000000,P,,0,,NOAA,2013-08-08T07:41:24.4230000-06:00,in
37,USC00051772,Snow,2003-09-01T00:00:00.0000000-06:00,0.000000,P,,0,,NOAA,2013-08-08T07:41:24.4230000-06:00,in
37,USC00051772,Snow,2003-09-02T00:00:00.0000000-06:00,0.000000,P,,0,,NOAA,2013-08-08T07:41:24.4230000-06:00,in
37,USC00051772,Snow,2003-09-03T00:00:00.0000000-06:00,0.000000,P,,0,,NOAA,2013-08-08T07:41:24.4230000-06:00,in
37,USC00051772,Snow,2003-09-04T00:00:00.0000000-06:00,0.000000,P,,0,,NOAA,2013-08-08T07:41:24.4230000-06:00,in
37,USC00051772,Snow,2003-09-05T00:00:00.0000000-06:00,0.000000,P,,0,,NOAA,2013-08-08T07:41:24.4230000-06:00,in
37,USC00051772,Snow,2003-09-06T00:00:00.0000000-06:00,0.000000,P,,0,,NOAA,2013-08-08T07:41:24.4230000-06:00,in
37,USC00051772,Snow,2003-09-07T00:00:00.0000000-06:00,0.000000,P,,0,,NOAA,2013-08-08T07:41:24.4230000-06:00,in
37,USC00051772,Snow,2003-09-08T00:00:00.0000000-06:00,0.000000,P,,0,,NOAA,2013-08-08T07:41:24.4230000-06:00,in
37,USC00051772,Snow,2003-09-09T00:00:00.0000000-06:00,0.000000,P,,0,,NOAA,2013-08-08T07:41:24.4230000-06:00,in
37,USC00051772,Snow,2003-09-10T00:00:00.0000000-06:00,0.000000,P,,0,,NOAA,2013-08-08T07:41:24.4230000-06:00,in
37,USC00051772,Snow,2003-09-11T00:00:00.0000000-06:00,0.000000,P,,0,,NOAA,2013-08-08T07:41:24.4230000-06:00,in
37,USC00051772,Snow,2003-09-12T00:00:00.0000000-06:00,0.000000,P,,0,,NOAA,2013-08-08T07:41:24.4230000-06:00,in
37,USC00051772,Snow,2003-09-13T00:00:00.0000000-06:00,0.000000,P,,0,,NOAA,2013-08-08T07:41:24.4230000-06:00,in
37,USC00051772,Snow,2003-09-14T00:00:00.0000000-06:00,0.000000,P,,0,,NOAA,2013-08-08T07:41:24.4230000-06:00,in
37,USC00051772,Snow,2003-09-15T00:00:00.0000000-06:00,0.000000,P,,0,,NOAA,2013-08-08T07:41:24.4230000-06:00,in
37,USC00051772,Snow,2003-09-16T00:00:00.0000000-06:00,0.000000,P,,0,,NOAA,2013-08-08T07:41:24.4230000-06:00,in
37,USC00051772,Snow,2003-09-17T00:00:00.0000000-06:00,0.000000,P,,0,,NOAA,2013-08-08T07:41:24.4230000-06:00,in
37,USC00051772,Snow,2003-09-18T00:00:00.0000000-06:00,0.000000,P,,0,,NOAA,2013-08-08T07:41:24.4230000-06:00,in
37,USC00051772,Snow,2003-09-19T00:00:00.0000000-06:00,0.000000,P,,0,,NOAA,2013-08-08T07:41:24.4230000-06:00,in
37,USC00051772,Snow,2003-09-20T00:00:00.0000000-06:00,0.000000,P,,0,,NOAA,2013-08-08T07:41:24.4230000-06:00,in
37,USC00051772,Snow,2003-09-21T00:00:00.0000000-06:00,0.000000,P,,0,,NOAA,2013-08-08T07:41:24.4230000-06:00,in
37,USC00051772,Snow,2003-09-22T00:00:00.0000000-06:00,0.000000,P,,0,,NOAA,2013-08-08T07:41:24.4230000-06:00,in
37,USC00051772,Snow,2003-09-23T00:00:00.0000000-06:00,0.000000,P,,0,,NOAA,2013-08-08T07:41:24.4230000-06:00,in
37,USC00051772,Snow,2003-09-24T00:00:00.0000000-06:00,0.000000,P,,0,,NOAA,2013-08-08T07:41:24.4230000-06:00,in
37,USC00051772,Snow,2003-09-25T00:00:00.0000000-06:00,0.000000,P,,0,,NOAA,2013-08-08T07:41:24.4230000-06:00,in
37,USC00051772,Snow,2003-09-26T00:00:00.0000000-06:00,0.000000,P,,0,,NOAA,2013-08-08T07:41:24.4230000-06:00,in
37,USC00051772,Snow,2003-09-27T00:00:00.0000000-06:00,0.000000,P,,0,,NOAA,2013-08-08T07:41:24.4230000-06:00,in
37,USC00051772,Snow,2003-09-28T00:00:00.0000000-06:00,0.000000,P,,0,,NOAA,2013-08-08T07:41:24.4230000-06:00,in
37,USC00051772,Snow,2003-09-29T00:00:00.0000000-06:00,0.000000,P,,0,,NOAA,2013-08-08T07:41:24.4230000-06:00,in
37,USC00051772,Snow,2003-09-30T00:00:00.0000000-06:00,0.000000,P,,0,,NOAA,2013-08-08T07:41:24.4230000-06:00,in
37,USC00051772,Snow,2003-10-01T00:00:00.0000000-06:00,0.000000,P,,0,,NOAA,2013-08-08T07:41:24.4230000-06:00,in
37,USC00051772,Snow,2003-10-02T00:00:00.0000000-06:00,0.000000,P,,0,,NOAA,2013-08-08T07:41:24.4230000-06:00,in
37,USC00051772,Snow,2003-10-03T00:00:00.0000000-06:00,0.000000,P,,0,,NOAA,2013-08-08T07:41:24.4230000-06:00,in
37,USC00051772,Snow,2003-10-04T00:00:00.0000000-06:00,0.000000,P,,0,,NOAA,2013-08-08T07:41:24.4230000-06:00,in
37,USC00051772,Snow,2003-10-05T00:00:00.0000000-06:00,0.000000,P,,0,,NOAA,2013-08-08T07:41:24.4230000-06:00,in
37,USC00051772,Snow,2003-10-06T00:00:00.0000000-06:00,0.000000,P,,0,,NOAA,2013-08-08T07:41:24.4230000-06:00,in
37,USC00051772,Snow,2003-10-07T00:00:00.0000000-06:00,0.000000,P,,0,,NOAA,2013-08-08T07:41:24.4230000-06:00,in
37,USC00051772,Snow,2003-10-08T00:00:00.0000000-06:00,0.000000,P,,0,,NOAA,2013-08-08T07:41:24.4230000-06:00,in
37,USC00051772,Snow,2003-10-09T00:00:00.0000000-06:00,0.000000,P,,0,,NOAA,2013-08-08T07:41:24.4230000-06:00,in
37,USC00051772,Snow,2003-10-10T00:00:00.0000000-06:00,0.000000,P,,0,,NOAA,2013-08-08T07:41:24.4230000-06:00,in
37,USC00051772,Snow,2003-10-11T00:00:00.0000000-06:00,0.000000,P,,0,,NOAA,2013-08-08T07:41:24.4230000-06:00,in
37,USC00051772,Snow,2003-10-12T00:00:00.0000000-06:00,0.000000,P,,0,,NOAA,2013-08-08T07:41:24.4230000-06:00,in
37,USC00051772,Snow,2003-10-13T00:00:00.0000000-06:00,0.000000,P,,0,,NOAA,2013-08-08T07:41:24.4230000-06:00,in
37,USC00051772,Snow,2003-10-14T00:00:00.0000000-06:00,0.000000,P,,0,,NOAA,2013-08-08T07:41:24.4230000-06:00,in
37,USC00051772,Snow,2003-10-15T00:00:00.0000000-06:00,0.000000,P,,0,,NOAA,2013-08-08T07:41:24.4230000-06:00,in
37,USC00051772,Snow,2003-10-16T00:00:00.0000000-06:00,0.000000,P,,0,,NOAA,2013-08-08T07:41:24.4230000-06:00,in
37,USC00051772,Snow,2003-10-17T00:00:00.0000000-06:00,0.000000,P,,0,,NOAA,2013-08-08T07:41:24.4230000-06:00,in
37,USC00051772,Snow,2003-10-18T00:00:00.0000000-06:00,0.000000,P,,0,,NOAA,2013-08-08T07:41:24.4230000-06:00,in
37,USC00051772,Snow,2003-10-19T00:00:00.0000000-06:00,0.000000,P,,0,,NOAA,2013-08-08T07:41:24.4230000-06:00,in
37,USC00051772,Snow,2003-10-20T00:00:00.0000000-06:00,0.000000,P,,0,,NOAA,2013-08-08T07:41:24.4230000-06:00,in
37,USC00051772,Snow,2003-10-21T00:00:00.0000000-06:00,0.000000,P,,0,,NOAA,2013-08-08T07:41:24.4230000-06:00,in
37,USC00051772,Snow,2003-10-22T00:00:00.0000000-06:00,0.000000,P,,0,,NOAA,2013-08-08T07:41:24.4230000-06:00,in
37,USC00051772,Snow,2003-10-23T00:00:00.0000000-06:00,0.000000,P,,0,,NOAA,2013-08-08T07:41:24.4230000-06:00,in
37,USC00051772,Snow,2003-10-24T00:00:00.0000000-06:00,0.000000,P,,0,,NOAA,2013-08-08T07:41:24.4230000-06:00,in
37,USC00051772,Snow,2003-10-25T00:00:00.0000000-06:00,0.000000,P,,0,,NOAA,2013-08-08T07:41:24.4230000-06:00,in
37,USC00051772,Snow,2003-10-26T00:00:00.0000000-06:00,0.000000,P,,0,,NOAA,2013-08-08T07:41:24.4230000-06:00,in
37,USC00051772,Snow,2003-10-27T00:00:00.0000000-07:00,0.000000,P,,0,,NOAA,2013-08-08T07:41:24.4230000-06:00,in
37,USC00051772,Snow,2003-10-28T00:00:00.0000000-07:00,0.000000,P,,0,,NOAA,2013-08-08T07:41:24.4230000-06:00,in
37,USC00051772,Snow,2003-10-29T00:00:00.0000000-07:00,0.000000,P,,0,,NOAA,2013-08-08T07:41:24.4230000-06:00,in
37,USC00051772,Snow,2003-10-30T00:00:00.0000000-07:00,0.000000,P,,0,,NOAA,2013-08-08T07:41:24.4230000-06:00,in
37,USC00051772,Snow,2003-10-31T00:00:00.0000000-07:00,0.000000,P,,0,,NOAA,2013-08-08T07:41:24.4230000-06:00,in
37,USC00051772,Snow,2003-11-01T00:00:00.0000000-07:00,0.000000,P,,0,,NOAA,2013-08-08T07:41:24.4230000-06:00,in
37,USC00051772,Snow,2003-11-02T00:00:00.0000000-07:00,0.000000,P,,0,,NOAA,2013-08-08T07:41:24.4230000-06:00,in
37,USC00051772,Snow,2003-11-03T00:00:00.0000000-07:00,0.000000,P,,0,,NOAA,2013-08-08T07:41:24.4230000-06:00,in
37,USC00051772,Snow,2003-11-04T00:00:00.0000000-07:00,0.000000,P,,0,,NOAA,2013-08-08T07:41:24.4230000-06:00,in
37,USC00051772,Snow,2003-11-05T00:00:00.0000000-07:00,0.000000,P,,0,,NOAA,2013-08-08T07:41:24.4230000-06:00,in
37,USC00051772,Snow,2003-11-06T00:00:00.0000000-07:00,0.000000,P,,0,,NOAA,2013-08-08T07:41:24.4230000-06:00,in
37,USC00051772,Snow,2003-11-07T00:00:00.0000000-07:00,0.000000,P,,0,,NOAA,2013-08-08T07:41:24.4230000-06:00,in
37,USC00051772,Snow,2003-11-08T00:00:00.0000000-07:00,0.000000,P,,0,,NOAA,2013-08-08T07:41:24.4230000-06:00,in
37,USC00051772,Snow,2003-11-09T00:00:00.0000000-07:00,0.000000,P,,0,,NOAA,2013-08-08T07:41:24.4230000-06:00,in
37,USC00051772,Snow,2003-11-10T00:00:00.0000000-07:00,0.000000,P,,0,,NOAA,2013-08-08T07:41:24.4230000-06:00,in
37,USC00051772,Snow,2003-11-11T00:00:00.0000000-07:00,0.000000,P,,0,,NOAA,2013-08-08T07:41:24.4230000-06:00,in
37,USC00051772,Snow,2003-11-12T00:00:00.0000000-07:00,0.000000,P,,0,,NOAA,2013-08-08T07:41:24.4230000-06:00,in
37,USC00051772,Snow,2003-11-13T00:00:00.0000000-07:00,0.000000,P,,0,,NOAA,2013-08-08T07:41:24.4230000-06:00,in
37,USC00051772,Snow,2003-11-14T00:00:00.0000000-07:00,0.000000,P,,0,,NOAA,2013-08-08T07:41:24.4230000-06:00,in
37,USC00051772,Snow,2003-11-15T00:00:00.0000000-07:00,0.000000,P,,0,,NOAA,2013-08-08T07:41:24.4230000-06:00,in
37,USC00051772,Snow,2003-11-16T00:00:00.0000000-07:00,0.000000,P,,0,,NOAA,2013-08-08T07:41:24.4230000-06:00,in
37,USC00051772,Snow,2003-11-17T00:00:00.0000000-07:00,0.000000,P,,0,,NOAA,2013-08-08T07:41:24.4230000-06:00,in
37,USC00051772,Snow,2003-11-18T00:00:00.0000000-07:00,0.000000,T,,0,,NOAA,2013-08-08T07:41:24.4230000-06:00,in
37,USC00051772,Snow,2003-11-19T00:00:00.0000000-07:00,0.000000,P,,0,,NOAA,2013-08-08T07:41:24.4230000-06:00,in
37,USC00051772,Snow,2003-11-20T00:00:00.0000000-07:00,0.000000,P,,0,,NOAA,2013-08-08T07:41:24.4230000-06:00,in
37,USC00051772,Snow,2003-11-21T00:00:00.0000000-07:00,0.000000,P,,0,,NOAA,2013-08-08T07:41:24.4230000-06:00,in
37,USC00051772,Snow,2003-11-22T00:00:00.0000000-07:00,2.519685,,,0,,NOAA,2013-08-08T07:41:24.4230000-06:00,in
37,USC00051772,Snow,2003-11-23T00:00:00.0000000-07:00,1.417323,,,0,,NOAA,2013-08-08T07:41:24.4230000-06:00,in
37,USC00051772,Snow,2003-11-24T00:00:00.0000000-07:00,0.000000,P,,0,,NOAA,2013-08-08T07:41:24.4230000-06:00,in
37,USC00051772,Snow,2003-11-25T00:00:00.0000000-07:00,0.000000,P,,0,,NOAA,2013-08-08T07:41:24.4230000-06:00,in
37,USC00051772,Snow,2003-11-26T00:00:00.0000000-07:00,0.000000,P,,0,,NOAA,2013-08-08T07:41:24.4230000-06:00,in
37,USC00051772,Snow,2003-11-27T00:00:00.0000000-07:00,1.102362,,,0,,NOAA,2013-08-08T07:41:24.4230000-06:00,in
37,USC00051772,Snow,2003-11-28T00:00:00.0000000-07:00,0.000000,P,,0,,NOAA,2013-08-08T07:41:24.4230000-06:00,in
37,USC00051772,Snow,2003-11-29T00:00:00.0000000-07:00,0.000000,P,,0,,NOAA,2013-08-08T07:41:24.4230000-06:00,in
37,USC00051772,Snow,2003-11-30T00:00:00.0000000-07:00,0.000000,P,,0,,NOAA,2013-08-08T07:41:24.4230000-06:00,in
37,USC00051772,Snow,2003-12-01T00:00:00.0000000-07:00,0.000000,P,,0,,NOAA,2013-08-08T07:41:24.4230000-06:00,in
37,USC00051772,Snow,2003-12-02T00:00:00.0000000-07:00,0.000000,P,,0,,NOAA,2013-08-08T07:41:24.4230000-06:00,in
37,USC00051772,Snow,2003-12-03T00:00:00.0000000-07:00,0.000000,P,,0,,NOAA,2013-08-08T07:41:24.4230000-06:00,in
37,USC00051772,Snow,2003-12-04T00:00:00.0000000-07:00,0.000000,P,,0,,NOAA,2013-08-08T07:41:24.4230000-06:00,in
37,USC00051772,Snow,2003-12-05T00:00:00.0000000-07:00,0.000000,P,,0,,NOAA,2013-08-08T07:41:24.4230000-06:00,in
37,USC00051772,Snow,2003-12-06T00:00:00.0000000-07:00,0.000000,P,,0,,NOAA,2013-08-08T07:41:24.4230000-06:00,in
37,USC00051772,Snow,2003-12-07T00:00:00.0000000-07:00,0.000000,P,,0,,NOAA,2013-08-08T07:41:24.4230000-06:00,in
37,USC00051772,Snow,2003-12-08T00:00:00.0000000-07:00,3.818898,,,0,,NOAA,2013-08-08T07:41:24.4230000-06:00,in
37,USC00051772,Snow,2003-12-09T00:00:00.0000000-07:00,0.393701,,,0,,NOAA,2013-08-08T07:41:24.4230000-06:00,in
37,USC00051772,Snow,2003-12-10T00:00:00.0000000-07:00,0.000000,P,,0,,NOAA,2013-08-08T07:41:24.4230000-06:00,in
37,USC00051772,Snow,2003-12-11T00:00:00.0000000-07:00,0.000000,P,,0,,NOAA,2013-08-08T07:41:24.4230000-06:00,in
37,USC00051772,Snow,2003-12-12T00:00:00.0000000-07:00,0.000000,P,,0,,NOAA,2013-08-08T07:41:24.4230000-06:00,in
37,USC00051772,Snow,2003-12-13T00:00:00.0000000-07:00,0.000000,P,,0,,NOAA,2013-08-08T07:41:24.4230000-06:00,in
37,USC00051772,Snow,2003-12-14T00:00:00.0000000-07:00,0.000000,P,,0,,NOAA,2013-08-08T07:41:24.4230000-06:00,in
37,USC00051772,Snow,2003-12-15T00:00:00.0000000-07:00,0.984252,,,0,,NOAA,2013-08-08T07:41:24.4230000-06:00,in
37,USC00051772,Snow,2003-12-16T00:00:00.0000000-07:00,0.000000,P,,0,,NOAA,2013-08-08T07:41:24.4230000-06:00,in
37,USC00051772,Snow,2003-12-17T00:00:00.0000000-07:00,0.000000,P,,0,,NOAA,2013-08-08T07:41:24.4230000-06:00,in
37,USC00051772,Snow,2003-12-18T00:00:00.0000000-07:00,0.000000,P,,0,,NOAA,2013-08-08T07:41:24.4230000-06:00,in
37,USC00051772,Snow,2003-12-19T00:00:00.0000000-07:00,0.000000,P,,0,,NOAA,2013-08-08T07:41:24.4230000-06:00,in
37,USC00051772,Snow,2003-12-20T00:00:00.0000000-07:00,0.000000,P,,0,,NOAA,2013-08-08T07:41:24.4230000-06:00,in
37,USC00051772,Snow,2003-12-21T00:00:00.0000000-07:00,0.000000,P,,0,,NOAA,2013-08-08T07:41:24.4230000-06:00,in
37,USC00051772,Snow,2003-12-22T00:00:00.0000000-07:00,0.000000,T,,0,,NOAA,2013-08-08T07:41:24.4230000-06:00,in
37,USC00051772,Snow,2003-12-23T00:00:00.0000000-07:00,0.000000,P,,0,,NOAA,2013-08-08T07:41:24.4230000-06:00,in
37,USC00051772,Snow,2003-12-24T00:00:00.0000000-07:00,0.000000,P,,0,,NOAA,2013-08-08T07:41:24.4230000-06:00,in
37,USC00051772,Snow,2003-12-25T00:00:00.0000000-07:00,0.000000,P,,0,,NOAA,2013-08-08T07:41:24.4230000-06:00,in
37,USC00051772,Snow,2003-12-26T00:00:00.0000000-07:00,0.984252,,,0,,NOAA,2013-08-08T07:41:24.4230000-06:00,in
37,USC00051772,Snow,2003-12-27T00:00:00.0000000-07:00,0.314961,,,0,,NOAA,2013-08-08T07:41:24.4230000-06:00,in
37,USC00051772,Snow,2003-12-28T00:00:00.0000000-07:00,0.000000,P,,0,,NOAA,2013-08-08T07:41:24.4230000-06:00,in
37,USC00051772,Snow,2003-12-29T00:00:00.0000000-07:00,0.000000,P,,0,,NOAA,2013-08-08T07:41:24.4230000-06:00,in
37,USC00051772,Snow,2003-12-30T00:00:00.0000000-07:00,0.511811,,,0,,NOAA,2013-08-08T07:41:24.4230000-06:00,in
37,USC00051772,Snow,2003-12-31T00:00:00.0000000-07:00,1.811024,,,0,,NOAA,2013-08-08T07:41:24.4230000-06:00,in
37,USC00051772,Snow,2004-01-01T00:00:00.0000000-07:00,0.000000,P,,0,,NOAA,2013-08-08T07:41:24.4230000-06:00,in
37,USC00051772,Snow,2004-01-02T00:00:00.0000000-07:00,2.598425,,,0,,NOAA,2013-08-08T07:41:24.4230000-06:00,in
37,USC00051772,Snow,2004-01-03T00:00:00.0000000-07:00,7.086614,,,0,,NOAA,2013-08-08T07:41:24.4230000-06:00,in
37,USC00051772,Snow,2004-01-04T00:00:00.0000000-07:00,4.488189,,,0,,NOAA,2013-08-08T07:41:24.4230000-06:00,in
37,USC00051772,Snow,2004-01-05T00:00:00.0000000-07:00,0.000000,P,,0,,NOAA,2013-08-08T07:41:24.4230000-06:00,in
37,USC00051772,Snow,2004-01-06T00:00:00.0000000-07:00,0.000000,P,,0,,NOAA,2013-08-08T07:41:24.4230000-06:00,in
37,USC00051772,Snow,2004-01-07T00:00:00.0000000-07:00,0.196850,,,0,,NOAA,2013-08-08T07:41:24.4230000-06:00,in
37,USC00051772,Snow,2004-01-08T00:00:00.0000000-07:00,0.314961,,,0,,NOAA,2013-08-08T07:41:24.4230000-06:00,in
37,USC00051772,Snow,2004-01-09T00:00:00.0000000-07:00,0.000000,P,,0,,NOAA,2013-08-08T07:41:24.4230000-06:00,in
37,USC00051772,Snow,2004-01-10T00:00:00.0000000-07:00,0.000000,P,,0,,NOAA,2013-08-08T07:41:24.4230000-06:00,in
37,USC00051772,Snow,2004-01-11T00:00:00.0000000-07:00,0.000000,P,,0,,NOAA,2013-08-08T07:41:24.4230000-06:00,in
37,USC00051772,Snow,2004-01-12T00:00:00.0000000-07:00,0.000000,P,,0,,NOAA,2013-08-08T07:41:24.4230000-06:00,in
37,USC00051772,Snow,2004-01-13T00:00:00.0000000-07:00,0.000000,P,,0,,NOAA,2013-08-08T07:41:24.4230000-06:00,in
37,USC00051772,Snow,2004-01-14T00:00:00.0000000-07:00,0.000000,P,,0,,NOAA,2013-08-08T07:41:24.4230000-06:00,in
37,USC00051772,Snow,2004-01-15T00:00:00.0000000-07:00,0.000000,P,,0,,NOAA,2013-08-08T07:41:24.4230000-06:00,in
37,USC00051772,Snow,2004-01-16T00:00:00.0000000-07:00,0.000000,P,,0,,NOAA,2013-08-08T07:41:24.4230000-06:00,in
37,USC00051772,Snow,2004-01-17T00:00:00.0000000-07:00,0.000000,P,,0,,NOAA,2013-08-08T07:41:24.4230000-06:00,in
37,USC00051772,Snow,2004-01-18T00:00:00.0000000-07:00,0.000000,P,,0,,NOAA,2013-08-08T07:41:24.4230000-06:00,in
37,USC00051772,Snow,2004-01-19T00:00:00.0000000-07:00,0.000000,P,,0,,NOAA,2013-08-08T07:41:24.4230000-06:00,in
37,USC00051772,Snow,2004-01-20T00:00:00.0000000-07:00,0.000000,T,,0,,NOAA,2013-08-08T07:41:24.4230000-06:00,in
37,USC00051772,Snow,2004-01-21T00:00:00.0000000-07:00,0.000000,P,,0,,NOAA,2013-08-08T07:41:24.4230000-06:00,in
37,USC00051772,Snow,2004-01-22T00:00:00.0000000-07:00,0.000000,P,,0,,NOAA,2013-08-08T07:41:24.4230000-06:00,in
37,USC00051772,Snow,2004-01-23T00:00:00.0000000-07:00,0.000000,P,,0,,NOAA,2013-08-08T07:41:24.4230000-06:00,in
37,USC00051772,Snow,2004-01-24T00:00:00.0000000-07:00,0.000000,P,,0,,NOAA,2013-08-08T07:41:24.4230000-06:00,in
37,USC00051772,Snow,2004-01-25T00:00:00.0000000-07:00,2.519685,,,0,,NOAA,2013-08-08T07:41:24.4230000-06:00,in
37,USC00051772,Snow,2004-01-26T00:00:00.0000000-07:00,0.984252,,,0,,NOAA,2013-08-08T07:41:24.4230000-06:00,in
37,USC00051772,Snow,2004-01-27T00:00:00.0000000-07:00,0.000000,P,,0,,NOAA,2013-08-08T07:41:24.4230000-06:00,in
37,USC00051772,Snow,2004-01-28T00:00:00.0000000-07:00,0.000000,P,,0,,NOAA,2013-08-08T07:41:24.4230000-06:00,in
37,USC00051772,Snow,2004-01-29T00:00:00.0000000-07:00,0.000000,P,,0,,NOAA,2013-08-08T07:41:24.4230000-06:00,in
37,USC00051772,Snow,2004-01-30T00:00:00.0000000-07:00,0.000000,P,,0,,NOAA,2013-08-08T07:41:24.4230000-06:00,in
37,USC00051772,Snow,2004-01-31T00:00:00.0000000-07:00,1.496063,,,0,,NOAA,2013-08-08T07:41:24.4230000-06:00,in
37,USC00051772,Snow,2004-02-01T00:00:00.0000000-07:00,0.511811,,,0,,NOAA,2013-08-08T07:41:24.4230000-06:00,in
37,USC00051772,Snow,2004-02-02T00:00:00.0000000-07:00,0.000000,P,,0,,NOAA,2013-08-08T07:41:24.4230000-06:00,in
37,USC00051772,Snow,2004-02-03T00:00:00.0000000-07:00,0.000000,P,,0,,NOAA,2013-08-08T07:41:24.4230000-06:00,in
37,USC00051772,Snow,2004-02-04T00:00:00.0000000-07:00,2.992126,,,0,,NOAA,2013-08-08T07:41:24.4230000-06:00,in
37,USC00051772,Snow,2004-02-05T00:00:00.0000000-07:00,0.590551,,,0,,NOAA,2013-08-08T07:41:24.4230000-06:00,in
37,USC00051772,Snow,2004-02-06T00:00:00.0000000-07:00,0.000000,T,,0,,NOAA,2013-08-08T07:41:24.4230000-06:00,in
37,USC00051772,Snow,2004-02-07T00:00:00.0000000-07:00,0.000000,P,,0,,NOAA,2013-08-08T07:41:24.4230000-06:00,in
37,USC00051772,Snow,2004-02-08T00:00:00.0000000-07:00,0.196850,,,0,,NOAA,2013-08-08T07:41:24.4230000-06:00,in
37,USC00051772,Snow,2004-02-09T00:00:00.0000000-07:00,0.000000,P,,0,,NOAA,2013-08-08T07:41:24.4230000-06:00,in
37,USC00051772,Snow,2004-02-10T00:00:00.0000000-07:00,0.000000,P,,0,,NOAA,2013-08-08T07:41:24.4230000-06:00,in
37,USC00051772,Snow,2004-02-11T00:00:00.0000000-07:00,0.000000,P,,0,,NOAA,2013-08-08T07:41:24.4230000-06:00,in
37,USC00051772,Snow,2004-02-12T00:00:00.0000000-07:00,0.000000,P,,0,,NOAA,2013-08-08T07:41:24.4230000-06:00,in
37,USC00051772,Snow,2004-02-13T00:00:00.0000000-07:00,0.000000,P,,0,,NOAA,2013-08-08T07:41:24.4230000-06:00,in
37,USC00051772,Snow,2004-02-14T00:00:00.0000000-07:00,0.000000,P,,0,,NOAA,2013-08-08T07:41:24.4230000-06:00,in
37,USC00051772,Snow,2004-02-15T00:00:00.0000000-07:00,0.000000,P,,0,,NOAA,2013-08-08T07:41:24.4230000-06:00,in
37,USC00051772,Snow,2004-02-16T00:00:00.0000000-07:00,0.000000,P,,0,,NOAA,2013-08-08T07:41:24.4230000-06:00,in
37,USC00051772,Snow,2004-02-17T00:00:00.0000000-07:00,0.000000,P,,0,,NOAA,2013-08-08T07:41:24.4230000-06:00,in
37,USC00051772,Snow,2004-02-18T00:00:00.0000000-07:00,0.000000,P,,0,,NOAA,2013-08-08T07:41:24.4230000-06:00,in
37,USC00051772,Snow,2004-02-19T00:00:00.0000000-07:00,0.000000,P,,0,,NOAA,2013-08-08T07:41:24.4230000-06:00,in
37,USC00051772,Snow,2004-02-20T00:00:00.0000000-07:00,0.000000,T,,0,,NOAA,2013-08-08T07:41:24.4230000-06:00,in
37,USC00051772,Snow,2004-02-21T00:00:00.0000000-07:00,0.000000,P,,0,,NOAA,2013-08-08T07:41:24.4230000-06:00,in
37,USC00051772,Snow,2004-02-22T00:00:00.0000000-07:00,0.000000,P,,0,,NOAA,2013-08-08T07:41:24.4230000-06:00,in
37,USC00051772,Snow,2004-02-23T00:00:00.0000000-07:00,0.000000,P,,0,,NOAA,2013-08-08T07:41:24.4230000-06:00,in
37,USC00051772,Snow,2004-02-24T00:00:00.0000000-07:00,0.000000,P,,0,,NOAA,2013-08-08T07:41:24.4230000-06:00,in
37,USC00051772,Snow,2004-02-25T00:00:00.0000000-07:00,0.000000,P,,0,,NOAA,2013-08-08T07:41:24.4230000-06:00,in
37,USC00051772,Snow,2004-02-26T00:00:00.0000000-07:00,0.000000,P,,0,,NOAA,2013-08-08T07:41:24.4230000-06:00,in
37,USC00051772,Snow,2004-02-27T00:00:00.0000000-07:00,0.000000,P,,0,,NOAA,2013-08-08T07:41:24.4230000-06:00,in
37,USC00051772,Snow,2004-02-28T00:00:00.0000000-07:00,0.000000,P,,0,,NOAA,2013-08-08T07:41:24.4230000-06:00,in
37,USC00051772,Snow,2004-02-29T00:00:00.0000000-07:00,0.000000,T,,0,,NOAA,2013-08-08T07:41:24.4230000-06:00,in
37,USC00051772,Snow,2004-03-01T00:00:00.0000000-07:00,0.000000,T,,0,,NOAA,2013-08-08T07:41:24.4230000-06:00,in
37,USC00051772,Snow,2004-03-02T00:00:00.0000000-07:00,0.000000,T,,0,,NOAA,2013-08-08T07:41:24.4230000-06:00,in
37,USC00051772,Snow,2004-03-03T00:00:00.0000000-07:00,0.000000,T,,0,,NOAA,2013-08-08T07:41:24.4230000-06:00,in
37,USC00051772,Snow,2004-03-04T00:00:00.0000000-07:00,0.000000,P,,0,,NOAA,2013-08-08T07:41:24.4230000-06:00,in
37,USC00051772,Snow,2004-03-05T00:00:00.0000000-07:00,0.118110,,,0,,NOAA,2013-08-08T07:41:24.4230000-06:00,in
37,USC00051772,Snow,2004-03-06T00:00:00.0000000-07:00,0.000000,P,,0,,NOAA,2013-08-08T07:41:24.4230000-06:00,in
37,USC00051772,Snow,2004-03-07T00:00:00.0000000-07:00,0.000000,P,,0,,NOAA,2013-08-08T07:41:24.4230000-06:00,in
37,USC00051772,Snow,2004-03-08T00:00:00.0000000-07:00,0.000000,P,,0,,NOAA,2013-08-08T07:41:24.4230000-06:00,in
37,USC00051772,Snow,2004-03-09T00:00:00.0000000-07:00,0.000000,P,,0,,NOAA,2013-08-08T07:41:24.4230000-06:00,in
37,USC00051772,Snow,2004-03-10T00:00:00.0000000-07:00,0.000000,P,,0,,NOAA,2013-08-08T07:41:24.4230000-06:00,in
37,USC00051772,Snow,2004-03-11T00:00:00.0000000-07:00,0.000000,P,,0,,NOAA,2013-08-08T07:41:24.4230000-06:00,in
37,USC00051772,Snow,2004-03-12T00:00:00.0000000-07:00,0.000000,P,,0,,NOAA,2013-08-08T07:41:24.4230000-06:00,in
37,USC00051772,Snow,2004-03-13T00:00:00.0000000-07:00,0.000000,P,,0,,NOAA,2013-08-08T07:41:24.4230000-06:00,in
37,USC00051772,Snow,2004-03-14T00:00:00.0000000-07:00,0.000000,P,,0,,NOAA,2013-08-08T07:41:24.4230000-06:00,in
37,USC00051772,Snow,2004-03-15T00:00:00.0000000-07:00,0.000000,P,,0,,NOAA,2013-08-08T07:41:24.4230000-06:00,in
37,USC00051772,Snow,2004-03-16T00:00:00.0000000-07:00,0.000000,P,,0,,NOAA,2013-08-08T07:41:24.4230000-06:00,in
37,USC00051772,Snow,2004-03-17T00:00:00.0000000-07:00,0.000000,P,,0,,NOAA,2013-08-08T07:41:24.4230000-06:00,in
37,USC00051772,Snow,2004-03-18T00:00:00.0000000-07:00,0.000000,P,,0,,NOAA,2013-08-08T07:41:24.4230000-06:00,in
37,USC00051772,Snow,2004-03-19T00:00:00.0000000-07:00,0.000000,P,,0,,NOAA,2013-08-08T07:41:24.4230000-06:00,in
37,USC00051772,Snow,2004-03-20T00:00:00.0000000-07:00,0.000000,P,,0,,NOAA,2013-08-08T07:41:24.4230000-06:00,in
37,USC00051772,Snow,2004-03-21T00:00:00.0000000-07:00,0.000000,P,,0,,NOAA,2013-08-08T07:41:24.4230000-06:00,in
37,USC00051772,Snow,2004-03-22T00:00:00.0000000-07:00,0.000000,P,,0,,NOAA,2013-08-08T07:41:24.4230000-06:00,in
37,USC00051772,Snow,2004-03-23T00:00:00.0000000-07:00,0.000000,P,,0,,NOAA,2013-08-08T07:41:24.4230000-06:00,in
37,USC00051772,Snow,2004-03-24T00:00:00.0000000-07:00,0.000000,P,,0,,NOAA,2013-08-08T07:41:24.4230000-06:00,in
37,USC00051772,Snow,2004-03-25T00:00:00.0000000-07:00,0.000000,P,,0,,NOAA,2013-08-08T07:41:24.4230000-06:00,in
37,USC00051772,Snow,2004-03-26T00:00:00.0000000-07:00,0.000000,P,,0,,NOAA,2013-08-08T07:41:24.4230000-06:00,in
37,USC00051772,Snow,2004-03-27T00:00:00.0000000-07:00,0.000000,P,,0,,NOAA,2013-08-08T07:41:24.4230000-06:00,in
37,USC00051772,Snow,2004-03-28T00:00:00.0000000-07:00,0.000000,P,,0,,NOAA,2013-08-08T07:41:24.4230000-06:00,in
37,USC00051772,Snow,2004-03-29T00:00:00.0000000-07:00,0.000000,P,,0,,NOAA,2013-08-08T07:41:24.4230000-06:00,in
37,USC00051772,Snow,2004-03-30T00:00:00.0000000-07:00,0.000000,P,,0,,NOAA,2013-08-08T07:41:24.4230000-06:00,in
37,USC00051772,Snow,2004-03-31T00:00:00.0000000-07:00,0.000000,P,,0,,NOAA,2013-08-08T07:41:24.4230000-06:00,in
37,USC00051772,Snow,2004-04-01T00:00:00.0000000-07:00,0.000000,P,,0,,NOAA,2013-08-08T07:41:24.4230000-06:00,in
37,USC00051772,Snow,2004-04-02T00:00:00.0000000-07:00,0.000000,P,,0,,NOAA,2013-08-08T07:41:24.4230000-06:00,in
37,USC00051772,Snow,2004-04-03T00:00:00.0000000-07:00,0.000000,P,,0,,NOAA,2013-08-08T07:41:24.4230000-06:00,in
37,USC00051772,Snow,2004-04-04T00:00:00.0000000-07:00,0.000000,P,,0,,NOAA,2013-08-08T07:41:24.4230000-06:00,in
37,USC00051772,Snow,2004-04-05T00:00:00.0000000-06:00,0.000000,P,,0,,NOAA,2013-08-08T07:41:24.4230000-06:00,in
37,USC00051772,Snow,2004-04-06T00:00:00.0000000-06:00,0.000000,P,,0,,NOAA,2013-08-08T07:41:24.4230000-06:00,in
37,USC00051772,Snow,2004-04-07T00:00:00.0000000-06:00,0.000000,P,,0,,NOAA,2013-08-08T07:41:24.4230000-06:00,in
37,USC00051772,Snow,2004-04-08T00:00:00.0000000-06:00,0.000000,P,,0,,NOAA,2013-08-08T07:41:24.4230000-06:00,in
37,USC00051772,Snow,2004-04-09T00:00:00.0000000-06:00,0.000000,P,,0,,NOAA,2013-08-08T07:41:24.4230000-06:00,in
37,USC00051772,Snow,2004-04-10T00:00:00.0000000-06:00,0.000000,P,,0,,NOAA,2013-08-08T07:41:24.4230000-06:00,in
37,USC00051772,Snow,2004-04-11T00:00:00.0000000-06:00,0.000000,P,,0,,NOAA,2013-08-08T07:41:24.4230000-06:00,in
37,USC00051772,Snow,2004-04-12T00:00:00.0000000-06:00,0.000000,P,,0,,NOAA,2013-08-08T07:41:24.4230000-06:00,in
37,USC00051772,Snow,2004-04-13T00:00:00.0000000-06:00,0.000000,P,,0,,NOAA,2013-08-08T07:41:24.4230000-06:00,in
37,USC00051772,Snow,2004-04-14T00:00:00.0000000-06:00,0.000000,P,,0,,NOAA,2013-08-08T07:41:24.4230000-06:00,in
37,USC00051772,Snow,2004-04-15T00:00:00.0000000-06:00,0.000000,P,,0,,NOAA,2013-08-08T07:41:24.4230000-06:00,in
37,USC00051772,Snow,2004-04-16T00:00:00.0000000-06:00,0.000000,P,,0,,NOAA,2013-08-08T07:41:24.4230000-06:00,in
37,USC00051772,Snow,2004-04-17T00:00:00.0000000-06:00,0.000000,P,,0,,NOAA,2013-08-08T07:41:24.4230000-06:00,in
37,USC00051772,Snow,2004-04-18T00:00:00.0000000-06:00,0.000000,P,,0,,NOAA,2013-08-08T07:41:24.4230000-06:00,in
37,USC00051772,Snow,2004-04-19T00:00:00.0000000-06:00,0.000000,P,,0,,NOAA,2013-08-08T07:41:24.4230000-06:00,in
37,USC00051772,Snow,2004-04-20T00:00:00.0000000-06:00,0.000000,P,,0,,NOAA,2013-08-08T07:41:24.4230000-06:00,in
37,USC00051772,Snow,2004-04-21T00:00:00.0000000-06:00,0.000000,P,,0,,NOAA,2013-08-08T07:41:24.4230000-06:00,in
37,USC00051772,Snow,2004-04-22T00:00:00.0000000-06:00,0.000000,P,,0,,NOAA,2013-08-08T07:41:24.4230000-06:00,in
37,USC00051772,Snow,2004-04-23T00:00:00.0000000-06:00,0.000000,P,,0,,NOAA,2013-08-08T07:41:24.4230000-06:00,in
37,USC00051772,Snow,2004-04-24T00:00:00.0000000-06:00,0.000000,P,,0,,NOAA,2013-08-08T07:41:24.4230000-06:00,in
37,USC00051772,Snow,2004-04-25T00:00:00.0000000-06:00,0.000000,P,,0,,NOAA,2013-08-08T07:41:24.4230000-06:00,in
37,USC00051772,Snow,2004-04-26T00:00:00.0000000-06:00,0.000000,P,,0,,NOAA,2013-08-08T07:41:24.4230000-06:00,in
37,USC00051772,Snow,2004-04-27T00:00:00.0000000-06:00,0.000000,P,,0,,NOAA,2013-08-08T07:41:24.4230000-06:00,in
37,USC00051772,Snow,2004-04-28T00:00:00.0000000-06:00,0.000000,P,,0,,NOAA,2013-08-08T07:41:24.4230000-06:00,in
37,USC00051772,Snow,2004-04-29T00:00:00.0000000-06:00,0.000000,P,,0,,NOAA,2013-08-08T07:41:24.4230000-06:00,in
37,USC00051772,Snow,2004-04-30T00:00:00.0000000-06:00,0.000000,P,,0,,NOAA,2013-08-08T07:41:24.4230000-06:00,in
37,USC00051772,Snow,2004-05-01T00:00:00.0000000-06:00,0.000000,P,,0,,NOAA,2013-08-08T07:41:24.4230000-06:00,in
37,USC00051772,Snow,2004-05-02T00:00:00.0000000-06:00,0.000000,P,,0,,NOAA,2013-08-08T07:41:24.4230000-06:00,in
37,USC00051772,Snow,2004-05-03T00:00:00.0000000-06:00,0.000000,P,,0,,NOAA,2013-08-08T07:41:24.4230000-06:00,in
37,USC00051772,Snow,2004-05-04T00:00:00.0000000-06:00,0.000000,P,,0,,NOAA,2013-08-08T07:41:24.4230000-06:00,in
37,USC00051772,Snow,2004-05-05T00:00:00.0000000-06:00,0.000000,P,,0,,NOAA,2013-08-08T07:41:24.4230000-06:00,in
37,USC00051772,Snow,2004-05-06T00:00:00.0000000-06:00,0.000000,P,,0,,NOAA,2013-08-08T07:41:24.4230000-06:00,in
37,USC00051772,Snow,2004-05-07T00:00:00.0000000-06:00,0.000000,P,,0,,NOAA,2013-08-08T07:41:24.4230000-06:00,in
37,USC00051772,Snow,2004-05-08T00:00:00.0000000-06:00,0.000000,P,,0,,NOAA,2013-08-08T07:41:24.4230000-06:00,in
37,USC00051772,Snow,2004-05-09T00:00:00.0000000-06:00,0.000000,P,,0,,NOAA,2013-08-08T07:41:24.4230000-06:00,in
37,USC00051772,Snow,2004-05-10T00:00:00.0000000-06:00,0.000000,P,,0,,NOAA,2013-08-08T07:41:24.4230000-06:00,in
37,USC00051772,Snow,2004-05-11T00:00:00.0000000-06:00,0.000000,P,,0,,NOAA,2013-08-08T07:41:24.4230000-06:00,in
37,USC00051772,Snow,2004-05-12T00:00:00.0000000-06:00,0.000000,P,,0,,NOAA,2013-08-08T07:41:24.4230000-06:00,in
37,USC00051772,Snow,2004-05-13T00:00:00.0000000-06:00,0.000000,P,,0,,NOAA,2013-08-08T07:41:24.4230000-06:00,in
37,USC00051772,Snow,2004-05-14T00:00:00.0000000-06:00,0.000000,P,,0,,NOAA,2013-08-08T07:41:24.4230000-06:00,in
37,USC00051772,Snow,2004-05-15T00:00:00.0000000-06:00,0.000000,P,,0,,NOAA,2013-08-08T07:41:24.4230000-06:00,in
37,USC00051772,Snow,2004-05-16T00:00:00.0000000-06:00,0.000000,P,,0,,NOAA,2013-08-08T07:41:24.4230000-06:00,in
37,USC00051772,Snow,2004-05-17T00:00:00.0000000-06:00,0.000000,P,,0,,NOAA,2013-08-08T07:41:24.4230000-06:00,in
37,USC00051772,Snow,2004-05-18T00:00:00.0000000-06:00,0.000000,P,,0,,NOAA,2013-08-08T07:41:24.4230000-06:00,in
37,USC00051772,Snow,2004-05-19T00:00:00.0000000-06:00,0.000000,P,,0,,NOAA,2013-08-08T07:41:24.4230000-06:00,in
37,USC00051772,Snow,2004-05-20T00:00:00.0000000-06:00,0.000000,P,,0,,NOAA,2013-08-08T07:41:24.4230000-06:00,in
37,USC00051772,Snow,2004-05-21T00:00:00.0000000-06:00,0.000000,P,,0,,NOAA,2013-08-08T07:41:24.4230000-06:00,in
37,USC00051772,Snow,2004-05-22T00:00:00.0000000-06:00,0.000000,P,,0,,NOAA,2013-08-08T07:41:24.4230000-06:00,in
37,USC00051772,Snow,2004-05-23T00:00:00.0000000-06:00,0.000000,P,,0,,NOAA,2013-08-08T07:41:24.4230000-06:00,in
37,USC00051772,Snow,2004-05-24T00:00:00.0000000-06:00,0.000000,P,,0,,NOAA,2013-08-08T07:41:24.4230000-06:00,in
37,USC00051772,Snow,2004-05-25T00:00:00.0000000-06:00,0.000000,P,,0,,NOAA,2013-08-08T07:41:24.4230000-06:00,in
37,USC00051772,Snow,2004-05-26T00:00:00.0000000-06:00,0.000000,P,,0,,NOAA,2013-08-08T07:41:24.4230000-06:00,in
37,USC00051772,Snow,2004-05-27T00:00:00.0000000-06:00,0.000000,P,,0,,NOAA,2013-08-08T07:41:24.4230000-06:00,in
37,USC00051772,Snow,2004-05-28T00:00:00.0000000-06:00,0.000000,P,,0,,NOAA,2013-08-08T07:41:24.4230000-06:00,in
37,USC00051772,Snow,2004-05-29T00:00:00.0000000-06:00,0.000000,P,,0,,NOAA,2013-08-08T07:41:24.4230000-06:00,in
37,USC00051772,Snow,2004-05-30T00:00:00.0000000-06:00,0.000000,P,,0,,NOAA,2013-08-08T07:41:24.4230000-06:00,in
37,USC00051772,Snow,2004-05-31T00:00:00.0000000-06:00,0.000000,P,,0,,NOAA,2013-08-08T07:41:24.4230000-06:00,in
37,USC00051772,Snow,2004-06-01T00:00:00.0000000-06:00,0.000000,P,,0,,NOAA,2013-08-08T07:41:24.4230000-06:00,in
37,USC00051772,Snow,2004-06-02T00:00:00.0000000-06:00,0.000000,P,,0,,NOAA,2013-08-08T07:41:24.4230000-06:00,in
37,USC00051772,Snow,2004-06-03T00:00:00.0000000-06:00,0.000000,P,,0,,NOAA,2013-08-08T07:41:24.4230000-06:00,in
37,USC00051772,Snow,2004-06-04T00:00:00.0000000-06:00,0.000000,P,,0,,NOAA,2013-08-08T07:41:24.4230000-06:00,in
37,USC00051772,Snow,2004-06-05T00:00:00.0000000-06:00,0.000000,P,,0,,NOAA,2013-08-08T07:41:24.4230000-06:00,in
37,USC00051772,Snow,2004-06-06T00:00:00.0000000-06:00,0.000000,P,,0,,NOAA,2013-08-08T07:41:24.4230000-06:00,in
37,USC00051772,Snow,2004-06-07T00:00:00.0000000-06:00,0.000000,P,,0,,NOAA,2013-08-08T07:41:24.4230000-06:00,in
37,USC00051772,Snow,2004-06-08T00:00:00.0000000-06:00,0.000000,P,,0,,NOAA,2013-08-08T07:41:24.4230000-06:00,in
37,USC00051772,Snow,2004-06-09T00:00:00.0000000-06:00,0.000000,P,,0,,NOAA,2013-08-08T07:41:24.4230000-06:00,in
37,USC00051772,Snow,2004-06-10T00:00:00.0000000-06:00,0.000000,P,,0,,NOAA,2013-08-08T07:41:24.4230000-06:00,in
37,USC00051772,Snow,2004-06-11T00:00:00.0000000-06:00,0.000000,P,,0,,NOAA,2013-08-08T07:41:24.4230000-06:00,in
37,USC00051772,Snow,2004-06-12T00:00:00.0000000-06:00,0.000000,P,,0,,NOAA,2013-08-08T07:41:24.4230000-06:00,in
37,USC00051772,Snow,2004-06-13T00:00:00.0000000-06:00,0.000000,P,,0,,NOAA,2013-08-08T07:41:24.4230000-06:00,in
37,USC00051772,Snow,2004-06-14T00:00:00.0000000-06:00,0.000000,P,,0,,NOAA,2013-08-08T07:41:24.4230000-06:00,in
37,USC00051772,Snow,2004-06-15T00:00:00.0000000-06:00,0.000000,P,,0,,NOAA,2013-08-08T07:41:24.4230000-06:00,in
37,USC00051772,Snow,2004-06-16T00:00:00.0000000-06:00,0.000000,P,,0,,NOAA,2013-08-08T07:41:24.4230000-06:00,in
37,USC00051772,Snow,2004-06-17T00:00:00.0000000-06:00,0.000000,P,,0,,NOAA,2013-08-08T07:41:24.4230000-06:00,in
37,USC00051772,Snow,2004-06-18T00:00:00.0000000-06:00,0.000000,P,,0,,NOAA,2013-08-08T07:41:24.4230000-06:00,in
37,USC00051772,Snow,2004-06-19T00:00:00.0000000-06:00,0.000000,P,,0,,NOAA,2013-08-08T07:41:24.4230000-06:00,in
37,USC00051772,Snow,2004-06-20T00:00:00.0000000-06:00,0.000000,P,,0,,NOAA,2013-08-08T07:41:24.4230000-06:00,in
37,USC00051772,Snow,2004-06-21T00:00:00.0000000-06:00,0.000000,P,,0,,NOAA,2013-08-08T07:41:24.4230000-06:00,in
37,USC00051772,Snow,2004-06-22T00:00:00.0000000-06:00,0.000000,P,,0,,NOAA,2013-08-08T07:41:24.4230000-06:00,in
37,USC00051772,Snow,2004-06-23T00:00:00.0000000-06:00,0.000000,P,,0,,NOAA,2013-08-08T07:41:24.4230000-06:00,in
37,USC00051772,Snow,2004-06-24T00:00:00.0000000-06:00,0.000000,P,,0,,NOAA,2013-08-08T07:41:24.4230000-06:00,in
37,USC00051772,Snow,2004-06-25T00:00:00.0000000-06:00,0.000000,P,,0,,NOAA,2013-08-08T07:41:24.4230000-06:00,in
37,USC00051772,Snow,2004-06-26T00:00:00.0000000-06:00,0.000000,P,,0,,NOAA,2013-08-08T07:41:24.4230000-06:00,in
37,USC00051772,Snow,2004-06-27T00:00:00.0000000-06:00,0.000000,P,,0,,NOAA,2013-08-08T07:41:24.4230000-06:00,in
37,USC00051772,Snow,2004-06-28T00:00:00.0000000-06:00,0.000000,P,,0,,NOAA,2013-08-08T07:41:24.4230000-06:00,in
37,USC00051772,Snow,2004-06-29T00:00:00.0000000-06:00,0.000000,P,,0,,NOAA,2013-08-08T07:41:24.4230000-06:00,in
37,USC00051772,Snow,2004-06-30T00:00:00.0000000-06:00,0.000000,P,,0,,NOAA,2013-08-08T07:41:24.4230000-06:00,in
37,USC00051772,Snow,2004-07-01T00:00:00.0000000-06:00,0.000000,P,,0,,NOAA,2013-08-08T07:41:24.4230000-06:00,in
37,USC00051772,Snow,2004-07-02T00:00:00.0000000-06:00,0.000000,P,,0,,NOAA,2013-08-08T07:41:24.4230000-06:00,in
37,USC00051772,Snow,2004-07-03T00:00:00.0000000-06:00,0.000000,P,,0,,NOAA,2013-08-08T07:41:24.4230000-06:00,in
37,USC00051772,Snow,2004-07-04T00:00:00.0000000-06:00,0.000000,P,,0,,NOAA,2013-08-08T07:41:24.4230000-06:00,in
37,USC00051772,Snow,2004-07-05T00:00:00.0000000-06:00,0.000000,P,,0,,NOAA,2013-08-08T07:41:24.4230000-06:00,in
37,USC00051772,Snow,2004-07-06T00:00:00.0000000-06:00,0.000000,P,,0,,NOAA,2013-08-08T07:41:24.4230000-06:00,in
37,USC00051772,Snow,2004-07-07T00:00:00.0000000-06:00,0.000000,P,,0,,NOAA,2013-08-08T07:41:24.4230000-06:00,in
37,USC00051772,Snow,2004-07-08T00:00:00.0000000-06:00,0.000000,P,,0,,NOAA,2013-08-08T07:41:24.4230000-06:00,in
37,USC00051772,Snow,2004-07-09T00:00:00.0000000-06:00,0.000000,P,,0,,NOAA,2013-08-08T07:41:24.4230000-06:00,in
37,USC00051772,Snow,2004-07-10T00:00:00.0000000-06:00,0.000000,P,,0,,NOAA,2013-08-08T07:41:24.4230000-06:00,in
37,USC00051772,Snow,2004-07-11T00:00:00.0000000-06:00,0.000000,P,,0,,NOAA,2013-08-08T07:41:24.4230000-06:00,in
37,USC00051772,Snow,2004-07-12T00:00:00.0000000-06:00,0.000000,P,,0,,NOAA,2013-08-08T07:41:24.4230000-06:00,in
37,USC00051772,Snow,2004-07-13T00:00:00.0000000-06:00,0.000000,P,,0,,NOAA,2013-08-08T07:41:24.4230000-06:00,in
37,USC00051772,Snow,2004-07-14T00:00:00.0000000-06:00,0.000000,P,,0,,NOAA,2013-08-08T07:41:24.4230000-06:00,in
37,USC00051772,Snow,2004-07-15T00:00:00.0000000-06:00,0.000000,P,,0,,NOAA,2013-08-08T07:41:24.4230000-06:00,in
37,USC00051772,Snow,2004-07-16T00:00:00.0000000-06:00,0.000000,P,,0,,NOAA,2013-08-08T07:41:24.4230000-06:00,in
37,USC00051772,Snow,2004-07-17T00:00:00.0000000-06:00,0.000000,P,,0,,NOAA,2013-08-08T07:41:24.4230000-06:00,in
37,USC00051772,Snow,2004-07-18T00:00:00.0000000-06:00,0.000000,P,,0,,NOAA,2013-08-08T07:41:24.4230000-06:00,in
37,USC00051772,Snow,2004-07-19T00:00:00.0000000-06:00,0.000000,P,,0,,NOAA,2013-08-08T07:41:24.4230000-06:00,in
37,USC00051772,Snow,2004-07-20T00:00:00.0000000-06:00,0.000000,P,,0,,NOAA,2013-08-08T07:41:24.4230000-06:00,in
37,USC00051772,Snow,2004-07-21T00:00:00.0000000-06:00,0.000000,P,,0,,NOAA,2013-08-08T07:41:24.4230000-06:00,in
37,USC00051772,Snow,2004-07-22T00:00:00.0000000-06:00,0.000000,P,,0,,NOAA,2013-08-08T07:41:24.4230000-06:00,in
37,USC00051772,Snow,2004-07-23T00:00:00.0000000-06:00,0.000000,P,,0,,NOAA,2013-08-08T07:41:24.4230000-06:00,in
37,USC00051772,Snow,2004-07-24T00:00:00.0000000-06:00,0.000000,P,,0,,NOAA,2013-08-08T07:41:24.4230000-06:00,in
37,USC00051772,Snow,2004-07-25T00:00:00.0000000-06:00,0.000000,P,,0,,NOAA,2013-08-08T07:41:24.4230000-06:00,in
37,USC00051772,Snow,2004-07-26T00:00:00.0000000-06:00,0.000000,P,,0,,NOAA,2013-08-08T07:41:24.4230000-06:00,in
37,USC00051772,Snow,2004-07-27T00:00:00.0000000-06:00,0.000000,P,,0,,NOAA,2013-08-08T07:41:24.4230000-06:00,in
37,USC00051772,Snow,2004-07-28T00:00:00.0000000-06:00,0.000000,P,,0,,NOAA,2013-08-08T07:41:24.4230000-06:00,in
37,USC00051772,Snow,2004-07-29T00:00:00.0000000-06:00,0.000000,P,,0,,NOAA,2013-08-08T07:41:24.4230000-06:00,in
37,USC00051772,Snow,2004-07-30T00:00:00.0000000-06:00,0.000000,P,,0,,NOAA,2013-08-08T07:41:24.4230000-06:00,in
37,USC00051772,Snow,2004-07-31T00:00:00.0000000-06:00,0.000000,P,,0,,NOAA,2013-08-08T07:41:24.4230000-06:00,in
37,USC00051772,Snow,2004-08-01T00:00:00.0000000-06:00,0.000000,P,,0,,NOAA,2013-08-08T07:41:24.4230000-06:00,in
37,USC00051772,Snow,2004-08-02T00:00:00.0000000-06:00,0.000000,P,,0,,NOAA,2013-08-08T07:41:24.4230000-06:00,in
37,USC00051772,Snow,2004-08-03T00:00:00.0000000-06:00,0.000000,P,,0,,NOAA,2013-08-08T07:41:24.4230000-06:00,in
37,USC00051772,Snow,2004-08-04T00:00:00.0000000-06:00,0.000000,P,,0,,NOAA,2013-08-08T07:41:24.4230000-06:00,in
37,USC00051772,Snow,2004-08-05T00:00:00.0000000-06:00,0.000000,P,,0,,NOAA,2013-08-08T07:41:24.4230000-06:00,in
37,USC00051772,Snow,2004-08-06T00:00:00.0000000-06:00,0.000000,P,,0,,NOAA,2013-08-08T07:41:24.4230000-06:00,in
37,USC00051772,Snow,2004-08-07T00:00:00.0000000-06:00,0.000000,P,,0,,NOAA,2013-08-08T07:41:24.4230000-06:00,in
37,USC00051772,Snow,2004-08-08T00:00:00.0000000-06:00,0.000000,P,,0,,NOAA,2013-08-08T07:41:24.4230000-06:00,in
37,USC00051772,Snow,2004-08-09T00:00:00.0000000-06:00,0.000000,P,,0,,NOAA,2013-08-08T07:41:24.4230000-06:00,in
37,USC00051772,Snow,2004-08-10T00:00:00.0000000-06:00,0.000000,P,,0,,NOAA,2013-08-08T07:41:24.4230000-06:00,in
37,USC00051772,Snow,2004-08-11T00:00:00.0000000-06:00,0.000000,P,,0,,NOAA,2013-08-08T07:41:24.4230000-06:00,in
37,USC00051772,Snow,2004-08-12T00:00:00.0000000-06:00,0.000000,P,,0,,NOAA,2013-08-08T07:41:24.4230000-06:00,in
37,USC00051772,Snow,2004-08-13T00:00:00.0000000-06:00,0.000000,P,,0,,NOAA,2013-08-08T07:41:24.4230000-06:00,in
37,USC00051772,Snow,2004-08-14T00:00:00.0000000-06:00,0.000000,P,,0,,NOAA,2013-08-08T07:41:24.4230000-06:00,in
37,USC00051772,Snow,2004-08-15T00:00:00.0000000-06:00,0.000000,P,,0,,NOAA,2013-08-08T07:41:24.4230000-06:00,in
37,USC00051772,Snow,2004-08-16T00:00:00.0000000-06:00,0.000000,P,,0,,NOAA,2013-08-08T07:41:24.4230000-06:00,in
37,USC00051772,Snow,2004-08-17T00:00:00.0000000-06:00,0.000000,P,,0,,NOAA,2013-08-08T07:41:24.4230000-06:00,in
37,USC00051772,Snow,2004-08-18T00:00:00.0000000-06:00,0.000000,P,,0,,NOAA,2013-08-08T07:41:24.4230000-06:00,in
37,USC00051772,Snow,2004-08-19T00:00:00.0000000-06:00,0.000000,P,,0,,NOAA,2013-08-08T07:41:24.4230000-06:00,in
37,USC00051772,Snow,2004-08-20T00:00:00.0000000-06:00,0.000000,P,,0,,NOAA,2013-08-08T07:41:24.4230000-06:00,in
37,USC00051772,Snow,2004-08-21T00:00:00.0000000-06:00,0.000000,P,,0,,NOAA,2013-08-08T07:41:24.4230000-06:00,in
37,USC00051772,Snow,2004-08-22T00:00:00.0000000-06:00,0.000000,P,,0,,NOAA,2013-08-08T07:41:24.4230000-06:00,in
37,USC00051772,Snow,2004-08-23T00:00:00.0000000-06:00,0.000000,P,,0,,NOAA,2013-08-08T07:41:24.4230000-06:00,in
37,USC00051772,Snow,2004-08-24T00:00:00.0000000-06:00,0.000000,P,,0,,NOAA,2013-08-08T07:41:24.4230000-06:00,in
37,USC00051772,Snow,2004-08-25T00:00:00.0000000-06:00,0.000000,P,,0,,NOAA,2013-08-08T07:41:24.4230000-06:00,in
37,USC00051772,Snow,2004-08-26T00:00:00.0000000-06:00,0.000000,P,,0,,NOAA,2013-08-08T07:41:24.4230000-06:00,in
37,USC00051772,Snow,2004-08-27T00:00:00.0000000-06:00,0.000000,P,,0,,NOAA,2013-08-08T07:41:24.4230000-06:00,in
37,USC00051772,Snow,2004-08-28T00:00:00.0000000-06:00,0.000000,P,,0,,NOAA,2013-08-08T07:41:24.4230000-06:00,in
37,USC00051772,Snow,2004-08-29T00:00:00.0000000-06:00,0.000000,P,,0,,NOAA,2013-08-08T07:41:24.4230000-06:00,in
37,USC00051772,Snow,2004-08-30T00:00:00.0000000-06:00,0.000000,P,,0,,NOAA,2013-08-08T07:41:24.4230000-06:00,in
37,USC00051772,Snow,2004-08-31T00:00:00.0000000-06:00,0.000000,P,,0,,NOAA,2013-08-08T07:41:24.4230000-06:00,in
37,USC00051772,Snow,2004-09-01T00:00:00.0000000-06:00,0.000000,P,,0,,NOAA,2013-08-08T07:41:24.4230000-06:00,in
37,USC00051772,Snow,2004-09-02T00:00:00.0000000-06:00,0.000000,P,,0,,NOAA,2013-08-08T07:41:24.4230000-06:00,in
37,USC00051772,Snow,2004-09-03T00:00:00.0000000-06:00,0.000000,P,,0,,NOAA,2013-08-08T07:41:24.4230000-06:00,in
37,USC00051772,Snow,2004-09-04T00:00:00.0000000-06:00,0.000000,P,,0,,NOAA,2013-08-08T07:41:24.4230000-06:00,in
37,USC00051772,Snow,2004-09-05T00:00:00.0000000-06:00,0.000000,P,,0,,NOAA,2013-08-08T07:41:24.4230000-06:00,in
37,USC00051772,Snow,2004-09-06T00:00:00.0000000-06:00,0.000000,P,,0,,NOAA,2013-08-08T07:41:24.4230000-06:00,in
37,USC00051772,Snow,2004-09-07T00:00:00.0000000-06:00,0.000000,P,,0,,NOAA,2013-08-08T07:41:24.4230000-06:00,in
37,USC00051772,Snow,2004-09-08T00:00:00.0000000-06:00,0.000000,P,,0,,NOAA,2013-08-08T07:41:24.4230000-06:00,in
37,USC00051772,Snow,2004-09-09T00:00:00.0000000-06:00,0.000000,P,,0,,NOAA,2013-08-08T07:41:24.4230000-06:00,in
37,USC00051772,Snow,2004-09-10T00:00:00.0000000-06:00,0.000000,P,,0,,NOAA,2013-08-08T07:41:24.4230000-06:00,in
37,USC00051772,Snow,2004-09-11T00:00:00.0000000-06:00,0.000000,P,,0,,NOAA,2013-08-08T07:41:24.4230000-06:00,in
37,USC00051772,Snow,2004-09-12T00:00:00.0000000-06:00,0.000000,P,,0,,NOAA,2013-08-08T07:41:24.4230000-06:00,in
37,USC00051772,Snow,2004-09-13T00:00:00.0000000-06:00,0.000000,P,,0,,NOAA,2013-08-08T07:41:24.4230000-06:00,in
37,USC00051772,Snow,2004-09-14T00:00:00.0000000-06:00,0.000000,P,,0,,NOAA,2013-08-08T07:41:24.4230000-06:00,in
37,USC00051772,Snow,2004-09-15T00:00:00.0000000-06:00,0.000000,P,,0,,NOAA,2013-08-08T07:41:24.4230000-06:00,in
37,USC00051772,Snow,2004-09-16T00:00:00.0000000-06:00,0.000000,P,,0,,NOAA,2013-08-08T07:41:24.4230000-06:00,in
37,USC00051772,Snow,2004-09-17T00:00:00.0000000-06:00,0.000000,P,,0,,NOAA,2013-08-08T07:41:24.4230000-06:00,in
37,USC00051772,Snow,2004-09-18T00:00:00.0000000-06:00,0.000000,P,,0,,NOAA,2013-08-08T07:41:24.4230000-06:00,in
37,USC00051772,Snow,2004-09-19T00:00:00.0000000-06:00,0.000000,P,,0,,NOAA,2013-08-08T07:41:24.4230000-06:00,in
37,USC00051772,Snow,2004-09-20T00:00:00.0000000-06:00,0.000000,P,,0,,NOAA,2013-08-08T07:41:24.4230000-06:00,in
37,USC00051772,Snow,2004-09-21T00:00:00.0000000-06:00,0.000000,P,,0,,NOAA,2013-08-08T07:41:24.4230000-06:00,in
37,USC00051772,Snow,2004-09-22T00:00:00.0000000-06:00,0.000000,P,,0,,NOAA,2013-08-08T07:41:24.4230000-06:00,in
37,USC00051772,Snow,2004-09-23T00:00:00.0000000-06:00,0.000000,P,,0,,NOAA,2013-08-08T07:41:24.4230000-06:00,in
37,USC00051772,Snow,2004-09-24T00:00:00.0000000-06:00,0.000000,P,,0,,NOAA,2013-08-08T07:41:24.4230000-06:00,in
37,USC00051772,Snow,2004-09-25T00:00:00.0000000-06:00,0.000000,P,,0,,NOAA,2013-08-08T07:41:24.4230000-06:00,in
37,USC00051772,Snow,2004-09-26T00:00:00.0000000-06:00,0.000000,P,,0,,NOAA,2013-08-08T07:41:24.4230000-06:00,in
37,USC00051772,Snow,2004-09-27T00:00:00.0000000-06:00,0.000000,P,,0,,NOAA,2013-08-08T07:41:24.4230000-06:00,in
37,USC00051772,Snow,2004-09-28T00:00:00.0000000-06:00,0.000000,P,,0,,NOAA,2013-08-08T07:41:24.4230000-06:00,in
37,USC00051772,Snow,2004-09-29T00:00:00.0000000-06:00,0.000000,P,,0,,NOAA,2013-08-08T07:41:24.4230000-06:00,in
37,USC00051772,Snow,2004-09-30T00:00:00.0000000-06:00,0.000000,P,,0,,NOAA,2013-08-08T07:41:24.4230000-06:00,in
37,USC00051772,Snow,2004-10-01T00:00:00.0000000-06:00,0.000000,P,,0,,NOAA,2013-08-08T07:41:24.4230000-06:00,in
37,USC00051772,Snow,2004-10-02T00:00:00.0000000-06:00,0.000000,P,,0,,NOAA,2013-08-08T07:41:24.4230000-06:00,in
37,USC00051772,Snow,2004-10-03T00:00:00.0000000-06:00,0.000000,P,,0,,NOAA,2013-08-08T07:41:24.4230000-06:00,in
37,USC00051772,Snow,2004-10-04T00:00:00.0000000-06:00,0.000000,P,,0,,NOAA,2013-08-08T07:41:24.4230000-06:00,in
37,USC00051772,Snow,2004-10-05T00:00:00.0000000-06:00,0.000000,P,,0,,NOAA,2013-08-08T07:41:24.4230000-06:00,in
37,USC00051772,Snow,2004-10-06T00:00:00.0000000-06:00,0.000000,P,,0,,NOAA,2013-08-08T07:41:24.4230000-06:00,in
37,USC00051772,Snow,2004-10-07T00:00:00.0000000-06:00,0.000000,P,,0,,NOAA,2013-08-08T07:41:24.4230000-06:00,in
37,USC00051772,Snow,2004-10-08T00:00:00.0000000-06:00,0.000000,P,,0,,NOAA,2013-08-08T07:41:24.4230000-06:00,in
37,USC00051772,Snow,2004-10-09T00:00:00.0000000-06:00,0.000000,P,,0,,NOAA,2013-08-08T07:41:24.4230000-06:00,in
37,USC00051772,Snow,2004-10-10T00:00:00.0000000-06:00,0.000000,P,,0,,NOAA,2013-08-08T07:41:24.4230000-06:00,in
37,USC00051772,Snow,2004-10-11T00:00:00.0000000-06:00,0.000000,P,,0,,NOAA,2013-08-08T07:41:24.4230000-06:00,in
37,USC00051772,Snow,2004-10-12T00:00:00.0000000-06:00,0.000000,P,,0,,NOAA,2013-08-08T07:41:24.4230000-06:00,in
37,USC00051772,Snow,2004-10-13T00:00:00.0000000-06:00,0.000000,P,,0,,NOAA,2013-08-08T07:41:24.4230000-06:00,in
37,USC00051772,Snow,2004-10-14T00:00:00.0000000-06:00,0.000000,P,,0,,NOAA,2013-08-08T07:41:24.4230000-06:00,in
37,USC00051772,Snow,2004-10-15T00:00:00.0000000-06:00,0.000000,P,,0,,NOAA,2013-08-08T07:41:24.4230000-06:00,in
37,USC00051772,Snow,2004-10-16T00:00:00.0000000-06:00,0.000000,P,,0,,NOAA,2013-08-08T07:41:24.4230000-06:00,in
37,USC00051772,Snow,2004-10-17T00:00:00.0000000-06:00,0.000000,P,,0,,NOAA,2013-08-08T07:41:24.4230000-06:00,in
37,USC00051772,Snow,2004-10-18T00:00:00.0000000-06:00,0.000000,P,,0,,NOAA,2013-08-08T07:41:24.4230000-06:00,in
37,USC00051772,Snow,2004-10-19T00:00:00.0000000-06:00,0.000000,P,,0,,NOAA,2013-08-08T07:41:24.4230000-06:00,in
37,USC00051772,Snow,2004-10-20T00:00:00.0000000-06:00,0.000000,P,,0,,NOAA,2013-08-08T07:41:24.4230000-06:00,in
37,USC00051772,Snow,2004-10-21T00:00:00.0000000-06:00,0.000000,P,,0,,NOAA,2013-08-08T07:41:24.4230000-06:00,in
37,USC00051772,Snow,2004-10-22T00:00:00.0000000-06:00,0.000000,P,,0,,NOAA,2013-08-08T07:41:24.4230000-06:00,in
37,USC00051772,Snow,2004-10-23T00:00:00.0000000-06:00,0.000000,P,,0,,NOAA,2013-08-08T07:41:24.4230000-06:00,in
37,USC00051772,Snow,2004-10-24T00:00:00.0000000-06:00,0.000000,P,,0,,NOAA,2013-08-08T07:41:24.4230000-06:00,in
37,USC00051772,Snow,2004-10-25T00:00:00.0000000-06:00,0.000000,P,,0,,NOAA,2013-08-08T07:41:24.4230000-06:00,in
37,USC00051772,Snow,2004-10-26T00:00:00.0000000-06:00,0.000000,P,,0,,NOAA,2013-08-08T07:41:24.4230000-06:00,in
37,USC00051772,Snow,2004-10-27T00:00:00.0000000-06:00,0.000000,P,,0,,NOAA,2013-08-08T07:41:24.4230000-06:00,in
37,USC00051772,Snow,2004-10-28T00:00:00.0000000-06:00,0.000000,P,,0,,NOAA,2013-08-08T07:41:24.4230000-06:00,in
37,USC00051772,Snow,2004-10-29T00:00:00.0000000-06:00,0.000000,P,,0,,NOAA,2013-08-08T07:41:24.4230000-06:00,in
37,USC00051772,Snow,2004-10-30T00:00:00.0000000-06:00,0.000000,P,,0,,NOAA,2013-08-08T07:41:24.4230000-06:00,in
37,USC00051772,Snow,2004-10-31T00:00:00.0000000-06:00,0.000000,P,,0,,NOAA,2013-08-08T07:41:24.4230000-06:00,in
37,USC00051772,Snow,2004-11-01T00:00:00.0000000-07:00,0.984252,,,0,,NOAA,2013-08-08T07:41:24.4230000-06:00,in
37,USC00051772,Snow,2004-11-02T00:00:00.0000000-07:00,0.000000,P,,0,,NOAA,2013-08-08T07:41:24.4230000-06:00,in
37,USC00051772,Snow,2004-11-03T00:00:00.0000000-07:00,0.000000,P,,0,,NOAA,2013-08-08T07:41:24.4230000-06:00,in
37,USC00051772,Snow,2004-11-04T00:00:00.0000000-07:00,0.000000,P,,0,,NOAA,2013-08-08T07:41:24.4230000-06:00,in
37,USC00051772,Snow,2004-11-05T00:00:00.0000000-07:00,0.000000,P,,0,,NOAA,2013-08-08T07:41:24.4230000-06:00,in
37,USC00051772,Snow,2004-11-06T00:00:00.0000000-07:00,0.000000,P,,0,,NOAA,2013-08-08T07:41:24.4230000-06:00,in
37,USC00051772,Snow,2004-11-07T00:00:00.0000000-07:00,0.000000,P,,0,,NOAA,2013-08-08T07:41:24.4230000-06:00,in
37,USC00051772,Snow,2004-11-08T00:00:00.0000000-07:00,0.000000,P,,0,,NOAA,2013-08-08T07:41:24.4230000-06:00,in
37,USC00051772,Snow,2004-11-09T00:00:00.0000000-07:00,0.000000,P,,0,,NOAA,2013-08-08T07:41:24.4230000-06:00,in
37,USC00051772,Snow,2004-11-10T00:00:00.0000000-07:00,0.000000,P,,0,,NOAA,2013-08-08T07:41:24.4230000-06:00,in
37,USC00051772,Snow,2004-11-11T00:00:00.0000000-07:00,0.000000,P,,0,,NOAA,2013-08-08T07:41:24.4230000-06:00,in
37,USC00051772,Snow,2004-11-12T00:00:00.0000000-07:00,0.000000,P,,0,,NOAA,2013-08-08T07:41:24.4230000-06:00,in
37,USC00051772,Snow,2004-11-13T00:00:00.0000000-07:00,0.000000,P,,0,,NOAA,2013-08-08T07:41:24.4230000-06:00,in
37,USC00051772,Snow,2004-11-14T00:00:00.0000000-07:00,0.000000,P,,0,,NOAA,2013-08-08T07:41:24.4230000-06:00,in
37,USC00051772,Snow,2004-11-15T00:00:00.0000000-07:00,0.000000,P,,0,,NOAA,2013-08-08T07:41:24.4230000-06:00,in
37,USC00051772,Snow,2004-11-16T00:00:00.0000000-07:00,0.000000,P,,0,,NOAA,2013-08-08T07:41:24.4230000-06:00,in
37,USC00051772,Snow,2004-11-17T00:00:00.0000000-07:00,0.000000,P,,0,,NOAA,2013-08-08T07:41:24.4230000-06:00,in
37,USC00051772,Snow,2004-11-18T00:00:00.0000000-07:00,0.000000,P,,0,,NOAA,2013-08-08T07:41:24.4230000-06:00,in
37,USC00051772,Snow,2004-11-19T00:00:00.0000000-07:00,0.000000,P,,0,,NOAA,2013-08-08T07:41:24.4230000-06:00,in
37,USC00051772,Snow,2004-11-20T00:00:00.0000000-07:00,0.000000,T,,0,,NOAA,2013-08-08T07:41:24.4230000-06:00,in
37,USC00051772,Snow,2004-11-21T00:00:00.0000000-07:00,0.000000,T,,0,,NOAA,2013-08-08T07:41:24.4230000-06:00,in
37,USC00051772,Snow,2004-11-22T00:00:00.0000000-07:00,0.000000,T,,0,,NOAA,2013-08-08T07:41:24.4230000-06:00,in
37,USC00051772,Snow,2004-11-23T00:00:00.0000000-07:00,0.000000,P,,0,,NOAA,2013-08-08T07:41:24.4230000-06:00,in
37,USC00051772,Snow,2004-11-24T00:00:00.0000000-07:00,0.000000,P,,0,,NOAA,2013-08-08T07:41:24.4230000-06:00,in
37,USC00051772,Snow,2004-11-25T00:00:00.0000000-07:00,0.000000,P,,0,,NOAA,2013-08-08T07:41:24.4230000-06:00,in
37,USC00051772,Snow,2004-11-28T00:00:00.0000000-07:00,5.511811,,,0,,NOAA,2013-08-08T07:41:24.4230000-06:00,in
37,USC00051772,Snow,2004-11-29T00:00:00.0000000-07:00,1.496063,,,0,,NOAA,2013-08-08T07:41:24.4230000-06:00,in
37,USC00051772,Snow,2004-11-30T00:00:00.0000000-07:00,0.000000,P,,0,,NOAA,2013-08-08T07:41:24.4230000-06:00,in
37,USC00051772,Snow,2004-12-01T00:00:00.0000000-07:00,0.000000,P,,0,,NOAA,2013-08-08T07:41:24.4230000-06:00,in
37,USC00051772,Snow,2004-12-02T00:00:00.0000000-07:00,0.000000,P,,0,,NOAA,2013-08-08T07:41:24.4230000-06:00,in
37,USC00051772,Snow,2004-12-03T00:00:00.0000000-07:00,0.000000,P,,0,,NOAA,2013-08-08T07:41:24.4230000-06:00,in
37,USC00051772,Snow,2004-12-04T00:00:00.0000000-07:00,2.007874,,,0,,NOAA,2013-08-08T07:41:24.4230000-06:00,in
37,USC00051772,Snow,2004-12-05T00:00:00.0000000-07:00,0.000000,P,,0,,NOAA,2013-08-08T07:41:24.4230000-06:00,in
37,USC00051772,Snow,2004-12-06T00:00:00.0000000-07:00,0.000000,P,,0,,NOAA,2013-08-08T07:41:24.4230000-06:00,in
37,USC00051772,Snow,2004-12-07T00:00:00.0000000-07:00,0.000000,P,,0,,NOAA,2013-08-08T07:41:24.4230000-06:00,in
37,USC00051772,Snow,2004-12-08T00:00:00.0000000-07:00,0.984252,,,0,,NOAA,2013-08-08T07:41:24.4230000-06:00,in
37,USC00051772,Snow,2004-12-09T00:00:00.0000000-07:00,0.511811,,,0,,NOAA,2013-08-08T07:41:24.4230000-06:00,in
37,USC00051772,Snow,2004-12-10T00:00:00.0000000-07:00,0.000000,P,,0,,NOAA,2013-08-08T07:41:24.4230000-06:00,in
37,USC00051772,Snow,2004-12-11T00:00:00.0000000-07:00,0.000000,P,,0,,NOAA,2013-08-08T07:41:24.4230000-06:00,in
37,USC00051772,Snow,2004-12-12T00:00:00.0000000-07:00,0.000000,P,,0,,NOAA,2013-08-08T07:41:24.4230000-06:00,in
37,USC00051772,Snow,2004-12-13T00:00:00.0000000-07:00,0.000000,P,,0,,NOAA,2013-08-08T07:41:24.4230000-06:00,in
37,USC00051772,Snow,2004-12-14T00:00:00.0000000-07:00,0.000000,P,,0,,NOAA,2013-08-08T07:41:24.4230000-06:00,in
37,USC00051772,Snow,2004-12-15T00:00:00.0000000-07:00,0.000000,P,,0,,NOAA,2013-08-08T07:41:24.4230000-06:00,in
37,USC00051772,Snow,2004-12-16T00:00:00.0000000-07:00,0.000000,P,,0,,NOAA,2013-08-08T07:41:24.4230000-06:00,in
37,USC00051772,Snow,2004-12-17T00:00:00.0000000-07:00,0.000000,P,,0,,NOAA,2013-08-08T07:41:24.4230000-06:00,in
37,USC00051772,Snow,2004-12-18T00:00:00.0000000-07:00,0.000000,P,,0,,NOAA,2013-08-08T07:41:24.4230000-06:00,in
37,USC00051772,Snow,2004-12-19T00:00:00.0000000-07:00,0.000000,P,,0,,NOAA,2013-08-08T07:41:24.4230000-06:00,in
37,USC00051772,Snow,2004-12-20T00:00:00.0000000-07:00,0.000000,P,,0,,NOAA,2013-08-08T07:41:24.4230000-06:00,in
37,USC00051772,Snow,2004-12-21T00:00:00.0000000-07:00,0.000000,P,,0,,NOAA,2013-08-08T07:41:24.4230000-06:00,in
37,USC00051772,Snow,2004-12-22T00:00:00.0000000-07:00,0.000000,P,,0,,NOAA,2013-08-08T07:41:24.4230000-06:00,in
37,USC00051772,Snow,2004-12-23T00:00:00.0000000-07:00,0.984252,,,0,,NOAA,2013-08-08T07:41:24.4230000-06:00,in
37,USC00051772,Snow,2004-12-24T00:00:00.0000000-07:00,0.000000,P,,0,,NOAA,2013-08-08T07:41:24.4230000-06:00,in
37,USC00051772,Snow,2004-12-25T00:00:00.0000000-07:00,0.000000,P,,0,,NOAA,2013-08-08T07:41:24.4230000-06:00,in
37,USC00051772,Snow,2004-12-26T00:00:00.0000000-07:00,0.000000,P,,0,,NOAA,2013-08-08T07:41:24.4230000-06:00,in
37,USC00051772,Snow,2004-12-27T00:00:00.0000000-07:00,0.000000,P,,0,,NOAA,2013-08-08T07:41:24.4230000-06:00,in
37,USC00051772,Snow,2004-12-28T00:00:00.0000000-07:00,0.000000,P,,0,,NOAA,2013-08-08T07:41:24.4230000-06:00,in
37,USC00051772,Snow,2004-12-29T00:00:00.0000000-07:00,0.000000,P,,0,,NOAA,2013-08-08T07:41:24.4230000-06:00,in
37,USC00051772,Snow,2004-12-30T00:00:00.0000000-07:00,0.000000,P,,0,,NOAA,2013-08-08T07:41:24.4230000-06:00,in
37,USC00051772,Snow,2004-12-31T00:00:00.0000000-07:00,0.000000,P,,0,,NOAA,2013-08-08T07:41:24.4230000-06:00,in
37,USC00051772,Snow,2005-01-01T00:00:00.0000000-07:00,0.000000,P,,0,,NOAA,2013-08-08T07:41:24.4230000-06:00,in
37,USC00051772,Snow,2005-01-02T00:00:00.0000000-07:00,0.000000,P,,0,,NOAA,2013-08-08T07:41:24.4230000-06:00,in
37,USC00051772,Snow,2005-01-03T00:00:00.0000000-07:00,0.000000,T,,0,,NOAA,2013-08-08T07:41:24.4230000-06:00,in
37,USC00051772,Snow,2005-01-04T00:00:00.0000000-07:00,0.000000,T,,0,,NOAA,2013-08-08T07:41:24.4230000-06:00,in
37,USC00051772,Snow,2005-01-05T00:00:00.0000000-07:00,0.000000,T,,0,,NOAA,2013-08-08T07:41:24.4230000-06:00,in
37,USC00051772,Snow,2005-01-06T00:00:00.0000000-07:00,0.314961,,,0,,NOAA,2013-08-08T07:41:24.4230000-06:00,in
37,USC00051772,Snow,2005-01-07T00:00:00.0000000-07:00,0.511811,,,0,,NOAA,2013-08-08T07:41:24.4230000-06:00,in
37,USC00051772,Snow,2005-01-08T00:00:00.0000000-07:00,0.511811,,,0,,NOAA,2013-08-08T07:41:24.4230000-06:00,in
37,USC00051772,Snow,2005-01-09T00:00:00.0000000-07:00,0.000000,P,,0,,NOAA,2013-08-08T07:41:24.4230000-06:00,in
37,USC00051772,Snow,2005-01-10T00:00:00.0000000-07:00,0.000000,P,,0,,NOAA,2013-08-08T07:41:24.4230000-06:00,in
37,USC00051772,Snow,2005-01-11T00:00:00.0000000-07:00,0.000000,P,,0,,NOAA,2013-08-08T07:41:24.4230000-06:00,in
37,USC00051772,Snow,2005-01-12T00:00:00.0000000-07:00,4.606299,,,0,,NOAA,2013-08-08T07:41:24.4230000-06:00,in
37,USC00051772,Snow,2005-01-13T00:00:00.0000000-07:00,0.000000,P,,0,,NOAA,2013-08-08T07:41:24.4230000-06:00,in
37,USC00051772,Snow,2005-01-14T00:00:00.0000000-07:00,0.000000,P,,0,,NOAA,2013-08-08T07:41:24.4230000-06:00,in
37,USC00051772,Snow,2005-01-15T00:00:00.0000000-07:00,0.000000,P,,0,,NOAA,2013-08-08T07:41:24.4230000-06:00,in
37,USC00051772,Snow,2005-01-16T00:00:00.0000000-07:00,0.000000,P,,0,,NOAA,2013-08-08T07:41:24.4230000-06:00,in
37,USC00051772,Snow,2005-01-17T00:00:00.0000000-07:00,0.000000,P,,0,,NOAA,2013-08-08T07:41:24.4230000-06:00,in
37,USC00051772,Snow,2005-01-18T00:00:00.0000000-07:00,0.000000,P,,0,,NOAA,2013-08-08T07:41:24.4230000-06:00,in
37,USC00051772,Snow,2005-01-19T00:00:00.0000000-07:00,0.000000,P,,0,,NOAA,2013-08-08T07:41:24.4230000-06:00,in
37,USC00051772,Snow,2005-01-20T00:00:00.0000000-07:00,0.000000,P,,0,,NOAA,2013-08-08T07:41:24.4230000-06:00,in
37,USC00051772,Snow,2005-01-21T00:00:00.0000000-07:00,0.000000,P,,0,,NOAA,2013-08-08T07:41:24.4230000-06:00,in
37,USC00051772,Snow,2005-01-22T00:00:00.0000000-07:00,0.000000,P,,0,,NOAA,2013-08-08T07:41:24.4230000-06:00,in
37,USC00051772,Snow,2005-01-23T00:00:00.0000000-07:00,0.000000,P,,0,,NOAA,2013-08-08T07:41:24.4230000-06:00,in
37,USC00051772,Snow,2005-01-24T00:00:00.0000000-07:00,0.000000,P,,0,,NOAA,2013-08-08T07:41:24.4230000-06:00,in
37,USC00051772,Snow,2005-01-25T00:00:00.0000000-07:00,0.000000,P,,0,,NOAA,2013-08-08T07:41:24.4230000-06:00,in
37,USC00051772,Snow,2005-01-26T00:00:00.0000000-07:00,0.000000,P,,0,,NOAA,2013-08-08T07:41:24.4230000-06:00,in
37,USC00051772,Snow,2005-01-27T00:00:00.0000000-07:00,0.000000,P,,0,,NOAA,2013-08-08T07:41:24.4230000-06:00,in
37,USC00051772,Snow,2005-01-28T00:00:00.0000000-07:00,0.000000,P,,0,,NOAA,2013-08-08T07:41:24.4230000-06:00,in
37,USC00051772,Snow,2005-01-29T00:00:00.0000000-07:00,0.000000,P,,0,,NOAA,2013-08-08T07:41:24.4230000-06:00,in
37,USC00051772,Snow,2005-01-30T00:00:00.0000000-07:00,0.000000,P,,0,,NOAA,2013-08-08T07:41:24.4230000-06:00,in
37,USC00051772,Snow,2005-01-31T00:00:00.0000000-07:00,0.000000,P,,0,,NOAA,2013-08-08T07:41:24.4230000-06:00,in
37,USC00051772,Snow,2005-02-01T00:00:00.0000000-07:00,0.000000,P,,0,,NOAA,2013-08-08T07:41:24.4230000-06:00,in
37,USC00051772,Snow,2005-02-02T00:00:00.0000000-07:00,0.000000,P,,0,,NOAA,2013-08-08T07:41:24.4230000-06:00,in
37,USC00051772,Snow,2005-02-03T00:00:00.0000000-07:00,0.000000,P,,0,,NOAA,2013-08-08T07:41:24.4230000-06:00,in
37,USC00051772,Snow,2005-02-04T00:00:00.0000000-07:00,0.000000,P,,0,,NOAA,2013-08-08T07:41:24.4230000-06:00,in
37,USC00051772,Snow,2005-02-05T00:00:00.0000000-07:00,0.000000,P,,0,,NOAA,2013-08-08T07:41:24.4230000-06:00,in
37,USC00051772,Snow,2005-02-06T00:00:00.0000000-07:00,0.000000,P,,0,,NOAA,2013-08-08T07:41:24.4230000-06:00,in
37,USC00051772,Snow,2005-02-07T00:00:00.0000000-07:00,0.000000,P,,0,,NOAA,2013-08-08T07:41:24.4230000-06:00,in
37,USC00051772,Snow,2005-02-08T00:00:00.0000000-07:00,0.984252,,,0,,NOAA,2013-08-08T07:41:24.4230000-06:00,in
37,USC00051772,Snow,2005-02-09T00:00:00.0000000-07:00,0.000000,P,,0,,NOAA,2013-08-08T07:41:24.4230000-06:00,in
37,USC00051772,Snow,2005-02-10T00:00:00.0000000-07:00,0.000000,P,,0,,NOAA,2013-08-08T07:41:24.4230000-06:00,in
37,USC00051772,Snow,2005-02-11T00:00:00.0000000-07:00,0.000000,P,,0,,NOAA,2013-08-08T07:41:24.4230000-06:00,in
37,USC00051772,Snow,2005-02-12T00:00:00.0000000-07:00,0.000000,P,,0,,NOAA,2013-08-08T07:41:24.4230000-06:00,in
37,USC00051772,Snow,2005-02-13T00:00:00.0000000-07:00,0.000000,P,,0,,NOAA,2013-08-08T07:41:24.4230000-06:00,in
37,USC00051772,Snow,2005-02-14T00:00:00.0000000-07:00,0.000000,P,,0,,NOAA,2013-08-08T07:41:24.4230000-06:00,in
37,USC00051772,Snow,2005-02-15T00:00:00.0000000-07:00,0.000000,P,,0,,NOAA,2013-08-08T07:41:24.4230000-06:00,in
37,USC00051772,Snow,2005-02-16T00:00:00.0000000-07:00,2.007874,,,0,,NOAA,2013-08-08T07:41:24.4230000-06:00,in
37,USC00051772,Snow,2005-02-17T00:00:00.0000000-07:00,0.000000,T,,0,,NOAA,2013-08-08T07:41:24.4230000-06:00,in
37,USC00051772,Snow,2005-02-18T00:00:00.0000000-07:00,0.000000,P,,0,,NOAA,2013-08-08T07:41:24.4230000-06:00,in
37,USC00051772,Snow,2005-02-19T00:00:00.0000000-07:00,0.000000,P,,0,,NOAA,2013-08-08T07:41:24.4230000-06:00,in
37,USC00051772,Snow,2005-02-20T00:00:00.0000000-07:00,0.000000,P,,0,,NOAA,2013-08-08T07:41:24.4230000-06:00,in
37,USC00051772,Snow,2005-02-21T00:00:00.0000000-07:00,0.000000,P,,0,,NOAA,2013-08-08T07:41:24.4230000-06:00,in
37,USC00051772,Snow,2005-02-22T00:00:00.0000000-07:00,0.000000,P,,0,,NOAA,2013-08-08T07:41:24.4230000-06:00,in
37,USC00051772,Snow,2005-02-23T00:00:00.0000000-07:00,0.000000,P,,0,,NOAA,2013-08-08T07:41:24.4230000-06:00,in
37,USC00051772,Snow,2005-02-24T00:00:00.0000000-07:00,0.000000,P,,0,,NOAA,2013-08-08T07:41:24.4230000-06:00,in
37,USC00051772,Snow,2005-02-25T00:00:00.0000000-07:00,0.000000,P,,0,,NOAA,2013-08-08T07:41:24.4230000-06:00,in
37,USC00051772,Snow,2005-02-26T00:00:00.0000000-07:00,0.000000,P,,0,,NOAA,2013-08-08T07:41:24.4230000-06:00,in
37,USC00051772,Snow,2005-02-27T00:00:00.0000000-07:00,0.000000,P,,0,,NOAA,2013-08-08T07:41:24.4230000-06:00,in
37,USC00051772,Snow,2005-02-28T00:00:00.0000000-07:00,0.000000,P,,0,,NOAA,2013-08-08T07:41:24.4230000-06:00,in
37,USC00051772,Snow,2005-03-01T00:00:00.0000000-07:00,0.000000,P,,0,,NOAA,2013-08-08T07:41:24.4230000-06:00,in
37,USC00051772,Snow,2005-03-02T00:00:00.0000000-07:00,0.000000,P,,0,,NOAA,2013-08-08T07:41:24.4230000-06:00,in
37,USC00051772,Snow,2005-03-03T00:00:00.0000000-07:00,0.000000,P,,0,,NOAA,2013-08-08T07:41:24.4230000-06:00,in
37,USC00051772,Snow,2005-03-04T00:00:00.0000000-07:00,0.000000,P,,0,,NOAA,2013-08-08T07:41:24.4230000-06:00,in
37,USC00051772,Snow,2005-03-05T00:00:00.0000000-07:00,0.000000,P,,0,,NOAA,2013-08-08T07:41:24.4230000-06:00,in
37,USC00051772,Snow,2005-03-06T00:00:00.0000000-07:00,0.000000,P,,0,,NOAA,2013-08-08T07:41:24.4230000-06:00,in
37,USC00051772,Snow,2005-03-07T00:00:00.0000000-07:00,0.000000,P,,0,,NOAA,2013-08-08T07:41:24.4230000-06:00,in
37,USC00051772,Snow,2005-03-08T00:00:00.0000000-07:00,0.000000,P,,0,,NOAA,2013-08-08T07:41:24.4230000-06:00,in
37,USC00051772,Snow,2005-03-09T00:00:00.0000000-07:00,0.000000,P,,0,,NOAA,2013-08-08T07:41:24.4230000-06:00,in
37,USC00051772,Snow,2005-03-10T00:00:00.0000000-07:00,0.000000,P,,0,,NOAA,2013-08-08T07:41:24.4230000-06:00,in
37,USC00051772,Snow,2005-03-11T00:00:00.0000000-07:00,0.000000,P,,0,,NOAA,2013-08-08T07:41:24.4230000-06:00,in
37,USC00051772,Snow,2005-03-12T00:00:00.0000000-07:00,0.000000,P,,0,,NOAA,2013-08-08T07:41:24.4230000-06:00,in
37,USC00051772,Snow,2005-03-13T00:00:00.0000000-07:00,0.000000,P,,0,,NOAA,2013-08-08T07:41:24.4230000-06:00,in
37,USC00051772,Snow,2005-03-14T00:00:00.0000000-07:00,0.000000,P,,0,,NOAA,2013-08-08T07:41:24.4230000-06:00,in
37,USC00051772,Snow,2005-03-15T00:00:00.0000000-07:00,0.000000,P,,0,,NOAA,2013-08-08T07:41:24.4230000-06:00,in
37,USC00051772,Snow,2005-03-16T00:00:00.0000000-07:00,0.000000,P,,0,,NOAA,2013-08-08T07:41:24.4230000-06:00,in
37,USC00051772,Snow,2005-03-17T00:00:00.0000000-07:00,0.000000,P,,0,,NOAA,2013-08-08T07:41:24.4230000-06:00,in
37,USC00051772,Snow,2005-03-18T00:00:00.0000000-07:00,0.000000,P,,0,,NOAA,2013-08-08T07:41:24.4230000-06:00,in
37,USC00051772,Snow,2005-03-19T00:00:00.0000000-07:00,0.000000,P,,0,,NOAA,2013-08-08T07:41:24.4230000-06:00,in
37,USC00051772,Snow,2005-03-20T00:00:00.0000000-07:00,0.000000,P,,0,,NOAA,2013-08-08T07:41:24.4230000-06:00,in
37,USC00051772,Snow,2005-03-21T00:00:00.0000000-07:00,0.000000,P,,0,,NOAA,2013-08-08T07:41:24.4230000-06:00,in
37,USC00051772,Snow,2005-03-22T00:00:00.0000000-07:00,0.000000,P,,0,,NOAA,2013-08-08T07:41:24.4230000-06:00,in
37,USC00051772,Snow,2005-03-23T00:00:00.0000000-07:00,0.000000,P,,0,,NOAA,2013-08-08T07:41:24.4230000-06:00,in
37,USC00051772,Snow,2005-03-24T00:00:00.0000000-07:00,0.000000,T,,0,,NOAA,2013-08-08T07:41:24.4230000-06:00,in
37,USC00051772,Snow,2005-03-25T00:00:00.0000000-07:00,0.000000,T,,0,,NOAA,2013-08-08T07:41:24.4230000-06:00,in
37,USC00051772,Snow,2005-03-26T00:00:00.0000000-07:00,0.984252,,,0,,NOAA,2013-08-08T07:41:24.4230000-06:00,in
37,USC00051772,Snow,2005-03-27T00:00:00.0000000-07:00,0.000000,P,,0,,NOAA,2013-08-08T07:41:24.4230000-06:00,in
37,USC00051772,Snow,2005-03-28T00:00:00.0000000-07:00,0.000000,P,,0,,NOAA,2013-08-08T07:41:24.4230000-06:00,in
37,USC00051772,Snow,2005-03-29T00:00:00.0000000-07:00,0.984252,,,0,,NOAA,2013-08-08T07:41:24.4230000-06:00,in
37,USC00051772,Snow,2005-03-30T00:00:00.0000000-07:00,0.196850,,,0,,NOAA,2013-08-08T07:41:24.4230000-06:00,in
37,USC00051772,Snow,2005-03-31T00:00:00.0000000-07:00,0.118110,,,0,,NOAA,2013-08-08T07:41:24.4230000-06:00,in
37,USC00051772,Snow,2005-04-01T00:00:00.0000000-07:00,0.000000,P,,0,,NOAA,2013-08-08T07:41:24.4230000-06:00,in
37,USC00051772,Snow,2005-04-02T00:00:00.0000000-07:00,0.000000,P,,0,,NOAA,2013-08-08T07:41:24.4230000-06:00,in
37,USC00051772,Snow,2005-04-03T00:00:00.0000000-07:00,0.000000,P,,0,,NOAA,2013-08-08T07:41:24.4230000-06:00,in
37,USC00051772,Snow,2005-04-04T00:00:00.0000000-06:00,0.000000,P,,0,,NOAA,2013-08-08T07:41:24.4230000-06:00,in
37,USC00051772,Snow,2005-04-05T00:00:00.0000000-06:00,0.000000,P,,0,,NOAA,2013-08-08T07:41:24.4230000-06:00,in
37,USC00051772,Snow,2005-04-06T00:00:00.0000000-06:00,0.000000,P,,0,,NOAA,2013-08-08T07:41:24.4230000-06:00,in
37,USC00051772,Snow,2005-04-07T00:00:00.0000000-06:00,0.000000,P,,0,,NOAA,2013-08-08T07:41:24.4230000-06:00,in
37,USC00051772,Snow,2005-04-08T00:00:00.0000000-06:00,0.000000,P,,0,,NOAA,2013-08-08T07:41:24.4230000-06:00,in
37,USC00051772,Snow,2005-04-09T00:00:00.0000000-06:00,0.000000,P,,0,,NOAA,2013-08-08T07:41:24.4230000-06:00,in
37,USC00051772,Snow,2005-04-10T00:00:00.0000000-06:00,0.000000,P,,0,,NOAA,2013-08-08T07:41:24.4230000-06:00,in
37,USC00051772,Snow,2005-04-11T00:00:00.0000000-06:00,0.000000,P,,0,,NOAA,2013-08-08T07:41:24.4230000-06:00,in
37,USC00051772,Snow,2005-04-12T00:00:00.0000000-06:00,0.000000,P,,0,,NOAA,2013-08-08T07:41:24.4230000-06:00,in
37,USC00051772,Snow,2005-04-13T00:00:00.0000000-06:00,0.000000,P,,0,,NOAA,2013-08-08T07:41:24.4230000-06:00,in
37,USC00051772,Snow,2005-04-14T00:00:00.0000000-06:00,0.000000,P,,0,,NOAA,2013-08-08T07:41:24.4230000-06:00,in
37,USC00051772,Snow,2005-04-15T00:00:00.0000000-06:00,0.000000,P,,0,,NOAA,2013-08-08T07:41:24.4230000-06:00,in
37,USC00051772,Snow,2005-04-16T00:00:00.0000000-06:00,0.000000,P,,0,,NOAA,2013-08-08T07:41:24.4230000-06:00,in
37,USC00051772,Snow,2005-04-17T00:00:00.0000000-06:00,0.000000,P,,0,,NOAA,2013-08-08T07:41:24.4230000-06:00,in
37,USC00051772,Snow,2005-04-18T00:00:00.0000000-06:00,0.000000,P,,0,,NOAA,2013-08-08T07:41:24.4230000-06:00,in
37,USC00051772,Snow,2005-04-19T00:00:00.0000000-06:00,0.000000,P,,0,,NOAA,2013-08-08T07:41:24.4230000-06:00,in
37,USC00051772,Snow,2005-04-20T00:00:00.0000000-06:00,0.000000,P,,0,,NOAA,2013-08-08T07:41:24.4230000-06:00,in
37,USC00051772,Snow,2005-04-21T00:00:00.0000000-06:00,0.000000,P,,0,,NOAA,2013-08-08T07:41:24.4230000-06:00,in
37,USC00051772,Snow,2005-04-22T00:00:00.0000000-06:00,0.000000,P,,0,,NOAA,2013-08-08T07:41:24.4230000-06:00,in
37,USC00051772,Snow,2005-04-23T00:00:00.0000000-06:00,0.000000,P,,0,,NOAA,2013-08-08T07:41:24.4230000-06:00,in
37,USC00051772,Snow,2005-04-24T00:00:00.0000000-06:00,0.000000,P,,0,,NOAA,2013-08-08T07:41:24.4230000-06:00,in
37,USC00051772,Snow,2005-04-25T00:00:00.0000000-06:00,0.000000,P,,0,,NOAA,2013-08-08T07:41:24.4230000-06:00,in
37,USC00051772,Snow,2005-04-26T00:00:00.0000000-06:00,0.000000,P,,0,,NOAA,2013-08-08T07:41:24.4230000-06:00,in
37,USC00051772,Snow,2005-04-27T00:00:00.0000000-06:00,0.000000,P,,0,,NOAA,2013-08-08T07:41:24.4230000-06:00,in
37,USC00051772,Snow,2005-04-28T00:00:00.0000000-06:00,0.000000,P,,0,,NOAA,2013-08-08T07:41:24.4230000-06:00,in
37,USC00051772,Snow,2005-04-29T00:00:00.0000000-06:00,0.000000,P,,0,,NOAA,2013-08-08T07:41:24.4230000-06:00,in
37,USC00051772,Snow,2005-04-30T00:00:00.0000000-06:00,0.000000,P,,0,,NOAA,2013-08-08T07:41:24.4230000-06:00,in
37,USC00051772,Snow,2005-05-01T00:00:00.0000000-06:00,0.000000,P,,0,,NOAA,2013-08-08T07:41:24.4230000-06:00,in
37,USC00051772,Snow,2005-05-02T00:00:00.0000000-06:00,0.000000,P,,0,,NOAA,2013-08-08T07:41:24.4230000-06:00,in
37,USC00051772,Snow,2005-05-03T00:00:00.0000000-06:00,0.000000,P,,0,,NOAA,2013-08-08T07:41:24.4230000-06:00,in
37,USC00051772,Snow,2005-05-04T00:00:00.0000000-06:00,0.000000,P,,0,,NOAA,2013-08-08T07:41:24.4230000-06:00,in
37,USC00051772,Snow,2005-05-05T00:00:00.0000000-06:00,0.000000,P,,0,,NOAA,2013-08-08T07:41:24.4230000-06:00,in
37,USC00051772,Snow,2005-05-06T00:00:00.0000000-06:00,0.000000,P,,0,,NOAA,2013-08-08T07:41:24.4230000-06:00,in
37,USC00051772,Snow,2005-05-07T00:00:00.0000000-06:00,0.000000,P,,0,,NOAA,2013-08-08T07:41:24.4230000-06:00,in
37,USC00051772,Snow,2005-05-08T00:00:00.0000000-06:00,0.000000,P,,0,,NOAA,2013-08-08T07:41:24.4230000-06:00,in
37,USC00051772,Snow,2005-05-09T00:00:00.0000000-06:00,0.000000,P,,0,,NOAA,2013-08-08T07:41:24.4230000-06:00,in
37,USC00051772,Snow,2005-05-10T00:00:00.0000000-06:00,0.000000,P,,0,,NOAA,2013-08-08T07:41:24.4230000-06:00,in
37,USC00051772,Snow,2005-05-11T00:00:00.0000000-06:00,0.000000,P,,0,,NOAA,2013-08-08T07:41:24.4230000-06:00,in
37,USC00051772,Snow,2005-05-12T00:00:00.0000000-06:00,0.000000,P,,0,,NOAA,2013-08-08T07:41:24.4230000-06:00,in
37,USC00051772,Snow,2005-05-13T00:00:00.0000000-06:00,0.000000,P,,0,,NOAA,2013-08-08T07:41:24.4230000-06:00,in
37,USC00051772,Snow,2005-05-14T00:00:00.0000000-06:00,0.000000,P,,0,,NOAA,2013-08-08T07:41:24.4230000-06:00,in
37,USC00051772,Snow,2005-05-15T00:00:00.0000000-06:00,0.000000,P,,0,,NOAA,2013-08-08T07:41:24.4230000-06:00,in
37,USC00051772,Snow,2005-05-16T00:00:00.0000000-06:00,0.000000,P,,0,,NOAA,2013-08-08T07:41:24.4230000-06:00,in
37,USC00051772,Snow,2005-05-17T00:00:00.0000000-06:00,0.000000,P,,0,,NOAA,2013-08-08T07:41:24.4230000-06:00,in
37,USC00051772,Snow,2005-05-18T00:00:00.0000000-06:00,0.000000,P,,0,,NOAA,2013-08-08T07:41:24.4230000-06:00,in
37,USC00051772,Snow,2005-05-19T00:00:00.0000000-06:00,0.000000,P,,0,,NOAA,2013-08-08T07:41:24.4230000-06:00,in
37,USC00051772,Snow,2005-05-20T00:00:00.0000000-06:00,0.000000,P,,0,,NOAA,2013-08-08T07:41:24.4230000-06:00,in
37,USC00051772,Snow,2005-05-21T00:00:00.0000000-06:00,0.000000,P,,0,,NOAA,2013-08-08T07:41:24.4230000-06:00,in
37,USC00051772,Snow,2005-05-22T00:00:00.0000000-06:00,0.000000,P,,0,,NOAA,2013-08-08T07:41:24.4230000-06:00,in
37,USC00051772,Snow,2005-05-23T00:00:00.0000000-06:00,0.000000,P,,0,,NOAA,2013-08-08T07:41:24.4230000-06:00,in
37,USC00051772,Snow,2005-05-24T00:00:00.0000000-06:00,0.000000,P,,0,,NOAA,2013-08-08T07:41:24.4230000-06:00,in
37,USC00051772,Snow,2005-05-25T00:00:00.0000000-06:00,0.000000,P,,0,,NOAA,2013-08-08T07:41:24.4230000-06:00,in
37,USC00051772,Snow,2005-05-26T00:00:00.0000000-06:00,0.000000,P,,0,,NOAA,2013-08-08T07:41:24.4230000-06:00,in
37,USC00051772,Snow,2005-05-27T00:00:00.0000000-06:00,0.000000,P,,0,,NOAA,2013-08-08T07:41:24.4230000-06:00,in
37,USC00051772,Snow,2005-05-28T00:00:00.0000000-06:00,0.000000,P,,0,,NOAA,2013-08-08T07:41:24.4230000-06:00,in
37,USC00051772,Snow,2005-05-29T00:00:00.0000000-06:00,0.000000,P,,0,,NOAA,2013-08-08T07:41:24.4230000-06:00,in
37,USC00051772,Snow,2005-05-30T00:00:00.0000000-06:00,0.000000,P,,0,,NOAA,2013-08-08T07:41:24.4230000-06:00,in
37,USC00051772,Snow,2005-05-31T00:00:00.0000000-06:00,0.000000,P,,0,,NOAA,2013-08-08T07:41:24.4230000-06:00,in
37,USC00051772,Snow,2005-06-01T00:00:00.0000000-06:00,0.000000,P,,0,,NOAA,2013-08-08T07:41:24.4230000-06:00,in
37,USC00051772,Snow,2005-06-02T00:00:00.0000000-06:00,0.000000,P,,0,,NOAA,2013-08-08T07:41:24.4230000-06:00,in
37,USC00051772,Snow,2005-06-03T00:00:00.0000000-06:00,0.000000,P,,0,,NOAA,2013-08-08T07:41:24.4230000-06:00,in
37,USC00051772,Snow,2005-06-04T00:00:00.0000000-06:00,0.000000,P,,0,,NOAA,2013-08-08T07:41:24.4230000-06:00,in
37,USC00051772,Snow,2005-06-05T00:00:00.0000000-06:00,0.000000,P,,0,,NOAA,2013-08-08T07:41:24.4230000-06:00,in
37,USC00051772,Snow,2005-06-06T00:00:00.0000000-06:00,0.000000,P,,0,,NOAA,2013-08-08T07:41:24.4230000-06:00,in
37,USC00051772,Snow,2005-06-07T00:00:00.0000000-06:00,0.000000,P,,0,,NOAA,2013-08-08T07:41:24.4230000-06:00,in
37,USC00051772,Snow,2005-06-08T00:00:00.0000000-06:00,0.000000,P,,0,,NOAA,2013-08-08T07:41:24.4230000-06:00,in
37,USC00051772,Snow,2005-06-09T00:00:00.0000000-06:00,0.000000,P,,0,,NOAA,2013-08-08T07:41:24.4230000-06:00,in
37,USC00051772,Snow,2005-06-10T00:00:00.0000000-06:00,0.000000,P,,0,,NOAA,2013-08-08T07:41:24.4230000-06:00,in
37,USC00051772,Snow,2005-06-11T00:00:00.0000000-06:00,0.000000,P,,0,,NOAA,2013-08-08T07:41:24.4230000-06:00,in
37,USC00051772,Snow,2005-06-12T00:00:00.0000000-06:00,0.000000,P,,0,,NOAA,2013-08-08T07:41:24.4230000-06:00,in
37,USC00051772,Snow,2005-06-13T00:00:00.0000000-06:00,0.000000,P,,0,,NOAA,2013-08-08T07:41:24.4230000-06:00,in
37,USC00051772,Snow,2005-06-14T00:00:00.0000000-06:00,0.000000,P,,0,,NOAA,2013-08-08T07:41:24.4230000-06:00,in
37,USC00051772,Snow,2005-06-15T00:00:00.0000000-06:00,0.000000,P,,0,,NOAA,2013-08-08T07:41:24.4230000-06:00,in
37,USC00051772,Snow,2005-06-16T00:00:00.0000000-06:00,0.000000,P,,0,,NOAA,2013-08-08T07:41:24.4230000-06:00,in
37,USC00051772,Snow,2005-06-17T00:00:00.0000000-06:00,0.000000,P,,0,,NOAA,2013-08-08T07:41:24.4230000-06:00,in
37,USC00051772,Snow,2005-06-18T00:00:00.0000000-06:00,0.000000,P,,0,,NOAA,2013-08-08T07:41:24.4230000-06:00,in
37,USC00051772,Snow,2005-06-19T00:00:00.0000000-06:00,0.000000,P,,0,,NOAA,2013-08-08T07:41:24.4230000-06:00,in
37,USC00051772,Snow,2005-06-20T00:00:00.0000000-06:00,0.000000,P,,0,,NOAA,2013-08-08T07:41:24.4230000-06:00,in
37,USC00051772,Snow,2005-06-21T00:00:00.0000000-06:00,0.000000,P,,0,,NOAA,2013-08-08T07:41:24.4230000-06:00,in
37,USC00051772,Snow,2005-06-22T00:00:00.0000000-06:00,0.000000,P,,0,,NOAA,2013-08-08T07:41:24.4230000-06:00,in
37,USC00051772,Snow,2005-06-23T00:00:00.0000000-06:00,0.000000,P,,0,,NOAA,2013-08-08T07:41:24.4230000-06:00,in
37,USC00051772,Snow,2005-06-24T00:00:00.0000000-06:00,0.000000,P,,0,,NOAA,2013-08-08T07:41:24.4230000-06:00,in
37,USC00051772,Snow,2005-06-25T00:00:00.0000000-06:00,0.000000,P,,0,,NOAA,2013-08-08T07:41:24.4230000-06:00,in
37,USC00051772,Snow,2005-06-26T00:00:00.0000000-06:00,0.000000,P,,0,,NOAA,2013-08-08T07:41:24.4230000-06:00,in
37,USC00051772,Snow,2005-06-27T00:00:00.0000000-06:00,0.000000,P,,0,,NOAA,2013-08-08T07:41:24.4230000-06:00,in
37,USC00051772,Snow,2005-06-28T00:00:00.0000000-06:00,0.000000,P,,0,,NOAA,2013-08-08T07:41:24.4230000-06:00,in
37,USC00051772,Snow,2005-06-29T00:00:00.0000000-06:00,0.000000,P,,0,,NOAA,2013-08-08T07:41:24.4230000-06:00,in
37,USC00051772,Snow,2005-06-30T00:00:00.0000000-06:00,0.000000,P,,0,,NOAA,2013-08-08T07:41:24.4230000-06:00,in
37,USC00051772,Snow,2005-07-01T00:00:00.0000000-06:00,0.000000,P,,0,,NOAA,2013-08-08T07:41:24.4230000-06:00,in
37,USC00051772,Snow,2005-07-02T00:00:00.0000000-06:00,0.000000,P,,0,,NOAA,2013-08-08T07:41:24.4230000-06:00,in
37,USC00051772,Snow,2005-07-03T00:00:00.0000000-06:00,0.000000,P,,0,,NOAA,2013-08-08T07:41:24.4230000-06:00,in
37,USC00051772,Snow,2005-07-04T00:00:00.0000000-06:00,0.000000,P,,0,,NOAA,2013-08-08T07:41:24.4230000-06:00,in
37,USC00051772,Snow,2005-07-05T00:00:00.0000000-06:00,0.000000,P,,0,,NOAA,2013-08-08T07:41:24.4230000-06:00,in
37,USC00051772,Snow,2005-07-06T00:00:00.0000000-06:00,0.000000,P,,0,,NOAA,2013-08-08T07:41:24.4230000-06:00,in
37,USC00051772,Snow,2005-07-07T00:00:00.0000000-06:00,0.000000,P,,0,,NOAA,2013-08-08T07:41:24.4230000-06:00,in
37,USC00051772,Snow,2005-07-08T00:00:00.0000000-06:00,0.000000,P,,0,,NOAA,2013-08-08T07:41:24.4230000-06:00,in
37,USC00051772,Snow,2005-07-09T00:00:00.0000000-06:00,0.000000,P,,0,,NOAA,2013-08-08T07:41:24.4230000-06:00,in
37,USC00051772,Snow,2005-07-10T00:00:00.0000000-06:00,0.000000,P,,0,,NOAA,2013-08-08T07:41:24.4230000-06:00,in
37,USC00051772,Snow,2005-07-11T00:00:00.0000000-06:00,0.000000,P,,0,,NOAA,2013-08-08T07:41:24.4230000-06:00,in
37,USC00051772,Snow,2005-07-12T00:00:00.0000000-06:00,0.000000,P,,0,,NOAA,2013-08-08T07:41:24.4230000-06:00,in
37,USC00051772,Snow,2005-07-13T00:00:00.0000000-06:00,0.000000,P,,0,,NOAA,2013-08-08T07:41:24.4230000-06:00,in
37,USC00051772,Snow,2005-07-14T00:00:00.0000000-06:00,0.000000,P,,0,,NOAA,2013-08-08T07:41:24.4230000-06:00,in
37,USC00051772,Snow,2005-07-15T00:00:00.0000000-06:00,0.000000,P,,0,,NOAA,2013-08-08T07:41:24.4230000-06:00,in
37,USC00051772,Snow,2005-07-16T00:00:00.0000000-06:00,0.000000,P,,0,,NOAA,2013-08-08T07:41:24.4230000-06:00,in
37,USC00051772,Snow,2005-07-17T00:00:00.0000000-06:00,0.000000,P,,0,,NOAA,2013-08-08T07:41:24.4230000-06:00,in
37,USC00051772,Snow,2005-07-18T00:00:00.0000000-06:00,0.000000,P,,0,,NOAA,2013-08-08T07:41:24.4230000-06:00,in
37,USC00051772,Snow,2005-07-19T00:00:00.0000000-06:00,0.000000,P,,0,,NOAA,2013-08-08T07:41:24.4230000-06:00,in
37,USC00051772,Snow,2005-07-20T00:00:00.0000000-06:00,0.000000,P,,0,,NOAA,2013-08-08T07:41:24.4230000-06:00,in
37,USC00051772,Snow,2005-07-21T00:00:00.0000000-06:00,0.000000,P,,0,,NOAA,2013-08-08T07:41:24.4230000-06:00,in
37,USC00051772,Snow,2005-07-22T00:00:00.0000000-06:00,0.000000,P,,0,,NOAA,2013-08-08T07:41:24.4230000-06:00,in
37,USC00051772,Snow,2005-07-23T00:00:00.0000000-06:00,0.000000,P,,0,,NOAA,2013-08-08T07:41:24.4230000-06:00,in
37,USC00051772,Snow,2005-07-24T00:00:00.0000000-06:00,0.000000,P,,0,,NOAA,2013-08-08T07:41:24.4230000-06:00,in
37,USC00051772,Snow,2005-07-25T00:00:00.0000000-06:00,0.000000,P,,0,,NOAA,2013-08-08T07:41:24.4230000-06:00,in
37,USC00051772,Snow,2005-07-26T00:00:00.0000000-06:00,0.000000,P,,0,,NOAA,2013-08-08T07:41:24.4230000-06:00,in
37,USC00051772,Snow,2005-07-27T00:00:00.0000000-06:00,0.000000,P,,0,,NOAA,2013-08-08T07:41:24.4230000-06:00,in
37,USC00051772,Snow,2005-07-28T00:00:00.0000000-06:00,0.000000,P,,0,,NOAA,2013-08-08T07:41:24.4230000-06:00,in
37,USC00051772,Snow,2005-07-29T00:00:00.0000000-06:00,0.000000,P,,0,,NOAA,2013-08-08T07:41:24.4230000-06:00,in
37,USC00051772,Snow,2005-07-30T00:00:00.0000000-06:00,0.000000,P,,0,,NOAA,2013-08-08T07:41:24.4230000-06:00,in
37,USC00051772,Snow,2005-07-31T00:00:00.0000000-06:00,0.000000,P,,0,,NOAA,2013-08-08T07:41:24.4230000-06:00,in
37,USC00051772,Snow,2005-08-01T00:00:00.0000000-06:00,0.000000,P,,0,,NOAA,2013-08-08T07:41:24.4230000-06:00,in
37,USC00051772,Snow,2005-08-02T00:00:00.0000000-06:00,0.000000,P,,0,,NOAA,2013-08-08T07:41:24.4230000-06:00,in
37,USC00051772,Snow,2005-08-03T00:00:00.0000000-06:00,0.000000,P,,0,,NOAA,2013-08-08T07:41:24.4230000-06:00,in
37,USC00051772,Snow,2005-08-04T00:00:00.0000000-06:00,0.000000,P,,0,,NOAA,2013-08-08T07:41:24.4230000-06:00,in
37,USC00051772,Snow,2005-08-05T00:00:00.0000000-06:00,0.000000,P,,0,,NOAA,2013-08-08T07:41:24.4230000-06:00,in
37,USC00051772,Snow,2005-08-06T00:00:00.0000000-06:00,0.000000,P,,0,,NOAA,2013-08-08T07:41:24.4230000-06:00,in
37,USC00051772,Snow,2005-08-07T00:00:00.0000000-06:00,0.000000,P,,0,,NOAA,2013-08-08T07:41:24.4230000-06:00,in
37,USC00051772,Snow,2005-08-08T00:00:00.0000000-06:00,0.000000,P,,0,,NOAA,2013-08-08T07:41:24.4230000-06:00,in
37,USC00051772,Snow,2005-08-09T00:00:00.0000000-06:00,0.000000,P,,0,,NOAA,2013-08-08T07:41:24.4230000-06:00,in
37,USC00051772,Snow,2005-08-10T00:00:00.0000000-06:00,0.000000,P,,0,,NOAA,2013-08-08T07:41:24.4230000-06:00,in
37,USC00051772,Snow,2005-08-11T00:00:00.0000000-06:00,0.000000,P,,0,,NOAA,2013-08-08T07:41:24.4230000-06:00,in
37,USC00051772,Snow,2005-08-12T00:00:00.0000000-06:00,0.000000,P,,0,,NOAA,2013-08-08T07:41:24.4230000-06:00,in
37,USC00051772,Snow,2005-08-13T00:00:00.0000000-06:00,0.000000,P,,0,,NOAA,2013-08-08T07:41:24.4230000-06:00,in
37,USC00051772,Snow,2005-08-14T00:00:00.0000000-06:00,0.000000,P,,0,,NOAA,2013-08-08T07:41:24.4230000-06:00,in
37,USC00051772,Snow,2005-08-15T00:00:00.0000000-06:00,0.000000,P,,0,,NOAA,2013-08-08T07:41:24.4230000-06:00,in
37,USC00051772,Snow,2005-08-16T00:00:00.0000000-06:00,0.000000,P,,0,,NOAA,2013-08-08T07:41:24.4230000-06:00,in
37,USC00051772,Snow,2005-08-17T00:00:00.0000000-06:00,0.000000,P,,0,,NOAA,2013-08-08T07:41:24.4230000-06:00,in
37,USC00051772,Snow,2005-08-18T00:00:00.0000000-06:00,0.000000,P,,0,,NOAA,2013-08-08T07:41:24.4230000-06:00,in
37,USC00051772,Snow,2005-08-19T00:00:00.0000000-06:00,0.000000,P,,0,,NOAA,2013-08-08T07:41:24.4230000-06:00,in
37,USC00051772,Snow,2005-08-20T00:00:00.0000000-06:00,0.000000,P,,0,,NOAA,2013-08-08T07:41:24.4230000-06:00,in
37,USC00051772,Snow,2005-08-21T00:00:00.0000000-06:00,0.000000,P,,0,,NOAA,2013-08-08T07:41:24.4230000-06:00,in
37,USC00051772,Snow,2005-08-22T00:00:00.0000000-06:00,0.000000,P,,0,,NOAA,2013-08-08T07:41:24.4230000-06:00,in
37,USC00051772,Snow,2005-08-23T00:00:00.0000000-06:00,0.000000,P,,0,,NOAA,2013-08-08T07:41:24.4230000-06:00,in
37,USC00051772,Snow,2005-08-24T00:00:00.0000000-06:00,0.000000,P,,0,,NOAA,2013-08-08T07:41:24.4230000-06:00,in
37,USC00051772,Snow,2005-08-25T00:00:00.0000000-06:00,0.000000,P,,0,,NOAA,2013-08-08T07:41:24.4230000-06:00,in
37,USC00051772,Snow,2005-08-26T00:00:00.0000000-06:00,0.000000,P,,0,,NOAA,2013-08-08T07:41:24.4230000-06:00,in
37,USC00051772,Snow,2005-08-27T00:00:00.0000000-06:00,0.000000,P,,0,,NOAA,2013-08-08T07:41:24.4230000-06:00,in
37,USC00051772,Snow,2005-08-28T00:00:00.0000000-06:00,0.000000,P,,0,,NOAA,2013-08-08T07:41:24.4230000-06:00,in
37,USC00051772,Snow,2005-08-29T00:00:00.0000000-06:00,0.000000,P,,0,,NOAA,2013-08-08T07:41:24.4230000-06:00,in
37,USC00051772,Snow,2005-08-30T00:00:00.0000000-06:00,0.000000,P,,0,,NOAA,2013-08-08T07:41:24.4230000-06:00,in
37,USC00051772,Snow,2005-08-31T00:00:00.0000000-06:00,0.000000,P,,0,,NOAA,2013-08-08T07:41:24.4230000-06:00,in
37,USC00051772,Snow,2005-09-01T00:00:00.0000000-06:00,0.000000,P,,0,,NOAA,2013-08-08T07:41:24.4230000-06:00,in
37,USC00051772,Snow,2005-09-02T00:00:00.0000000-06:00,0.000000,P,,0,,NOAA,2013-08-08T07:41:24.4230000-06:00,in
37,USC00051772,Snow,2005-09-03T00:00:00.0000000-06:00,0.000000,P,,0,,NOAA,2013-08-08T07:41:24.4230000-06:00,in
37,USC00051772,Snow,2005-09-04T00:00:00.0000000-06:00,0.000000,P,,0,,NOAA,2013-08-08T07:41:24.4230000-06:00,in
37,USC00051772,Snow,2005-09-05T00:00:00.0000000-06:00,0.000000,P,,0,,NOAA,2013-08-08T07:41:24.4230000-06:00,in
37,USC00051772,Snow,2005-09-06T00:00:00.0000000-06:00,0.000000,P,,0,,NOAA,2013-08-08T07:41:24.4230000-06:00,in
37,USC00051772,Snow,2005-09-07T00:00:00.0000000-06:00,0.000000,P,,0,,NOAA,2013-08-08T07:41:24.4230000-06:00,in
37,USC00051772,Snow,2005-09-08T00:00:00.0000000-06:00,0.000000,P,,0,,NOAA,2013-08-08T07:41:24.4230000-06:00,in
37,USC00051772,Snow,2005-09-09T00:00:00.0000000-06:00,0.000000,P,,0,,NOAA,2013-08-08T07:41:24.4230000-06:00,in
37,USC00051772,Snow,2005-09-10T00:00:00.0000000-06:00,0.000000,P,,0,,NOAA,2013-08-08T07:41:24.4230000-06:00,in
37,USC00051772,Snow,2005-09-11T00:00:00.0000000-06:00,0.000000,P,,0,,NOAA,2013-08-08T07:41:24.4230000-06:00,in
37,USC00051772,Snow,2005-09-12T00:00:00.0000000-06:00,0.000000,P,,0,,NOAA,2013-08-08T07:41:24.4230000-06:00,in
37,USC00051772,Snow,2005-09-13T00:00:00.0000000-06:00,0.000000,P,,0,,NOAA,2013-08-08T07:41:24.4230000-06:00,in
37,USC00051772,Snow,2005-09-14T00:00:00.0000000-06:00,0.000000,P,,0,,NOAA,2013-08-08T07:41:24.4230000-06:00,in
37,USC00051772,Snow,2005-09-15T00:00:00.0000000-06:00,0.000000,P,,0,,NOAA,2013-08-08T07:41:24.4230000-06:00,in
37,USC00051772,Snow,2005-09-16T00:00:00.0000000-06:00,0.000000,P,,0,,NOAA,2013-08-08T07:41:24.4230000-06:00,in
37,USC00051772,Snow,2005-09-17T00:00:00.0000000-06:00,0.000000,P,,0,,NOAA,2013-08-08T07:41:24.4230000-06:00,in
37,USC00051772,Snow,2005-09-18T00:00:00.0000000-06:00,0.000000,P,,0,,NOAA,2013-08-08T07:41:24.4230000-06:00,in
37,USC00051772,Snow,2005-09-19T00:00:00.0000000-06:00,0.000000,P,,0,,NOAA,2013-08-08T07:41:24.4230000-06:00,in
37,USC00051772,Snow,2005-09-20T00:00:00.0000000-06:00,0.000000,P,,0,,NOAA,2013-08-08T07:41:24.4230000-06:00,in
37,USC00051772,Snow,2005-09-21T00:00:00.0000000-06:00,0.000000,P,,0,,NOAA,2013-08-08T07:41:24.4230000-06:00,in
37,USC00051772,Snow,2005-09-22T00:00:00.0000000-06:00,0.000000,P,,0,,NOAA,2013-08-08T07:41:24.4230000-06:00,in
37,USC00051772,Snow,2005-09-23T00:00:00.0000000-06:00,0.000000,P,,0,,NOAA,2013-08-08T07:41:24.4230000-06:00,in
37,USC00051772,Snow,2005-09-24T00:00:00.0000000-06:00,0.000000,P,,0,,NOAA,2013-08-08T07:41:24.4230000-06:00,in
37,USC00051772,Snow,2005-09-25T00:00:00.0000000-06:00,0.000000,P,,0,,NOAA,2013-08-08T07:41:24.4230000-06:00,in
37,USC00051772,Snow,2005-09-26T00:00:00.0000000-06:00,0.000000,P,,0,,NOAA,2013-08-08T07:41:24.4230000-06:00,in
37,USC00051772,Snow,2005-09-27T00:00:00.0000000-06:00,0.000000,P,,0,,NOAA,2013-08-08T07:41:24.4230000-06:00,in
37,USC00051772,Snow,2005-09-28T00:00:00.0000000-06:00,0.000000,P,,0,,NOAA,2013-08-08T07:41:24.4230000-06:00,in
37,USC00051772,Snow,2005-09-29T00:00:00.0000000-06:00,0.000000,P,,0,,NOAA,2013-08-08T07:41:24.4230000-06:00,in
37,USC00051772,Snow,2005-09-30T00:00:00.0000000-06:00,0.000000,P,,0,,NOAA,2013-08-08T07:41:24.4230000-06:00,in
37,USC00051772,Snow,2005-10-01T00:00:00.0000000-06:00,0.000000,P,,0,,NOAA,2013-08-08T07:41:24.4230000-06:00,in
37,USC00051772,Snow,2005-10-02T00:00:00.0000000-06:00,0.000000,P,,0,,NOAA,2013-08-08T07:41:24.4230000-06:00,in
37,USC00051772,Snow,2005-10-03T00:00:00.0000000-06:00,0.000000,P,,0,,NOAA,2013-08-08T07:41:24.4230000-06:00,in
37,USC00051772,Snow,2005-10-04T00:00:00.0000000-06:00,0.000000,P,,0,,NOAA,2013-08-08T07:41:24.4230000-06:00,in
37,USC00051772,Snow,2005-10-05T00:00:00.0000000-06:00,0.000000,P,,0,,NOAA,2013-08-08T07:41:24.4230000-06:00,in
37,USC00051772,Snow,2005-10-06T00:00:00.0000000-06:00,0.000000,P,,0,,NOAA,2013-08-08T07:41:24.4230000-06:00,in
37,USC00051772,Snow,2005-10-07T00:00:00.0000000-06:00,0.000000,P,,0,,NOAA,2013-08-08T07:41:24.4230000-06:00,in
37,USC00051772,Snow,2005-10-08T00:00:00.0000000-06:00,0.000000,P,,0,,NOAA,2013-08-08T07:41:24.4230000-06:00,in
37,USC00051772,Snow,2005-10-09T00:00:00.0000000-06:00,0.000000,P,,0,,NOAA,2013-08-08T07:41:24.4230000-06:00,in
37,USC00051772,Snow,2005-10-10T00:00:00.0000000-06:00,0.000000,P,,0,,NOAA,2013-08-08T07:41:24.4230000-06:00,in
37,USC00051772,Snow,2005-10-11T00:00:00.0000000-06:00,0.000000,P,,0,,NOAA,2013-08-08T07:41:24.4230000-06:00,in
37,USC00051772,Snow,2005-10-12T00:00:00.0000000-06:00,0.000000,P,,0,,NOAA,2013-08-08T07:41:24.4230000-06:00,in
37,USC00051772,Snow,2005-10-13T00:00:00.0000000-06:00,0.000000,P,,0,,NOAA,2013-08-08T07:41:24.4230000-06:00,in
37,USC00051772,Snow,2005-10-14T00:00:00.0000000-06:00,0.000000,P,,0,,NOAA,2013-08-08T07:41:24.4230000-06:00,in
37,USC00051772,Snow,2005-10-15T00:00:00.0000000-06:00,0.000000,P,,0,,NOAA,2013-08-08T07:41:24.4230000-06:00,in
37,USC00051772,Snow,2005-10-16T00:00:00.0000000-06:00,0.000000,P,,0,,NOAA,2013-08-08T07:41:24.4230000-06:00,in
37,USC00051772,Snow,2005-10-17T00:00:00.0000000-06:00,0.000000,P,,0,,NOAA,2013-08-08T07:41:24.4230000-06:00,in
37,USC00051772,Snow,2005-10-18T00:00:00.0000000-06:00,0.000000,P,,0,,NOAA,2013-08-08T07:41:24.4230000-06:00,in
37,USC00051772,Snow,2005-10-19T00:00:00.0000000-06:00,0.000000,P,,0,,NOAA,2013-08-08T07:41:24.4230000-06:00,in
37,USC00051772,Snow,2005-10-20T00:00:00.0000000-06:00,0.000000,P,,0,,NOAA,2013-08-08T07:41:24.4230000-06:00,in
37,USC00051772,Snow,2005-10-21T00:00:00.0000000-06:00,0.000000,P,,0,,NOAA,2013-08-08T07:41:24.4230000-06:00,in
37,USC00051772,Snow,2005-10-22T00:00:00.0000000-06:00,0.000000,P,,0,,NOAA,2013-08-08T07:41:24.4230000-06:00,in
37,USC00051772,Snow,2005-10-23T00:00:00.0000000-06:00,0.000000,P,,0,,NOAA,2013-08-08T07:41:24.4230000-06:00,in
37,USC00051772,Snow,2005-10-24T00:00:00.0000000-06:00,0.000000,P,,0,,NOAA,2013-08-08T07:41:24.4230000-06:00,in
37,USC00051772,Snow,2005-10-25T00:00:00.0000000-06:00,0.000000,P,,0,,NOAA,2013-08-08T07:41:24.4230000-06:00,in
37,USC00051772,Snow,2005-10-26T00:00:00.0000000-06:00,0.000000,P,,0,,NOAA,2013-08-08T07:41:24.4230000-06:00,in
37,USC00051772,Snow,2005-10-27T00:00:00.0000000-06:00,0.000000,P,,0,,NOAA,2013-08-08T07:41:24.4230000-06:00,in
37,USC00051772,Snow,2005-10-28T00:00:00.0000000-06:00,0.000000,P,,0,,NOAA,2013-08-08T07:41:24.4230000-06:00,in
37,USC00051772,Snow,2005-10-29T00:00:00.0000000-06:00,0.000000,P,,0,,NOAA,2013-08-08T07:41:24.4230000-06:00,in
37,USC00051772,Snow,2005-10-30T00:00:00.0000000-06:00,0.000000,P,,0,,NOAA,2013-08-08T07:41:24.4230000-06:00,in
37,USC00051772,Snow,2005-10-31T00:00:00.0000000-07:00,0.000000,P,,0,,NOAA,2013-08-08T07:41:24.4230000-06:00,in
37,USC00051772,Snow,2005-11-01T00:00:00.0000000-07:00,0.000000,P,,0,,NOAA,2013-08-08T07:41:24.4230000-06:00,in
37,USC00051772,Snow,2005-11-02T00:00:00.0000000-07:00,0.000000,P,,0,,NOAA,2013-08-08T07:41:24.4230000-06:00,in
37,USC00051772,Snow,2005-11-03T00:00:00.0000000-07:00,0.000000,P,,0,,NOAA,2013-08-08T07:41:24.4230000-06:00,in
37,USC00051772,Snow,2005-11-04T00:00:00.0000000-07:00,0.000000,P,,0,,NOAA,2013-08-08T07:41:24.4230000-06:00,in
37,USC00051772,Snow,2005-11-05T00:00:00.0000000-07:00,0.000000,P,,0,,NOAA,2013-08-08T07:41:24.4230000-06:00,in
37,USC00051772,Snow,2005-11-06T00:00:00.0000000-07:00,0.000000,P,,0,,NOAA,2013-08-08T07:41:24.4230000-06:00,in
37,USC00051772,Snow,2005-11-07T00:00:00.0000000-07:00,0.000000,P,,0,,NOAA,2013-08-08T07:41:24.4230000-06:00,in
37,USC00051772,Snow,2005-11-08T00:00:00.0000000-07:00,0.000000,P,,0,,NOAA,2013-08-08T07:41:24.4230000-06:00,in
37,USC00051772,Snow,2005-11-09T00:00:00.0000000-07:00,0.000000,P,,0,,NOAA,2013-08-08T07:41:24.4230000-06:00,in
37,USC00051772,Snow,2005-11-10T00:00:00.0000000-07:00,0.000000,P,,0,,NOAA,2013-08-08T07:41:24.4230000-06:00,in
37,USC00051772,Snow,2005-11-11T00:00:00.0000000-07:00,0.000000,P,,0,,NOAA,2013-08-08T07:41:24.4230000-06:00,in
37,USC00051772,Snow,2005-11-12T00:00:00.0000000-07:00,0.000000,P,,0,,NOAA,2013-08-08T07:41:24.4230000-06:00,in
37,USC00051772,Snow,2005-11-13T00:00:00.0000000-07:00,0.000000,P,,0,,NOAA,2013-08-08T07:41:24.4230000-06:00,in
37,USC00051772,Snow,2005-11-14T00:00:00.0000000-07:00,0.000000,P,,0,,NOAA,2013-08-08T07:41:24.4230000-06:00,in
37,USC00051772,Snow,2005-11-15T00:00:00.0000000-07:00,0.000000,P,,0,,NOAA,2013-08-08T07:41:24.4230000-06:00,in
37,USC00051772,Snow,2005-11-16T00:00:00.0000000-07:00,0.000000,P,,0,,NOAA,2013-08-08T07:41:24.4230000-06:00,in
37,USC00051772,Snow,2005-11-17T00:00:00.0000000-07:00,0.000000,P,,0,,NOAA,2013-08-08T07:41:24.4230000-06:00,in
37,USC00051772,Snow,2005-11-18T00:00:00.0000000-07:00,0.000000,P,,0,,NOAA,2013-08-08T07:41:24.4230000-06:00,in
37,USC00051772,Snow,2005-11-19T00:00:00.0000000-07:00,0.000000,P,,0,,NOAA,2013-08-08T07:41:24.4230000-06:00,in
37,USC00051772,Snow,2005-11-20T00:00:00.0000000-07:00,0.000000,P,,0,,NOAA,2013-08-08T07:41:24.4230000-06:00,in
37,USC00051772,Snow,2005-11-21T00:00:00.0000000-07:00,0.000000,P,,0,,NOAA,2013-08-08T07:41:24.4230000-06:00,in
37,USC00051772,Snow,2005-11-22T00:00:00.0000000-07:00,0.000000,P,,0,,NOAA,2013-08-08T07:41:24.4230000-06:00,in
37,USC00051772,Snow,2005-11-23T00:00:00.0000000-07:00,0.000000,P,,0,,NOAA,2013-08-08T07:41:24.4230000-06:00,in
37,USC00051772,Snow,2005-11-24T00:00:00.0000000-07:00,0.000000,P,,0,,NOAA,2013-08-08T07:41:24.4230000-06:00,in
37,USC00051772,Snow,2005-11-25T00:00:00.0000000-07:00,0.000000,P,,0,,NOAA,2013-08-08T07:41:24.4230000-06:00,in
37,USC00051772,Snow,2005-11-26T00:00:00.0000000-07:00,0.000000,P,,0,,NOAA,2013-08-08T07:41:24.4230000-06:00,in
37,USC00051772,Snow,2005-11-27T00:00:00.0000000-07:00,0.000000,P,,0,,NOAA,2013-08-08T07:41:24.4230000-06:00,in
37,USC00051772,Snow,2005-11-28T00:00:00.0000000-07:00,0.000000,P,,0,,NOAA,2013-08-08T07:41:24.4230000-06:00,in
37,USC00051772,Snow,2005-11-29T00:00:00.0000000-07:00,0.000000,P,,0,,NOAA,2013-08-08T07:41:24.4230000-06:00,in
37,USC00051772,Snow,2005-11-30T00:00:00.0000000-07:00,0.000000,P,,0,,NOAA,2013-08-08T07:41:24.4230000-06:00,in
37,USC00051772,Snow,2005-12-01T00:00:00.0000000-07:00,0.000000,P,,0,,NOAA,2013-08-08T07:41:24.4230000-06:00,in
37,USC00051772,Snow,2005-12-02T00:00:00.0000000-07:00,0.000000,P,,0,,NOAA,2013-08-08T07:41:24.4230000-06:00,in
37,USC00051772,Snow,2005-12-03T00:00:00.0000000-07:00,2.992126,,,0,,NOAA,2013-08-08T07:41:24.4230000-06:00,in
37,USC00051772,Snow,2005-12-04T00:00:00.0000000-07:00,0.000000,P,,0,,NOAA,2013-08-08T07:41:24.4230000-06:00,in
37,USC00051772,Snow,2005-12-05T00:00:00.0000000-07:00,0.000000,P,,0,,NOAA,2013-08-08T07:41:24.4230000-06:00,in
37,USC00051772,Snow,2005-12-06T00:00:00.0000000-07:00,0.000000,P,,0,,NOAA,2013-08-08T07:41:24.4230000-06:00,in
37,USC00051772,Snow,2005-12-07T00:00:00.0000000-07:00,0.118110,,,0,,NOAA,2013-08-08T07:41:24.4230000-06:00,in
37,USC00051772,Snow,2005-12-08T00:00:00.0000000-07:00,0.984252,,,0,,NOAA,2013-08-08T07:41:24.4230000-06:00,in
37,USC00051772,Snow,2005-12-09T00:00:00.0000000-07:00,0.000000,P,,0,,NOAA,2013-08-08T07:41:24.4230000-06:00,in
37,USC00051772,Snow,2005-12-10T00:00:00.0000000-07:00,0.000000,P,,0,,NOAA,2013-08-08T07:41:24.4230000-06:00,in
37,USC00051772,Snow,2005-12-11T00:00:00.0000000-07:00,0.984252,,,0,,NOAA,2013-08-08T07:41:24.4230000-06:00,in
37,USC00051772,Snow,2005-12-12T00:00:00.0000000-07:00,0.000000,P,,0,,NOAA,2013-08-08T07:41:24.4230000-06:00,in
37,USC00051772,Snow,2005-12-13T00:00:00.0000000-07:00,0.000000,P,,0,,NOAA,2013-08-08T07:41:24.4230000-06:00,in
37,USC00051772,Snow,2005-12-14T00:00:00.0000000-07:00,0.000000,P,,0,,NOAA,2013-08-08T07:41:24.4230000-06:00,in
37,USC00051772,Snow,2005-12-15T00:00:00.0000000-07:00,0.000000,P,,0,,NOAA,2013-08-08T07:41:24.4230000-06:00,in
37,USC00051772,Snow,2005-12-16T00:00:00.0000000-07:00,0.000000,P,,0,,NOAA,2013-08-08T07:41:24.4230000-06:00,in
37,USC00051772,Snow,2005-12-17T00:00:00.0000000-07:00,0.000000,P,,0,,NOAA,2013-08-08T07:41:24.4230000-06:00,in
37,USC00051772,Snow,2005-12-18T00:00:00.0000000-07:00,0.000000,P,,0,,NOAA,2013-08-08T07:41:24.4230000-06:00,in
37,USC00051772,Snow,2005-12-19T00:00:00.0000000-07:00,0.708661,,,0,,NOAA,2013-08-08T07:41:24.4230000-06:00,in
37,USC00051772,Snow,2005-12-20T00:00:00.0000000-07:00,0.000000,P,,0,,NOAA,2013-08-08T07:41:24.4230000-06:00,in
37,USC00051772,Snow,2005-12-21T00:00:00.0000000-07:00,0.000000,P,,0,,NOAA,2013-08-08T07:41:24.4230000-06:00,in
37,USC00051772,Snow,2005-12-22T00:00:00.0000000-07:00,0.000000,P,,0,,NOAA,2013-08-08T07:41:24.4230000-06:00,in
37,USC00051772,Snow,2005-12-23T00:00:00.0000000-07:00,0.000000,P,,0,,NOAA,2013-08-08T07:41:24.4230000-06:00,in
37,USC00051772,Snow,2005-12-24T00:00:00.0000000-07:00,0.000000,P,,0,,NOAA,2013-08-08T07:41:24.4230000-06:00,in
37,USC00051772,Snow,2005-12-25T00:00:00.0000000-07:00,0.000000,P,,0,,NOAA,2013-08-08T07:41:24.4230000-06:00,in
37,USC00051772,Snow,2005-12-26T00:00:00.0000000-07:00,0.000000,P,,0,,NOAA,2013-08-08T07:41:24.4230000-06:00,in
37,USC00051772,Snow,2005-12-27T00:00:00.0000000-07:00,0.000000,P,,0,,NOAA,2013-08-08T07:41:24.4230000-06:00,in
37,USC00051772,Snow,2005-12-28T00:00:00.0000000-07:00,0.000000,P,,0,,NOAA,2013-08-08T07:41:24.4230000-06:00,in
37,USC00051772,Snow,2005-12-29T00:00:00.0000000-07:00,0.000000,P,,0,,NOAA,2013-08-08T07:41:24.4230000-06:00,in
37,USC00051772,Snow,2005-12-30T00:00:00.0000000-07:00,0.000000,P,,0,,NOAA,2013-08-08T07:41:24.4230000-06:00,in
37,USC00051772,Snow,2005-12-31T00:00:00.0000000-07:00,0.000000,P,,0,,NOAA,2013-08-08T07:41:24.4230000-06:00,in
37,USC00051772,Snow,2006-01-01T00:00:00.0000000-07:00,0.000000,P,,0,,NOAA,2013-08-08T07:41:24.4230000-06:00,in
37,USC00051772,Snow,2006-01-02T00:00:00.0000000-07:00,0.000000,P,,0,,NOAA,2013-08-08T07:41:24.4230000-06:00,in
37,USC00051772,Snow,2006-01-03T00:00:00.0000000-07:00,0.000000,P,,0,,NOAA,2013-08-08T07:41:24.4230000-06:00,in
37,USC00051772,Snow,2006-01-04T00:00:00.0000000-07:00,0.000000,P,,0,,NOAA,2013-08-08T07:41:24.4230000-06:00,in
37,USC00051772,Snow,2006-01-05T00:00:00.0000000-07:00,0.000000,P,,0,,NOAA,2013-08-08T07:41:24.4230000-06:00,in
37,USC00051772,Snow,2006-01-06T00:00:00.0000000-07:00,0.000000,P,,0,,NOAA,2013-08-08T07:41:24.4230000-06:00,in
37,USC00051772,Snow,2006-01-07T00:00:00.0000000-07:00,0.000000,P,,0,,NOAA,2013-08-08T07:41:24.4230000-06:00,in
37,USC00051772,Snow,2006-01-08T00:00:00.0000000-07:00,0.000000,P,,0,,NOAA,2013-08-08T07:41:24.4230000-06:00,in
37,USC00051772,Snow,2006-01-09T00:00:00.0000000-07:00,0.000000,P,,0,,NOAA,2013-08-08T07:41:24.4230000-06:00,in
37,USC00051772,Snow,2006-01-10T00:00:00.0000000-07:00,0.000000,P,,0,,NOAA,2013-08-08T07:41:24.4230000-06:00,in
37,USC00051772,Snow,2006-01-11T00:00:00.0000000-07:00,0.000000,P,,0,,NOAA,2013-08-08T07:41:24.4230000-06:00,in
37,USC00051772,Snow,2006-01-12T00:00:00.0000000-07:00,0.118110,,,0,,NOAA,2013-08-08T07:41:24.4230000-06:00,in
37,USC00051772,Snow,2006-01-13T00:00:00.0000000-07:00,0.000000,P,,0,,NOAA,2013-08-08T07:41:24.4230000-06:00,in
37,USC00051772,Snow,2006-01-14T00:00:00.0000000-07:00,0.000000,P,,0,,NOAA,2013-08-08T07:41:24.4230000-06:00,in
37,USC00051772,Snow,2006-01-15T00:00:00.0000000-07:00,0.000000,T,,0,,NOAA,2013-08-08T07:41:24.4230000-06:00,in
37,USC00051772,Snow,2006-01-16T00:00:00.0000000-07:00,1.692913,,,0,,NOAA,2013-08-08T07:41:24.4230000-06:00,in
37,USC00051772,Snow,2006-01-17T00:00:00.0000000-07:00,0.000000,P,,0,,NOAA,2013-08-08T07:41:24.4230000-06:00,in
37,USC00051772,Snow,2006-01-18T00:00:00.0000000-07:00,0.000000,P,,0,,NOAA,2013-08-08T07:41:24.4230000-06:00,in
37,USC00051772,Snow,2006-01-19T00:00:00.0000000-07:00,1.417323,,,0,,NOAA,2013-08-08T07:41:24.4230000-06:00,in
37,USC00051772,Snow,2006-01-20T00:00:00.0000000-07:00,0.000000,P,,0,,NOAA,2013-08-08T07:41:24.4230000-06:00,in
37,USC00051772,Snow,2006-01-21T00:00:00.0000000-07:00,0.000000,P,,0,,NOAA,2013-08-08T07:41:24.4230000-06:00,in
37,USC00051772,Snow,2006-01-22T00:00:00.0000000-07:00,0.000000,P,,0,,NOAA,2013-08-08T07:41:24.4230000-06:00,in
37,USC00051772,Snow,2006-01-23T00:00:00.0000000-07:00,0.000000,P,,0,,NOAA,2013-08-08T07:41:24.4230000-06:00,in
37,USC00051772,Snow,2006-01-24T00:00:00.0000000-07:00,0.000000,P,,0,,NOAA,2013-08-08T07:41:24.4230000-06:00,in
37,USC00051772,Snow,2006-01-25T00:00:00.0000000-07:00,0.000000,P,,0,,NOAA,2013-08-08T07:41:24.4230000-06:00,in
37,USC00051772,Snow,2006-01-26T00:00:00.0000000-07:00,1.102362,,,0,,NOAA,2013-08-08T07:41:24.4230000-06:00,in
37,USC00051772,Snow,2006-01-27T00:00:00.0000000-07:00,0.000000,T,,0,,NOAA,2013-08-08T07:41:24.4230000-06:00,in
37,USC00051772,Snow,2006-01-28T00:00:00.0000000-07:00,0.000000,P,,0,,NOAA,2013-08-08T07:41:24.4230000-06:00,in
37,USC00051772,Snow,2006-01-29T00:00:00.0000000-07:00,0.118110,,,0,,NOAA,2013-08-08T07:41:24.4230000-06:00,in
37,USC00051772,Snow,2006-01-30T00:00:00.0000000-07:00,0.000000,P,,0,,NOAA,2013-08-08T07:41:24.4230000-06:00,in
37,USC00051772,Snow,2006-01-31T00:00:00.0000000-07:00,0.000000,P,,0,,NOAA,2013-08-08T07:41:24.4230000-06:00,in
37,USC00051772,Snow,2006-02-01T00:00:00.0000000-07:00,0.000000,P,,0,,NOAA,2013-08-08T07:41:24.4230000-06:00,in
37,USC00051772,Snow,2006-02-02T00:00:00.0000000-07:00,0.000000,P,,0,,NOAA,2013-08-08T07:41:24.4230000-06:00,in
37,USC00051772,Snow,2006-02-03T00:00:00.0000000-07:00,0.000000,P,,0,,NOAA,2013-08-08T07:41:24.4230000-06:00,in
37,USC00051772,Snow,2006-02-04T00:00:00.0000000-07:00,0.000000,P,,0,,NOAA,2013-08-08T07:41:24.4230000-06:00,in
37,USC00051772,Snow,2006-02-05T00:00:00.0000000-07:00,0.000000,P,,0,,NOAA,2013-08-08T07:41:24.4230000-06:00,in
37,USC00051772,Snow,2006-02-06T00:00:00.0000000-07:00,0.000000,P,,0,,NOAA,2013-08-08T07:41:24.4230000-06:00,in
37,USC00051772,Snow,2006-02-07T00:00:00.0000000-07:00,0.000000,P,,0,,NOAA,2013-08-08T07:41:24.4230000-06:00,in
37,USC00051772,Snow,2006-02-08T00:00:00.0000000-07:00,0.000000,P,,0,,NOAA,2013-08-08T07:41:24.4230000-06:00,in
37,USC00051772,Snow,2006-02-09T00:00:00.0000000-07:00,0.000000,P,,0,,NOAA,2013-08-08T07:41:24.4230000-06:00,in
37,USC00051772,Snow,2006-02-10T00:00:00.0000000-07:00,0.000000,P,,0,,NOAA,2013-08-08T07:41:24.4230000-06:00,in
37,USC00051772,Snow,2006-02-11T00:00:00.0000000-07:00,0.000000,P,,0,,NOAA,2013-08-08T07:41:24.4230000-06:00,in
37,USC00051772,Snow,2006-02-12T00:00:00.0000000-07:00,0.000000,P,,0,,NOAA,2013-08-08T07:41:24.4230000-06:00,in
37,USC00051772,Snow,2006-02-13T00:00:00.0000000-07:00,0.000000,P,,0,,NOAA,2013-08-08T07:41:24.4230000-06:00,in
37,USC00051772,Snow,2006-02-14T00:00:00.0000000-07:00,0.000000,P,,0,,NOAA,2013-08-08T07:41:24.4230000-06:00,in
37,USC00051772,Snow,2006-02-15T00:00:00.0000000-07:00,0.000000,P,,0,,NOAA,2013-08-08T07:41:24.4230000-06:00,in
37,USC00051772,Snow,2006-02-16T00:00:00.0000000-07:00,0.000000,P,,0,,NOAA,2013-08-08T07:41:24.4230000-06:00,in
37,USC00051772,Snow,2006-02-17T00:00:00.0000000-07:00,0.000000,P,,0,,NOAA,2013-08-08T07:41:24.4230000-06:00,in
37,USC00051772,Snow,2006-02-18T00:00:00.0000000-07:00,0.000000,P,,0,,NOAA,2013-08-08T07:41:24.4230000-06:00,in
37,USC00051772,Snow,2006-02-19T00:00:00.0000000-07:00,0.000000,T,,0,,NOAA,2013-08-08T07:41:24.4230000-06:00,in
37,USC00051772,Snow,2006-02-20T00:00:00.0000000-07:00,0.393701,,,0,,NOAA,2013-08-08T07:41:24.4230000-06:00,in
37,USC00051772,Snow,2006-02-21T00:00:00.0000000-07:00,0.000000,P,,0,,NOAA,2013-08-08T07:41:24.4230000-06:00,in
37,USC00051772,Snow,2006-02-22T00:00:00.0000000-07:00,0.000000,P,,0,,NOAA,2013-08-08T07:41:24.4230000-06:00,in
37,USC00051772,Snow,2006-02-23T00:00:00.0000000-07:00,0.000000,P,,0,,NOAA,2013-08-08T07:41:24.4230000-06:00,in
37,USC00051772,Snow,2006-02-24T00:00:00.0000000-07:00,0.000000,P,,0,,NOAA,2013-08-08T07:41:24.4230000-06:00,in
37,USC00051772,Snow,2006-02-25T00:00:00.0000000-07:00,0.000000,P,,0,,NOAA,2013-08-08T07:41:24.4230000-06:00,in
37,USC00051772,Snow,2006-02-26T00:00:00.0000000-07:00,0.000000,P,,0,,NOAA,2013-08-08T07:41:24.4230000-06:00,in
37,USC00051772,Snow,2006-02-27T00:00:00.0000000-07:00,0.000000,P,,0,,NOAA,2013-08-08T07:41:24.4230000-06:00,in
37,USC00051772,Snow,2006-02-28T00:00:00.0000000-07:00,0.000000,P,,0,,NOAA,2013-08-08T07:41:24.4230000-06:00,in
37,USC00051772,Snow,2006-03-01T00:00:00.0000000-07:00,0.000000,P,,0,,NOAA,2013-08-08T07:41:24.4230000-06:00,in
37,USC00051772,Snow,2006-03-02T00:00:00.0000000-07:00,0.000000,P,,0,,NOAA,2013-08-08T07:41:24.4230000-06:00,in
37,USC00051772,Snow,2006-03-03T00:00:00.0000000-07:00,0.000000,P,,0,,NOAA,2013-08-08T07:41:24.4230000-06:00,in
37,USC00051772,Snow,2006-03-04T00:00:00.0000000-07:00,0.000000,P,,0,,NOAA,2013-08-08T07:41:24.4230000-06:00,in
37,USC00051772,Snow,2006-03-05T00:00:00.0000000-07:00,0.000000,P,,0,,NOAA,2013-08-08T07:41:24.4230000-06:00,in
37,USC00051772,Snow,2006-03-06T00:00:00.0000000-07:00,0.000000,P,,0,,NOAA,2013-08-08T07:41:24.4230000-06:00,in
37,USC00051772,Snow,2006-03-07T00:00:00.0000000-07:00,0.000000,P,,0,,NOAA,2013-08-08T07:41:24.4230000-06:00,in
37,USC00051772,Snow,2006-03-08T00:00:00.0000000-07:00,0.314961,,,0,,NOAA,2013-08-08T07:41:24.4230000-06:00,in
37,USC00051772,Snow,2006-03-09T00:00:00.0000000-07:00,0.000000,P,,0,,NOAA,2013-08-08T07:41:24.4230000-06:00,in
37,USC00051772,Snow,2006-03-10T00:00:00.0000000-07:00,0.000000,P,,0,,NOAA,2013-08-08T07:41:24.4230000-06:00,in
37,USC00051772,Snow,2006-03-11T00:00:00.0000000-07:00,1.496063,,,0,,NOAA,2013-08-08T07:41:24.4230000-06:00,in
37,USC00051772,Snow,2006-03-12T00:00:00.0000000-07:00,2.204724,,,0,,NOAA,2013-08-08T07:41:24.4230000-06:00,in
37,USC00051772,Snow,2006-03-13T00:00:00.0000000-07:00,0.000000,P,,0,,NOAA,2013-08-08T07:41:24.4230000-06:00,in
37,USC00051772,Snow,2006-03-14T00:00:00.0000000-07:00,0.000000,P,,0,,NOAA,2013-08-08T07:41:24.4230000-06:00,in
37,USC00051772,Snow,2006-03-15T00:00:00.0000000-07:00,0.000000,P,,0,,NOAA,2013-08-08T07:41:24.4230000-06:00,in
37,USC00051772,Snow,2006-03-16T00:00:00.0000000-07:00,0.000000,P,,0,,NOAA,2013-08-08T07:41:24.4230000-06:00,in
37,USC00051772,Snow,2006-03-17T00:00:00.0000000-07:00,0.000000,P,,0,,NOAA,2013-08-08T07:41:24.4230000-06:00,in
37,USC00051772,Snow,2006-03-18T00:00:00.0000000-07:00,0.000000,P,,0,,NOAA,2013-08-08T07:41:24.4230000-06:00,in
37,USC00051772,Snow,2006-03-19T00:00:00.0000000-07:00,0.000000,P,,0,,NOAA,2013-08-08T07:41:24.4230000-06:00,in
37,USC00051772,Snow,2006-03-20T00:00:00.0000000-07:00,0.000000,P,,0,,NOAA,2013-08-08T07:41:24.4230000-06:00,in
37,USC00051772,Snow,2006-03-21T00:00:00.0000000-07:00,0.000000,P,,0,,NOAA,2013-08-08T07:41:24.4230000-06:00,in
37,USC00051772,Snow,2006-03-22T00:00:00.0000000-07:00,0.000000,P,,0,,NOAA,2013-08-08T07:41:24.4230000-06:00,in
37,USC00051772,Snow,2006-03-23T00:00:00.0000000-07:00,0.000000,P,,0,,NOAA,2013-08-08T07:41:24.4230000-06:00,in
37,USC00051772,Snow,2006-03-24T00:00:00.0000000-07:00,0.000000,P,,0,,NOAA,2013-08-08T07:41:24.4230000-06:00,in
37,USC00051772,Snow,2006-03-25T00:00:00.0000000-07:00,0.000000,P,,0,,NOAA,2013-08-08T07:41:24.4230000-06:00,in
37,USC00051772,Snow,2006-03-26T00:00:00.0000000-07:00,0.000000,P,,0,,NOAA,2013-08-08T07:41:24.4230000-06:00,in
37,USC00051772,Snow,2006-03-27T00:00:00.0000000-07:00,0.000000,P,,0,,NOAA,2013-08-08T07:41:24.4230000-06:00,in
37,USC00051772,Snow,2006-03-28T00:00:00.0000000-07:00,0.000000,P,,0,,NOAA,2013-08-08T07:41:24.4230000-06:00,in
37,USC00051772,Snow,2006-03-29T00:00:00.0000000-07:00,0.000000,P,,0,,NOAA,2013-08-08T07:41:24.4230000-06:00,in
37,USC00051772,Snow,2006-03-30T00:00:00.0000000-07:00,0.000000,P,,0,,NOAA,2013-08-08T07:41:24.4230000-06:00,in
37,USC00051772,Snow,2006-03-31T00:00:00.0000000-07:00,0.000000,P,,0,,NOAA,2013-08-08T07:41:24.4230000-06:00,in
37,USC00051772,Snow,2006-04-01T00:00:00.0000000-07:00,0.000000,P,,0,,NOAA,2013-08-08T07:41:24.4230000-06:00,in
37,USC00051772,Snow,2006-04-02T00:00:00.0000000-07:00,0.000000,P,,0,,NOAA,2013-08-08T07:41:24.4230000-06:00,in
37,USC00051772,Snow,2006-04-03T00:00:00.0000000-06:00,0.000000,P,,0,,NOAA,2013-08-08T07:41:24.4230000-06:00,in
37,USC00051772,Snow,2006-04-04T00:00:00.0000000-06:00,0.000000,P,,0,,NOAA,2013-08-08T07:41:24.4230000-06:00,in
37,USC00051772,Snow,2006-04-05T00:00:00.0000000-06:00,0.000000,P,,0,,NOAA,2013-08-08T07:41:24.4230000-06:00,in
37,USC00051772,Snow,2006-04-06T00:00:00.0000000-06:00,0.000000,P,,0,,NOAA,2013-08-08T07:41:24.4230000-06:00,in
37,USC00051772,Snow,2006-04-07T00:00:00.0000000-06:00,0.000000,P,,0,,NOAA,2013-08-08T07:41:24.4230000-06:00,in
37,USC00051772,Snow,2006-04-08T00:00:00.0000000-06:00,0.000000,P,,0,,NOAA,2013-08-08T07:41:24.4230000-06:00,in
37,USC00051772,Snow,2006-04-09T00:00:00.0000000-06:00,0.000000,P,,0,,NOAA,2013-08-08T07:41:24.4230000-06:00,in
37,USC00051772,Snow,2006-04-10T00:00:00.0000000-06:00,0.000000,P,,0,,NOAA,2013-08-08T07:41:24.4230000-06:00,in
37,USC00051772,Snow,2006-04-11T00:00:00.0000000-06:00,0.000000,P,,0,,NOAA,2013-08-08T07:41:24.4230000-06:00,in
37,USC00051772,Snow,2006-04-12T00:00:00.0000000-06:00,0.000000,P,,0,,NOAA,2013-08-08T07:41:24.4230000-06:00,in
37,USC00051772,Snow,2006-04-13T00:00:00.0000000-06:00,0.000000,P,,0,,NOAA,2013-08-08T07:41:24.4230000-06:00,in
37,USC00051772,Snow,2006-04-14T00:00:00.0000000-06:00,0.000000,P,,0,,NOAA,2013-08-08T07:41:24.4230000-06:00,in
37,USC00051772,Snow,2006-04-15T00:00:00.0000000-06:00,0.000000,P,,0,,NOAA,2013-08-08T07:41:24.4230000-06:00,in
37,USC00051772,Snow,2006-04-16T00:00:00.0000000-06:00,0.000000,P,,0,,NOAA,2013-08-08T07:41:24.4230000-06:00,in
37,USC00051772,Snow,2006-04-17T00:00:00.0000000-06:00,0.000000,P,,0,,NOAA,2013-08-08T07:41:24.4230000-06:00,in
37,USC00051772,Snow,2006-04-18T00:00:00.0000000-06:00,0.000000,P,,0,,NOAA,2013-08-08T07:41:24.4230000-06:00,in
37,USC00051772,Snow,2006-04-19T00:00:00.0000000-06:00,0.000000,P,,0,,NOAA,2013-08-08T07:41:24.4230000-06:00,in
37,USC00051772,Snow,2006-04-20T00:00:00.0000000-06:00,0.000000,P,,0,,NOAA,2013-08-08T07:41:24.4230000-06:00,in
37,USC00051772,Snow,2006-04-21T00:00:00.0000000-06:00,0.000000,P,,0,,NOAA,2013-08-08T07:41:24.4230000-06:00,in
37,USC00051772,Snow,2006-04-22T00:00:00.0000000-06:00,0.000000,P,,0,,NOAA,2013-08-08T07:41:24.4230000-06:00,in
37,USC00051772,Snow,2006-04-23T00:00:00.0000000-06:00,0.000000,P,,0,,NOAA,2013-08-08T07:41:24.4230000-06:00,in
37,USC00051772,Snow,2006-04-24T00:00:00.0000000-06:00,0.000000,P,,0,,NOAA,2013-08-08T07:41:24.4230000-06:00,in
37,USC00051772,Snow,2006-04-25T00:00:00.0000000-06:00,0.000000,P,,0,,NOAA,2013-08-08T07:41:24.4230000-06:00,in
37,USC00051772,Snow,2006-04-26T00:00:00.0000000-06:00,0.000000,P,,0,,NOAA,2013-08-08T07:41:24.4230000-06:00,in
37,USC00051772,Snow,2006-04-27T00:00:00.0000000-06:00,0.000000,P,,0,,NOAA,2013-08-08T07:41:24.4230000-06:00,in
37,USC00051772,Snow,2006-04-28T00:00:00.0000000-06:00,0.000000,P,,0,,NOAA,2013-08-08T07:41:24.4230000-06:00,in
37,USC00051772,Snow,2006-04-29T00:00:00.0000000-06:00,0.000000,P,,0,,NOAA,2013-08-08T07:41:24.4230000-06:00,in
37,USC00051772,Snow,2006-04-30T00:00:00.0000000-06:00,0.000000,P,,0,,NOAA,2013-08-08T07:41:24.4230000-06:00,in
37,USC00051772,Snow,2006-05-01T00:00:00.0000000-06:00,0.000000,P,,0,,NOAA,2013-08-08T07:41:24.4230000-06:00,in
37,USC00051772,Snow,2006-05-02T00:00:00.0000000-06:00,0.000000,P,,0,,NOAA,2013-08-08T07:41:24.4230000-06:00,in
37,USC00051772,Snow,2006-05-03T00:00:00.0000000-06:00,0.000000,P,,0,,NOAA,2013-08-08T07:41:24.4230000-06:00,in
37,USC00051772,Snow,2006-05-04T00:00:00.0000000-06:00,0.000000,P,,0,,NOAA,2013-08-08T07:41:24.4230000-06:00,in
37,USC00051772,Snow,2006-05-05T00:00:00.0000000-06:00,0.000000,P,,0,,NOAA,2013-08-08T07:41:24.4230000-06:00,in
37,USC00051772,Snow,2006-05-06T00:00:00.0000000-06:00,0.000000,P,,0,,NOAA,2013-08-08T07:41:24.4230000-06:00,in
37,USC00051772,Snow,2006-05-07T00:00:00.0000000-06:00,0.000000,P,,0,,NOAA,2013-08-08T07:41:24.4230000-06:00,in
37,USC00051772,Snow,2006-05-08T00:00:00.0000000-06:00,0.000000,P,,0,,NOAA,2013-08-08T07:41:24.4230000-06:00,in
37,USC00051772,Snow,2006-05-09T00:00:00.0000000-06:00,0.000000,P,,0,,NOAA,2013-08-08T07:41:24.4230000-06:00,in
37,USC00051772,Snow,2006-05-10T00:00:00.0000000-06:00,0.000000,P,,0,,NOAA,2013-08-08T07:41:24.4230000-06:00,in
37,USC00051772,Snow,2006-05-11T00:00:00.0000000-06:00,0.000000,P,,0,,NOAA,2013-08-08T07:41:24.4230000-06:00,in
37,USC00051772,Snow,2006-05-12T00:00:00.0000000-06:00,0.000000,P,,0,,NOAA,2013-08-08T07:41:24.4230000-06:00,in
37,USC00051772,Snow,2006-05-13T00:00:00.0000000-06:00,0.000000,P,,0,,NOAA,2013-08-08T07:41:24.4230000-06:00,in
37,USC00051772,Snow,2006-05-14T00:00:00.0000000-06:00,0.000000,P,,0,,NOAA,2013-08-08T07:41:24.4230000-06:00,in
37,USC00051772,Snow,2006-05-15T00:00:00.0000000-06:00,0.000000,P,,0,,NOAA,2013-08-08T07:41:24.4230000-06:00,in
37,USC00051772,Snow,2006-05-16T00:00:00.0000000-06:00,0.000000,P,,0,,NOAA,2013-08-08T07:41:24.4230000-06:00,in
37,USC00051772,Snow,2006-05-17T00:00:00.0000000-06:00,0.000000,P,,0,,NOAA,2013-08-08T07:41:24.4230000-06:00,in
37,USC00051772,Snow,2006-05-18T00:00:00.0000000-06:00,0.000000,P,,0,,NOAA,2013-08-08T07:41:24.4230000-06:00,in
37,USC00051772,Snow,2006-05-19T00:00:00.0000000-06:00,0.000000,P,,0,,NOAA,2013-08-08T07:41:24.4230000-06:00,in
37,USC00051772,Snow,2006-05-20T00:00:00.0000000-06:00,0.000000,P,,0,,NOAA,2013-08-08T07:41:24.4230000-06:00,in
37,USC00051772,Snow,2006-05-21T00:00:00.0000000-06:00,0.000000,P,,0,,NOAA,2013-08-08T07:41:24.4230000-06:00,in
37,USC00051772,Snow,2006-05-22T00:00:00.0000000-06:00,0.000000,P,,0,,NOAA,2013-08-08T07:41:24.4230000-06:00,in
37,USC00051772,Snow,2006-05-23T00:00:00.0000000-06:00,0.000000,P,,0,,NOAA,2013-08-08T07:41:24.4230000-06:00,in
37,USC00051772,Snow,2006-05-24T00:00:00.0000000-06:00,0.000000,P,,0,,NOAA,2013-08-08T07:41:24.4230000-06:00,in
37,USC00051772,Snow,2006-05-25T00:00:00.0000000-06:00,0.000000,P,,0,,NOAA,2013-08-08T07:41:24.4230000-06:00,in
37,USC00051772,Snow,2006-05-26T00:00:00.0000000-06:00,0.000000,P,,0,,NOAA,2013-08-08T07:41:24.4230000-06:00,in
37,USC00051772,Snow,2006-05-27T00:00:00.0000000-06:00,0.000000,P,,0,,NOAA,2013-08-08T07:41:24.4230000-06:00,in
37,USC00051772,Snow,2006-05-28T00:00:00.0000000-06:00,0.000000,P,,0,,NOAA,2013-08-08T07:41:24.4230000-06:00,in
37,USC00051772,Snow,2006-05-29T00:00:00.0000000-06:00,0.000000,P,,0,,NOAA,2013-08-08T07:41:24.4230000-06:00,in
37,USC00051772,Snow,2006-05-30T00:00:00.0000000-06:00,0.000000,P,,0,,NOAA,2013-08-08T07:41:24.4230000-06:00,in
37,USC00051772,Snow,2006-05-31T00:00:00.0000000-06:00,0.000000,P,,0,,NOAA,2013-08-08T07:41:24.4230000-06:00,in
37,USC00051772,Snow,2006-06-01T00:00:00.0000000-06:00,0.000000,P,,0,,NOAA,2013-08-08T07:41:24.4230000-06:00,in
37,USC00051772,Snow,2006-06-02T00:00:00.0000000-06:00,0.000000,P,,0,,NOAA,2013-08-08T07:41:24.4230000-06:00,in
37,USC00051772,Snow,2006-06-03T00:00:00.0000000-06:00,0.000000,P,,0,,NOAA,2013-08-08T07:41:24.4230000-06:00,in
37,USC00051772,Snow,2006-06-04T00:00:00.0000000-06:00,0.000000,P,,0,,NOAA,2013-08-08T07:41:24.4230000-06:00,in
37,USC00051772,Snow,2006-06-05T00:00:00.0000000-06:00,0.000000,P,,0,,NOAA,2013-08-08T07:41:24.4230000-06:00,in
37,USC00051772,Snow,2006-06-06T00:00:00.0000000-06:00,0.000000,P,,0,,NOAA,2013-08-08T07:41:24.4230000-06:00,in
37,USC00051772,Snow,2006-06-07T00:00:00.0000000-06:00,0.000000,P,,0,,NOAA,2013-08-08T07:41:24.4230000-06:00,in
37,USC00051772,Snow,2006-06-08T00:00:00.0000000-06:00,0.000000,P,,0,,NOAA,2013-08-08T07:41:24.4230000-06:00,in
37,USC00051772,Snow,2006-06-09T00:00:00.0000000-06:00,0.000000,P,,0,,NOAA,2013-08-08T07:41:24.4230000-06:00,in
37,USC00051772,Snow,2006-06-10T00:00:00.0000000-06:00,0.000000,P,,0,,NOAA,2013-08-08T07:41:24.4230000-06:00,in
37,USC00051772,Snow,2006-06-11T00:00:00.0000000-06:00,0.000000,P,,0,,NOAA,2013-08-08T07:41:24.4230000-06:00,in
37,USC00051772,Snow,2006-06-12T00:00:00.0000000-06:00,0.000000,P,,0,,NOAA,2013-08-08T07:41:24.4230000-06:00,in
37,USC00051772,Snow,2006-06-13T00:00:00.0000000-06:00,0.000000,P,,0,,NOAA,2013-08-08T07:41:24.4230000-06:00,in
37,USC00051772,Snow,2006-06-14T00:00:00.0000000-06:00,0.000000,P,,0,,NOAA,2013-08-08T07:41:24.4230000-06:00,in
37,USC00051772,Snow,2006-06-15T00:00:00.0000000-06:00,0.000000,P,,0,,NOAA,2013-08-08T07:41:24.4230000-06:00,in
37,USC00051772,Snow,2006-06-16T00:00:00.0000000-06:00,0.000000,P,,0,,NOAA,2013-08-08T07:41:24.4230000-06:00,in
37,USC00051772,Snow,2006-06-17T00:00:00.0000000-06:00,0.000000,P,,0,,NOAA,2013-08-08T07:41:24.4230000-06:00,in
37,USC00051772,Snow,2006-06-18T00:00:00.0000000-06:00,0.000000,P,,0,,NOAA,2013-08-08T07:41:24.4230000-06:00,in
37,USC00051772,Snow,2006-06-19T00:00:00.0000000-06:00,0.000000,P,,0,,NOAA,2013-08-08T07:41:24.4230000-06:00,in
37,USC00051772,Snow,2006-06-20T00:00:00.0000000-06:00,0.000000,P,,0,,NOAA,2013-08-08T07:41:24.4230000-06:00,in
37,USC00051772,Snow,2006-06-21T00:00:00.0000000-06:00,0.000000,P,,0,,NOAA,2013-08-08T07:41:24.4230000-06:00,in
37,USC00051772,Snow,2006-06-22T00:00:00.0000000-06:00,0.000000,P,,0,,NOAA,2013-08-08T07:41:24.4230000-06:00,in
37,USC00051772,Snow,2006-06-23T00:00:00.0000000-06:00,0.000000,P,,0,,NOAA,2013-08-08T07:41:24.4230000-06:00,in
37,USC00051772,Snow,2006-06-24T00:00:00.0000000-06:00,0.000000,P,,0,,NOAA,2013-08-08T07:41:24.4230000-06:00,in
37,USC00051772,Snow,2006-06-25T00:00:00.0000000-06:00,0.000000,P,,0,,NOAA,2013-08-08T07:41:24.4230000-06:00,in
37,USC00051772,Snow,2006-06-26T00:00:00.0000000-06:00,0.000000,P,,0,,NOAA,2013-08-08T07:41:24.4230000-06:00,in
37,USC00051772,Snow,2006-06-27T00:00:00.0000000-06:00,0.000000,P,,0,,NOAA,2013-08-08T07:41:24.4230000-06:00,in
37,USC00051772,Snow,2006-06-28T00:00:00.0000000-06:00,0.000000,P,,0,,NOAA,2013-08-08T07:41:24.4230000-06:00,in
37,USC00051772,Snow,2006-06-29T00:00:00.0000000-06:00,0.000000,P,,0,,NOAA,2013-08-08T07:41:24.4230000-06:00,in
37,USC00051772,Snow,2006-06-30T00:00:00.0000000-06:00,0.000000,P,,0,,NOAA,2013-08-08T07:41:24.4230000-06:00,in
37,USC00051772,Snow,2006-07-01T00:00:00.0000000-06:00,0.000000,P,,0,,NOAA,2013-08-08T07:41:24.4230000-06:00,in
37,USC00051772,Snow,2006-07-02T00:00:00.0000000-06:00,0.000000,P,,0,,NOAA,2013-08-08T07:41:24.4230000-06:00,in
37,USC00051772,Snow,2006-07-03T00:00:00.0000000-06:00,0.000000,P,,0,,NOAA,2013-08-08T07:41:24.4230000-06:00,in
37,USC00051772,Snow,2006-07-04T00:00:00.0000000-06:00,0.000000,P,,0,,NOAA,2013-08-08T07:41:24.4230000-06:00,in
37,USC00051772,Snow,2006-07-05T00:00:00.0000000-06:00,0.000000,P,,0,,NOAA,2013-08-08T07:41:24.4230000-06:00,in
37,USC00051772,Snow,2006-07-06T00:00:00.0000000-06:00,0.000000,P,,0,,NOAA,2013-08-08T07:41:24.4230000-06:00,in
37,USC00051772,Snow,2006-07-07T00:00:00.0000000-06:00,0.000000,P,,0,,NOAA,2013-08-08T07:41:24.4230000-06:00,in
37,USC00051772,Snow,2006-07-08T00:00:00.0000000-06:00,0.000000,P,,0,,NOAA,2013-08-08T07:41:24.4230000-06:00,in
37,USC00051772,Snow,2006-07-09T00:00:00.0000000-06:00,0.000000,P,,0,,NOAA,2013-08-08T07:41:24.4230000-06:00,in
37,USC00051772,Snow,2006-07-10T00:00:00.0000000-06:00,0.000000,P,,0,,NOAA,2013-08-08T07:41:24.4230000-06:00,in
37,USC00051772,Snow,2006-07-11T00:00:00.0000000-06:00,0.000000,P,,0,,NOAA,2013-08-08T07:41:24.4230000-06:00,in
37,USC00051772,Snow,2006-07-12T00:00:00.0000000-06:00,0.000000,P,,0,,NOAA,2013-08-08T07:41:24.4230000-06:00,in
37,USC00051772,Snow,2006-07-13T00:00:00.0000000-06:00,0.000000,P,,0,,NOAA,2013-08-08T07:41:24.4230000-06:00,in
37,USC00051772,Snow,2006-07-14T00:00:00.0000000-06:00,0.000000,P,,0,,NOAA,2013-08-08T07:41:24.4230000-06:00,in
37,USC00051772,Snow,2006-07-15T00:00:00.0000000-06:00,0.000000,P,,0,,NOAA,2013-08-08T07:41:24.4230000-06:00,in
37,USC00051772,Snow,2006-07-16T00:00:00.0000000-06:00,0.000000,P,,0,,NOAA,2013-08-08T07:41:24.4230000-06:00,in
37,USC00051772,Snow,2006-07-17T00:00:00.0000000-06:00,0.000000,P,,0,,NOAA,2013-08-08T07:41:24.4230000-06:00,in
37,USC00051772,Snow,2006-07-18T00:00:00.0000000-06:00,0.000000,P,,0,,NOAA,2013-08-08T07:41:24.4230000-06:00,in
37,USC00051772,Snow,2006-07-19T00:00:00.0000000-06:00,0.000000,P,,0,,NOAA,2013-08-08T07:41:24.4230000-06:00,in
37,USC00051772,Snow,2006-07-20T00:00:00.0000000-06:00,0.000000,P,,0,,NOAA,2013-08-08T07:41:24.4230000-06:00,in
37,USC00051772,Snow,2006-07-21T00:00:00.0000000-06:00,0.000000,P,,0,,NOAA,2013-08-08T07:41:24.4230000-06:00,in
37,USC00051772,Snow,2006-07-22T00:00:00.0000000-06:00,0.000000,P,,0,,NOAA,2013-08-08T07:41:24.4230000-06:00,in
37,USC00051772,Snow,2006-07-23T00:00:00.0000000-06:00,0.000000,P,,0,,NOAA,2013-08-08T07:41:24.4230000-06:00,in
37,USC00051772,Snow,2006-07-24T00:00:00.0000000-06:00,0.000000,P,,0,,NOAA,2013-08-08T07:41:24.4230000-06:00,in
37,USC00051772,Snow,2006-07-25T00:00:00.0000000-06:00,0.000000,P,,0,,NOAA,2013-08-08T07:41:24.4230000-06:00,in
37,USC00051772,Snow,2006-07-26T00:00:00.0000000-06:00,0.000000,P,,0,,NOAA,2013-08-08T07:41:24.4230000-06:00,in
37,USC00051772,Snow,2006-07-27T00:00:00.0000000-06:00,0.000000,P,,0,,NOAA,2013-08-08T07:41:24.4230000-06:00,in
37,USC00051772,Snow,2006-07-28T00:00:00.0000000-06:00,0.000000,P,,0,,NOAA,2013-08-08T07:41:24.4230000-06:00,in
37,USC00051772,Snow,2006-07-29T00:00:00.0000000-06:00,0.000000,P,,0,,NOAA,2013-08-08T07:41:24.4230000-06:00,in
37,USC00051772,Snow,2006-07-30T00:00:00.0000000-06:00,0.000000,P,,0,,NOAA,2013-08-08T07:41:24.4230000-06:00,in
37,USC00051772,Snow,2006-07-31T00:00:00.0000000-06:00,0.000000,P,,0,,NOAA,2013-08-08T07:41:24.4230000-06:00,in
37,USC00051772,Snow,2006-08-01T00:00:00.0000000-06:00,0.000000,P,,0,,NOAA,2013-08-08T07:41:24.4230000-06:00,in
37,USC00051772,Snow,2006-08-02T00:00:00.0000000-06:00,0.000000,P,,0,,NOAA,2013-08-08T07:41:24.4230000-06:00,in
37,USC00051772,Snow,2006-08-03T00:00:00.0000000-06:00,0.000000,P,,0,,NOAA,2013-08-08T07:41:24.4230000-06:00,in
37,USC00051772,Snow,2006-08-04T00:00:00.0000000-06:00,0.000000,P,,0,,NOAA,2013-08-08T07:41:24.4230000-06:00,in
37,USC00051772,Snow,2006-08-05T00:00:00.0000000-06:00,0.000000,P,,0,,NOAA,2013-08-08T07:41:24.4230000-06:00,in
37,USC00051772,Snow,2006-08-06T00:00:00.0000000-06:00,0.000000,P,,0,,NOAA,2013-08-08T07:41:24.4230000-06:00,in
37,USC00051772,Snow,2006-08-07T00:00:00.0000000-06:00,0.000000,P,,0,,NOAA,2013-08-08T07:41:24.4230000-06:00,in
37,USC00051772,Snow,2006-08-08T00:00:00.0000000-06:00,0.000000,P,,0,,NOAA,2013-08-08T07:41:24.4230000-06:00,in
37,USC00051772,Snow,2006-08-09T00:00:00.0000000-06:00,0.000000,P,,0,,NOAA,2013-08-08T07:41:24.4230000-06:00,in
37,USC00051772,Snow,2006-08-10T00:00:00.0000000-06:00,0.000000,P,,0,,NOAA,2013-08-08T07:41:24.4230000-06:00,in
37,USC00051772,Snow,2006-08-11T00:00:00.0000000-06:00,0.000000,P,,0,,NOAA,2013-08-08T07:41:24.4230000-06:00,in
37,USC00051772,Snow,2006-08-12T00:00:00.0000000-06:00,0.000000,P,,0,,NOAA,2013-08-08T07:41:24.4230000-06:00,in
37,USC00051772,Snow,2006-08-13T00:00:00.0000000-06:00,0.000000,P,,0,,NOAA,2013-08-08T07:41:24.4230000-06:00,in
37,USC00051772,Snow,2006-08-14T00:00:00.0000000-06:00,0.000000,P,,0,,NOAA,2013-08-08T07:41:24.4230000-06:00,in
37,USC00051772,Snow,2006-08-15T00:00:00.0000000-06:00,0.000000,P,,0,,NOAA,2013-08-08T07:41:24.4230000-06:00,in
37,USC00051772,Snow,2006-08-16T00:00:00.0000000-06:00,0.000000,P,,0,,NOAA,2013-08-08T07:41:24.4230000-06:00,in
37,USC00051772,Snow,2006-08-17T00:00:00.0000000-06:00,0.000000,P,,0,,NOAA,2013-08-08T07:41:24.4230000-06:00,in
37,USC00051772,Snow,2006-08-18T00:00:00.0000000-06:00,0.000000,P,,0,,NOAA,2013-08-08T07:41:24.4230000-06:00,in
37,USC00051772,Snow,2006-08-19T00:00:00.0000000-06:00,0.000000,P,,0,,NOAA,2013-08-08T07:41:24.4230000-06:00,in
37,USC00051772,Snow,2006-08-20T00:00:00.0000000-06:00,0.000000,P,,0,,NOAA,2013-08-08T07:41:24.4230000-06:00,in
37,USC00051772,Snow,2006-08-21T00:00:00.0000000-06:00,0.000000,P,,0,,NOAA,2013-08-08T07:41:24.4230000-06:00,in
37,USC00051772,Snow,2006-08-22T00:00:00.0000000-06:00,0.000000,P,,0,,NOAA,2013-08-08T07:41:24.4230000-06:00,in
37,USC00051772,Snow,2006-08-23T00:00:00.0000000-06:00,0.000000,P,,0,,NOAA,2013-08-08T07:41:24.4230000-06:00,in
37,USC00051772,Snow,2006-08-24T00:00:00.0000000-06:00,0.000000,P,,0,,NOAA,2013-08-08T07:41:24.4230000-06:00,in
37,USC00051772,Snow,2006-08-25T00:00:00.0000000-06:00,0.000000,P,,0,,NOAA,2013-08-08T07:41:24.4230000-06:00,in
37,USC00051772,Snow,2006-08-26T00:00:00.0000000-06:00,0.000000,P,,0,,NOAA,2013-08-08T07:41:24.4230000-06:00,in
37,USC00051772,Snow,2006-08-27T00:00:00.0000000-06:00,0.000000,P,,0,,NOAA,2013-08-08T07:41:24.4230000-06:00,in
37,USC00051772,Snow,2006-08-28T00:00:00.0000000-06:00,0.000000,P,,0,,NOAA,2013-08-08T07:41:24.4230000-06:00,in
37,USC00051772,Snow,2006-08-29T00:00:00.0000000-06:00,0.000000,P,,0,,NOAA,2013-08-08T07:41:24.4230000-06:00,in
37,USC00051772,Snow,2006-08-30T00:00:00.0000000-06:00,0.000000,P,,0,,NOAA,2013-08-08T07:41:24.4230000-06:00,in
37,USC00051772,Snow,2006-08-31T00:00:00.0000000-06:00,0.000000,P,,0,,NOAA,2013-08-08T07:41:24.4230000-06:00,in
37,USC00051772,Snow,2006-09-01T00:00:00.0000000-06:00,0.000000,P,,0,,NOAA,2013-08-08T07:41:24.4230000-06:00,in
37,USC00051772,Snow,2006-09-02T00:00:00.0000000-06:00,0.000000,P,,0,,NOAA,2013-08-08T07:41:24.4230000-06:00,in
37,USC00051772,Snow,2006-09-03T00:00:00.0000000-06:00,0.000000,P,,0,,NOAA,2013-08-08T07:41:24.4230000-06:00,in
37,USC00051772,Snow,2006-09-04T00:00:00.0000000-06:00,0.000000,P,,0,,NOAA,2013-08-08T07:41:24.4230000-06:00,in
37,USC00051772,Snow,2006-09-05T00:00:00.0000000-06:00,0.000000,P,,0,,NOAA,2013-08-08T07:41:24.4230000-06:00,in
37,USC00051772,Snow,2006-09-06T00:00:00.0000000-06:00,0.000000,P,,0,,NOAA,2013-08-08T07:41:24.4230000-06:00,in
37,USC00051772,Snow,2006-09-07T00:00:00.0000000-06:00,0.000000,P,,0,,NOAA,2013-08-08T07:41:24.4230000-06:00,in
37,USC00051772,Snow,2006-09-08T00:00:00.0000000-06:00,0.000000,P,,0,,NOAA,2013-08-08T07:41:24.4230000-06:00,in
37,USC00051772,Snow,2006-09-09T00:00:00.0000000-06:00,0.000000,P,,0,,NOAA,2013-08-08T07:41:24.4230000-06:00,in
37,USC00051772,Snow,2006-09-10T00:00:00.0000000-06:00,0.000000,P,,0,,NOAA,2013-08-08T07:41:24.4230000-06:00,in
37,USC00051772,Snow,2006-09-11T00:00:00.0000000-06:00,0.000000,P,,0,,NOAA,2013-08-08T07:41:24.4230000-06:00,in
37,USC00051772,Snow,2006-09-12T00:00:00.0000000-06:00,0.000000,P,,0,,NOAA,2013-08-08T07:41:24.4230000-06:00,in
37,USC00051772,Snow,2006-09-13T00:00:00.0000000-06:00,0.000000,P,,0,,NOAA,2013-08-08T07:41:24.4230000-06:00,in
37,USC00051772,Snow,2006-09-14T00:00:00.0000000-06:00,0.000000,P,,0,,NOAA,2013-08-08T07:41:24.4230000-06:00,in
37,USC00051772,Snow,2006-09-15T00:00:00.0000000-06:00,0.000000,P,,0,,NOAA,2013-08-08T07:41:24.4230000-06:00,in
37,USC00051772,Snow,2006-09-16T00:00:00.0000000-06:00,0.000000,P,,0,,NOAA,2013-08-08T07:41:24.4230000-06:00,in
37,USC00051772,Snow,2006-09-17T00:00:00.0000000-06:00,0.000000,P,,0,,NOAA,2013-08-08T07:41:24.4230000-06:00,in
37,USC00051772,Snow,2006-09-18T00:00:00.0000000-06:00,0.000000,P,,0,,NOAA,2013-08-08T07:41:24.4230000-06:00,in
37,USC00051772,Snow,2006-09-19T00:00:00.0000000-06:00,0.000000,P,,0,,NOAA,2013-08-08T07:41:24.4230000-06:00,in
37,USC00051772,Snow,2006-09-20T00:00:00.0000000-06:00,0.000000,P,,0,,NOAA,2013-08-08T07:41:24.4230000-06:00,in
37,USC00051772,Snow,2006-09-21T00:00:00.0000000-06:00,0.000000,P,,0,,NOAA,2013-08-08T07:41:24.4230000-06:00,in
37,USC00051772,Snow,2006-09-22T00:00:00.0000000-06:00,0.000000,P,,0,,NOAA,2013-08-08T07:41:24.4230000-06:00,in
37,USC00051772,Snow,2006-09-23T00:00:00.0000000-06:00,0.000000,P,,0,,NOAA,2013-08-08T07:41:24.4230000-06:00,in
37,USC00051772,Snow,2006-09-24T00:00:00.0000000-06:00,0.000000,P,,0,,NOAA,2013-08-08T07:41:24.4230000-06:00,in
37,USC00051772,Snow,2006-09-25T00:00:00.0000000-06:00,0.000000,P,,0,,NOAA,2013-08-08T07:41:24.4230000-06:00,in
37,USC00051772,Snow,2006-09-26T00:00:00.0000000-06:00,0.000000,P,,0,,NOAA,2013-08-08T07:41:24.4230000-06:00,in
37,USC00051772,Snow,2006-09-27T00:00:00.0000000-06:00,0.000000,P,,0,,NOAA,2013-08-08T07:41:24.4230000-06:00,in
37,USC00051772,Snow,2006-09-28T00:00:00.0000000-06:00,0.000000,P,,0,,NOAA,2013-08-08T07:41:24.4230000-06:00,in
37,USC00051772,Snow,2006-09-29T00:00:00.0000000-06:00,0.000000,P,,0,,NOAA,2013-08-08T07:41:24.4230000-06:00,in
37,USC00051772,Snow,2006-09-30T00:00:00.0000000-06:00,0.000000,P,,0,,NOAA,2013-08-08T07:41:24.4230000-06:00,in
37,USC00051772,Snow,2006-10-01T00:00:00.0000000-06:00,0.000000,P,,0,,NOAA,2013-08-08T07:41:24.4230000-06:00,in
37,USC00051772,Snow,2006-10-02T00:00:00.0000000-06:00,0.000000,P,,0,,NOAA,2013-08-08T07:41:24.4230000-06:00,in
37,USC00051772,Snow,2006-10-03T00:00:00.0000000-06:00,0.000000,P,,0,,NOAA,2013-08-08T07:41:24.4230000-06:00,in
37,USC00051772,Snow,2006-10-04T00:00:00.0000000-06:00,0.000000,P,,0,,NOAA,2013-08-08T07:41:24.4230000-06:00,in
37,USC00051772,Snow,2006-10-05T00:00:00.0000000-06:00,0.000000,P,,0,,NOAA,2013-08-08T07:41:24.4230000-06:00,in
37,USC00051772,Snow,2006-10-06T00:00:00.0000000-06:00,0.000000,P,,0,,NOAA,2013-08-08T07:41:24.4230000-06:00,in
37,USC00051772,Snow,2006-10-07T00:00:00.0000000-06:00,0.000000,P,,0,,NOAA,2013-08-08T07:41:24.4230000-06:00,in
37,USC00051772,Snow,2006-10-08T00:00:00.0000000-06:00,0.000000,P,,0,,NOAA,2013-08-08T07:41:24.4230000-06:00,in
37,USC00051772,Snow,2006-10-09T00:00:00.0000000-06:00,0.000000,P,,0,,NOAA,2013-08-08T07:41:24.4230000-06:00,in
37,USC00051772,Snow,2006-10-10T00:00:00.0000000-06:00,0.000000,P,,0,,NOAA,2013-08-08T07:41:24.4230000-06:00,in
37,USC00051772,Snow,2006-10-11T00:00:00.0000000-06:00,0.000000,P,,0,,NOAA,2013-08-08T07:41:24.4230000-06:00,in
37,USC00051772,Snow,2006-10-12T00:00:00.0000000-06:00,0.000000,P,,0,,NOAA,2013-08-08T07:41:24.4230000-06:00,in
37,USC00051772,Snow,2006-10-13T00:00:00.0000000-06:00,0.000000,P,,0,,NOAA,2013-08-08T07:41:24.4230000-06:00,in
37,USC00051772,Snow,2006-10-15T00:00:00.0000000-06:00,0.000000,P,,0,,NOAA,2013-08-08T07:41:24.4230000-06:00,in
37,USC00051772,Snow,2006-10-16T00:00:00.0000000-06:00,0.000000,P,,0,,NOAA,2013-08-08T07:41:24.4230000-06:00,in
37,USC00051772,Snow,2006-10-17T00:00:00.0000000-06:00,0.000000,P,,0,,NOAA,2013-08-08T07:41:24.4230000-06:00,in
37,USC00051772,Snow,2006-10-18T00:00:00.0000000-06:00,0.000000,P,,0,,NOAA,2013-08-08T07:41:24.4230000-06:00,in
37,USC00051772,Snow,2006-10-19T00:00:00.0000000-06:00,0.000000,P,,0,,NOAA,2013-08-08T07:41:24.4230000-06:00,in
37,USC00051772,Snow,2006-10-20T00:00:00.0000000-06:00,0.000000,P,,0,,NOAA,2013-08-08T07:41:24.4230000-06:00,in
37,USC00051772,Snow,2006-10-21T00:00:00.0000000-06:00,0.000000,P,,0,,NOAA,2013-08-08T07:41:24.4230000-06:00,in
37,USC00051772,Snow,2006-10-22T00:00:00.0000000-06:00,0.000000,P,,0,,NOAA,2013-08-08T07:41:24.4230000-06:00,in
37,USC00051772,Snow,2006-10-23T00:00:00.0000000-06:00,0.000000,P,,0,,NOAA,2013-08-08T07:41:24.4230000-06:00,in
37,USC00051772,Snow,2006-10-24T00:00:00.0000000-06:00,0.000000,P,,0,,NOAA,2013-08-08T07:41:24.4230000-06:00,in
37,USC00051772,Snow,2006-10-25T00:00:00.0000000-06:00,0.000000,P,,0,,NOAA,2013-08-08T07:41:24.4230000-06:00,in
37,USC00051772,Snow,2006-10-26T00:00:00.0000000-06:00,0.393701,,,0,,NOAA,2013-08-08T07:41:24.4230000-06:00,in
37,USC00051772,Snow,2006-10-27T00:00:00.0000000-06:00,0.000000,P,,0,,NOAA,2013-08-08T07:41:24.4230000-06:00,in
37,USC00051772,Snow,2006-10-28T00:00:00.0000000-06:00,0.000000,P,,0,,NOAA,2013-08-08T07:41:24.4230000-06:00,in
37,USC00051772,Snow,2006-10-29T00:00:00.0000000-06:00,0.000000,P,,0,,NOAA,2013-08-08T07:41:24.4230000-06:00,in
37,USC00051772,Snow,2006-10-30T00:00:00.0000000-07:00,0.000000,P,,0,,NOAA,2013-08-08T07:41:24.4230000-06:00,in
37,USC00051772,Snow,2006-10-31T00:00:00.0000000-07:00,0.000000,P,,0,,NOAA,2013-08-08T07:41:24.4230000-06:00,in
37,USC00051772,Snow,2006-11-01T00:00:00.0000000-07:00,0.000000,P,,0,,NOAA,2013-08-08T07:41:24.4230000-06:00,in
37,USC00051772,Snow,2006-11-02T00:00:00.0000000-07:00,0.000000,P,,0,,NOAA,2013-08-08T07:41:24.4230000-06:00,in
37,USC00051772,Snow,2006-11-03T00:00:00.0000000-07:00,0.000000,P,,0,,NOAA,2013-08-08T07:41:24.4230000-06:00,in
37,USC00051772,Snow,2006-11-04T00:00:00.0000000-07:00,0.000000,P,,0,,NOAA,2013-08-08T07:41:24.4230000-06:00,in
37,USC00051772,Snow,2006-11-05T00:00:00.0000000-07:00,0.000000,P,,0,,NOAA,2013-08-08T07:41:24.4230000-06:00,in
37,USC00051772,Snow,2006-11-06T00:00:00.0000000-07:00,0.000000,P,,0,,NOAA,2013-08-08T07:41:24.4230000-06:00,in
37,USC00051772,Snow,2006-11-07T00:00:00.0000000-07:00,0.000000,P,,0,,NOAA,2013-08-08T07:41:24.4230000-06:00,in
37,USC00051772,Snow,2006-11-08T00:00:00.0000000-07:00,0.000000,P,,0,,NOAA,2013-08-08T07:41:24.4230000-06:00,in
37,USC00051772,Snow,2006-11-09T00:00:00.0000000-07:00,0.000000,P,,0,,NOAA,2013-08-08T07:41:24.4230000-06:00,in
37,USC00051772,Snow,2006-11-13T00:00:00.0000000-07:00,0.000000,T,,0,,NOAA,2013-08-08T07:41:24.4230000-06:00,in
37,USC00051772,Snow,2006-11-14T00:00:00.0000000-07:00,0.000000,P,,0,,NOAA,2013-08-08T07:41:24.4230000-06:00,in
37,USC00051772,Snow,2006-11-15T00:00:00.0000000-07:00,0.000000,P,,0,,NOAA,2013-08-08T07:41:24.4230000-06:00,in
37,USC00051772,Snow,2006-11-16T00:00:00.0000000-07:00,0.000000,P,,0,,NOAA,2013-08-08T07:41:24.4230000-06:00,in
37,USC00051772,Snow,2006-11-17T00:00:00.0000000-07:00,0.000000,P,,0,,NOAA,2013-08-08T07:41:24.4230000-06:00,in
37,USC00051772,Snow,2006-11-18T00:00:00.0000000-07:00,0.000000,P,,0,,NOAA,2013-08-08T07:41:24.4230000-06:00,in
37,USC00051772,Snow,2006-11-19T00:00:00.0000000-07:00,0.000000,P,,0,,NOAA,2013-08-08T07:41:24.4230000-06:00,in
37,USC00051772,Snow,2006-11-20T00:00:00.0000000-07:00,0.000000,P,,0,,NOAA,2013-08-08T07:41:24.4230000-06:00,in
37,USC00051772,Snow,2006-11-21T00:00:00.0000000-07:00,0.000000,P,,0,,NOAA,2013-08-08T07:41:24.4230000-06:00,in
37,USC00051772,Snow,2006-11-22T00:00:00.0000000-07:00,0.000000,P,,0,,NOAA,2013-08-08T07:41:24.4230000-06:00,in
37,USC00051772,Snow,2006-11-23T00:00:00.0000000-07:00,0.000000,P,,0,,NOAA,2013-08-08T07:41:24.4230000-06:00,in
37,USC00051772,Snow,2006-11-24T00:00:00.0000000-07:00,0.000000,,,0,,NOAA,2013-08-08T07:41:24.4230000-06:00,in
37,USC00051772,Snow,2006-11-25T00:00:00.0000000-07:00,0.000000,P,,0,,NOAA,2013-08-08T07:41:24.4230000-06:00,in
37,USC00051772,Snow,2006-11-26T00:00:00.0000000-07:00,0.000000,P,,0,,NOAA,2013-08-08T07:41:24.4230000-06:00,in
37,USC00051772,Snow,2006-11-27T00:00:00.0000000-07:00,0.000000,T,,0,,NOAA,2013-08-08T07:41:24.4230000-06:00,in
37,USC00051772,Snow,2006-11-28T00:00:00.0000000-07:00,6.692913,,,0,,NOAA,2013-08-08T07:41:24.4230000-06:00,in
37,USC00051772,Snow,2006-11-29T00:00:00.0000000-07:00,0.000000,P,,0,,NOAA,2013-08-08T07:41:24.4230000-06:00,in
37,USC00051772,Snow,2006-11-30T00:00:00.0000000-07:00,0.000000,P,,0,,NOAA,2013-08-08T07:41:24.4230000-06:00,in
37,USC00051772,Snow,2006-12-01T00:00:00.0000000-07:00,0.000000,P,,0,,NOAA,2013-08-08T07:41:24.4230000-06:00,in
37,USC00051772,Snow,2006-12-02T00:00:00.0000000-07:00,0.000000,P,,0,,NOAA,2013-08-08T07:41:24.4230000-06:00,in
37,USC00051772,Snow,2006-12-03T00:00:00.0000000-07:00,0.000000,P,,0,,NOAA,2013-08-08T07:41:24.4230000-06:00,in
37,USC00051772,Snow,2006-12-04T00:00:00.0000000-07:00,0.000000,P,,0,,NOAA,2013-08-08T07:41:24.4230000-06:00,in
37,USC00051772,Snow,2006-12-05T00:00:00.0000000-07:00,0.000000,P,,0,,NOAA,2013-08-08T07:41:24.4230000-06:00,in
37,USC00051772,Snow,2006-12-06T00:00:00.0000000-07:00,0.000000,P,,0,,NOAA,2013-08-08T07:41:24.4230000-06:00,in
37,USC00051772,Snow,2006-12-07T00:00:00.0000000-07:00,0.000000,P,,0,,NOAA,2013-08-08T07:41:24.4230000-06:00,in
37,USC00051772,Snow,2006-12-08T00:00:00.0000000-07:00,0.000000,P,,0,,NOAA,2013-08-08T07:41:24.4230000-06:00,in
37,USC00051772,Snow,2006-12-09T00:00:00.0000000-07:00,0.000000,P,,0,,NOAA,2013-08-08T07:41:24.4230000-06:00,in
37,USC00051772,Snow,2006-12-10T00:00:00.0000000-07:00,0.984252,,,0,,NOAA,2013-08-08T07:41:24.4230000-06:00,in
37,USC00051772,Snow,2006-12-11T00:00:00.0000000-07:00,0.000000,P,,0,,NOAA,2013-08-08T07:41:24.4230000-06:00,in
37,USC00051772,Snow,2006-12-12T00:00:00.0000000-07:00,0.000000,P,,0,,NOAA,2013-08-08T07:41:24.4230000-06:00,in
37,USC00051772,Snow,2006-12-13T00:00:00.0000000-07:00,0.000000,P,,0,,NOAA,2013-08-08T07:41:24.4230000-06:00,in
37,USC00051772,Snow,2006-12-14T00:00:00.0000000-07:00,0.000000,P,,0,,NOAA,2013-08-08T07:41:24.4230000-06:00,in
37,USC00051772,Snow,2006-12-15T00:00:00.0000000-07:00,0.000000,P,,0,,NOAA,2013-08-08T07:41:24.4230000-06:00,in
37,USC00051772,Snow,2006-12-16T00:00:00.0000000-07:00,0.000000,P,,0,,NOAA,2013-08-08T07:41:24.4230000-06:00,in
37,USC00051772,Snow,2006-12-17T00:00:00.0000000-07:00,0.000000,P,,0,,NOAA,2013-08-08T07:41:24.4230000-06:00,in
37,USC00051772,Snow,2006-12-19T00:00:00.0000000-07:00,2.519685,,,0,,NOAA,2013-08-08T07:41:24.4230000-06:00,in
37,USC00051772,Snow,2006-12-20T00:00:00.0000000-07:00,0.314961,,,0,,NOAA,2013-08-08T07:41:24.4230000-06:00,in
37,USC00051772,Snow,2006-12-21T00:00:00.0000000-07:00,0.000000,P,,0,,NOAA,2013-08-08T07:41:24.4230000-06:00,in
37,USC00051772,Snow,2006-12-22T00:00:00.0000000-07:00,0.000000,P,,0,,NOAA,2013-08-08T07:41:24.4230000-06:00,in
37,USC00051772,Snow,2006-12-23T00:00:00.0000000-07:00,0.000000,P,,0,,NOAA,2013-08-08T07:41:24.4230000-06:00,in
37,USC00051772,Snow,2006-12-24T00:00:00.0000000-07:00,0.000000,P,,0,,NOAA,2013-08-08T07:41:24.4230000-06:00,in
37,USC00051772,Snow,2006-12-25T00:00:00.0000000-07:00,0.000000,P,,0,,NOAA,2013-08-08T07:41:24.4230000-06:00,in
37,USC00051772,Snow,2006-12-26T00:00:00.0000000-07:00,0.000000,P,,0,,NOAA,2013-08-08T07:41:24.4230000-06:00,in
37,USC00051772,Snow,2006-12-27T00:00:00.0000000-07:00,0.000000,P,,0,,NOAA,2013-08-08T07:41:24.4230000-06:00,in
37,USC00051772,Snow,2006-12-28T00:00:00.0000000-07:00,0.000000,P,,0,,NOAA,2013-08-08T07:41:24.4230000-06:00,in
37,USC00051772,Snow,2006-12-29T00:00:00.0000000-07:00,0.000000,P,,0,,NOAA,2013-08-08T07:41:24.4230000-06:00,in
37,USC00051772,Snow,2006-12-30T00:00:00.0000000-07:00,0.000000,P,,0,,NOAA,2013-08-08T07:41:24.4230000-06:00,in
37,USC00051772,Snow,2006-12-31T00:00:00.0000000-07:00,0.000000,P,,0,,NOAA,2013-08-08T07:41:24.4230000-06:00,in
37,USC00051772,Snow,2007-01-01T00:00:00.0000000-07:00,0.000000,P,,0,,NOAA,2013-08-08T07:41:24.4230000-06:00,in
37,USC00051772,Snow,2007-01-02T00:00:00.0000000-07:00,0.000000,P,,0,,NOAA,2013-08-08T07:41:24.4230000-06:00,in
37,USC00051772,Snow,2007-01-03T00:00:00.0000000-07:00,0.000000,P,,0,,NOAA,2013-08-08T07:41:24.4230000-06:00,in
37,USC00051772,Snow,2007-01-04T00:00:00.0000000-07:00,0.000000,P,,0,,NOAA,2013-08-08T07:41:24.4230000-06:00,in
37,USC00051772,Snow,2007-01-06T00:00:00.0000000-07:00,0.000000,P,,0,,NOAA,2013-08-08T07:41:24.4230000-06:00,in
37,USC00051772,Snow,2007-01-07T00:00:00.0000000-07:00,0.000000,P,,0,,NOAA,2013-08-08T07:41:24.4230000-06:00,in
37,USC00051772,Snow,2007-01-08T00:00:00.0000000-07:00,0.000000,P,,0,,NOAA,2013-08-08T07:41:24.4230000-06:00,in
37,USC00051772,Snow,2007-01-09T00:00:00.0000000-07:00,0.000000,P,,0,,NOAA,2013-08-08T07:41:24.4230000-06:00,in
37,USC00051772,Snow,2007-01-10T00:00:00.0000000-07:00,0.000000,P,,0,,NOAA,2013-08-08T07:41:24.4230000-06:00,in
37,USC00051772,Snow,2007-01-11T00:00:00.0000000-07:00,0.000000,P,,0,,NOAA,2013-08-08T07:41:24.4230000-06:00,in
37,USC00051772,Snow,2007-01-12T00:00:00.0000000-07:00,0.000000,P,,0,,NOAA,2013-08-08T07:41:24.4230000-06:00,in
37,USC00051772,Snow,2007-01-13T00:00:00.0000000-07:00,8.818898,,,0,,NOAA,2013-08-08T07:41:24.4230000-06:00,in
37,USC00051772,Snow,2007-01-14T00:00:00.0000000-07:00,0.511811,,,0,,NOAA,2013-08-08T07:41:24.4230000-06:00,in
37,USC00051772,Snow,2007-01-15T00:00:00.0000000-07:00,0.000000,P,,0,,NOAA,2013-08-08T07:41:24.4230000-06:00,in
37,USC00051772,Snow,2007-01-16T00:00:00.0000000-07:00,0.000000,P,,0,,NOAA,2013-08-08T07:41:24.4230000-06:00,in
37,USC00051772,Snow,2007-01-17T00:00:00.0000000-07:00,0.000000,P,,0,,NOAA,2013-08-08T07:41:24.4230000-06:00,in
37,USC00051772,Snow,2007-01-18T00:00:00.0000000-07:00,0.000000,P,,0,,NOAA,2013-08-08T07:41:24.4230000-06:00,in
37,USC00051772,Snow,2007-01-19T00:00:00.0000000-07:00,0.000000,P,,0,,NOAA,2013-08-08T07:41:24.4230000-06:00,in
37,USC00051772,Snow,2007-01-20T00:00:00.0000000-07:00,0.000000,P,,0,,NOAA,2013-08-08T07:41:24.4230000-06:00,in
37,USC00051772,Snow,2007-01-21T00:00:00.0000000-07:00,0.196850,,,0,,NOAA,2013-08-08T07:41:24.4230000-06:00,in
37,USC00051772,Snow,2007-01-23T00:00:00.0000000-07:00,0.000000,P,,0,,NOAA,2013-08-08T07:41:24.4230000-06:00,in
37,USC00051772,Snow,2007-01-24T00:00:00.0000000-07:00,0.000000,P,,0,,NOAA,2013-08-08T07:41:24.4230000-06:00,in
37,USC00051772,Snow,2007-01-25T00:00:00.0000000-07:00,0.000000,P,,0,,NOAA,2013-08-08T07:41:24.4230000-06:00,in
37,USC00051772,Snow,2007-01-26T00:00:00.0000000-07:00,0.000000,P,,0,,NOAA,2013-08-08T07:41:24.4230000-06:00,in
37,USC00051772,Snow,2007-01-27T00:00:00.0000000-07:00,0.000000,P,,0,,NOAA,2013-08-08T07:41:24.4230000-06:00,in
37,USC00051772,Snow,2007-01-28T00:00:00.0000000-07:00,0.000000,P,,0,,NOAA,2013-08-08T07:41:24.4230000-06:00,in
37,USC00051772,Snow,2007-01-29T00:00:00.0000000-07:00,0.000000,P,,0,,NOAA,2013-08-08T07:41:24.4230000-06:00,in
37,USC00051772,Snow,2007-01-30T00:00:00.0000000-07:00,0.000000,P,,0,,NOAA,2013-08-08T07:41:24.4230000-06:00,in
37,USC00051772,Snow,2007-01-31T00:00:00.0000000-07:00,0.000000,P,,0,,NOAA,2013-08-08T07:41:24.4230000-06:00,in
37,USC00051772,Snow,2007-02-01T00:00:00.0000000-07:00,0.000000,P,,0,,NOAA,2013-08-08T07:41:24.4230000-06:00,in
37,USC00051772,Snow,2007-02-02T00:00:00.0000000-07:00,0.000000,P,,0,,NOAA,2013-08-08T07:41:24.4230000-06:00,in
37,USC00051772,Snow,2007-02-03T00:00:00.0000000-07:00,0.000000,P,,0,,NOAA,2013-08-08T07:41:24.4230000-06:00,in
37,USC00051772,Snow,2007-02-04T00:00:00.0000000-07:00,0.000000,P,,0,,NOAA,2013-08-08T07:41:24.4230000-06:00,in
37,USC00051772,Snow,2007-02-05T00:00:00.0000000-07:00,0.000000,P,,0,,NOAA,2013-08-08T07:41:24.4230000-06:00,in
37,USC00051772,Snow,2007-02-06T00:00:00.0000000-07:00,0.000000,P,,0,,NOAA,2013-08-08T07:41:24.4230000-06:00,in
37,USC00051772,Snow,2007-02-07T00:00:00.0000000-07:00,0.000000,P,,0,,NOAA,2013-08-08T07:41:24.4230000-06:00,in
37,USC00051772,Snow,2007-02-08T00:00:00.0000000-07:00,0.000000,P,,0,,NOAA,2013-08-08T07:41:24.4230000-06:00,in
37,USC00051772,Snow,2007-02-09T00:00:00.0000000-07:00,0.000000,P,,0,,NOAA,2013-08-08T07:41:24.4230000-06:00,in
37,USC00051772,Snow,2007-02-10T00:00:00.0000000-07:00,0.000000,P,,0,,NOAA,2013-08-08T07:41:24.4230000-06:00,in
37,USC00051772,Snow,2007-02-11T00:00:00.0000000-07:00,0.000000,P,,0,,NOAA,2013-08-08T07:41:24.4230000-06:00,in
37,USC00051772,Snow,2007-02-12T00:00:00.0000000-07:00,0.000000,P,,0,,NOAA,2013-08-08T07:41:24.4230000-06:00,in
37,USC00051772,Snow,2007-02-13T00:00:00.0000000-07:00,0.000000,P,,0,,NOAA,2013-08-08T07:41:24.4230000-06:00,in
37,USC00051772,Snow,2007-02-14T00:00:00.0000000-07:00,0.000000,,,0,,NOAA,2013-08-08T07:41:24.4230000-06:00,in
37,USC00051772,Snow,2007-02-15T00:00:00.0000000-07:00,0.000000,P,,0,,NOAA,2013-08-08T07:41:24.4230000-06:00,in
37,USC00051772,Snow,2007-02-16T00:00:00.0000000-07:00,0.000000,P,,0,,NOAA,2013-08-08T07:41:24.4230000-06:00,in
37,USC00051772,Snow,2007-02-17T00:00:00.0000000-07:00,0.000000,P,,0,,NOAA,2013-08-08T07:41:24.4230000-06:00,in
37,USC00051772,Snow,2007-02-18T00:00:00.0000000-07:00,0.000000,P,,0,,NOAA,2013-08-08T07:41:24.4230000-06:00,in
37,USC00051772,Snow,2007-02-19T00:00:00.0000000-07:00,0.000000,P,,0,,NOAA,2013-08-08T07:41:24.4230000-06:00,in
37,USC00051772,Snow,2007-02-20T00:00:00.0000000-07:00,0.984252,,,0,,NOAA,2013-08-08T07:41:24.4230000-06:00,in
37,USC00051772,Snow,2007-02-21T00:00:00.0000000-07:00,0.000000,P,,0,,NOAA,2013-08-08T07:41:24.4230000-06:00,in
37,USC00051772,Snow,2007-02-22T00:00:00.0000000-07:00,0.000000,P,,0,,NOAA,2013-08-08T07:41:24.4230000-06:00,in
37,USC00051772,Snow,2007-02-23T00:00:00.0000000-07:00,0.000000,P,,0,,NOAA,2013-08-08T07:41:24.4230000-06:00,in
37,USC00051772,Snow,2007-02-24T00:00:00.0000000-07:00,0.984252,,,0,,NOAA,2013-08-08T07:41:24.4230000-06:00,in
37,USC00051772,Snow,2007-02-25T00:00:00.0000000-07:00,0.000000,P,,0,,NOAA,2013-08-08T07:41:24.4230000-06:00,in
37,USC00051772,Snow,2007-02-26T00:00:00.0000000-07:00,0.000000,P,,0,,NOAA,2013-08-08T07:41:24.4230000-06:00,in
37,USC00051772,Snow,2007-02-27T00:00:00.0000000-07:00,0.000000,P,,0,,NOAA,2013-08-08T07:41:24.4230000-06:00,in
37,USC00051772,Snow,2007-02-28T00:00:00.0000000-07:00,3.503937,,,0,,NOAA,2013-08-08T07:41:24.4230000-06:00,in
37,USC00051772,Snow,2007-03-01T00:00:00.0000000-07:00,0.000000,P,,0,,NOAA,2013-08-08T07:41:24.4230000-06:00,in
37,USC00051772,Snow,2007-03-02T00:00:00.0000000-07:00,0.000000,P,,0,,NOAA,2013-08-08T07:41:24.4230000-06:00,in
37,USC00051772,Snow,2007-03-03T00:00:00.0000000-07:00,0.984252,,,0,,NOAA,2013-08-08T07:41:24.4230000-06:00,in
37,USC00051772,Snow,2007-03-04T00:00:00.0000000-07:00,0.000000,P,,0,,NOAA,2013-08-08T07:41:24.4230000-06:00,in
37,USC00051772,Snow,2007-03-05T00:00:00.0000000-07:00,0.000000,P,,0,,NOAA,2013-08-08T07:41:24.4230000-06:00,in
37,USC00051772,Snow,2007-03-06T00:00:00.0000000-07:00,0.000000,P,,0,,NOAA,2013-08-08T07:41:24.4230000-06:00,in
37,USC00051772,Snow,2007-03-07T00:00:00.0000000-07:00,0.000000,P,,0,,NOAA,2013-08-08T07:41:24.4230000-06:00,in
37,USC00051772,Snow,2007-03-08T00:00:00.0000000-07:00,0.000000,P,,0,,NOAA,2013-08-08T07:41:24.4230000-06:00,in
37,USC00051772,Snow,2007-03-09T00:00:00.0000000-07:00,0.000000,P,,0,,NOAA,2013-08-08T07:41:24.4230000-06:00,in
37,USC00051772,Snow,2007-03-10T00:00:00.0000000-07:00,0.000000,P,,0,,NOAA,2013-08-08T07:41:24.4230000-06:00,in
37,USC00051772,Snow,2007-03-11T00:00:00.0000000-07:00,0.000000,P,,0,,NOAA,2013-08-08T07:41:24.4230000-06:00,in
37,USC00051772,Snow,2007-03-12T00:00:00.0000000-06:00,0.000000,P,,0,,NOAA,2013-08-08T07:41:24.4230000-06:00,in
37,USC00051772,Snow,2007-03-13T00:00:00.0000000-06:00,0.000000,P,,0,,NOAA,2013-08-08T07:41:24.4230000-06:00,in
37,USC00051772,Snow,2007-03-14T00:00:00.0000000-06:00,0.000000,P,,0,,NOAA,2013-08-08T07:41:24.4230000-06:00,in
37,USC00051772,Snow,2007-03-15T00:00:00.0000000-06:00,0.000000,P,,0,,NOAA,2013-08-08T07:41:24.4230000-06:00,in
37,USC00051772,Snow,2007-03-16T00:00:00.0000000-06:00,0.000000,P,,0,,NOAA,2013-08-08T07:41:24.4230000-06:00,in
37,USC00051772,Snow,2007-03-17T00:00:00.0000000-06:00,0.000000,P,,0,,NOAA,2013-08-08T07:41:24.4230000-06:00,in
37,USC00051772,Snow,2007-03-18T00:00:00.0000000-06:00,0.000000,P,,0,,NOAA,2013-08-08T07:41:24.4230000-06:00,in
37,USC00051772,Snow,2007-03-19T00:00:00.0000000-06:00,0.000000,P,,0,,NOAA,2013-08-08T07:41:24.4230000-06:00,in
37,USC00051772,Snow,2007-03-20T00:00:00.0000000-06:00,0.000000,P,,0,,NOAA,2013-08-08T07:41:24.4230000-06:00,in
37,USC00051772,Snow,2007-03-21T00:00:00.0000000-06:00,0.000000,P,,0,,NOAA,2013-08-08T07:41:24.4230000-06:00,in
37,USC00051772,Snow,2007-03-22T00:00:00.0000000-06:00,0.000000,P,,0,,NOAA,2013-08-08T07:41:24.4230000-06:00,in
37,USC00051772,Snow,2007-03-23T00:00:00.0000000-06:00,0.000000,P,,0,,NOAA,2013-08-08T07:41:24.4230000-06:00,in
37,USC00051772,Snow,2007-03-25T00:00:00.0000000-06:00,0.000000,P,,0,,NOAA,2013-08-08T07:41:24.4230000-06:00,in
37,USC00051772,Snow,2007-03-26T00:00:00.0000000-06:00,0.000000,P,,0,,NOAA,2013-08-08T07:41:24.4230000-06:00,in
37,USC00051772,Snow,2007-03-27T00:00:00.0000000-06:00,0.000000,P,,0,,NOAA,2013-08-08T07:41:24.4230000-06:00,in
37,USC00051772,Snow,2007-03-28T00:00:00.0000000-06:00,0.984252,,,0,,NOAA,2013-08-08T07:41:24.4230000-06:00,in
37,USC00051772,Snow,2007-03-29T00:00:00.0000000-06:00,0.511811,,,0,,NOAA,2013-08-08T07:41:24.4230000-06:00,in
37,USC00051772,Snow,2007-03-30T00:00:00.0000000-06:00,0.000000,P,,0,,NOAA,2013-08-08T07:41:24.4230000-06:00,in
37,USC00051772,Snow,2007-03-31T00:00:00.0000000-06:00,0.000000,P,,0,,NOAA,2013-08-08T07:41:24.4230000-06:00,in
37,USC00051772,Snow,2007-04-01T00:00:00.0000000-06:00,0.000000,P,,0,,NOAA,2013-08-08T07:41:24.4230000-06:00,in
37,USC00051772,Snow,2007-04-02T00:00:00.0000000-06:00,0.000000,P,,0,,NOAA,2013-08-08T07:41:24.4230000-06:00,in
37,USC00051772,Snow,2007-04-03T00:00:00.0000000-06:00,0.000000,P,,0,,NOAA,2013-08-08T07:41:24.4230000-06:00,in
37,USC00051772,Snow,2007-04-04T00:00:00.0000000-06:00,0.000000,P,,0,,NOAA,2013-08-08T07:41:24.4230000-06:00,in
37,USC00051772,Snow,2007-04-05T00:00:00.0000000-06:00,0.000000,P,,0,,NOAA,2013-08-08T07:41:24.4230000-06:00,in
37,USC00051772,Snow,2007-04-06T00:00:00.0000000-06:00,0.000000,P,,0,,NOAA,2013-08-08T07:41:24.4230000-06:00,in
37,USC00051772,Snow,2007-04-07T00:00:00.0000000-06:00,0.000000,P,,0,,NOAA,2013-08-08T07:41:24.4230000-06:00,in
37,USC00051772,Snow,2007-04-08T00:00:00.0000000-06:00,0.000000,P,,0,,NOAA,2013-08-08T07:41:24.4230000-06:00,in
37,USC00051772,Snow,2007-04-09T00:00:00.0000000-06:00,0.000000,P,,0,,NOAA,2013-08-08T07:41:24.4230000-06:00,in
37,USC00051772,Snow,2007-04-10T00:00:00.0000000-06:00,0.000000,P,,0,,NOAA,2013-08-08T07:41:24.4230000-06:00,in
37,USC00051772,Snow,2007-04-11T00:00:00.0000000-06:00,0.000000,P,,0,,NOAA,2013-08-08T07:41:24.4230000-06:00,in
37,USC00051772,Snow,2007-04-12T00:00:00.0000000-06:00,0.000000,P,,0,,NOAA,2013-08-08T07:41:24.4230000-06:00,in
37,USC00051772,Snow,2007-04-13T00:00:00.0000000-06:00,0.000000,P,,0,,NOAA,2013-08-08T07:41:24.4230000-06:00,in
37,USC00051772,Snow,2007-04-14T00:00:00.0000000-06:00,0.000000,P,,0,,NOAA,2013-08-08T07:41:24.4230000-06:00,in
37,USC00051772,Snow,2007-04-15T00:00:00.0000000-06:00,0.000000,P,,0,,NOAA,2013-08-08T07:41:24.4230000-06:00,in
37,USC00051772,Snow,2007-04-16T00:00:00.0000000-06:00,0.000000,P,,0,,NOAA,2013-08-08T07:41:24.4230000-06:00,in
37,USC00051772,Snow,2007-04-17T00:00:00.0000000-06:00,0.000000,P,,0,,NOAA,2013-08-08T07:41:24.4230000-06:00,in
37,USC00051772,Snow,2007-04-18T00:00:00.0000000-06:00,0.000000,P,,0,,NOAA,2013-08-08T07:41:24.4230000-06:00,in
37,USC00051772,Snow,2007-04-19T00:00:00.0000000-06:00,0.000000,P,,0,,NOAA,2013-08-08T07:41:24.4230000-06:00,in
37,USC00051772,Snow,2007-04-20T00:00:00.0000000-06:00,0.000000,P,,0,,NOAA,2013-08-08T07:41:24.4230000-06:00,in
37,USC00051772,Snow,2007-04-21T00:00:00.0000000-06:00,0.000000,P,,0,,NOAA,2013-08-08T07:41:24.4230000-06:00,in
37,USC00051772,Snow,2007-04-22T00:00:00.0000000-06:00,0.000000,P,,0,,NOAA,2013-08-08T07:41:24.4230000-06:00,in
37,USC00051772,Snow,2007-04-23T00:00:00.0000000-06:00,0.000000,P,,0,,NOAA,2013-08-08T07:41:24.4230000-06:00,in
37,USC00051772,Snow,2007-04-24T00:00:00.0000000-06:00,0.000000,P,,0,,NOAA,2013-08-08T07:41:24.4230000-06:00,in
37,USC00051772,Snow,2007-04-25T00:00:00.0000000-06:00,0.000000,P,,0,,NOAA,2013-08-08T07:41:24.4230000-06:00,in
37,USC00051772,Snow,2007-04-26T00:00:00.0000000-06:00,0.000000,P,,0,,NOAA,2013-08-08T07:41:24.4230000-06:00,in
37,USC00051772,Snow,2007-04-27T00:00:00.0000000-06:00,0.000000,P,,0,,NOAA,2013-08-08T07:41:24.4230000-06:00,in
37,USC00051772,Snow,2007-04-28T00:00:00.0000000-06:00,0.000000,P,,0,,NOAA,2013-08-08T07:41:24.4230000-06:00,in
37,USC00051772,Snow,2007-04-29T00:00:00.0000000-06:00,0.000000,P,,0,,NOAA,2013-08-08T07:41:24.4230000-06:00,in
37,USC00051772,Snow,2007-04-30T00:00:00.0000000-06:00,0.000000,P,,0,,NOAA,2013-08-08T07:41:24.4230000-06:00,in
37,USC00051772,Snow,2007-05-01T00:00:00.0000000-06:00,0.000000,P,,0,,NOAA,2013-08-08T07:41:24.4230000-06:00,in
37,USC00051772,Snow,2007-05-02T00:00:00.0000000-06:00,0.000000,P,,0,,NOAA,2013-08-08T07:41:24.4230000-06:00,in
37,USC00051772,Snow,2007-05-03T00:00:00.0000000-06:00,0.000000,P,,0,,NOAA,2013-08-08T07:41:24.4230000-06:00,in
37,USC00051772,Snow,2007-05-04T00:00:00.0000000-06:00,0.000000,P,,0,,NOAA,2013-08-08T07:41:24.4230000-06:00,in
37,USC00051772,Snow,2007-05-06T00:00:00.0000000-06:00,0.000000,P,,0,,NOAA,2013-08-08T07:41:24.4230000-06:00,in
37,USC00051772,Snow,2007-05-07T00:00:00.0000000-06:00,0.000000,P,,0,,NOAA,2013-08-08T07:41:24.4230000-06:00,in
37,USC00051772,Snow,2007-05-08T00:00:00.0000000-06:00,0.000000,P,,0,,NOAA,2013-08-08T07:41:24.4230000-06:00,in
37,USC00051772,Snow,2007-05-09T00:00:00.0000000-06:00,0.000000,P,,0,,NOAA,2013-08-08T07:41:24.4230000-06:00,in
37,USC00051772,Snow,2007-05-10T00:00:00.0000000-06:00,0.000000,P,,0,,NOAA,2013-08-08T07:41:24.4230000-06:00,in
37,USC00051772,Snow,2007-05-11T00:00:00.0000000-06:00,0.000000,P,,0,,NOAA,2013-08-08T07:41:24.4230000-06:00,in
37,USC00051772,Snow,2007-05-12T00:00:00.0000000-06:00,0.000000,P,,0,,NOAA,2013-08-08T07:41:24.4230000-06:00,in
37,USC00051772,Snow,2007-05-13T00:00:00.0000000-06:00,0.000000,P,,0,,NOAA,2013-08-08T07:41:24.4230000-06:00,in
37,USC00051772,Snow,2007-05-14T00:00:00.0000000-06:00,0.000000,P,,0,,NOAA,2013-08-08T07:41:24.4230000-06:00,in
37,USC00051772,Snow,2007-05-15T00:00:00.0000000-06:00,0.000000,P,,0,,NOAA,2013-08-08T07:41:24.4230000-06:00,in
37,USC00051772,Snow,2007-05-16T00:00:00.0000000-06:00,0.000000,P,,0,,NOAA,2013-08-08T07:41:24.4230000-06:00,in
37,USC00051772,Snow,2007-05-17T00:00:00.0000000-06:00,0.000000,P,,0,,NOAA,2013-08-08T07:41:24.4230000-06:00,in
37,USC00051772,Snow,2007-05-18T00:00:00.0000000-06:00,0.000000,P,,0,,NOAA,2013-08-08T07:41:24.4230000-06:00,in
37,USC00051772,Snow,2007-05-19T00:00:00.0000000-06:00,0.000000,P,,0,,NOAA,2013-08-08T07:41:24.4230000-06:00,in
37,USC00051772,Snow,2007-05-20T00:00:00.0000000-06:00,0.000000,P,,0,,NOAA,2013-08-08T07:41:24.4230000-06:00,in
37,USC00051772,Snow,2007-05-21T00:00:00.0000000-06:00,0.000000,P,,0,,NOAA,2013-08-08T07:41:24.4230000-06:00,in
37,USC00051772,Snow,2007-05-22T00:00:00.0000000-06:00,0.000000,P,,0,,NOAA,2013-08-08T07:41:24.4230000-06:00,in
37,USC00051772,Snow,2007-05-23T00:00:00.0000000-06:00,0.000000,P,,0,,NOAA,2013-08-08T07:41:24.4230000-06:00,in
37,USC00051772,Snow,2007-05-24T00:00:00.0000000-06:00,0.000000,P,,0,,NOAA,2013-08-08T07:41:24.4230000-06:00,in
37,USC00051772,Snow,2007-05-25T00:00:00.0000000-06:00,0.000000,P,,0,,NOAA,2013-08-08T07:41:24.4230000-06:00,in
37,USC00051772,Snow,2007-05-26T00:00:00.0000000-06:00,0.000000,P,,0,,NOAA,2013-08-08T07:41:24.4230000-06:00,in
37,USC00051772,Snow,2007-05-27T00:00:00.0000000-06:00,0.000000,P,,0,,NOAA,2013-08-08T07:41:24.4230000-06:00,in
37,USC00051772,Snow,2007-05-28T00:00:00.0000000-06:00,0.000000,P,,0,,NOAA,2013-08-08T07:41:24.4230000-06:00,in
37,USC00051772,Snow,2007-05-29T00:00:00.0000000-06:00,0.000000,P,,0,,NOAA,2013-08-08T07:41:24.4230000-06:00,in
37,USC00051772,Snow,2007-05-30T00:00:00.0000000-06:00,0.000000,P,,0,,NOAA,2013-08-08T07:41:24.4230000-06:00,in
37,USC00051772,Snow,2007-05-31T00:00:00.0000000-06:00,0.000000,P,,0,,NOAA,2013-08-08T07:41:24.4230000-06:00,in
37,USC00051772,Snow,2007-06-01T00:00:00.0000000-06:00,0.000000,P,,0,,NOAA,2013-08-08T07:41:24.4230000-06:00,in
37,USC00051772,Snow,2007-06-02T00:00:00.0000000-06:00,0.000000,P,,0,,NOAA,2013-08-08T07:41:24.4230000-06:00,in
37,USC00051772,Snow,2007-06-03T00:00:00.0000000-06:00,0.000000,P,,0,,NOAA,2013-08-08T07:41:24.4230000-06:00,in
37,USC00051772,Snow,2007-06-04T00:00:00.0000000-06:00,0.000000,P,,0,,NOAA,2013-08-08T07:41:24.4230000-06:00,in
37,USC00051772,Snow,2007-06-05T00:00:00.0000000-06:00,0.000000,P,,0,,NOAA,2013-08-08T07:41:24.4230000-06:00,in
37,USC00051772,Snow,2007-06-06T00:00:00.0000000-06:00,0.000000,P,,0,,NOAA,2013-08-08T07:41:24.4230000-06:00,in
37,USC00051772,Snow,2007-06-07T00:00:00.0000000-06:00,0.000000,P,,0,,NOAA,2013-08-08T07:41:24.4230000-06:00,in
37,USC00051772,Snow,2007-06-08T00:00:00.0000000-06:00,0.000000,P,,0,,NOAA,2013-08-08T07:41:24.4230000-06:00,in
37,USC00051772,Snow,2007-06-09T00:00:00.0000000-06:00,0.000000,P,,0,,NOAA,2013-08-08T07:41:24.4230000-06:00,in
37,USC00051772,Snow,2007-06-10T00:00:00.0000000-06:00,0.000000,P,,0,,NOAA,2013-08-08T07:41:24.4230000-06:00,in
37,USC00051772,Snow,2007-06-11T00:00:00.0000000-06:00,0.000000,P,,0,,NOAA,2013-08-08T07:41:24.4230000-06:00,in
37,USC00051772,Snow,2007-06-12T00:00:00.0000000-06:00,0.000000,P,,0,,NOAA,2013-08-08T07:41:24.4230000-06:00,in
37,USC00051772,Snow,2007-06-13T00:00:00.0000000-06:00,0.000000,P,,0,,NOAA,2013-08-08T07:41:24.4230000-06:00,in
37,USC00051772,Snow,2007-06-14T00:00:00.0000000-06:00,0.000000,P,,0,,NOAA,2013-08-08T07:41:24.4230000-06:00,in
37,USC00051772,Snow,2007-06-15T00:00:00.0000000-06:00,0.000000,P,,0,,NOAA,2013-08-08T07:41:24.4230000-06:00,in
37,USC00051772,Snow,2007-06-16T00:00:00.0000000-06:00,0.000000,P,,0,,NOAA,2013-08-08T07:41:24.4230000-06:00,in
37,USC00051772,Snow,2007-06-17T00:00:00.0000000-06:00,0.000000,P,,0,,NOAA,2013-08-08T07:41:24.4230000-06:00,in
37,USC00051772,Snow,2007-06-18T00:00:00.0000000-06:00,0.000000,P,,0,,NOAA,2013-08-08T07:41:24.4230000-06:00,in
37,USC00051772,Snow,2007-06-19T00:00:00.0000000-06:00,0.000000,P,,0,,NOAA,2013-08-08T07:41:24.4230000-06:00,in
37,USC00051772,Snow,2007-06-20T00:00:00.0000000-06:00,0.000000,P,,0,,NOAA,2013-08-08T07:41:24.4230000-06:00,in
37,USC00051772,Snow,2007-06-21T00:00:00.0000000-06:00,0.000000,P,,0,,NOAA,2013-08-08T07:41:24.4230000-06:00,in
37,USC00051772,Snow,2007-06-22T00:00:00.0000000-06:00,0.000000,P,,0,,NOAA,2013-08-08T07:41:24.4230000-06:00,in
37,USC00051772,Snow,2007-06-23T00:00:00.0000000-06:00,0.000000,P,,0,,NOAA,2013-08-08T07:41:24.4230000-06:00,in
37,USC00051772,Snow,2007-06-24T00:00:00.0000000-06:00,0.000000,P,,0,,NOAA,2013-08-08T07:41:24.4230000-06:00,in
37,USC00051772,Snow,2007-06-25T00:00:00.0000000-06:00,0.000000,P,,0,,NOAA,2013-08-08T07:41:24.4230000-06:00,in
37,USC00051772,Snow,2007-06-26T00:00:00.0000000-06:00,0.000000,P,,0,,NOAA,2013-08-08T07:41:24.4230000-06:00,in
37,USC00051772,Snow,2007-06-27T00:00:00.0000000-06:00,0.000000,P,,0,,NOAA,2013-08-08T07:41:24.4230000-06:00,in
37,USC00051772,Snow,2007-06-28T00:00:00.0000000-06:00,0.000000,P,,0,,NOAA,2013-08-08T07:41:24.4230000-06:00,in
37,USC00051772,Snow,2007-06-29T00:00:00.0000000-06:00,0.000000,P,,0,,NOAA,2013-08-08T07:41:24.4230000-06:00,in
37,USC00051772,Snow,2007-06-30T00:00:00.0000000-06:00,0.000000,P,,0,,NOAA,2013-08-08T07:41:24.4230000-06:00,in
37,USC00051772,Snow,2007-07-01T00:00:00.0000000-06:00,0.000000,P,,0,,NOAA,2013-08-08T07:41:24.4230000-06:00,in
37,USC00051772,Snow,2007-07-02T00:00:00.0000000-06:00,0.000000,P,,0,,NOAA,2013-08-08T07:41:24.4230000-06:00,in
37,USC00051772,Snow,2007-07-03T00:00:00.0000000-06:00,0.000000,P,,0,,NOAA,2013-08-08T07:41:24.4230000-06:00,in
37,USC00051772,Snow,2007-07-04T00:00:00.0000000-06:00,0.000000,P,,0,,NOAA,2013-08-08T07:41:24.4230000-06:00,in
37,USC00051772,Snow,2007-07-05T00:00:00.0000000-06:00,0.000000,P,,0,,NOAA,2013-08-08T07:41:24.4230000-06:00,in
37,USC00051772,Snow,2007-07-06T00:00:00.0000000-06:00,0.000000,P,,0,,NOAA,2013-08-08T07:41:24.4230000-06:00,in
37,USC00051772,Snow,2007-07-07T00:00:00.0000000-06:00,0.000000,P,,0,,NOAA,2013-08-08T07:41:24.4230000-06:00,in
37,USC00051772,Snow,2007-07-08T00:00:00.0000000-06:00,0.000000,P,,0,,NOAA,2013-08-08T07:41:24.4230000-06:00,in
37,USC00051772,Snow,2007-07-09T00:00:00.0000000-06:00,0.000000,P,,0,,NOAA,2013-08-08T07:41:24.4230000-06:00,in
37,USC00051772,Snow,2007-07-10T00:00:00.0000000-06:00,0.000000,P,,0,,NOAA,2013-08-08T07:41:24.4230000-06:00,in
37,USC00051772,Snow,2007-07-11T00:00:00.0000000-06:00,0.000000,P,,0,,NOAA,2013-08-08T07:41:24.4230000-06:00,in
37,USC00051772,Snow,2007-07-12T00:00:00.0000000-06:00,0.000000,P,,0,,NOAA,2013-08-08T07:41:24.4230000-06:00,in
37,USC00051772,Snow,2007-07-13T00:00:00.0000000-06:00,0.000000,P,,0,,NOAA,2013-08-08T07:41:24.4230000-06:00,in
37,USC00051772,Snow,2007-07-14T00:00:00.0000000-06:00,0.000000,P,,0,,NOAA,2013-08-08T07:41:24.4230000-06:00,in
37,USC00051772,Snow,2007-07-15T00:00:00.0000000-06:00,0.000000,P,,0,,NOAA,2013-08-08T07:41:24.4230000-06:00,in
37,USC00051772,Snow,2007-07-16T00:00:00.0000000-06:00,0.000000,P,,0,,NOAA,2013-08-08T07:41:24.4230000-06:00,in
37,USC00051772,Snow,2007-07-17T00:00:00.0000000-06:00,0.000000,P,,0,,NOAA,2013-08-08T07:41:24.4230000-06:00,in
37,USC00051772,Snow,2007-07-18T00:00:00.0000000-06:00,0.000000,P,,0,,NOAA,2013-08-08T07:41:24.4230000-06:00,in
37,USC00051772,Snow,2007-07-19T00:00:00.0000000-06:00,0.000000,P,,0,,NOAA,2013-08-08T07:41:24.4230000-06:00,in
37,USC00051772,Snow,2007-07-20T00:00:00.0000000-06:00,0.000000,P,,0,,NOAA,2013-08-08T07:41:24.4230000-06:00,in
37,USC00051772,Snow,2007-07-21T00:00:00.0000000-06:00,0.000000,P,,0,,NOAA,2013-08-08T07:41:24.4230000-06:00,in
37,USC00051772,Snow,2007-07-22T00:00:00.0000000-06:00,0.000000,P,,0,,NOAA,2013-08-08T07:41:24.4230000-06:00,in
37,USC00051772,Snow,2007-07-23T00:00:00.0000000-06:00,0.000000,P,,0,,NOAA,2013-08-08T07:41:24.4230000-06:00,in
37,USC00051772,Snow,2007-07-24T00:00:00.0000000-06:00,0.000000,P,,0,,NOAA,2013-08-08T07:41:24.4230000-06:00,in
37,USC00051772,Snow,2007-07-25T00:00:00.0000000-06:00,0.000000,P,,0,,NOAA,2013-08-08T07:41:24.4230000-06:00,in
37,USC00051772,Snow,2007-07-26T00:00:00.0000000-06:00,0.000000,P,,0,,NOAA,2013-08-08T07:41:24.4230000-06:00,in
37,USC00051772,Snow,2007-07-27T00:00:00.0000000-06:00,0.000000,P,,0,,NOAA,2013-08-08T07:41:24.4230000-06:00,in
37,USC00051772,Snow,2007-07-28T00:00:00.0000000-06:00,0.000000,P,,0,,NOAA,2013-08-08T07:41:24.4230000-06:00,in
37,USC00051772,Snow,2007-07-29T00:00:00.0000000-06:00,0.000000,P,,0,,NOAA,2013-08-08T07:41:24.4230000-06:00,in
37,USC00051772,Snow,2007-07-30T00:00:00.0000000-06:00,0.000000,P,,0,,NOAA,2013-08-08T07:41:24.4230000-06:00,in
37,USC00051772,Snow,2007-07-31T00:00:00.0000000-06:00,0.000000,P,,0,,NOAA,2013-08-08T07:41:24.4230000-06:00,in
37,USC00051772,Snow,2007-08-01T00:00:00.0000000-06:00,0.000000,P,,0,,NOAA,2013-08-08T07:41:24.4230000-06:00,in
37,USC00051772,Snow,2007-08-02T00:00:00.0000000-06:00,0.000000,P,,0,,NOAA,2013-08-08T07:41:24.4230000-06:00,in
37,USC00051772,Snow,2007-08-03T00:00:00.0000000-06:00,0.000000,P,,0,,NOAA,2013-08-08T07:41:24.4230000-06:00,in
37,USC00051772,Snow,2007-08-04T00:00:00.0000000-06:00,0.000000,P,,0,,NOAA,2013-08-08T07:41:24.4230000-06:00,in
37,USC00051772,Snow,2007-08-05T00:00:00.0000000-06:00,0.000000,P,,0,,NOAA,2013-08-08T07:41:24.4230000-06:00,in
37,USC00051772,Snow,2007-08-06T00:00:00.0000000-06:00,0.000000,P,,0,,NOAA,2013-08-08T07:41:24.4230000-06:00,in
37,USC00051772,Snow,2007-08-07T00:00:00.0000000-06:00,0.000000,P,,0,,NOAA,2013-08-08T07:41:24.4230000-06:00,in
37,USC00051772,Snow,2007-08-08T00:00:00.0000000-06:00,0.000000,P,,0,,NOAA,2013-08-08T07:41:24.4230000-06:00,in
37,USC00051772,Snow,2007-08-09T00:00:00.0000000-06:00,0.000000,P,,0,,NOAA,2013-08-08T07:41:24.4230000-06:00,in
37,USC00051772,Snow,2007-08-10T00:00:00.0000000-06:00,0.000000,P,,0,,NOAA,2013-08-08T07:41:24.4230000-06:00,in
37,USC00051772,Snow,2007-08-11T00:00:00.0000000-06:00,0.000000,P,,0,,NOAA,2013-08-08T07:41:24.4230000-06:00,in
37,USC00051772,Snow,2007-08-12T00:00:00.0000000-06:00,0.000000,P,,0,,NOAA,2013-08-08T07:41:24.4230000-06:00,in
37,USC00051772,Snow,2007-08-13T00:00:00.0000000-06:00,0.000000,P,,0,,NOAA,2013-08-08T07:41:24.4230000-06:00,in
37,USC00051772,Snow,2007-08-14T00:00:00.0000000-06:00,0.000000,P,,0,,NOAA,2013-08-08T07:41:24.4230000-06:00,in
37,USC00051772,Snow,2007-08-15T00:00:00.0000000-06:00,0.000000,P,,0,,NOAA,2013-08-08T07:41:24.4230000-06:00,in
37,USC00051772,Snow,2007-08-16T00:00:00.0000000-06:00,0.000000,P,,0,,NOAA,2013-08-08T07:41:24.4230000-06:00,in
37,USC00051772,Snow,2007-08-17T00:00:00.0000000-06:00,0.000000,P,,0,,NOAA,2013-08-08T07:41:24.4230000-06:00,in
37,USC00051772,Snow,2007-08-18T00:00:00.0000000-06:00,0.000000,P,,0,,NOAA,2013-08-08T07:41:24.4230000-06:00,in
37,USC00051772,Snow,2007-08-19T00:00:00.0000000-06:00,0.000000,P,,0,,NOAA,2013-08-08T07:41:24.4230000-06:00,in
37,USC00051772,Snow,2007-08-20T00:00:00.0000000-06:00,0.000000,P,,0,,NOAA,2013-08-08T07:41:24.4230000-06:00,in
37,USC00051772,Snow,2007-08-21T00:00:00.0000000-06:00,0.000000,P,,0,,NOAA,2013-08-08T07:41:24.4230000-06:00,in
37,USC00051772,Snow,2007-08-22T00:00:00.0000000-06:00,0.000000,P,,0,,NOAA,2013-08-08T07:41:24.4230000-06:00,in
37,USC00051772,Snow,2007-08-23T00:00:00.0000000-06:00,0.000000,P,,0,,NOAA,2013-08-08T07:41:24.4230000-06:00,in
37,USC00051772,Snow,2007-08-24T00:00:00.0000000-06:00,0.000000,P,,0,,NOAA,2013-08-08T07:41:24.4230000-06:00,in
37,USC00051772,Snow,2007-08-25T00:00:00.0000000-06:00,0.000000,P,,0,,NOAA,2013-08-08T07:41:24.4230000-06:00,in
37,USC00051772,Snow,2007-08-26T00:00:00.0000000-06:00,0.000000,P,,0,,NOAA,2013-08-08T07:41:24.4230000-06:00,in
37,USC00051772,Snow,2007-08-27T00:00:00.0000000-06:00,0.000000,P,,0,,NOAA,2013-08-08T07:41:24.4230000-06:00,in
37,USC00051772,Snow,2007-08-28T00:00:00.0000000-06:00,0.000000,P,,0,,NOAA,2013-08-08T07:41:24.4230000-06:00,in
37,USC00051772,Snow,2007-08-29T00:00:00.0000000-06:00,0.000000,P,,0,,NOAA,2013-08-08T07:41:24.4230000-06:00,in
37,USC00051772,Snow,2007-08-30T00:00:00.0000000-06:00,0.000000,P,,0,,NOAA,2013-08-08T07:41:24.4230000-06:00,in
37,USC00051772,Snow,2007-08-31T00:00:00.0000000-06:00,0.000000,P,,0,,NOAA,2013-08-08T07:41:24.4230000-06:00,in
37,USC00051772,Snow,2007-09-01T00:00:00.0000000-06:00,0.000000,P,,0,,NOAA,2013-08-08T07:41:24.4230000-06:00,in
37,USC00051772,Snow,2007-09-02T00:00:00.0000000-06:00,0.000000,P,,0,,NOAA,2013-08-08T07:41:24.4230000-06:00,in
37,USC00051772,Snow,2007-09-03T00:00:00.0000000-06:00,0.000000,P,,0,,NOAA,2013-08-08T07:41:24.4230000-06:00,in
37,USC00051772,Snow,2007-09-04T00:00:00.0000000-06:00,0.000000,P,,0,,NOAA,2013-08-08T07:41:24.4230000-06:00,in
37,USC00051772,Snow,2007-09-05T00:00:00.0000000-06:00,0.000000,P,,0,,NOAA,2013-08-08T07:41:24.4230000-06:00,in
37,USC00051772,Snow,2007-09-06T00:00:00.0000000-06:00,0.000000,P,,0,,NOAA,2013-08-08T07:41:24.4230000-06:00,in
37,USC00051772,Snow,2007-09-07T00:00:00.0000000-06:00,0.000000,P,,0,,NOAA,2013-08-08T07:41:24.4230000-06:00,in
37,USC00051772,Snow,2007-09-08T00:00:00.0000000-06:00,0.000000,P,,0,,NOAA,2013-08-08T07:41:24.4230000-06:00,in
37,USC00051772,Snow,2007-09-09T00:00:00.0000000-06:00,0.000000,P,,0,,NOAA,2013-08-08T07:41:24.4230000-06:00,in
37,USC00051772,Snow,2007-09-10T00:00:00.0000000-06:00,0.000000,P,,0,,NOAA,2013-08-08T07:41:24.4230000-06:00,in
37,USC00051772,Snow,2007-09-11T00:00:00.0000000-06:00,0.000000,P,,0,,NOAA,2013-08-08T07:41:24.4230000-06:00,in
37,USC00051772,Snow,2007-09-12T00:00:00.0000000-06:00,0.000000,P,,0,,NOAA,2013-08-08T07:41:24.4230000-06:00,in
37,USC00051772,Snow,2007-09-13T00:00:00.0000000-06:00,0.000000,P,,0,,NOAA,2013-08-08T07:41:24.4230000-06:00,in
37,USC00051772,Snow,2007-09-14T00:00:00.0000000-06:00,0.000000,P,,0,,NOAA,2013-08-08T07:41:24.4230000-06:00,in
37,USC00051772,Snow,2007-09-15T00:00:00.0000000-06:00,0.000000,P,,0,,NOAA,2013-08-08T07:41:24.4230000-06:00,in
37,USC00051772,Snow,2007-09-16T00:00:00.0000000-06:00,0.000000,P,,0,,NOAA,2013-08-08T07:41:24.4230000-06:00,in
37,USC00051772,Snow,2007-09-17T00:00:00.0000000-06:00,0.000000,P,,0,,NOAA,2013-08-08T07:41:24.4230000-06:00,in
37,USC00051772,Snow,2007-09-18T00:00:00.0000000-06:00,0.000000,P,,0,,NOAA,2013-08-08T07:41:24.4230000-06:00,in
37,USC00051772,Snow,2007-09-19T00:00:00.0000000-06:00,0.000000,P,,0,,NOAA,2013-08-08T07:41:24.4230000-06:00,in
37,USC00051772,Snow,2007-09-20T00:00:00.0000000-06:00,0.000000,P,,0,,NOAA,2013-08-08T07:41:24.4230000-06:00,in
37,USC00051772,Snow,2007-09-21T00:00:00.0000000-06:00,0.000000,P,,0,,NOAA,2013-08-08T07:41:24.4230000-06:00,in
37,USC00051772,Snow,2007-09-22T00:00:00.0000000-06:00,0.000000,P,,0,,NOAA,2013-08-08T07:41:24.4230000-06:00,in
37,USC00051772,Snow,2007-09-23T00:00:00.0000000-06:00,0.000000,P,,0,,NOAA,2013-08-08T07:41:24.4230000-06:00,in
37,USC00051772,Snow,2007-09-24T00:00:00.0000000-06:00,0.000000,P,,0,,NOAA,2013-08-08T07:41:24.4230000-06:00,in
37,USC00051772,Snow,2007-09-25T00:00:00.0000000-06:00,0.000000,P,,0,,NOAA,2013-08-08T07:41:24.4230000-06:00,in
37,USC00051772,Snow,2007-09-26T00:00:00.0000000-06:00,0.000000,P,,0,,NOAA,2013-08-08T07:41:24.4230000-06:00,in
37,USC00051772,Snow,2007-09-27T00:00:00.0000000-06:00,0.000000,P,,0,,NOAA,2013-08-08T07:41:24.4230000-06:00,in
37,USC00051772,Snow,2007-09-28T00:00:00.0000000-06:00,0.000000,P,,0,,NOAA,2013-08-08T07:41:24.4230000-06:00,in
37,USC00051772,Snow,2007-09-29T00:00:00.0000000-06:00,0.000000,P,,0,,NOAA,2013-08-08T07:41:24.4230000-06:00,in
37,USC00051772,Snow,2007-09-30T00:00:00.0000000-06:00,0.000000,P,,0,,NOAA,2013-08-08T07:41:24.4230000-06:00,in
37,USC00051772,Snow,2007-10-01T00:00:00.0000000-06:00,0.000000,P,,0,,NOAA,2013-08-08T07:41:24.4230000-06:00,in
37,USC00051772,Snow,2007-10-02T00:00:00.0000000-06:00,0.000000,P,,0,,NOAA,2013-08-08T07:41:24.4230000-06:00,in
37,USC00051772,Snow,2007-10-03T00:00:00.0000000-06:00,0.000000,P,,0,,NOAA,2013-08-08T07:41:24.4230000-06:00,in
37,USC00051772,Snow,2007-10-04T00:00:00.0000000-06:00,0.000000,P,,0,,NOAA,2013-08-08T07:41:24.4230000-06:00,in
37,USC00051772,Snow,2007-10-05T00:00:00.0000000-06:00,0.000000,P,,0,,NOAA,2013-08-08T07:41:24.4230000-06:00,in
37,USC00051772,Snow,2007-10-06T00:00:00.0000000-06:00,0.000000,P,,0,,NOAA,2013-08-08T07:41:24.4230000-06:00,in
37,USC00051772,Snow,2007-10-07T00:00:00.0000000-06:00,0.000000,P,,0,,NOAA,2013-08-08T07:41:24.4230000-06:00,in
37,USC00051772,Snow,2007-10-08T00:00:00.0000000-06:00,0.000000,P,,0,,NOAA,2013-08-08T07:41:24.4230000-06:00,in
37,USC00051772,Snow,2007-10-09T00:00:00.0000000-06:00,0.000000,P,,0,,NOAA,2013-08-08T07:41:24.4230000-06:00,in
37,USC00051772,Snow,2007-10-10T00:00:00.0000000-06:00,0.000000,P,,0,,NOAA,2013-08-08T07:41:24.4230000-06:00,in
37,USC00051772,Snow,2007-10-11T00:00:00.0000000-06:00,0.000000,P,,0,,NOAA,2013-08-08T07:41:24.4230000-06:00,in
37,USC00051772,Snow,2007-10-12T00:00:00.0000000-06:00,0.000000,P,,0,,NOAA,2013-08-08T07:41:24.4230000-06:00,in
37,USC00051772,Snow,2007-10-13T00:00:00.0000000-06:00,0.000000,P,,0,,NOAA,2013-08-08T07:41:24.4230000-06:00,in
37,USC00051772,Snow,2007-10-14T00:00:00.0000000-06:00,0.000000,P,,0,,NOAA,2013-08-08T07:41:24.4230000-06:00,in
37,USC00051772,Snow,2007-10-15T00:00:00.0000000-06:00,0.000000,P,,0,,NOAA,2013-08-08T07:41:24.4230000-06:00,in
37,USC00051772,Snow,2007-10-16T00:00:00.0000000-06:00,0.000000,P,,0,,NOAA,2013-08-08T07:41:24.4230000-06:00,in
37,USC00051772,Snow,2007-10-17T00:00:00.0000000-06:00,0.000000,P,,0,,NOAA,2013-08-08T07:41:24.4230000-06:00,in
37,USC00051772,Snow,2007-10-18T00:00:00.0000000-06:00,0.000000,P,,0,,NOAA,2013-08-08T07:41:24.4230000-06:00,in
37,USC00051772,Snow,2007-10-19T00:00:00.0000000-06:00,0.000000,P,,0,,NOAA,2013-08-08T07:41:24.4230000-06:00,in
37,USC00051772,Snow,2007-10-20T00:00:00.0000000-06:00,0.000000,P,,0,,NOAA,2013-08-08T07:41:24.4230000-06:00,in
37,USC00051772,Snow,2007-10-21T00:00:00.0000000-06:00,0.000000,T,,0,,NOAA,2013-08-08T07:41:24.4230000-06:00,in
37,USC00051772,Snow,2007-10-22T00:00:00.0000000-06:00,0.000000,P,,0,,NOAA,2013-08-08T07:41:24.4230000-06:00,in
37,USC00051772,Snow,2007-10-23T00:00:00.0000000-06:00,0.000000,P,,0,,NOAA,2013-08-08T07:41:24.4230000-06:00,in
37,USC00051772,Snow,2007-10-24T00:00:00.0000000-06:00,0.000000,P,,0,,NOAA,2013-08-08T07:41:24.4230000-06:00,in
37,USC00051772,Snow,2007-10-25T00:00:00.0000000-06:00,0.000000,P,,0,,NOAA,2013-08-08T07:41:24.4230000-06:00,in
37,USC00051772,Snow,2007-10-26T00:00:00.0000000-06:00,0.000000,P,,0,,NOAA,2013-08-08T07:41:24.4230000-06:00,in
37,USC00051772,Snow,2007-10-27T00:00:00.0000000-06:00,0.000000,P,,0,,NOAA,2013-08-08T07:41:24.4230000-06:00,in
37,USC00051772,Snow,2007-10-28T00:00:00.0000000-06:00,0.000000,P,,0,,NOAA,2013-08-08T07:41:24.4230000-06:00,in
37,USC00051772,Snow,2007-10-29T00:00:00.0000000-06:00,0.000000,P,,0,,NOAA,2013-08-08T07:41:24.4230000-06:00,in
37,USC00051772,Snow,2007-10-30T00:00:00.0000000-06:00,0.000000,P,,0,,NOAA,2013-08-08T07:41:24.4230000-06:00,in
37,USC00051772,Snow,2007-10-31T00:00:00.0000000-06:00,0.000000,P,,0,,NOAA,2013-08-08T07:41:24.4230000-06:00,in
37,USC00051772,Snow,2007-12-01T00:00:00.0000000-07:00,0.000000,P,,0,,NOAA,2013-08-08T07:41:24.4230000-06:00,in
37,USC00051772,Snow,2007-12-02T00:00:00.0000000-07:00,0.000000,P,,0,,NOAA,2013-08-08T07:41:24.4230000-06:00,in
37,USC00051772,Snow,2007-12-03T00:00:00.0000000-07:00,0.000000,P,,0,,NOAA,2013-08-08T07:41:24.4230000-06:00,in
37,USC00051772,Snow,2007-12-04T00:00:00.0000000-07:00,0.000000,P,,0,,NOAA,2013-08-08T07:41:24.4230000-06:00,in
37,USC00051772,Snow,2007-12-05T00:00:00.0000000-07:00,0.000000,P,,0,,NOAA,2013-08-08T07:41:24.4230000-06:00,in
37,USC00051772,Snow,2007-12-06T00:00:00.0000000-07:00,0.000000,P,,0,,NOAA,2013-08-08T07:41:24.4230000-06:00,in
37,USC00051772,Snow,2007-12-07T00:00:00.0000000-07:00,0.000000,T,,0,,NOAA,2013-08-08T07:41:24.4230000-06:00,in
37,USC00051772,Snow,2007-12-08T00:00:00.0000000-07:00,0.000000,P,,0,,NOAA,2013-08-08T07:41:24.4230000-06:00,in
37,USC00051772,Snow,2007-12-09T00:00:00.0000000-07:00,1.889764,,,0,,NOAA,2013-08-08T07:41:24.4230000-06:00,in
37,USC00051772,Snow,2007-12-10T00:00:00.0000000-07:00,0.000000,,,0,,NOAA,2013-08-08T07:41:24.4230000-06:00,in
37,USC00051772,Snow,2007-12-11T00:00:00.0000000-07:00,2.204724,,,0,,NOAA,2013-08-08T07:41:24.4230000-06:00,in
37,USC00051772,Snow,2007-12-12T00:00:00.0000000-07:00,0.511811,,,0,,NOAA,2013-08-08T07:41:24.4230000-06:00,in
37,USC00051772,Snow,2007-12-13T00:00:00.0000000-07:00,0.000000,,,0,,NOAA,2013-08-08T07:41:24.4230000-06:00,in
37,USC00051772,Snow,2007-12-14T00:00:00.0000000-07:00,3.307087,,,0,,NOAA,2013-08-08T07:41:24.4230000-06:00,in
37,USC00051772,Snow,2007-12-15T00:00:00.0000000-07:00,0.000000,,,0,,NOAA,2013-08-08T07:41:24.4230000-06:00,in
37,USC00051772,Snow,2007-12-16T00:00:00.0000000-07:00,0.000000,,,0,,NOAA,2013-08-08T07:41:24.4230000-06:00,in
37,USC00051772,Snow,2007-12-17T00:00:00.0000000-07:00,0.000000,,,0,,NOAA,2013-08-08T07:41:24.4230000-06:00,in
37,USC00051772,Snow,2007-12-18T00:00:00.0000000-07:00,0.000000,,,0,,NOAA,2013-08-08T07:41:24.4230000-06:00,in
37,USC00051772,Snow,2007-12-19T00:00:00.0000000-07:00,0.000000,,,0,,NOAA,2013-08-08T07:41:24.4230000-06:00,in
37,USC00051772,Snow,2007-12-20T00:00:00.0000000-07:00,0.000000,,,0,,NOAA,2013-08-08T07:41:24.4230000-06:00,in
37,USC00051772,Snow,2007-12-21T00:00:00.0000000-07:00,2.283465,,,0,,NOAA,2013-08-08T07:41:24.4230000-06:00,in
37,USC00051772,Snow,2007-12-22T00:00:00.0000000-07:00,0.314961,,,0,,NOAA,2013-08-08T07:41:24.4230000-06:00,in
37,USC00051772,Snow,2007-12-23T00:00:00.0000000-07:00,0.000000,,,0,,NOAA,2013-08-08T07:41:24.4230000-06:00,in
37,USC00051772,Snow,2007-12-24T00:00:00.0000000-07:00,0.000000,,,0,,NOAA,2013-08-08T07:41:24.4230000-06:00,in
37,USC00051772,Snow,2007-12-26T00:00:00.0000000-07:00,0.000000,,,0,,NOAA,2013-08-08T07:41:24.4230000-06:00,in
37,USC00051772,Snow,2007-12-27T00:00:00.0000000-07:00,0.905512,,,0,,NOAA,2013-08-08T07:41:24.4230000-06:00,in
37,USC00051772,Snow,2007-12-28T00:00:00.0000000-07:00,0.000000,,,0,,NOAA,2013-08-08T07:41:24.4230000-06:00,in
37,USC00051772,Snow,2007-12-29T00:00:00.0000000-07:00,0.000000,,,0,,NOAA,2013-08-08T07:41:24.4230000-06:00,in
37,USC00051772,Snow,2007-12-30T00:00:00.0000000-07:00,0.000000,,,0,,NOAA,2013-08-08T07:41:24.4230000-06:00,in
37,USC00051772,Snow,2007-12-31T00:00:00.0000000-07:00,0.000000,,,0,,NOAA,2013-08-08T07:41:24.4230000-06:00,in
37,USC00051772,Snow,2008-01-01T00:00:00.0000000-07:00,0.000000,,,0,,NOAA,2013-08-08T07:41:24.4230000-06:00,in
37,USC00051772,Snow,2008-01-02T00:00:00.0000000-07:00,0.000000,,,0,,NOAA,2013-08-08T07:41:24.4230000-06:00,in
37,USC00051772,Snow,2008-01-03T00:00:00.0000000-07:00,0.000000,,,0,,NOAA,2013-08-08T07:41:24.4230000-06:00,in
37,USC00051772,Snow,2008-01-04T00:00:00.0000000-07:00,0.000000,,,0,,NOAA,2013-08-08T07:41:24.4230000-06:00,in
37,USC00051772,Snow,2008-01-05T00:00:00.0000000-07:00,0.000000,,,0,,NOAA,2013-08-08T07:41:24.4230000-06:00,in
37,USC00051772,Snow,2008-01-06T00:00:00.0000000-07:00,2.795276,,,0,,NOAA,2013-08-08T07:41:24.4230000-06:00,in
37,USC00051772,Snow,2008-01-07T00:00:00.0000000-07:00,1.299213,,,0,,NOAA,2013-08-08T07:41:24.4230000-06:00,in
37,USC00051772,Snow,2008-01-08T00:00:00.0000000-07:00,0.000000,,,0,,NOAA,2013-08-08T07:41:24.4230000-06:00,in
37,USC00051772,Snow,2008-01-09T00:00:00.0000000-07:00,0.984252,,,0,,NOAA,2013-08-08T07:41:24.4230000-06:00,in
37,USC00051772,Snow,2008-01-10T00:00:00.0000000-07:00,1.496063,,,0,,NOAA,2013-08-08T07:41:24.4230000-06:00,in
37,USC00051772,Snow,2008-01-11T00:00:00.0000000-07:00,0.000000,,,0,,NOAA,2013-08-08T07:41:24.4230000-06:00,in
37,USC00051772,Snow,2008-01-12T00:00:00.0000000-07:00,0.000000,,,0,,NOAA,2013-08-08T07:41:24.4230000-06:00,in
37,USC00051772,Snow,2008-01-13T00:00:00.0000000-07:00,0.000000,,,0,,NOAA,2013-08-08T07:41:24.4230000-06:00,in
37,USC00051772,Snow,2008-01-14T00:00:00.0000000-07:00,0.000000,,,0,,NOAA,2013-08-08T07:41:24.4230000-06:00,in
37,USC00051772,Snow,2008-01-15T00:00:00.0000000-07:00,0.000000,,,0,,NOAA,2013-08-08T07:41:24.4230000-06:00,in
37,USC00051772,Snow,2008-01-16T00:00:00.0000000-07:00,0.000000,,,0,,NOAA,2013-08-08T07:41:24.4230000-06:00,in
37,USC00051772,Snow,2008-01-17T00:00:00.0000000-07:00,0.000000,,,0,,NOAA,2013-08-08T07:41:24.4230000-06:00,in
37,USC00051772,Snow,2008-01-18T00:00:00.0000000-07:00,0.000000,,,0,,NOAA,2013-08-08T07:41:24.4230000-06:00,in
37,USC00051772,Snow,2008-01-19T00:00:00.0000000-07:00,0.000000,,,0,,NOAA,2013-08-08T07:41:24.4230000-06:00,in
37,USC00051772,Snow,2008-01-20T00:00:00.0000000-07:00,0.000000,,,0,,NOAA,2013-08-08T07:41:24.4230000-06:00,in
37,USC00051772,Snow,2008-01-21T00:00:00.0000000-07:00,0.000000,,,0,,NOAA,2013-08-08T07:41:24.4230000-06:00,in
37,USC00051772,Snow,2008-01-22T00:00:00.0000000-07:00,0.511811,,,0,,NOAA,2013-08-08T07:41:24.4230000-06:00,in
37,USC00051772,Snow,2008-01-23T00:00:00.0000000-07:00,0.000000,,,0,,NOAA,2013-08-08T07:41:24.4230000-06:00,in
37,USC00051772,Snow,2008-01-24T00:00:00.0000000-07:00,0.000000,,,0,,NOAA,2013-08-08T07:41:24.4230000-06:00,in
37,USC00051772,Snow,2008-01-26T00:00:00.0000000-07:00,0.000000,,,0,,NOAA,2013-08-08T07:41:24.4230000-06:00,in
37,USC00051772,Snow,2008-01-27T00:00:00.0000000-07:00,0.000000,,,0,,NOAA,2013-08-08T07:41:24.4230000-06:00,in
37,USC00051772,Snow,2008-01-28T00:00:00.0000000-07:00,0.511811,,,0,,NOAA,2013-08-08T07:41:24.4230000-06:00,in
37,USC00051772,Snow,2008-01-29T00:00:00.0000000-07:00,1.181102,,,0,,NOAA,2013-08-08T07:41:24.4230000-06:00,in
37,USC00051772,Snow,2008-01-30T00:00:00.0000000-07:00,0.590551,,,0,,NOAA,2013-08-08T07:41:24.4230000-06:00,in
37,USC00051772,Snow,2008-01-31T00:00:00.0000000-07:00,0.787402,,,0,,NOAA,2013-08-08T07:41:24.4230000-06:00,in
37,USC00051772,Snow,2008-02-01T00:00:00.0000000-07:00,0.000000,,,0,,NOAA,2013-08-08T07:41:24.4230000-06:00,in
37,USC00051772,Snow,2008-02-02T00:00:00.0000000-07:00,0.000000,,,0,,NOAA,2013-08-08T07:41:24.4230000-06:00,in
37,USC00051772,Snow,2008-02-03T00:00:00.0000000-07:00,0.511811,,,0,,NOAA,2013-08-08T07:41:24.4230000-06:00,in
37,USC00051772,Snow,2008-02-04T00:00:00.0000000-07:00,5.000000,,,0,,NOAA,2013-08-08T07:41:24.4230000-06:00,in
37,USC00051772,Snow,2008-02-05T00:00:00.0000000-07:00,0.000000,,,0,,NOAA,2013-08-08T07:41:24.4230000-06:00,in
37,USC00051772,Snow,2008-02-06T00:00:00.0000000-07:00,0.000000,,,0,,NOAA,2013-08-08T07:41:24.4230000-06:00,in
37,USC00051772,Snow,2008-02-07T00:00:00.0000000-07:00,0.000000,,,0,,NOAA,2013-08-08T07:41:24.4230000-06:00,in
37,USC00051772,Snow,2008-02-08T00:00:00.0000000-07:00,0.511811,,,0,,NOAA,2013-08-08T07:41:24.4230000-06:00,in
37,USC00051772,Snow,2008-02-09T00:00:00.0000000-07:00,0.000000,,,0,,NOAA,2013-08-08T07:41:24.4230000-06:00,in
37,USC00051772,Snow,2008-02-10T00:00:00.0000000-07:00,0.000000,,,0,,NOAA,2013-08-08T07:41:24.4230000-06:00,in
37,USC00051772,Snow,2008-02-11T00:00:00.0000000-07:00,0.000000,,,0,,NOAA,2013-08-08T07:41:24.4230000-06:00,in
37,USC00051772,Snow,2008-02-12T00:00:00.0000000-07:00,0.000000,,,0,,NOAA,2013-08-08T07:41:24.4230000-06:00,in
37,USC00051772,Snow,2008-02-13T00:00:00.0000000-07:00,0.000000,,,0,,NOAA,2013-08-08T07:41:24.4230000-06:00,in
37,USC00051772,Snow,2008-02-14T00:00:00.0000000-07:00,0.511811,,,0,,NOAA,2013-08-08T07:41:24.4230000-06:00,in
37,USC00051772,Snow,2008-02-15T00:00:00.0000000-07:00,0.590551,,,0,,NOAA,2013-08-08T07:41:24.4230000-06:00,in
37,USC00051772,Snow,2008-02-16T00:00:00.0000000-07:00,0.000000,,,0,,NOAA,2013-08-08T07:41:24.4230000-06:00,in
37,USC00051772,Snow,2008-02-17T00:00:00.0000000-07:00,0.000000,,,0,,NOAA,2013-08-08T07:41:24.4230000-06:00,in
37,USC00051772,Snow,2008-02-18T00:00:00.0000000-07:00,0.000000,,,0,,NOAA,2013-08-08T07:41:24.4230000-06:00,in
37,USC00051772,Snow,2008-02-19T00:00:00.0000000-07:00,0.000000,,,0,,NOAA,2013-08-08T07:41:24.4230000-06:00,in
37,USC00051772,Snow,2008-02-20T00:00:00.0000000-07:00,0.000000,,,0,,NOAA,2013-08-08T07:41:24.4230000-06:00,in
37,USC00051772,Snow,2008-02-21T00:00:00.0000000-07:00,1.102362,,,0,,NOAA,2013-08-08T07:41:24.4230000-06:00,in
37,USC00051772,Snow,2008-02-22T00:00:00.0000000-07:00,0.000000,,,0,,NOAA,2013-08-08T07:41:24.4230000-06:00,in
37,USC00051772,Snow,2008-02-23T00:00:00.0000000-07:00,1.299213,,,0,,NOAA,2013-08-08T07:41:24.4230000-06:00,in
37,USC00051772,Snow,2008-02-24T00:00:00.0000000-07:00,0.000000,,,0,,NOAA,2013-08-08T07:41:24.4230000-06:00,in
37,USC00051772,Snow,2008-02-25T00:00:00.0000000-07:00,0.000000,,,0,,NOAA,2013-08-08T07:41:24.4230000-06:00,in
37,USC00051772,Snow,2008-02-26T00:00:00.0000000-07:00,0.000000,,,0,,NOAA,2013-08-08T07:41:24.4230000-06:00,in
37,USC00051772,Snow,2008-02-27T00:00:00.0000000-07:00,0.000000,,,0,,NOAA,2013-08-08T07:41:24.4230000-06:00,in
37,USC00051772,Snow,2008-02-28T00:00:00.0000000-07:00,0.000000,,,0,,NOAA,2013-08-08T07:41:24.4230000-06:00,in
37,USC00051772,Snow,2008-02-29T00:00:00.0000000-07:00,0.000000,,,0,,NOAA,2013-08-08T07:41:24.4230000-06:00,in
37,USC00051772,Snow,2008-03-01T00:00:00.0000000-07:00,0.000000,,,0,,NOAA,2013-08-08T07:41:24.4230000-06:00,in
37,USC00051772,Snow,2008-03-02T00:00:00.0000000-07:00,2.204724,,,0,,NOAA,2013-08-08T07:41:24.4230000-06:00,in
37,USC00051772,Snow,2008-03-03T00:00:00.0000000-07:00,0.000000,,,0,,NOAA,2013-08-08T07:41:24.4230000-06:00,in
37,USC00051772,Snow,2008-03-04T00:00:00.0000000-07:00,0.000000,,,0,,NOAA,2013-08-08T07:41:24.4230000-06:00,in
37,USC00051772,Snow,2008-03-05T00:00:00.0000000-07:00,0.000000,,,0,,NOAA,2013-08-08T07:41:24.4230000-06:00,in
37,USC00051772,Snow,2008-03-06T00:00:00.0000000-07:00,0.000000,,,0,,NOAA,2013-08-08T07:41:24.4230000-06:00,in
37,USC00051772,Snow,2008-03-07T00:00:00.0000000-07:00,0.000000,,,0,,NOAA,2013-08-08T07:41:24.4230000-06:00,in
37,USC00051772,Snow,2008-03-08T00:00:00.0000000-07:00,0.000000,,,0,,NOAA,2013-08-08T07:41:24.4230000-06:00,in
37,USC00051772,Snow,2008-03-09T00:00:00.0000000-07:00,0.000000,P,,0,,NOAA,2013-08-08T07:41:24.4230000-06:00,in
37,USC00051772,Snow,2008-03-10T00:00:00.0000000-06:00,0.000000,P,,0,,NOAA,2013-08-08T07:41:24.4230000-06:00,in
37,USC00051772,Snow,2008-03-11T00:00:00.0000000-06:00,0.000000,P,,0,,NOAA,2013-08-08T07:41:24.4230000-06:00,in
37,USC00051772,Snow,2008-03-12T00:00:00.0000000-06:00,0.000000,P,,0,,NOAA,2013-08-08T07:41:24.4230000-06:00,in
37,USC00051772,Snow,2008-03-13T00:00:00.0000000-06:00,0.000000,P,,0,,NOAA,2013-08-08T07:41:24.4230000-06:00,in
37,USC00051772,Snow,2008-03-14T00:00:00.0000000-06:00,0.000000,,,0,,NOAA,2013-08-08T07:41:24.4230000-06:00,in
37,USC00051772,Snow,2008-03-15T00:00:00.0000000-06:00,0.000000,P,,0,,NOAA,2013-08-08T07:41:24.4230000-06:00,in
37,USC00051772,Snow,2008-03-16T00:00:00.0000000-06:00,0.000000,P,,0,,NOAA,2013-08-08T07:41:24.4230000-06:00,in
37,USC00051772,Snow,2008-03-17T00:00:00.0000000-06:00,0.000000,P,,0,,NOAA,2013-08-08T07:41:24.4230000-06:00,in
37,USC00051772,Snow,2008-03-18T00:00:00.0000000-06:00,0.000000,P,,0,,NOAA,2013-08-08T07:41:24.4230000-06:00,in
37,USC00051772,Snow,2008-03-19T00:00:00.0000000-06:00,0.000000,P,,0,,NOAA,2013-08-08T07:41:24.4230000-06:00,in
37,USC00051772,Snow,2008-03-20T00:00:00.0000000-06:00,0.000000,P,,0,,NOAA,2013-08-08T07:41:24.4230000-06:00,in
37,USC00051772,Snow,2008-03-21T00:00:00.0000000-06:00,0.000000,P,,0,,NOAA,2013-08-08T07:41:24.4230000-06:00,in
37,USC00051772,Snow,2008-03-22T00:00:00.0000000-06:00,0.000000,P,,0,,NOAA,2013-08-08T07:41:24.4230000-06:00,in
37,USC00051772,Snow,2008-03-23T00:00:00.0000000-06:00,0.000000,P,,0,,NOAA,2013-08-08T07:41:24.4230000-06:00,in
37,USC00051772,Snow,2008-03-24T00:00:00.0000000-06:00,0.000000,P,,0,,NOAA,2013-08-08T07:41:24.4230000-06:00,in
37,USC00051772,Snow,2008-03-25T00:00:00.0000000-06:00,0.000000,P,,0,,NOAA,2013-08-08T07:41:24.4230000-06:00,in
37,USC00051772,Snow,2008-03-26T00:00:00.0000000-06:00,0.000000,P,,0,,NOAA,2013-08-08T07:41:24.4230000-06:00,in
37,USC00051772,Snow,2008-03-27T00:00:00.0000000-06:00,0.000000,P,,0,,NOAA,2013-08-08T07:41:24.4230000-06:00,in
37,USC00051772,Snow,2008-03-28T00:00:00.0000000-06:00,0.000000,P,,0,,NOAA,2013-08-08T07:41:24.4230000-06:00,in
37,USC00051772,Snow,2008-03-29T00:00:00.0000000-06:00,0.000000,P,,0,,NOAA,2013-08-08T07:41:24.4230000-06:00,in
37,USC00051772,Snow,2008-03-30T00:00:00.0000000-06:00,0.000000,P,,0,,NOAA,2013-08-08T07:41:24.4230000-06:00,in
37,USC00051772,Snow,2008-03-31T00:00:00.0000000-06:00,0.000000,,,0,,NOAA,2013-08-08T07:41:24.4230000-06:00,in
37,USC00051772,Snow,2008-04-01T00:00:00.0000000-06:00,0.000000,P,,0,,NOAA,2013-08-08T07:41:24.4230000-06:00,in
37,USC00051772,Snow,2008-04-02T00:00:00.0000000-06:00,0.000000,P,,0,,NOAA,2013-08-08T07:41:24.4230000-06:00,in
37,USC00051772,Snow,2008-04-03T00:00:00.0000000-06:00,0.000000,P,,0,,NOAA,2013-08-08T07:41:24.4230000-06:00,in
37,USC00051772,Snow,2008-04-04T00:00:00.0000000-06:00,0.000000,P,,0,,NOAA,2013-08-08T07:41:24.4230000-06:00,in
37,USC00051772,Snow,2008-04-05T00:00:00.0000000-06:00,0.000000,P,,0,,NOAA,2013-08-08T07:41:24.4230000-06:00,in
37,USC00051772,Snow,2008-04-06T00:00:00.0000000-06:00,0.000000,P,,0,,NOAA,2013-08-08T07:41:24.4230000-06:00,in
37,USC00051772,Snow,2008-04-07T00:00:00.0000000-06:00,0.000000,P,,0,,NOAA,2013-08-08T07:41:24.4230000-06:00,in
37,USC00051772,Snow,2008-04-08T00:00:00.0000000-06:00,0.000000,P,,0,,NOAA,2013-08-08T07:41:24.4230000-06:00,in
37,USC00051772,Snow,2008-04-09T00:00:00.0000000-06:00,0.000000,P,,0,,NOAA,2013-08-08T07:41:24.4230000-06:00,in
37,USC00051772,Snow,2008-04-10T00:00:00.0000000-06:00,0.984252,,,0,,NOAA,2013-08-08T07:41:24.4230000-06:00,in
37,USC00051772,Snow,2008-04-11T00:00:00.0000000-06:00,0.000000,P,,0,,NOAA,2013-08-08T07:41:24.4230000-06:00,in
37,USC00051772,Snow,2008-04-12T00:00:00.0000000-06:00,0.000000,P,,0,,NOAA,2013-08-08T07:41:24.4230000-06:00,in
37,USC00051772,Snow,2008-04-13T00:00:00.0000000-06:00,0.000000,P,,0,,NOAA,2013-08-08T07:41:24.4230000-06:00,in
37,USC00051772,Snow,2008-04-14T00:00:00.0000000-06:00,0.000000,P,,0,,NOAA,2013-08-08T07:41:24.4230000-06:00,in
37,USC00051772,Snow,2008-04-15T00:00:00.0000000-06:00,0.000000,P,,0,,NOAA,2013-08-08T07:41:24.4230000-06:00,in
37,USC00051772,Snow,2008-04-16T00:00:00.0000000-06:00,0.000000,P,,0,,NOAA,2013-08-08T07:41:24.4230000-06:00,in
37,USC00051772,Snow,2008-04-17T00:00:00.0000000-06:00,0.000000,P,,0,,NOAA,2013-08-08T07:41:24.4230000-06:00,in
37,USC00051772,Snow,2008-04-18T00:00:00.0000000-06:00,0.000000,P,,0,,NOAA,2013-08-08T07:41:24.4230000-06:00,in
37,USC00051772,Snow,2008-04-19T00:00:00.0000000-06:00,0.000000,P,,0,,NOAA,2013-08-08T07:41:24.4230000-06:00,in
37,USC00051772,Snow,2008-04-20T00:00:00.0000000-06:00,0.000000,P,,0,,NOAA,2013-08-08T07:41:24.4230000-06:00,in
37,USC00051772,Snow,2008-04-21T00:00:00.0000000-06:00,0.000000,P,,0,,NOAA,2013-08-08T07:41:24.4230000-06:00,in
37,USC00051772,Snow,2008-04-22T00:00:00.0000000-06:00,0.000000,P,,0,,NOAA,2013-08-08T07:41:24.4230000-06:00,in
37,USC00051772,Snow,2008-04-23T00:00:00.0000000-06:00,0.000000,P,,0,,NOAA,2013-08-08T07:41:24.4230000-06:00,in
37,USC00051772,Snow,2008-04-24T00:00:00.0000000-06:00,0.000000,P,,0,,NOAA,2013-08-08T07:41:24.4230000-06:00,in
37,USC00051772,Snow,2008-04-25T00:00:00.0000000-06:00,0.000000,P,,0,,NOAA,2013-08-08T07:41:24.4230000-06:00,in
37,USC00051772,Snow,2008-04-26T00:00:00.0000000-06:00,0.000000,P,,0,,NOAA,2013-08-08T07:41:24.4230000-06:00,in
37,USC00051772,Snow,2008-04-27T00:00:00.0000000-06:00,0.000000,P,,0,,NOAA,2013-08-08T07:41:24.4230000-06:00,in
37,USC00051772,Snow,2008-04-28T00:00:00.0000000-06:00,0.000000,P,,0,,NOAA,2013-08-08T07:41:24.4230000-06:00,in
37,USC00051772,Snow,2008-04-29T00:00:00.0000000-06:00,0.000000,P,,0,,NOAA,2013-08-08T07:41:24.4230000-06:00,in
37,USC00051772,Snow,2008-04-30T00:00:00.0000000-06:00,0.000000,P,,0,,NOAA,2013-08-08T07:41:24.4230000-06:00,in
37,USC00051772,Snow,2008-05-01T00:00:00.0000000-06:00,1.299213,,,0,,NOAA,2013-08-08T07:41:24.4230000-06:00,in
37,USC00051772,Snow,2008-05-02T00:00:00.0000000-06:00,0.000000,P,,0,,NOAA,2013-08-08T07:41:24.4230000-06:00,in
37,USC00051772,Snow,2008-05-03T00:00:00.0000000-06:00,0.000000,P,,0,,NOAA,2013-08-08T07:41:24.4230000-06:00,in
37,USC00051772,Snow,2008-05-04T00:00:00.0000000-06:00,0.000000,P,,0,,NOAA,2013-08-08T07:41:24.4230000-06:00,in
37,USC00051772,Snow,2008-05-05T00:00:00.0000000-06:00,0.000000,P,,0,,NOAA,2013-08-08T07:41:24.4230000-06:00,in
37,USC00051772,Snow,2008-05-06T00:00:00.0000000-06:00,0.000000,P,,0,,NOAA,2013-08-08T07:41:24.4230000-06:00,in
37,USC00051772,Snow,2008-05-07T00:00:00.0000000-06:00,0.000000,P,,0,,NOAA,2013-08-08T07:41:24.4230000-06:00,in
37,USC00051772,Snow,2008-05-08T00:00:00.0000000-06:00,0.000000,P,,0,,NOAA,2013-08-08T07:41:24.4230000-06:00,in
37,USC00051772,Snow,2008-05-09T00:00:00.0000000-06:00,0.000000,P,,0,,NOAA,2013-08-08T07:41:24.4230000-06:00,in
37,USC00051772,Snow,2008-05-10T00:00:00.0000000-06:00,0.000000,P,,0,,NOAA,2013-08-08T07:41:24.4230000-06:00,in
37,USC00051772,Snow,2008-05-11T00:00:00.0000000-06:00,0.000000,P,,0,,NOAA,2013-08-08T07:41:24.4230000-06:00,in
37,USC00051772,Snow,2008-05-12T00:00:00.0000000-06:00,0.000000,P,,0,,NOAA,2013-08-08T07:41:24.4230000-06:00,in
37,USC00051772,Snow,2008-05-13T00:00:00.0000000-06:00,0.000000,P,,0,,NOAA,2013-08-08T07:41:24.4230000-06:00,in
37,USC00051772,Snow,2008-05-14T00:00:00.0000000-06:00,0.000000,P,,0,,NOAA,2013-08-08T07:41:24.4230000-06:00,in
37,USC00051772,Snow,2008-05-15T00:00:00.0000000-06:00,0.000000,P,,0,,NOAA,2013-08-08T07:41:24.4230000-06:00,in
37,USC00051772,Snow,2008-05-16T00:00:00.0000000-06:00,0.000000,P,,0,,NOAA,2013-08-08T07:41:24.4230000-06:00,in
37,USC00051772,Snow,2008-05-17T00:00:00.0000000-06:00,0.000000,P,,0,,NOAA,2013-08-08T07:41:24.4230000-06:00,in
37,USC00051772,Snow,2008-05-18T00:00:00.0000000-06:00,0.000000,P,,0,,NOAA,2013-08-08T07:41:24.4230000-06:00,in
37,USC00051772,Snow,2008-05-19T00:00:00.0000000-06:00,0.000000,P,,0,,NOAA,2013-08-08T07:41:24.4230000-06:00,in
37,USC00051772,Snow,2008-05-20T00:00:00.0000000-06:00,0.000000,P,,0,,NOAA,2013-08-08T07:41:24.4230000-06:00,in
37,USC00051772,Snow,2008-05-21T00:00:00.0000000-06:00,0.000000,P,,0,,NOAA,2013-08-08T07:41:24.4230000-06:00,in
37,USC00051772,Snow,2008-05-22T00:00:00.0000000-06:00,0.000000,P,,0,,NOAA,2013-08-08T07:41:24.4230000-06:00,in
37,USC00051772,Snow,2008-05-23T00:00:00.0000000-06:00,0.000000,P,,0,,NOAA,2013-08-08T07:41:24.4230000-06:00,in
37,USC00051772,Snow,2008-05-24T00:00:00.0000000-06:00,0.000000,P,,0,,NOAA,2013-08-08T07:41:24.4230000-06:00,in
37,USC00051772,Snow,2008-05-25T00:00:00.0000000-06:00,0.000000,P,,0,,NOAA,2013-08-08T07:41:24.4230000-06:00,in
37,USC00051772,Snow,2008-05-26T00:00:00.0000000-06:00,0.000000,P,,0,,NOAA,2013-08-08T07:41:24.4230000-06:00,in
37,USC00051772,Snow,2008-05-27T00:00:00.0000000-06:00,0.000000,P,,0,,NOAA,2013-08-08T07:41:24.4230000-06:00,in
37,USC00051772,Snow,2008-05-28T00:00:00.0000000-06:00,0.000000,P,,0,,NOAA,2013-08-08T07:41:24.4230000-06:00,in
37,USC00051772,Snow,2008-05-29T00:00:00.0000000-06:00,0.000000,P,,0,,NOAA,2013-08-08T07:41:24.4230000-06:00,in
37,USC00051772,Snow,2008-05-30T00:00:00.0000000-06:00,0.000000,P,,0,,NOAA,2013-08-08T07:41:24.4230000-06:00,in
37,USC00051772,Snow,2008-05-31T00:00:00.0000000-06:00,0.000000,P,,0,,NOAA,2013-08-08T07:41:24.4230000-06:00,in
37,USC00051772,Snow,2008-06-01T00:00:00.0000000-06:00,0.000000,P,,0,,NOAA,2013-08-08T07:41:24.4230000-06:00,in
37,USC00051772,Snow,2008-06-02T00:00:00.0000000-06:00,0.000000,P,,0,,NOAA,2013-08-08T07:41:24.4230000-06:00,in
37,USC00051772,Snow,2008-06-03T00:00:00.0000000-06:00,0.000000,P,,0,,NOAA,2013-08-08T07:41:24.4230000-06:00,in
37,USC00051772,Snow,2008-06-04T00:00:00.0000000-06:00,0.000000,P,,0,,NOAA,2013-08-08T07:41:24.4230000-06:00,in
37,USC00051772,Snow,2008-06-05T00:00:00.0000000-06:00,0.000000,P,,0,,NOAA,2013-08-08T07:41:24.4230000-06:00,in
37,USC00051772,Snow,2008-06-06T00:00:00.0000000-06:00,0.000000,P,,0,,NOAA,2013-08-08T07:41:24.4230000-06:00,in
37,USC00051772,Snow,2008-06-07T00:00:00.0000000-06:00,0.000000,P,,0,,NOAA,2013-08-08T07:41:24.4230000-06:00,in
37,USC00051772,Snow,2008-06-08T00:00:00.0000000-06:00,0.000000,P,,0,,NOAA,2013-08-08T07:41:24.4230000-06:00,in
37,USC00051772,Snow,2008-06-09T00:00:00.0000000-06:00,0.000000,P,,0,,NOAA,2013-08-08T07:41:24.4230000-06:00,in
37,USC00051772,Snow,2008-06-10T00:00:00.0000000-06:00,0.000000,P,,0,,NOAA,2013-08-08T07:41:24.4230000-06:00,in
37,USC00051772,Snow,2008-06-11T00:00:00.0000000-06:00,0.000000,P,,0,,NOAA,2013-08-08T07:41:24.4230000-06:00,in
37,USC00051772,Snow,2008-06-12T00:00:00.0000000-06:00,0.000000,P,,0,,NOAA,2013-08-08T07:41:24.4230000-06:00,in
37,USC00051772,Snow,2008-06-13T00:00:00.0000000-06:00,0.000000,P,,0,,NOAA,2013-08-08T07:41:24.4230000-06:00,in
37,USC00051772,Snow,2008-06-14T00:00:00.0000000-06:00,0.000000,P,,0,,NOAA,2013-08-08T07:41:24.4230000-06:00,in
37,USC00051772,Snow,2008-06-15T00:00:00.0000000-06:00,0.000000,P,,0,,NOAA,2013-08-08T07:41:24.4230000-06:00,in
37,USC00051772,Snow,2008-06-16T00:00:00.0000000-06:00,0.000000,P,,0,,NOAA,2013-08-08T07:41:24.4230000-06:00,in
37,USC00051772,Snow,2008-06-17T00:00:00.0000000-06:00,0.000000,P,,0,,NOAA,2013-08-08T07:41:24.4230000-06:00,in
37,USC00051772,Snow,2008-06-18T00:00:00.0000000-06:00,0.000000,P,,0,,NOAA,2013-08-08T07:41:24.4230000-06:00,in
37,USC00051772,Snow,2008-06-19T00:00:00.0000000-06:00,0.000000,P,,0,,NOAA,2013-08-08T07:41:24.4230000-06:00,in
37,USC00051772,Snow,2008-06-20T00:00:00.0000000-06:00,0.000000,P,,0,,NOAA,2013-08-08T07:41:24.4230000-06:00,in
37,USC00051772,Snow,2008-06-21T00:00:00.0000000-06:00,0.000000,P,,0,,NOAA,2013-08-08T07:41:24.4230000-06:00,in
37,USC00051772,Snow,2008-06-22T00:00:00.0000000-06:00,0.000000,P,,0,,NOAA,2013-08-08T07:41:24.4230000-06:00,in
37,USC00051772,Snow,2008-06-23T00:00:00.0000000-06:00,0.000000,P,,0,,NOAA,2013-08-08T07:41:24.4230000-06:00,in
37,USC00051772,Snow,2008-06-24T00:00:00.0000000-06:00,0.000000,P,,0,,NOAA,2013-08-08T07:41:24.4230000-06:00,in
37,USC00051772,Snow,2008-06-25T00:00:00.0000000-06:00,0.000000,P,,0,,NOAA,2013-08-08T07:41:24.4230000-06:00,in
37,USC00051772,Snow,2008-06-26T00:00:00.0000000-06:00,0.000000,P,,0,,NOAA,2013-08-08T07:41:24.4230000-06:00,in
37,USC00051772,Snow,2008-06-27T00:00:00.0000000-06:00,0.000000,P,,0,,NOAA,2013-08-08T07:41:24.4230000-06:00,in
37,USC00051772,Snow,2008-06-28T00:00:00.0000000-06:00,0.000000,P,,0,,NOAA,2013-08-08T07:41:24.4230000-06:00,in
37,USC00051772,Snow,2008-06-29T00:00:00.0000000-06:00,0.000000,P,,0,,NOAA,2013-08-08T07:41:24.4230000-06:00,in
37,USC00051772,Snow,2008-06-30T00:00:00.0000000-06:00,0.000000,P,,0,,NOAA,2013-08-08T07:41:24.4230000-06:00,in
37,USC00051772,Snow,2008-07-01T00:00:00.0000000-06:00,0.000000,P,,0,,NOAA,2013-08-08T07:41:24.4230000-06:00,in
37,USC00051772,Snow,2008-07-02T00:00:00.0000000-06:00,0.000000,P,,0,,NOAA,2013-08-08T07:41:24.4230000-06:00,in
37,USC00051772,Snow,2008-07-03T00:00:00.0000000-06:00,0.000000,P,,0,,NOAA,2013-08-08T07:41:24.4230000-06:00,in
37,USC00051772,Snow,2008-07-04T00:00:00.0000000-06:00,0.000000,P,,0,,NOAA,2013-08-08T07:41:24.4230000-06:00,in
37,USC00051772,Snow,2008-07-05T00:00:00.0000000-06:00,0.000000,P,,0,,NOAA,2013-08-08T07:41:24.4230000-06:00,in
37,USC00051772,Snow,2008-07-06T00:00:00.0000000-06:00,0.000000,P,,0,,NOAA,2013-08-08T07:41:24.4230000-06:00,in
37,USC00051772,Snow,2008-07-07T00:00:00.0000000-06:00,0.000000,P,,0,,NOAA,2013-08-08T07:41:24.4230000-06:00,in
37,USC00051772,Snow,2008-07-08T00:00:00.0000000-06:00,0.000000,P,,0,,NOAA,2013-08-08T07:41:24.4230000-06:00,in
37,USC00051772,Snow,2008-07-09T00:00:00.0000000-06:00,0.000000,P,,0,,NOAA,2013-08-08T07:41:24.4230000-06:00,in
37,USC00051772,Snow,2008-07-10T00:00:00.0000000-06:00,0.000000,P,,0,,NOAA,2013-08-08T07:41:24.4230000-06:00,in
37,USC00051772,Snow,2008-07-11T00:00:00.0000000-06:00,0.000000,P,,0,,NOAA,2013-08-08T07:41:24.4230000-06:00,in
37,USC00051772,Snow,2008-07-12T00:00:00.0000000-06:00,0.000000,P,,0,,NOAA,2013-08-08T07:41:24.4230000-06:00,in
37,USC00051772,Snow,2008-07-13T00:00:00.0000000-06:00,0.000000,P,,0,,NOAA,2013-08-08T07:41:24.4230000-06:00,in
37,USC00051772,Snow,2008-07-14T00:00:00.0000000-06:00,0.000000,P,,0,,NOAA,2013-08-08T07:41:24.4230000-06:00,in
37,USC00051772,Snow,2008-07-15T00:00:00.0000000-06:00,0.000000,P,,0,,NOAA,2013-08-08T07:41:24.4230000-06:00,in
37,USC00051772,Snow,2008-07-16T00:00:00.0000000-06:00,0.000000,P,,0,,NOAA,2013-08-08T07:41:24.4230000-06:00,in
37,USC00051772,Snow,2008-07-17T00:00:00.0000000-06:00,0.000000,P,,0,,NOAA,2013-08-08T07:41:24.4230000-06:00,in
37,USC00051772,Snow,2008-07-18T00:00:00.0000000-06:00,0.000000,P,,0,,NOAA,2013-08-08T07:41:24.4230000-06:00,in
37,USC00051772,Snow,2008-07-19T00:00:00.0000000-06:00,0.000000,P,,0,,NOAA,2013-08-08T07:41:24.4230000-06:00,in
37,USC00051772,Snow,2008-07-20T00:00:00.0000000-06:00,0.000000,P,,0,,NOAA,2013-08-08T07:41:24.4230000-06:00,in
37,USC00051772,Snow,2008-07-21T00:00:00.0000000-06:00,0.000000,P,,0,,NOAA,2013-08-08T07:41:24.4230000-06:00,in
37,USC00051772,Snow,2008-07-22T00:00:00.0000000-06:00,0.000000,P,,0,,NOAA,2013-08-08T07:41:24.4230000-06:00,in
37,USC00051772,Snow,2008-07-23T00:00:00.0000000-06:00,0.000000,P,,0,,NOAA,2013-08-08T07:41:24.4230000-06:00,in
37,USC00051772,Snow,2008-07-24T00:00:00.0000000-06:00,0.000000,P,,0,,NOAA,2013-08-08T07:41:24.4230000-06:00,in
37,USC00051772,Snow,2008-07-25T00:00:00.0000000-06:00,0.000000,P,,0,,NOAA,2013-08-08T07:41:24.4230000-06:00,in
37,USC00051772,Snow,2008-07-26T00:00:00.0000000-06:00,0.000000,P,,0,,NOAA,2013-08-08T07:41:24.4230000-06:00,in
37,USC00051772,Snow,2008-07-27T00:00:00.0000000-06:00,0.000000,P,,0,,NOAA,2013-08-08T07:41:24.4230000-06:00,in
37,USC00051772,Snow,2008-07-28T00:00:00.0000000-06:00,0.000000,P,,0,,NOAA,2013-08-08T07:41:24.4230000-06:00,in
37,USC00051772,Snow,2008-07-29T00:00:00.0000000-06:00,0.000000,P,,0,,NOAA,2013-08-08T07:41:24.4230000-06:00,in
37,USC00051772,Snow,2008-07-30T00:00:00.0000000-06:00,0.000000,P,,0,,NOAA,2013-08-08T07:41:24.4230000-06:00,in
37,USC00051772,Snow,2008-07-31T00:00:00.0000000-06:00,0.000000,P,,0,,NOAA,2013-08-08T07:41:24.4230000-06:00,in
37,USC00051772,Snow,2008-08-01T00:00:00.0000000-06:00,0.000000,,,0,,NOAA,2013-08-08T07:41:24.4230000-06:00,in
37,USC00051772,Snow,2008-08-02T00:00:00.0000000-06:00,0.000000,,,0,,NOAA,2013-08-08T07:41:24.4230000-06:00,in
37,USC00051772,Snow,2008-08-03T00:00:00.0000000-06:00,0.000000,,,0,,NOAA,2013-08-08T07:41:24.4230000-06:00,in
37,USC00051772,Snow,2008-08-04T00:00:00.0000000-06:00,0.000000,,,0,,NOAA,2013-08-08T07:41:24.4230000-06:00,in
37,USC00051772,Snow,2008-08-05T00:00:00.0000000-06:00,0.000000,,,0,,NOAA,2013-08-08T07:41:24.4230000-06:00,in
37,USC00051772,Snow,2008-08-06T00:00:00.0000000-06:00,0.000000,,,0,,NOAA,2013-08-08T07:41:24.4230000-06:00,in
37,USC00051772,Snow,2008-08-07T00:00:00.0000000-06:00,0.000000,,,0,,NOAA,2013-08-08T07:41:24.4230000-06:00,in
37,USC00051772,Snow,2008-08-08T00:00:00.0000000-06:00,0.000000,,,0,,NOAA,2013-08-08T07:41:24.4230000-06:00,in
37,USC00051772,Snow,2008-08-09T00:00:00.0000000-06:00,0.000000,,,0,,NOAA,2013-08-08T07:41:24.4230000-06:00,in
37,USC00051772,Snow,2008-08-10T00:00:00.0000000-06:00,0.000000,,,0,,NOAA,2013-08-08T07:41:24.4230000-06:00,in
37,USC00051772,Snow,2008-08-11T00:00:00.0000000-06:00,0.000000,,,0,,NOAA,2013-08-08T07:41:24.4230000-06:00,in
37,USC00051772,Snow,2008-08-12T00:00:00.0000000-06:00,0.000000,,,0,,NOAA,2013-08-08T07:41:24.4230000-06:00,in
37,USC00051772,Snow,2008-08-13T00:00:00.0000000-06:00,0.000000,,,0,,NOAA,2013-08-08T07:41:24.4230000-06:00,in
37,USC00051772,Snow,2008-08-14T00:00:00.0000000-06:00,0.000000,,,0,,NOAA,2013-08-08T07:41:24.4230000-06:00,in
37,USC00051772,Snow,2008-08-15T00:00:00.0000000-06:00,0.000000,,,0,,NOAA,2013-08-08T07:41:24.4230000-06:00,in
37,USC00051772,Snow,2008-08-16T00:00:00.0000000-06:00,0.000000,,,0,,NOAA,2013-08-08T07:41:24.4230000-06:00,in
37,USC00051772,Snow,2008-08-17T00:00:00.0000000-06:00,0.000000,,,0,,NOAA,2013-08-08T07:41:24.4230000-06:00,in
37,USC00051772,Snow,2008-08-18T00:00:00.0000000-06:00,0.000000,,,0,,NOAA,2013-08-08T07:41:24.4230000-06:00,in
37,USC00051772,Snow,2008-08-19T00:00:00.0000000-06:00,0.000000,,,0,,NOAA,2013-08-08T07:41:24.4230000-06:00,in
37,USC00051772,Snow,2008-08-20T00:00:00.0000000-06:00,0.000000,,,0,,NOAA,2013-08-08T07:41:24.4230000-06:00,in
37,USC00051772,Snow,2008-08-21T00:00:00.0000000-06:00,0.000000,,,0,,NOAA,2013-08-08T07:41:24.4230000-06:00,in
37,USC00051772,Snow,2008-08-22T00:00:00.0000000-06:00,0.000000,,,0,,NOAA,2013-08-08T07:41:24.4230000-06:00,in
37,USC00051772,Snow,2008-08-23T00:00:00.0000000-06:00,0.000000,,,0,,NOAA,2013-08-08T07:41:24.4230000-06:00,in
37,USC00051772,Snow,2008-08-24T00:00:00.0000000-06:00,0.000000,,,0,,NOAA,2013-08-08T07:41:24.4230000-06:00,in
37,USC00051772,Snow,2008-08-25T00:00:00.0000000-06:00,0.000000,,,0,,NOAA,2013-08-08T07:41:24.4230000-06:00,in
37,USC00051772,Snow,2008-08-26T00:00:00.0000000-06:00,0.000000,,,0,,NOAA,2013-08-08T07:41:24.4230000-06:00,in
37,USC00051772,Snow,2008-08-27T00:00:00.0000000-06:00,0.000000,,,0,,NOAA,2013-08-08T07:41:24.4230000-06:00,in
37,USC00051772,Snow,2008-08-28T00:00:00.0000000-06:00,0.000000,,,0,,NOAA,2013-08-08T07:41:24.4230000-06:00,in
37,USC00051772,Snow,2008-08-29T00:00:00.0000000-06:00,0.000000,,,0,,NOAA,2013-08-08T07:41:24.4230000-06:00,in
37,USC00051772,Snow,2008-08-30T00:00:00.0000000-06:00,0.000000,,,0,,NOAA,2013-08-08T07:41:24.4230000-06:00,in
37,USC00051772,Snow,2008-08-31T00:00:00.0000000-06:00,0.000000,,,0,,NOAA,2013-08-08T07:41:24.4230000-06:00,in
37,USC00051772,Snow,2008-09-01T00:00:00.0000000-06:00,0.000000,P,,0,,NOAA,2013-08-08T07:41:24.4230000-06:00,in
37,USC00051772,Snow,2008-09-02T00:00:00.0000000-06:00,0.000000,P,,0,,NOAA,2013-08-08T07:41:24.4230000-06:00,in
37,USC00051772,Snow,2008-09-03T00:00:00.0000000-06:00,0.000000,P,,0,,NOAA,2013-08-08T07:41:24.4230000-06:00,in
37,USC00051772,Snow,2008-09-04T00:00:00.0000000-06:00,0.000000,P,,0,,NOAA,2013-08-08T07:41:24.4230000-06:00,in
37,USC00051772,Snow,2008-09-05T00:00:00.0000000-06:00,0.000000,P,,0,,NOAA,2013-08-08T07:41:24.4230000-06:00,in
37,USC00051772,Snow,2008-09-06T00:00:00.0000000-06:00,0.000000,P,,0,,NOAA,2013-08-08T07:41:24.4230000-06:00,in
37,USC00051772,Snow,2008-09-07T00:00:00.0000000-06:00,0.000000,P,,0,,NOAA,2013-08-08T07:41:24.4230000-06:00,in
37,USC00051772,Snow,2008-09-08T00:00:00.0000000-06:00,0.000000,P,,0,,NOAA,2013-08-08T07:41:24.4230000-06:00,in
37,USC00051772,Snow,2008-09-09T00:00:00.0000000-06:00,0.000000,P,,0,,NOAA,2013-08-08T07:41:24.4230000-06:00,in
37,USC00051772,Snow,2008-09-10T00:00:00.0000000-06:00,0.000000,P,,0,,NOAA,2013-08-08T07:41:24.4230000-06:00,in
37,USC00051772,Snow,2008-09-11T00:00:00.0000000-06:00,0.000000,P,,0,,NOAA,2013-08-08T07:41:24.4230000-06:00,in
37,USC00051772,Snow,2008-09-12T00:00:00.0000000-06:00,0.000000,P,,0,,NOAA,2013-08-08T07:41:24.4230000-06:00,in
37,USC00051772,Snow,2008-09-13T00:00:00.0000000-06:00,0.000000,P,,0,,NOAA,2013-08-08T07:41:24.4230000-06:00,in
37,USC00051772,Snow,2008-09-14T00:00:00.0000000-06:00,0.000000,P,,0,,NOAA,2013-08-08T07:41:24.4230000-06:00,in
37,USC00051772,Snow,2008-09-15T00:00:00.0000000-06:00,0.000000,P,,0,,NOAA,2013-08-08T07:41:24.4230000-06:00,in
37,USC00051772,Snow,2008-09-16T00:00:00.0000000-06:00,0.000000,P,,0,,NOAA,2013-08-08T07:41:24.4230000-06:00,in
37,USC00051772,Snow,2008-09-17T00:00:00.0000000-06:00,0.000000,P,,0,,NOAA,2013-08-08T07:41:24.4230000-06:00,in
37,USC00051772,Snow,2008-09-18T00:00:00.0000000-06:00,0.000000,P,,0,,NOAA,2013-08-08T07:41:24.4230000-06:00,in
37,USC00051772,Snow,2008-09-19T00:00:00.0000000-06:00,0.000000,P,,0,,NOAA,2013-08-08T07:41:24.4230000-06:00,in
37,USC00051772,Snow,2008-09-20T00:00:00.0000000-06:00,0.000000,P,,0,,NOAA,2013-08-08T07:41:24.4230000-06:00,in
37,USC00051772,Snow,2008-09-21T00:00:00.0000000-06:00,0.000000,P,,0,,NOAA,2013-08-08T07:41:24.4230000-06:00,in
37,USC00051772,Snow,2008-09-22T00:00:00.0000000-06:00,0.000000,P,,0,,NOAA,2013-08-08T07:41:24.4230000-06:00,in
37,USC00051772,Snow,2008-09-23T00:00:00.0000000-06:00,0.000000,P,,0,,NOAA,2013-08-08T07:41:24.4230000-06:00,in
37,USC00051772,Snow,2008-09-24T00:00:00.0000000-06:00,0.000000,P,,0,,NOAA,2013-08-08T07:41:24.4230000-06:00,in
37,USC00051772,Snow,2008-09-25T00:00:00.0000000-06:00,0.000000,P,,0,,NOAA,2013-08-08T07:41:24.4230000-06:00,in
37,USC00051772,Snow,2008-09-26T00:00:00.0000000-06:00,0.000000,P,,0,,NOAA,2013-08-08T07:41:24.4230000-06:00,in
37,USC00051772,Snow,2008-09-27T00:00:00.0000000-06:00,0.000000,P,,0,,NOAA,2013-08-08T07:41:24.4230000-06:00,in
37,USC00051772,Snow,2008-09-28T00:00:00.0000000-06:00,0.000000,P,,0,,NOAA,2013-08-08T07:41:24.4230000-06:00,in
37,USC00051772,Snow,2008-09-29T00:00:00.0000000-06:00,0.000000,P,,0,,NOAA,2013-08-08T07:41:24.4230000-06:00,in
37,USC00051772,Snow,2008-09-30T00:00:00.0000000-06:00,0.000000,P,,0,,NOAA,2013-08-08T07:41:24.4230000-06:00,in
37,USC00051772,Snow,2008-10-01T00:00:00.0000000-06:00,0.000000,P,,0,,NOAA,2013-08-08T07:41:24.4230000-06:00,in
37,USC00051772,Snow,2008-10-02T00:00:00.0000000-06:00,0.000000,P,,0,,NOAA,2013-08-08T07:41:24.4230000-06:00,in
37,USC00051772,Snow,2008-10-03T00:00:00.0000000-06:00,0.000000,P,,0,,NOAA,2013-08-08T07:41:24.4230000-06:00,in
37,USC00051772,Snow,2008-10-04T00:00:00.0000000-06:00,0.000000,P,,0,,NOAA,2013-08-08T07:41:24.4230000-06:00,in
37,USC00051772,Snow,2008-10-05T00:00:00.0000000-06:00,0.000000,P,,0,,NOAA,2013-08-08T07:41:24.4230000-06:00,in
37,USC00051772,Snow,2008-10-06T00:00:00.0000000-06:00,0.000000,P,,0,,NOAA,2013-08-08T07:41:24.4230000-06:00,in
37,USC00051772,Snow,2008-10-07T00:00:00.0000000-06:00,0.000000,P,,0,,NOAA,2013-08-08T07:41:24.4230000-06:00,in
37,USC00051772,Snow,2008-10-08T00:00:00.0000000-06:00,0.000000,P,,0,,NOAA,2013-08-08T07:41:24.4230000-06:00,in
37,USC00051772,Snow,2008-10-09T00:00:00.0000000-06:00,0.000000,P,,0,,NOAA,2013-08-08T07:41:24.4230000-06:00,in
37,USC00051772,Snow,2008-10-10T00:00:00.0000000-06:00,0.000000,P,,0,,NOAA,2013-08-08T07:41:24.4230000-06:00,in
37,USC00051772,Snow,2008-10-11T00:00:00.0000000-06:00,0.000000,P,,0,,NOAA,2013-08-08T07:41:24.4230000-06:00,in
37,USC00051772,Snow,2008-10-12T00:00:00.0000000-06:00,0.000000,P,,0,,NOAA,2013-08-08T07:41:24.4230000-06:00,in
37,USC00051772,Snow,2008-10-13T00:00:00.0000000-06:00,0.000000,P,,0,,NOAA,2013-08-08T07:41:24.4230000-06:00,in
37,USC00051772,Snow,2008-10-14T00:00:00.0000000-06:00,0.000000,P,,0,,NOAA,2013-08-08T07:41:24.4230000-06:00,in
37,USC00051772,Snow,2008-10-15T00:00:00.0000000-06:00,0.000000,P,,0,,NOAA,2013-08-08T07:41:24.4230000-06:00,in
37,USC00051772,Snow,2008-10-16T00:00:00.0000000-06:00,0.000000,P,,0,,NOAA,2013-08-08T07:41:24.4230000-06:00,in
37,USC00051772,Snow,2008-10-17T00:00:00.0000000-06:00,0.000000,P,,0,,NOAA,2013-08-08T07:41:24.4230000-06:00,in
37,USC00051772,Snow,2008-10-18T00:00:00.0000000-06:00,0.000000,P,,0,,NOAA,2013-08-08T07:41:24.4230000-06:00,in
37,USC00051772,Snow,2008-10-19T00:00:00.0000000-06:00,0.000000,P,,0,,NOAA,2013-08-08T07:41:24.4230000-06:00,in
37,USC00051772,Snow,2008-10-20T00:00:00.0000000-06:00,0.000000,P,,0,,NOAA,2013-08-08T07:41:24.4230000-06:00,in
37,USC00051772,Snow,2008-10-21T00:00:00.0000000-06:00,0.000000,P,,0,,NOAA,2013-08-08T07:41:24.4230000-06:00,in
37,USC00051772,Snow,2008-10-22T00:00:00.0000000-06:00,0.000000,P,,0,,NOAA,2013-08-08T07:41:24.4230000-06:00,in
37,USC00051772,Snow,2008-10-23T00:00:00.0000000-06:00,0.000000,P,,0,,NOAA,2013-08-08T07:41:24.4230000-06:00,in
37,USC00051772,Snow,2008-10-24T00:00:00.0000000-06:00,0.000000,P,,0,,NOAA,2013-08-08T07:41:24.4230000-06:00,in
37,USC00051772,Snow,2008-10-25T00:00:00.0000000-06:00,0.000000,P,,0,,NOAA,2013-08-08T07:41:24.4230000-06:00,in
37,USC00051772,Snow,2008-10-26T00:00:00.0000000-06:00,0.000000,P,,0,,NOAA,2013-08-08T07:41:24.4230000-06:00,in
37,USC00051772,Snow,2008-10-27T00:00:00.0000000-06:00,0.000000,P,,0,,NOAA,2013-08-08T07:41:24.4230000-06:00,in
37,USC00051772,Snow,2008-10-28T00:00:00.0000000-06:00,0.000000,P,,0,,NOAA,2013-08-08T07:41:24.4230000-06:00,in
37,USC00051772,Snow,2008-10-29T00:00:00.0000000-06:00,0.000000,P,,0,,NOAA,2013-08-08T07:41:24.4230000-06:00,in
37,USC00051772,Snow,2008-10-30T00:00:00.0000000-06:00,0.000000,P,,0,,NOAA,2013-08-08T07:41:24.4230000-06:00,in
37,USC00051772,Snow,2008-10-31T00:00:00.0000000-06:00,0.000000,P,,0,,NOAA,2013-08-08T07:41:24.4230000-06:00,in
37,USC00051772,Snow,2008-11-01T00:00:00.0000000-06:00,0.000000,,,0,,NOAA,2013-08-08T07:41:24.4230000-06:00,in
37,USC00051772,Snow,2008-11-02T00:00:00.0000000-06:00,0.000000,,,0,,NOAA,2013-08-08T07:41:24.4230000-06:00,in
37,USC00051772,Snow,2008-11-03T00:00:00.0000000-07:00,0.000000,,,0,,NOAA,2013-08-08T07:41:24.4230000-06:00,in
37,USC00051772,Snow,2008-11-04T00:00:00.0000000-07:00,0.000000,,,0,,NOAA,2013-08-08T07:41:24.4230000-06:00,in
37,USC00051772,Snow,2008-11-05T00:00:00.0000000-07:00,0.000000,,,0,,NOAA,2013-08-08T07:41:24.4230000-06:00,in
37,USC00051772,Snow,2008-11-06T00:00:00.0000000-07:00,0.000000,,,0,,NOAA,2013-08-08T07:41:24.4230000-06:00,in
37,USC00051772,Snow,2008-11-07T00:00:00.0000000-07:00,0.000000,,,0,,NOAA,2013-08-08T07:41:24.4230000-06:00,in
37,USC00051772,Snow,2008-11-08T00:00:00.0000000-07:00,0.000000,,,0,,NOAA,2013-08-08T07:41:24.4230000-06:00,in
37,USC00051772,Snow,2008-11-09T00:00:00.0000000-07:00,0.000000,,,0,,NOAA,2013-08-08T07:41:24.4230000-06:00,in
37,USC00051772,Snow,2008-11-10T00:00:00.0000000-07:00,0.000000,,,0,,NOAA,2013-08-08T07:41:24.4230000-06:00,in
37,USC00051772,Snow,2008-11-11T00:00:00.0000000-07:00,0.000000,,,0,,NOAA,2013-08-08T07:41:24.4230000-06:00,in
37,USC00051772,Snow,2008-11-12T00:00:00.0000000-07:00,0.000000,,,0,,NOAA,2013-08-08T07:41:24.4230000-06:00,in
37,USC00051772,Snow,2008-11-13T00:00:00.0000000-07:00,0.000000,,,0,,NOAA,2013-08-08T07:41:24.4230000-06:00,in
37,USC00051772,Snow,2008-11-14T00:00:00.0000000-07:00,0.000000,,,0,,NOAA,2013-08-08T07:41:24.4230000-06:00,in
37,USC00051772,Snow,2008-11-15T00:00:00.0000000-07:00,0.000000,,,0,,NOAA,2013-08-08T07:41:24.4230000-06:00,in
37,USC00051772,Snow,2008-11-16T00:00:00.0000000-07:00,0.000000,,,0,,NOAA,2013-08-08T07:41:24.4230000-06:00,in
37,USC00051772,Snow,2008-11-17T00:00:00.0000000-07:00,0.000000,,,0,,NOAA,2013-08-08T07:41:24.4230000-06:00,in
37,USC00051772,Snow,2008-11-18T00:00:00.0000000-07:00,0.000000,,,0,,NOAA,2013-08-08T07:41:24.4230000-06:00,in
37,USC00051772,Snow,2008-11-19T00:00:00.0000000-07:00,0.000000,,,0,,NOAA,2013-08-08T07:41:24.4230000-06:00,in
37,USC00051772,Snow,2008-11-20T00:00:00.0000000-07:00,0.000000,,,0,,NOAA,2013-08-08T07:41:24.4230000-06:00,in
37,USC00051772,Snow,2008-11-21T00:00:00.0000000-07:00,0.000000,,,0,,NOAA,2013-08-08T07:41:24.4230000-06:00,in
37,USC00051772,Snow,2008-11-22T00:00:00.0000000-07:00,0.000000,,,0,,NOAA,2013-08-08T07:41:24.4230000-06:00,in
37,USC00051772,Snow,2008-11-23T00:00:00.0000000-07:00,0.000000,,,0,,NOAA,2013-08-08T07:41:24.4230000-06:00,in
37,USC00051772,Snow,2008-11-24T00:00:00.0000000-07:00,0.000000,,,0,,NOAA,2013-08-08T07:41:24.4230000-06:00,in
37,USC00051772,Snow,2008-11-25T00:00:00.0000000-07:00,0.000000,,,0,,NOAA,2013-08-08T07:41:24.4230000-06:00,in
37,USC00051772,Snow,2008-11-26T00:00:00.0000000-07:00,0.000000,,,0,,NOAA,2013-08-08T07:41:24.4230000-06:00,in
37,USC00051772,Snow,2008-11-27T00:00:00.0000000-07:00,0.000000,,,0,,NOAA,2013-08-08T07:41:24.4230000-06:00,in
37,USC00051772,Snow,2008-11-28T00:00:00.0000000-07:00,0.000000,,,0,,NOAA,2013-08-08T07:41:24.4230000-06:00,in
37,USC00051772,Snow,2008-11-29T00:00:00.0000000-07:00,0.000000,,,0,,NOAA,2013-08-08T07:41:24.4230000-06:00,in
37,USC00051772,Snow,2008-11-30T00:00:00.0000000-07:00,0.000000,,,0,,NOAA,2013-08-08T07:41:24.4230000-06:00,in
37,USC00051772,Snow,2008-12-01T00:00:00.0000000-07:00,0.000000,P,,0,,NOAA,2013-08-08T07:41:24.4230000-06:00,in
37,USC00051772,Snow,2008-12-02T00:00:00.0000000-07:00,0.000000,P,,0,,NOAA,2013-08-08T07:41:24.4230000-06:00,in
37,USC00051772,Snow,2008-12-03T00:00:00.0000000-07:00,0.000000,P,,0,,NOAA,2013-08-08T07:41:24.4230000-06:00,in
37,USC00051772,Snow,2008-12-04T00:00:00.0000000-07:00,0.000000,P,,0,,NOAA,2013-08-08T07:41:24.4230000-06:00,in
37,USC00051772,Snow,2008-12-05T00:00:00.0000000-07:00,0.000000,P,,0,,NOAA,2013-08-08T07:41:24.4230000-06:00,in
37,USC00051772,Snow,2008-12-06T00:00:00.0000000-07:00,0.000000,P,,0,,NOAA,2013-08-08T07:41:24.4230000-06:00,in
37,USC00051772,Snow,2008-12-07T00:00:00.0000000-07:00,0.000000,P,,0,,NOAA,2013-08-08T07:41:24.4230000-06:00,in
37,USC00051772,Snow,2008-12-08T00:00:00.0000000-07:00,0.000000,P,,0,,NOAA,2013-08-08T07:41:24.4230000-06:00,in
37,USC00051772,Snow,2008-12-09T00:00:00.0000000-07:00,0.000000,,,0,,NOAA,2013-08-08T07:41:24.4230000-06:00,in
37,USC00051772,Snow,2008-12-10T00:00:00.0000000-07:00,0.000000,P,,0,,NOAA,2013-08-08T07:41:24.4230000-06:00,in
37,USC00051772,Snow,2008-12-11T00:00:00.0000000-07:00,0.000000,,,0,,NOAA,2013-08-08T07:41:24.4230000-06:00,in
37,USC00051772,Snow,2008-12-12T00:00:00.0000000-07:00,0.000000,P,,0,,NOAA,2013-08-08T07:41:24.4230000-06:00,in
37,USC00051772,Snow,2008-12-13T00:00:00.0000000-07:00,0.000000,P,,0,,NOAA,2013-08-08T07:41:24.4230000-06:00,in
37,USC00051772,Snow,2008-12-14T00:00:00.0000000-07:00,4.015748,,,0,,NOAA,2013-08-08T07:41:24.4230000-06:00,in
37,USC00051772,Snow,2008-12-15T00:00:00.0000000-07:00,0.000000,,,0,,NOAA,2013-08-08T07:41:24.4230000-06:00,in
37,USC00051772,Snow,2008-12-16T00:00:00.0000000-07:00,2.007874,,,0,,NOAA,2013-08-08T07:41:24.4230000-06:00,in
37,USC00051772,Snow,2008-12-17T00:00:00.0000000-07:00,0.000000,,,0,,NOAA,2013-08-08T07:41:24.4230000-06:00,in
37,USC00051772,Snow,2008-12-18T00:00:00.0000000-07:00,1.496063,,,0,,NOAA,2013-08-08T07:41:24.4230000-06:00,in
37,USC00051772,Snow,2008-12-19T00:00:00.0000000-07:00,0.314961,,,0,,NOAA,2013-08-08T07:41:24.4230000-06:00,in
37,USC00051772,Snow,2008-12-20T00:00:00.0000000-07:00,1.102362,,,0,,NOAA,2013-08-08T07:41:24.4230000-06:00,in
37,USC00051772,Snow,2008-12-23T00:00:00.0000000-07:00,4.015748,,,0,,NOAA,2013-08-08T07:41:24.4230000-06:00,in
37,USC00051772,Snow,2008-12-24T00:00:00.0000000-07:00,0.000000,,,0,,NOAA,2013-08-08T07:41:24.4230000-06:00,in
37,USC00051772,Snow,2008-12-25T00:00:00.0000000-07:00,0.000000,P,,0,,NOAA,2013-08-08T07:41:24.4230000-06:00,in
37,USC00051772,Snow,2008-12-26T00:00:00.0000000-07:00,0.000000,P,,0,,NOAA,2013-08-08T07:41:24.4230000-06:00,in
37,USC00051772,Snow,2008-12-27T00:00:00.0000000-07:00,0.000000,P,,0,,NOAA,2013-08-08T07:41:24.4230000-06:00,in
37,USC00051772,Snow,2008-12-28T00:00:00.0000000-07:00,0.000000,P,,0,,NOAA,2013-08-08T07:41:24.4230000-06:00,in
37,USC00051772,Snow,2008-12-29T00:00:00.0000000-07:00,0.000000,,,0,,NOAA,2013-08-08T07:41:24.4230000-06:00,in
37,USC00051772,Snow,2008-12-30T00:00:00.0000000-07:00,0.000000,,,0,,NOAA,2013-08-08T07:41:24.4230000-06:00,in
37,USC00051772,Snow,2008-12-31T00:00:00.0000000-07:00,0.000000,,,0,,NOAA,2013-08-08T07:41:24.4230000-06:00,in
37,USC00051772,Snow,2009-01-02T00:00:00.0000000-07:00,0.000000,,,0,,NOAA,2015-01-28T14:16:02.2030000-07:00,in
37,USC00051772,Snow,2009-01-03T00:00:00.0000000-07:00,1.496063,,,0,,NOAA,2015-01-28T14:16:02.2030000-07:00,in
37,USC00051772,Snow,2009-01-04T00:00:00.0000000-07:00,0.000000,,,0,,NOAA,2015-01-28T14:16:02.2030000-07:00,in
37,USC00051772,Snow,2009-01-05T00:00:00.0000000-07:00,0.000000,,,0,,NOAA,2015-01-28T14:16:02.2030000-07:00,in
37,USC00051772,Snow,2009-01-06T00:00:00.0000000-07:00,0.196850,,,0,,NOAA,2015-01-28T14:16:02.2030000-07:00,in
37,USC00051772,Snow,2009-01-07T00:00:00.0000000-07:00,0.000000,,,0,,NOAA,2015-01-28T14:16:02.2030000-07:00,in
37,USC00051772,Snow,2009-01-08T00:00:00.0000000-07:00,0.000000,,,0,,NOAA,2015-01-28T14:16:02.2030000-07:00,in
37,USC00051772,Snow,2009-01-09T00:00:00.0000000-07:00,0.393701,,,0,,NOAA,2015-01-28T14:16:02.2030000-07:00,in
37,USC00051772,Snow,2009-01-10T00:00:00.0000000-07:00,0.000000,,,0,,NOAA,2015-01-28T14:16:02.2030000-07:00,in
37,USC00051772,Snow,2009-01-11T00:00:00.0000000-07:00,0.000000,,,0,,NOAA,2015-01-28T14:16:02.2030000-07:00,in
37,USC00051772,Snow,2009-01-12T00:00:00.0000000-07:00,0.000000,,,0,,NOAA,2015-01-28T14:16:02.2030000-07:00,in
37,USC00051772,Snow,2009-01-13T00:00:00.0000000-07:00,0.000000,,,0,,NOAA,2015-01-28T14:16:02.2030000-07:00,in
37,USC00051772,Snow,2009-01-14T00:00:00.0000000-07:00,0.000000,,,0,,NOAA,2015-01-28T14:16:02.2030000-07:00,in
37,USC00051772,Snow,2009-01-15T00:00:00.0000000-07:00,0.000000,,,0,,NOAA,2015-01-28T14:16:02.2030000-07:00,in
37,USC00051772,Snow,2009-01-16T00:00:00.0000000-07:00,0.000000,,,0,,NOAA,2015-01-28T14:16:02.2030000-07:00,in
37,USC00051772,Snow,2009-01-17T00:00:00.0000000-07:00,0.000000,,,0,,NOAA,2015-01-28T14:16:02.2030000-07:00,in
37,USC00051772,Snow,2009-01-18T00:00:00.0000000-07:00,0.000000,,,0,,NOAA,2015-01-28T14:16:02.2030000-07:00,in
37,USC00051772,Snow,2009-01-19T00:00:00.0000000-07:00,0.000000,,,0,,NOAA,2015-01-28T14:16:02.2030000-07:00,in
37,USC00051772,Snow,2009-01-20T00:00:00.0000000-07:00,0.000000,,,0,,NOAA,2015-01-28T14:16:02.2030000-07:00,in
37,USC00051772,Snow,2009-01-21T00:00:00.0000000-07:00,0.000000,,,0,,NOAA,2015-01-28T14:16:02.2030000-07:00,in
37,USC00051772,Snow,2009-01-22T00:00:00.0000000-07:00,0.000000,,,0,,NOAA,2015-01-28T14:16:02.2030000-07:00,in
37,USC00051772,Snow,2009-01-23T00:00:00.0000000-07:00,0.000000,,,0,,NOAA,2015-01-28T14:16:02.2030000-07:00,in
37,USC00051772,Snow,2009-01-24T00:00:00.0000000-07:00,0.000000,,,0,,NOAA,2015-01-28T14:16:02.2030000-07:00,in
37,USC00051772,Snow,2009-01-25T00:00:00.0000000-07:00,0.000000,,,0,,NOAA,2015-01-28T14:16:02.2030000-07:00,in
37,USC00051772,Snow,2009-01-26T00:00:00.0000000-07:00,0.511811,,,0,,NOAA,2015-01-28T14:16:02.2030000-07:00,in
37,USC00051772,Snow,2009-01-27T00:00:00.0000000-07:00,0.000000,,,0,,NOAA,2015-01-28T14:16:02.2030000-07:00,in
37,USC00051772,Snow,2009-01-28T00:00:00.0000000-07:00,0.000000,,,0,,NOAA,2015-01-28T14:16:02.2030000-07:00,in
37,USC00051772,Snow,2009-01-29T00:00:00.0000000-07:00,0.000000,,,0,,NOAA,2015-01-28T14:16:02.2030000-07:00,in
37,USC00051772,Snow,2009-01-30T00:00:00.0000000-07:00,0.000000,,,0,,NOAA,2015-01-28T14:16:02.2030000-07:00,in
37,USC00051772,Snow,2009-01-31T00:00:00.0000000-07:00,0.000000,,,0,,NOAA,2015-01-28T14:16:02.2030000-07:00,in
37,USC00051772,Snow,2009-02-01T00:00:00.0000000-07:00,0.000000,P,,0,,NOAA,2015-01-28T14:16:02.2030000-07:00,in
37,USC00051772,Snow,2009-02-02T00:00:00.0000000-07:00,0.000000,P,,0,,NOAA,2015-01-28T14:16:02.2030000-07:00,in
37,USC00051772,Snow,2009-02-03T00:00:00.0000000-07:00,0.000000,,,0,,NOAA,2015-01-28T14:16:02.2030000-07:00,in
37,USC00051772,Snow,2009-02-04T00:00:00.0000000-07:00,0.000000,,,0,,NOAA,2015-01-28T14:16:02.2030000-07:00,in
37,USC00051772,Snow,2009-02-05T00:00:00.0000000-07:00,0.000000,,,0,,NOAA,2015-01-28T14:16:02.2030000-07:00,in
37,USC00051772,Snow,2009-02-06T00:00:00.0000000-07:00,0.000000,,,0,,NOAA,2015-01-28T14:16:02.2030000-07:00,in
37,USC00051772,Snow,2009-02-07T00:00:00.0000000-07:00,0.000000,P,,0,,NOAA,2015-01-28T14:16:02.2030000-07:00,in
37,USC00051772,Snow,2009-02-08T00:00:00.0000000-07:00,0.000000,P,,0,,NOAA,2015-01-28T14:16:02.2030000-07:00,in
37,USC00051772,Snow,2009-02-09T00:00:00.0000000-07:00,0.000000,,,0,,NOAA,2015-01-28T14:16:02.2030000-07:00,in
37,USC00051772,Snow,2009-02-10T00:00:00.0000000-07:00,0.000000,,,0,,NOAA,2015-01-28T14:16:02.2030000-07:00,in
37,USC00051772,Snow,2009-02-11T00:00:00.0000000-07:00,0.000000,,,0,,NOAA,2015-01-28T14:16:02.2030000-07:00,in
37,USC00051772,Snow,2009-02-12T00:00:00.0000000-07:00,0.000000,,,0,,NOAA,2015-01-28T14:16:02.2030000-07:00,in
37,USC00051772,Snow,2009-02-13T00:00:00.0000000-07:00,0.984252,,,0,,NOAA,2015-01-28T14:16:02.2030000-07:00,in
37,USC00051772,Snow,2009-02-14T00:00:00.0000000-07:00,0.000000,,,0,,NOAA,2015-01-28T14:16:02.2030000-07:00,in
37,USC00051772,Snow,2009-02-15T00:00:00.0000000-07:00,0.000000,P,,0,,NOAA,2015-01-28T14:16:02.2030000-07:00,in
37,USC00051772,Snow,2009-02-16T00:00:00.0000000-07:00,0.000000,P,,0,,NOAA,2015-01-28T14:16:02.2030000-07:00,in
37,USC00051772,Snow,2009-02-17T00:00:00.0000000-07:00,0.000000,P,,0,,NOAA,2015-01-28T14:16:02.2030000-07:00,in
37,USC00051772,Snow,2009-02-18T00:00:00.0000000-07:00,0.000000,,,0,,NOAA,2015-01-28T14:16:02.2030000-07:00,in
37,USC00051772,Snow,2009-02-19T00:00:00.0000000-07:00,0.000000,,,0,,NOAA,2015-01-28T14:16:02.2030000-07:00,in
37,USC00051772,Snow,2009-02-20T00:00:00.0000000-07:00,0.000000,,,0,,NOAA,2015-01-28T14:16:02.2030000-07:00,in
37,USC00051772,Snow,2009-02-21T00:00:00.0000000-07:00,0.000000,,,0,,NOAA,2015-01-28T14:16:02.2030000-07:00,in
37,USC00051772,Snow,2009-02-22T00:00:00.0000000-07:00,0.000000,,,0,,NOAA,2015-01-28T14:16:02.2030000-07:00,in
37,USC00051772,Snow,2009-02-23T00:00:00.0000000-07:00,0.000000,,,0,,NOAA,2015-01-28T14:16:02.2030000-07:00,in
37,USC00051772,Snow,2009-02-24T00:00:00.0000000-07:00,0.000000,,,0,,NOAA,2015-01-28T14:16:02.2030000-07:00,in
37,USC00051772,Snow,2009-02-25T00:00:00.0000000-07:00,0.000000,,,0,,NOAA,2015-01-28T14:16:02.2030000-07:00,in
37,USC00051772,Snow,2009-02-26T00:00:00.0000000-07:00,0.000000,,,0,,NOAA,2015-01-28T14:16:02.2030000-07:00,in
37,USC00051772,Snow,2009-02-27T00:00:00.0000000-07:00,0.000000,,,0,,NOAA,2015-01-28T14:16:02.2030000-07:00,in
37,USC00051772,Snow,2009-02-28T00:00:00.0000000-07:00,0.000000,,,0,,NOAA,2015-01-28T14:16:02.2030000-07:00,in
37,USC00051772,Snow,2009-03-01T00:00:00.0000000-07:00,0.000000,P,,0,,NOAA,2015-01-28T14:16:02.2030000-07:00,in
37,USC00051772,Snow,2009-03-02T00:00:00.0000000-07:00,0.000000,,,0,,NOAA,2015-01-28T14:16:02.2030000-07:00,in
37,USC00051772,Snow,2009-03-03T00:00:00.0000000-07:00,0.000000,,,0,,NOAA,2015-01-28T14:16:02.2030000-07:00,in
37,USC00051772,Snow,2009-03-04T00:00:00.0000000-07:00,0.000000,,,0,,NOAA,2015-01-28T14:16:02.2030000-07:00,in
37,USC00051772,Snow,2009-03-05T00:00:00.0000000-07:00,0.000000,,,0,,NOAA,2015-01-28T14:16:02.2030000-07:00,in
37,USC00051772,Snow,2009-03-06T00:00:00.0000000-07:00,0.000000,,,0,,NOAA,2015-01-28T14:16:02.2030000-07:00,in
37,USC00051772,Snow,2009-03-07T00:00:00.0000000-07:00,0.000000,,,0,,NOAA,2015-01-28T14:16:02.2030000-07:00,in
37,USC00051772,Snow,2009-03-08T00:00:00.0000000-07:00,0.000000,P,,0,,NOAA,2015-01-28T14:16:02.2030000-07:00,in
37,USC00051772,Snow,2009-03-09T00:00:00.0000000-06:00,0.000000,,,0,,NOAA,2015-01-28T14:16:02.2030000-07:00,in
37,USC00051772,Snow,2009-03-10T00:00:00.0000000-06:00,0.118110,,,0,,NOAA,2015-01-28T14:16:02.2030000-07:00,in
37,USC00051772,Snow,2009-03-11T00:00:00.0000000-06:00,0.000000,,,0,,NOAA,2015-01-28T14:16:02.2030000-07:00,in
37,USC00051772,Snow,2009-03-12T00:00:00.0000000-06:00,0.000000,,,0,,NOAA,2015-01-28T14:16:02.2030000-07:00,in
37,USC00051772,Snow,2009-03-13T00:00:00.0000000-06:00,0.000000,,,0,,NOAA,2015-01-28T14:16:02.2030000-07:00,in
37,USC00051772,Snow,2009-03-14T00:00:00.0000000-06:00,0.000000,P,,0,,NOAA,2015-01-28T14:16:02.2030000-07:00,in
37,USC00051772,Snow,2009-03-15T00:00:00.0000000-06:00,0.000000,P,,0,,NOAA,2015-01-28T14:16:02.2030000-07:00,in
37,USC00051772,Snow,2009-03-16T00:00:00.0000000-06:00,0.000000,P,,0,,NOAA,2015-01-28T14:16:02.2030000-07:00,in
37,USC00051772,Snow,2009-03-17T00:00:00.0000000-06:00,0.000000,,,0,,NOAA,2015-01-28T14:16:02.2030000-07:00,in
37,USC00051772,Snow,2009-03-18T00:00:00.0000000-06:00,0.000000,,,0,,NOAA,2015-01-28T14:16:02.2030000-07:00,in
37,USC00051772,Snow,2009-03-19T00:00:00.0000000-06:00,0.000000,,,0,,NOAA,2015-01-28T14:16:02.2030000-07:00,in
37,USC00051772,Snow,2009-03-20T00:00:00.0000000-06:00,0.000000,,,0,,NOAA,2015-01-28T14:16:02.2030000-07:00,in
37,USC00051772,Snow,2009-03-21T00:00:00.0000000-06:00,0.000000,,,0,,NOAA,2015-01-28T14:16:02.2030000-07:00,in
37,USC00051772,Snow,2009-03-22T00:00:00.0000000-06:00,0.000000,P,,0,,NOAA,2015-01-28T14:16:02.2030000-07:00,in
37,USC00051772,Snow,2009-03-23T00:00:00.0000000-06:00,0.000000,P,,0,,NOAA,2015-01-28T14:16:02.2030000-07:00,in
37,USC00051772,Snow,2009-03-24T00:00:00.0000000-06:00,0.000000,P,,0,,NOAA,2015-01-28T14:16:02.2030000-07:00,in
37,USC00051772,Snow,2009-03-25T00:00:00.0000000-06:00,0.000000,,,0,,NOAA,2015-01-28T14:16:02.2030000-07:00,in
37,USC00051772,Snow,2009-03-26T00:00:00.0000000-06:00,4.488189,,,0,,NOAA,2015-01-28T14:16:02.2030000-07:00,in
37,USC00051772,Snow,2009-03-27T00:00:00.0000000-06:00,0.000000,,,0,,NOAA,2015-01-28T14:16:02.2030000-07:00,in
37,USC00051772,Snow,2009-03-28T00:00:00.0000000-06:00,0.000000,,,0,,NOAA,2015-01-28T14:16:02.2030000-07:00,in
37,USC00051772,Snow,2009-03-29T00:00:00.0000000-06:00,0.000000,P,,0,,NOAA,2015-01-28T14:16:02.2030000-07:00,in
37,USC00051772,Snow,2009-03-30T00:00:00.0000000-06:00,0.000000,P,,0,,NOAA,2015-01-28T14:16:02.2030000-07:00,in
37,USC00051772,Snow,2009-03-31T00:00:00.0000000-06:00,0.000000,,,0,,NOAA,2015-01-28T14:16:02.2030000-07:00,in
37,USC00051772,Snow,2009-04-01T00:00:00.0000000-06:00,0.787402,,,0,,NOAA,2015-01-28T14:16:02.2030000-07:00,in
37,USC00051772,Snow,2009-04-02T00:00:00.0000000-06:00,0.000000,,,0,,NOAA,2015-01-28T14:16:02.2030000-07:00,in
37,USC00051772,Snow,2009-04-03T00:00:00.0000000-06:00,0.314961,,,0,,NOAA,2015-01-28T14:16:02.2030000-07:00,in
37,USC00051772,Snow,2009-04-04T00:00:00.0000000-06:00,3.307087,,,0,,NOAA,2015-01-28T14:16:02.2030000-07:00,in
37,USC00051772,Snow,2009-04-05T00:00:00.0000000-06:00,0.000000,,,0,,NOAA,2015-01-28T14:16:02.2030000-07:00,in
37,USC00051772,Snow,2009-04-06T00:00:00.0000000-06:00,0.000000,,,0,,NOAA,2015-01-28T14:16:02.2030000-07:00,in
37,USC00051772,Snow,2009-04-07T00:00:00.0000000-06:00,0.000000,,,0,,NOAA,2015-01-28T14:16:02.2030000-07:00,in
37,USC00051772,Snow,2009-04-08T00:00:00.0000000-06:00,0.000000,,,0,,NOAA,2015-01-28T14:16:02.2030000-07:00,in
37,USC00051772,Snow,2009-04-09T00:00:00.0000000-06:00,0.000000,,,0,,NOAA,2015-01-28T14:16:02.2030000-07:00,in
37,USC00051772,Snow,2009-04-10T00:00:00.0000000-06:00,0.000000,,,0,,NOAA,2015-01-28T14:16:02.2030000-07:00,in
37,USC00051772,Snow,2009-04-11T00:00:00.0000000-06:00,0.000000,,,0,,NOAA,2015-01-28T14:16:02.2030000-07:00,in
37,USC00051772,Snow,2009-04-12T00:00:00.0000000-06:00,0.000000,,,0,,NOAA,2015-01-28T14:16:02.2030000-07:00,in
37,USC00051772,Snow,2009-04-13T00:00:00.0000000-06:00,0.000000,,,0,,NOAA,2015-01-28T14:16:02.2030000-07:00,in
37,USC00051772,Snow,2009-04-14T00:00:00.0000000-06:00,0.000000,,,0,,NOAA,2015-01-28T14:16:02.2030000-07:00,in
37,USC00051772,Snow,2009-04-15T00:00:00.0000000-06:00,0.000000,,,0,,NOAA,2015-01-28T14:16:02.2030000-07:00,in
37,USC00051772,Snow,2009-04-16T00:00:00.0000000-06:00,0.000000,,,0,,NOAA,2015-01-28T14:16:02.2030000-07:00,in
37,USC00051772,Snow,2009-04-17T00:00:00.0000000-06:00,0.000000,,,0,,NOAA,2015-01-28T14:16:02.2030000-07:00,in
37,USC00051772,Snow,2009-04-18T00:00:00.0000000-06:00,0.000000,P,,0,,NOAA,2015-01-28T14:16:02.2030000-07:00,in
37,USC00051772,Snow,2009-04-19T00:00:00.0000000-06:00,0.000000,P,,0,,NOAA,2015-01-28T14:16:02.2030000-07:00,in
37,USC00051772,Snow,2009-04-20T00:00:00.0000000-06:00,0.000000,,,0,,NOAA,2015-01-28T14:16:02.2030000-07:00,in
37,USC00051772,Snow,2009-04-21T00:00:00.0000000-06:00,0.000000,,,0,,NOAA,2015-01-28T14:16:02.2030000-07:00,in
37,USC00051772,Snow,2009-04-22T00:00:00.0000000-06:00,0.000000,,,0,,NOAA,2015-01-28T14:16:02.2030000-07:00,in
37,USC00051772,Snow,2009-04-23T00:00:00.0000000-06:00,0.000000,,,0,,NOAA,2015-01-28T14:16:02.2030000-07:00,in
37,USC00051772,Snow,2009-04-24T00:00:00.0000000-06:00,0.000000,P,,0,,NOAA,2015-01-28T14:16:02.2030000-07:00,in
37,USC00051772,Snow,2009-04-25T00:00:00.0000000-06:00,0.000000,P,,0,,NOAA,2015-01-28T14:16:02.2030000-07:00,in
37,USC00051772,Snow,2009-04-26T00:00:00.0000000-06:00,0.000000,P,,0,,NOAA,2015-01-28T14:16:02.2030000-07:00,in
37,USC00051772,Snow,2009-04-27T00:00:00.0000000-06:00,0.000000,,,0,,NOAA,2015-01-28T14:16:02.2030000-07:00,in
37,USC00051772,Snow,2009-04-28T00:00:00.0000000-06:00,0.000000,,,0,,NOAA,2015-01-28T14:16:02.2030000-07:00,in
37,USC00051772,Snow,2009-04-29T00:00:00.0000000-06:00,0.000000,,,0,,NOAA,2015-01-28T14:16:02.2030000-07:00,in
37,USC00051772,Snow,2009-04-30T00:00:00.0000000-06:00,0.000000,,,0,,NOAA,2015-01-28T14:16:02.2030000-07:00,in
37,USC00051772,Snow,2009-05-01T00:00:00.0000000-06:00,0.000000,,,H,,NOAA,2015-01-28T14:16:02.2030000-07:00,in
37,USC00051772,Snow,2009-05-02T00:00:00.0000000-06:00,0.000000,,,H,,NOAA,2015-01-28T14:16:02.2030000-07:00,in
37,USC00051772,Snow,2009-05-03T00:00:00.0000000-06:00,0.000000,,,H,,NOAA,2015-01-28T14:16:02.2030000-07:00,in
37,USC00051772,Snow,2009-05-04T00:00:00.0000000-06:00,0.000000,,,H,,NOAA,2015-01-28T14:16:02.2030000-07:00,in
37,USC00051772,Snow,2009-05-05T00:00:00.0000000-06:00,0.000000,,,H,,NOAA,2015-01-28T14:16:02.2030000-07:00,in
37,USC00051772,Snow,2009-05-06T00:00:00.0000000-06:00,0.000000,,,H,,NOAA,2015-01-28T14:16:02.2030000-07:00,in
37,USC00051772,Snow,2009-05-07T00:00:00.0000000-06:00,0.000000,,,H,,NOAA,2015-01-28T14:16:02.2030000-07:00,in
37,USC00051772,Snow,2009-05-08T00:00:00.0000000-06:00,0.000000,,,H,,NOAA,2015-01-28T14:16:02.2030000-07:00,in
37,USC00051772,Snow,2009-05-09T00:00:00.0000000-06:00,0.000000,,,H,,NOAA,2015-01-28T14:16:02.2030000-07:00,in
37,USC00051772,Snow,2009-05-10T00:00:00.0000000-06:00,0.000000,,,H,,NOAA,2015-01-28T14:16:02.2030000-07:00,in
37,USC00051772,Snow,2009-05-11T00:00:00.0000000-06:00,0.000000,,,H,,NOAA,2015-01-28T14:16:02.2030000-07:00,in
37,USC00051772,Snow,2009-05-12T00:00:00.0000000-06:00,0.000000,,,H,,NOAA,2015-01-28T14:16:02.2030000-07:00,in
37,USC00051772,Snow,2009-05-13T00:00:00.0000000-06:00,0.000000,,,H,,NOAA,2015-01-28T14:16:02.2030000-07:00,in
37,USC00051772,Snow,2009-05-14T00:00:00.0000000-06:00,0.000000,,,H,,NOAA,2015-01-28T14:16:02.2030000-07:00,in
37,USC00051772,Snow,2009-05-15T00:00:00.0000000-06:00,0.000000,,,H,,NOAA,2015-01-28T14:16:02.2030000-07:00,in
37,USC00051772,Snow,2009-05-17T00:00:00.0000000-06:00,0.000000,,,H,,NOAA,2015-01-28T14:16:02.2030000-07:00,in
37,USC00051772,Snow,2009-05-18T00:00:00.0000000-06:00,0.000000,,,H,,NOAA,2015-01-28T14:16:02.2030000-07:00,in
37,USC00051772,Snow,2009-05-19T00:00:00.0000000-06:00,0.000000,,,H,,NOAA,2015-01-28T14:16:02.2030000-07:00,in
37,USC00051772,Snow,2009-05-20T00:00:00.0000000-06:00,0.000000,,,H,,NOAA,2015-01-28T14:16:02.2030000-07:00,in
37,USC00051772,Snow,2009-05-21T00:00:00.0000000-06:00,0.000000,,,H,,NOAA,2015-01-28T14:16:02.2030000-07:00,in
37,USC00051772,Snow,2009-05-22T00:00:00.0000000-06:00,0.000000,,,H,,NOAA,2015-01-28T14:16:02.2030000-07:00,in
37,USC00051772,Snow,2009-05-23T00:00:00.0000000-06:00,0.000000,,,H,,NOAA,2015-01-28T14:16:02.2030000-07:00,in
37,USC00051772,Snow,2009-05-24T00:00:00.0000000-06:00,0.000000,,,H,,NOAA,2015-01-28T14:16:02.2030000-07:00,in
37,USC00051772,Snow,2009-05-25T00:00:00.0000000-06:00,0.000000,,,H,,NOAA,2015-01-28T14:16:02.2030000-07:00,in
37,USC00051772,Snow,2009-05-26T00:00:00.0000000-06:00,0.000000,,,H,,NOAA,2015-01-28T14:16:02.2030000-07:00,in
37,USC00051772,Snow,2009-05-27T00:00:00.0000000-06:00,0.000000,,,H,,NOAA,2015-01-28T14:16:02.2030000-07:00,in
37,USC00051772,Snow,2009-05-28T00:00:00.0000000-06:00,0.000000,,,H,,NOAA,2015-01-28T14:16:02.2030000-07:00,in
37,USC00051772,Snow,2009-05-29T00:00:00.0000000-06:00,0.000000,,,H,,NOAA,2015-01-28T14:16:02.2030000-07:00,in
37,USC00051772,Snow,2009-05-30T00:00:00.0000000-06:00,0.000000,,,H,,NOAA,2015-01-28T14:16:02.2030000-07:00,in
37,USC00051772,Snow,2009-05-31T00:00:00.0000000-06:00,0.000000,,,H,,NOAA,2015-01-28T14:16:02.2030000-07:00,in
37,USC00051772,Snow,2009-06-01T00:00:00.0000000-06:00,0.000000,,,0,,NOAA,2015-01-28T14:16:02.2030000-07:00,in
37,USC00051772,Snow,2009-06-02T00:00:00.0000000-06:00,0.000000,,,0,,NOAA,2015-01-28T14:16:02.2030000-07:00,in
37,USC00051772,Snow,2009-06-03T00:00:00.0000000-06:00,0.000000,,,0,,NOAA,2015-01-28T14:16:02.2030000-07:00,in
37,USC00051772,Snow,2009-06-04T00:00:00.0000000-06:00,0.000000,,,0,,NOAA,2015-01-28T14:16:02.2030000-07:00,in
37,USC00051772,Snow,2009-06-05T00:00:00.0000000-06:00,0.000000,,,0,,NOAA,2015-01-28T14:16:02.2030000-07:00,in
37,USC00051772,Snow,2009-06-06T00:00:00.0000000-06:00,0.000000,,,0,,NOAA,2015-01-28T14:16:02.2030000-07:00,in
37,USC00051772,Snow,2009-06-07T00:00:00.0000000-06:00,0.000000,,,0,,NOAA,2015-01-28T14:16:02.2030000-07:00,in
37,USC00051772,Snow,2009-06-08T00:00:00.0000000-06:00,0.000000,,,0,,NOAA,2015-01-28T14:16:02.2030000-07:00,in
37,USC00051772,Snow,2009-06-09T00:00:00.0000000-06:00,0.000000,,,0,,NOAA,2015-01-28T14:16:02.2030000-07:00,in
37,USC00051772,Snow,2009-06-10T00:00:00.0000000-06:00,0.000000,,,0,,NOAA,2015-01-28T14:16:02.2030000-07:00,in
37,USC00051772,Snow,2009-06-11T00:00:00.0000000-06:00,0.000000,,,0,,NOAA,2015-01-28T14:16:02.2030000-07:00,in
37,USC00051772,Snow,2009-06-12T00:00:00.0000000-06:00,0.000000,,,0,,NOAA,2015-01-28T14:16:02.2030000-07:00,in
37,USC00051772,Snow,2009-06-13T00:00:00.0000000-06:00,0.000000,,,0,,NOAA,2015-01-28T14:16:02.2030000-07:00,in
37,USC00051772,Snow,2009-06-14T00:00:00.0000000-06:00,0.000000,,,0,,NOAA,2015-01-28T14:16:02.2030000-07:00,in
37,USC00051772,Snow,2009-06-15T00:00:00.0000000-06:00,0.000000,,,0,,NOAA,2015-01-28T14:16:02.2030000-07:00,in
37,USC00051772,Snow,2009-06-16T00:00:00.0000000-06:00,0.000000,,,0,,NOAA,2015-01-28T14:16:02.2030000-07:00,in
37,USC00051772,Snow,2009-06-17T00:00:00.0000000-06:00,0.000000,,,0,,NOAA,2015-01-28T14:16:02.2030000-07:00,in
37,USC00051772,Snow,2009-06-18T00:00:00.0000000-06:00,0.000000,,,0,,NOAA,2015-01-28T14:16:02.2030000-07:00,in
37,USC00051772,Snow,2009-06-19T00:00:00.0000000-06:00,0.000000,,,0,,NOAA,2015-01-28T14:16:02.2030000-07:00,in
37,USC00051772,Snow,2009-06-20T00:00:00.0000000-06:00,0.000000,,,0,,NOAA,2015-01-28T14:16:02.2030000-07:00,in
37,USC00051772,Snow,2009-06-21T00:00:00.0000000-06:00,0.000000,,,0,,NOAA,2015-01-28T14:16:02.2030000-07:00,in
37,USC00051772,Snow,2009-06-22T00:00:00.0000000-06:00,0.000000,,,0,,NOAA,2015-01-28T14:16:02.2030000-07:00,in
37,USC00051772,Snow,2009-06-23T00:00:00.0000000-06:00,0.000000,,,0,,NOAA,2015-01-28T14:16:02.2030000-07:00,in
37,USC00051772,Snow,2009-06-24T00:00:00.0000000-06:00,0.000000,,,0,,NOAA,2015-01-28T14:16:02.2030000-07:00,in
37,USC00051772,Snow,2009-06-25T00:00:00.0000000-06:00,0.000000,,,0,,NOAA,2015-01-28T14:16:02.2030000-07:00,in
37,USC00051772,Snow,2009-06-26T00:00:00.0000000-06:00,0.000000,,,0,,NOAA,2015-01-28T14:16:02.2030000-07:00,in
37,USC00051772,Snow,2009-06-27T00:00:00.0000000-06:00,0.000000,,,0,,NOAA,2015-01-28T14:16:02.2030000-07:00,in
37,USC00051772,Snow,2009-06-28T00:00:00.0000000-06:00,0.000000,,,0,,NOAA,2015-01-28T14:16:02.2030000-07:00,in
37,USC00051772,Snow,2009-06-29T00:00:00.0000000-06:00,0.000000,,,0,,NOAA,2015-01-28T14:16:02.2030000-07:00,in
37,USC00051772,Snow,2009-06-30T00:00:00.0000000-06:00,0.000000,,,0,,NOAA,2015-01-28T14:16:02.2030000-07:00,in
37,USC00051772,Snow,2009-07-01T00:00:00.0000000-06:00,0.000000,,,0,,NOAA,2015-01-28T14:16:02.2030000-07:00,in
37,USC00051772,Snow,2009-07-02T00:00:00.0000000-06:00,0.000000,,,0,,NOAA,2015-01-28T14:16:02.2030000-07:00,in
37,USC00051772,Snow,2009-07-03T00:00:00.0000000-06:00,0.000000,,,0,,NOAA,2015-01-28T14:16:02.2030000-07:00,in
37,USC00051772,Snow,2009-07-04T00:00:00.0000000-06:00,0.000000,,,0,,NOAA,2015-01-28T14:16:02.2030000-07:00,in
37,USC00051772,Snow,2009-07-05T00:00:00.0000000-06:00,0.000000,,,0,,NOAA,2015-01-28T14:16:02.2030000-07:00,in
37,USC00051772,Snow,2009-07-06T00:00:00.0000000-06:00,0.000000,,,0,,NOAA,2015-01-28T14:16:02.2030000-07:00,in
37,USC00051772,Snow,2009-07-07T00:00:00.0000000-06:00,0.000000,,,0,,NOAA,2015-01-28T14:16:02.2030000-07:00,in
37,USC00051772,Snow,2009-07-08T00:00:00.0000000-06:00,0.000000,,,0,,NOAA,2015-01-28T14:16:02.2030000-07:00,in
37,USC00051772,Snow,2009-07-09T00:00:00.0000000-06:00,0.000000,,,0,,NOAA,2015-01-28T14:16:02.2030000-07:00,in
37,USC00051772,Snow,2009-07-10T00:00:00.0000000-06:00,0.000000,,,0,,NOAA,2015-01-28T14:16:02.2030000-07:00,in
37,USC00051772,Snow,2009-07-11T00:00:00.0000000-06:00,0.000000,,,0,,NOAA,2015-01-28T14:16:02.2030000-07:00,in
37,USC00051772,Snow,2009-07-12T00:00:00.0000000-06:00,0.000000,,,0,,NOAA,2015-01-28T14:16:02.2030000-07:00,in
37,USC00051772,Snow,2009-07-13T00:00:00.0000000-06:00,0.000000,,,0,,NOAA,2015-01-28T14:16:02.2030000-07:00,in
37,USC00051772,Snow,2009-07-14T00:00:00.0000000-06:00,0.000000,,,0,,NOAA,2015-01-28T14:16:02.2030000-07:00,in
37,USC00051772,Snow,2009-07-15T00:00:00.0000000-06:00,0.000000,,,0,,NOAA,2015-01-28T14:16:02.2030000-07:00,in
37,USC00051772,Snow,2009-07-16T00:00:00.0000000-06:00,0.000000,,,0,,NOAA,2015-01-28T14:16:02.2030000-07:00,in
37,USC00051772,Snow,2009-07-17T00:00:00.0000000-06:00,0.000000,,,0,,NOAA,2015-01-28T14:16:02.2030000-07:00,in
37,USC00051772,Snow,2009-07-18T00:00:00.0000000-06:00,0.000000,,,0,,NOAA,2015-01-28T14:16:02.2030000-07:00,in
37,USC00051772,Snow,2009-07-19T00:00:00.0000000-06:00,0.000000,,,0,,NOAA,2015-01-28T14:16:02.2030000-07:00,in
37,USC00051772,Snow,2009-07-20T00:00:00.0000000-06:00,0.000000,,,0,,NOAA,2015-01-28T14:16:02.2030000-07:00,in
37,USC00051772,Snow,2009-07-21T00:00:00.0000000-06:00,0.000000,,,0,,NOAA,2015-01-28T14:16:02.2030000-07:00,in
37,USC00051772,Snow,2009-07-22T00:00:00.0000000-06:00,0.000000,,,0,,NOAA,2015-01-28T14:16:02.2030000-07:00,in
37,USC00051772,Snow,2009-07-23T00:00:00.0000000-06:00,0.000000,,,0,,NOAA,2015-01-28T14:16:02.2030000-07:00,in
37,USC00051772,Snow,2009-07-24T00:00:00.0000000-06:00,0.000000,,,0,,NOAA,2015-01-28T14:16:02.2030000-07:00,in
37,USC00051772,Snow,2009-07-25T00:00:00.0000000-06:00,0.000000,,,0,,NOAA,2015-01-28T14:16:02.2030000-07:00,in
37,USC00051772,Snow,2009-07-26T00:00:00.0000000-06:00,0.000000,P,,0,,NOAA,2015-01-28T14:16:02.2030000-07:00,in
37,USC00051772,Snow,2009-07-27T00:00:00.0000000-06:00,0.000000,,,0,,NOAA,2015-01-28T14:16:02.2030000-07:00,in
37,USC00051772,Snow,2009-07-28T00:00:00.0000000-06:00,0.000000,,,0,,NOAA,2015-01-28T14:16:02.2030000-07:00,in
37,USC00051772,Snow,2009-07-29T00:00:00.0000000-06:00,0.000000,,,0,,NOAA,2015-01-28T14:16:02.2030000-07:00,in
37,USC00051772,Snow,2009-07-30T00:00:00.0000000-06:00,0.000000,,,0,,NOAA,2015-01-28T14:16:02.2030000-07:00,in
37,USC00051772,Snow,2009-07-31T00:00:00.0000000-06:00,0.000000,,,0,,NOAA,2015-01-28T14:16:02.2030000-07:00,in
37,USC00051772,Snow,2009-08-01T00:00:00.0000000-06:00,0.000000,,,0,,NOAA,2015-01-28T14:16:02.2030000-07:00,in
37,USC00051772,Snow,2009-08-02T00:00:00.0000000-06:00,0.000000,,,0,,NOAA,2015-01-28T14:16:02.2030000-07:00,in
37,USC00051772,Snow,2009-08-03T00:00:00.0000000-06:00,0.000000,,,0,,NOAA,2015-01-28T14:16:02.2030000-07:00,in
37,USC00051772,Snow,2009-08-04T00:00:00.0000000-06:00,0.000000,,,0,,NOAA,2015-01-28T14:16:02.2030000-07:00,in
37,USC00051772,Snow,2009-08-05T00:00:00.0000000-06:00,0.000000,,,0,,NOAA,2015-01-28T14:16:02.2030000-07:00,in
37,USC00051772,Snow,2009-08-06T00:00:00.0000000-06:00,0.000000,,,0,,NOAA,2015-01-28T14:16:02.2030000-07:00,in
37,USC00051772,Snow,2009-08-07T00:00:00.0000000-06:00,0.000000,,,0,,NOAA,2015-01-28T14:16:02.2030000-07:00,in
37,USC00051772,Snow,2009-08-08T00:00:00.0000000-06:00,0.000000,,,0,,NOAA,2015-01-28T14:16:02.2030000-07:00,in
37,USC00051772,Snow,2009-08-09T00:00:00.0000000-06:00,0.000000,,,0,,NOAA,2015-01-28T14:16:02.2030000-07:00,in
37,USC00051772,Snow,2009-08-10T00:00:00.0000000-06:00,0.000000,,,0,,NOAA,2015-01-28T14:16:02.2030000-07:00,in
37,USC00051772,Snow,2009-08-11T00:00:00.0000000-06:00,0.000000,,,0,,NOAA,2015-01-28T14:16:02.2030000-07:00,in
37,USC00051772,Snow,2009-08-12T00:00:00.0000000-06:00,0.000000,,,0,,NOAA,2015-01-28T14:16:02.2030000-07:00,in
37,USC00051772,Snow,2009-08-13T00:00:00.0000000-06:00,0.000000,,,0,,NOAA,2015-01-28T14:16:02.2030000-07:00,in
37,USC00051772,Snow,2009-08-14T00:00:00.0000000-06:00,0.000000,,,0,,NOAA,2015-01-28T14:16:02.2030000-07:00,in
37,USC00051772,Snow,2009-08-15T00:00:00.0000000-06:00,0.000000,,,0,,NOAA,2015-01-28T14:16:02.2030000-07:00,in
37,USC00051772,Snow,2009-08-16T00:00:00.0000000-06:00,0.000000,,,0,,NOAA,2015-01-28T14:16:02.2030000-07:00,in
37,USC00051772,Snow,2009-08-17T00:00:00.0000000-06:00,0.000000,,,0,,NOAA,2015-01-28T14:16:02.2030000-07:00,in
37,USC00051772,Snow,2009-08-18T00:00:00.0000000-06:00,0.000000,,,0,,NOAA,2015-01-28T14:16:02.2030000-07:00,in
37,USC00051772,Snow,2009-08-19T00:00:00.0000000-06:00,0.000000,,,0,,NOAA,2015-01-28T14:16:02.2030000-07:00,in
37,USC00051772,Snow,2009-08-20T00:00:00.0000000-06:00,0.000000,,,0,,NOAA,2015-01-28T14:16:02.2030000-07:00,in
37,USC00051772,Snow,2009-08-21T00:00:00.0000000-06:00,0.000000,,,0,,NOAA,2015-01-28T14:16:02.2030000-07:00,in
37,USC00051772,Snow,2009-08-22T00:00:00.0000000-06:00,0.000000,,,0,,NOAA,2015-01-28T14:16:02.2030000-07:00,in
37,USC00051772,Snow,2009-08-23T00:00:00.0000000-06:00,0.000000,,,0,,NOAA,2015-01-28T14:16:02.2030000-07:00,in
37,USC00051772,Snow,2009-08-24T00:00:00.0000000-06:00,0.000000,,,0,,NOAA,2015-01-28T14:16:02.2030000-07:00,in
37,USC00051772,Snow,2009-08-25T00:00:00.0000000-06:00,0.000000,,,0,,NOAA,2015-01-28T14:16:02.2030000-07:00,in
37,USC00051772,Snow,2009-08-26T00:00:00.0000000-06:00,0.000000,,,0,,NOAA,2015-01-28T14:16:02.2030000-07:00,in
37,USC00051772,Snow,2009-08-27T00:00:00.0000000-06:00,0.000000,,,0,,NOAA,2015-01-28T14:16:02.2030000-07:00,in
37,USC00051772,Snow,2009-08-28T00:00:00.0000000-06:00,0.000000,,,0,,NOAA,2015-01-28T14:16:02.2030000-07:00,in
37,USC00051772,Snow,2009-08-29T00:00:00.0000000-06:00,0.000000,,,0,,NOAA,2015-01-28T14:16:02.2030000-07:00,in
37,USC00051772,Snow,2009-08-30T00:00:00.0000000-06:00,0.000000,,,0,,NOAA,2015-01-28T14:16:02.2030000-07:00,in
37,USC00051772,Snow,2009-08-31T00:00:00.0000000-06:00,0.000000,,,0,,NOAA,2015-01-28T14:16:02.2030000-07:00,in
37,USC00051772,Snow,2009-09-01T00:00:00.0000000-06:00,0.000000,,,0,,NOAA,2015-01-28T14:16:02.2030000-07:00,in
37,USC00051772,Snow,2009-09-02T00:00:00.0000000-06:00,0.000000,,,0,,NOAA,2015-01-28T14:16:02.2030000-07:00,in
37,USC00051772,Snow,2009-09-03T00:00:00.0000000-06:00,0.000000,,,0,,NOAA,2015-01-28T14:16:02.2030000-07:00,in
37,USC00051772,Snow,2009-09-04T00:00:00.0000000-06:00,0.000000,,,0,,NOAA,2015-01-28T14:16:02.2030000-07:00,in
37,USC00051772,Snow,2009-09-05T00:00:00.0000000-06:00,0.000000,,,0,,NOAA,2015-01-28T14:16:02.2030000-07:00,in
37,USC00051772,Snow,2009-09-06T00:00:00.0000000-06:00,0.000000,,,0,,NOAA,2015-01-28T14:16:02.2030000-07:00,in
37,USC00051772,Snow,2009-09-07T00:00:00.0000000-06:00,0.000000,,,0,,NOAA,2015-01-28T14:16:02.2030000-07:00,in
37,USC00051772,Snow,2009-09-08T00:00:00.0000000-06:00,0.000000,,,0,,NOAA,2015-01-28T14:16:02.2030000-07:00,in
37,USC00051772,Snow,2009-09-09T00:00:00.0000000-06:00,0.000000,,,0,,NOAA,2015-01-28T14:16:02.2030000-07:00,in
37,USC00051772,Snow,2009-09-10T00:00:00.0000000-06:00,0.000000,,,0,,NOAA,2015-01-28T14:16:02.2030000-07:00,in
37,USC00051772,Snow,2009-09-11T00:00:00.0000000-06:00,0.000000,,,0,,NOAA,2015-01-28T14:16:02.2030000-07:00,in
37,USC00051772,Snow,2009-09-12T00:00:00.0000000-06:00,0.000000,,,0,,NOAA,2015-01-28T14:16:02.2030000-07:00,in
37,USC00051772,Snow,2009-09-13T00:00:00.0000000-06:00,0.000000,,,0,,NOAA,2015-01-28T14:16:02.2030000-07:00,in
37,USC00051772,Snow,2009-09-14T00:00:00.0000000-06:00,0.000000,,,0,,NOAA,2015-01-28T14:16:02.2030000-07:00,in
37,USC00051772,Snow,2009-09-15T00:00:00.0000000-06:00,0.000000,,,0,,NOAA,2015-01-28T14:16:02.2030000-07:00,in
37,USC00051772,Snow,2009-09-16T00:00:00.0000000-06:00,0.000000,,,0,,NOAA,2015-01-28T14:16:02.2030000-07:00,in
37,USC00051772,Snow,2009-09-17T00:00:00.0000000-06:00,0.000000,,,0,,NOAA,2015-01-28T14:16:02.2030000-07:00,in
37,USC00051772,Snow,2009-09-18T00:00:00.0000000-06:00,0.000000,,,0,,NOAA,2015-01-28T14:16:02.2030000-07:00,in
37,USC00051772,Snow,2009-09-19T00:00:00.0000000-06:00,0.000000,,,0,,NOAA,2015-01-28T14:16:02.2030000-07:00,in
37,USC00051772,Snow,2009-09-20T00:00:00.0000000-06:00,0.000000,,,0,,NOAA,2015-01-28T14:16:02.2030000-07:00,in
37,USC00051772,Snow,2009-09-21T00:00:00.0000000-06:00,0.000000,,,0,,NOAA,2015-01-28T14:16:02.2030000-07:00,in
37,USC00051772,Snow,2009-09-22T00:00:00.0000000-06:00,0.000000,,,0,,NOAA,2015-01-28T14:16:02.2030000-07:00,in
37,USC00051772,Snow,2009-09-23T00:00:00.0000000-06:00,0.000000,,,0,,NOAA,2015-01-28T14:16:02.2030000-07:00,in
37,USC00051772,Snow,2009-09-24T00:00:00.0000000-06:00,0.000000,,,0,,NOAA,2015-01-28T14:16:02.2030000-07:00,in
37,USC00051772,Snow,2009-09-25T00:00:00.0000000-06:00,0.000000,,,0,,NOAA,2015-01-28T14:16:02.2030000-07:00,in
37,USC00051772,Snow,2009-09-26T00:00:00.0000000-06:00,0.000000,,,0,,NOAA,2015-01-28T14:16:02.2030000-07:00,in
37,USC00051772,Snow,2009-09-27T00:00:00.0000000-06:00,0.000000,,,0,,NOAA,2015-01-28T14:16:02.2030000-07:00,in
37,USC00051772,Snow,2009-09-28T00:00:00.0000000-06:00,0.000000,,,0,,NOAA,2015-01-28T14:16:02.2030000-07:00,in
37,USC00051772,Snow,2009-09-29T00:00:00.0000000-06:00,0.000000,,,0,,NOAA,2015-01-28T14:16:02.2030000-07:00,in
37,USC00051772,Snow,2009-09-30T00:00:00.0000000-06:00,0.000000,,,0,,NOAA,2015-01-28T14:16:02.2030000-07:00,in
37,USC00051772,Snow,2009-10-01T00:00:00.0000000-06:00,0.000000,,,0,,NOAA,2015-01-28T14:16:02.2030000-07:00,in
37,USC00051772,Snow,2009-10-02T00:00:00.0000000-06:00,0.000000,,,0,,NOAA,2015-01-28T14:16:02.2030000-07:00,in
37,USC00051772,Snow,2009-10-03T00:00:00.0000000-06:00,0.000000,,,0,,NOAA,2015-01-28T14:16:02.2030000-07:00,in
37,USC00051772,Snow,2009-10-04T00:00:00.0000000-06:00,0.000000,,,0,,NOAA,2015-01-28T14:16:02.2030000-07:00,in
37,USC00051772,Snow,2009-10-05T00:00:00.0000000-06:00,0.000000,,,0,,NOAA,2015-01-28T14:16:02.2030000-07:00,in
37,USC00051772,Snow,2009-10-06T00:00:00.0000000-06:00,0.000000,,,0,,NOAA,2015-01-28T14:16:02.2030000-07:00,in
37,USC00051772,Snow,2009-10-07T00:00:00.0000000-06:00,0.000000,,,0,,NOAA,2015-01-28T14:16:02.2030000-07:00,in
37,USC00051772,Snow,2009-10-08T00:00:00.0000000-06:00,0.000000,,,0,,NOAA,2015-01-28T14:16:02.2030000-07:00,in
37,USC00051772,Snow,2009-10-09T00:00:00.0000000-06:00,0.000000,,,0,,NOAA,2015-01-28T14:16:02.2030000-07:00,in
37,USC00051772,Snow,2009-10-10T00:00:00.0000000-06:00,0.000000,,,0,,NOAA,2015-01-28T14:16:02.2030000-07:00,in
37,USC00051772,Snow,2009-10-11T00:00:00.0000000-06:00,0.000000,,,0,,NOAA,2015-01-28T14:16:02.2030000-07:00,in
37,USC00051772,Snow,2009-10-12T00:00:00.0000000-06:00,0.000000,,,0,,NOAA,2015-01-28T14:16:02.2030000-07:00,in
37,USC00051772,Snow,2009-10-13T00:00:00.0000000-06:00,0.000000,,,0,,NOAA,2015-01-28T14:16:02.2030000-07:00,in
37,USC00051772,Snow,2009-10-14T00:00:00.0000000-06:00,0.000000,,,0,,NOAA,2015-01-28T14:16:02.2030000-07:00,in
37,USC00051772,Snow,2009-10-15T00:00:00.0000000-06:00,0.000000,,,0,,NOAA,2015-01-28T14:16:02.2030000-07:00,in
37,USC00051772,Snow,2009-10-16T00:00:00.0000000-06:00,0.000000,,,0,,NOAA,2015-01-28T14:16:02.2030000-07:00,in
37,USC00051772,Snow,2009-10-17T00:00:00.0000000-06:00,0.000000,,,0,,NOAA,2015-01-28T14:16:02.2030000-07:00,in
37,USC00051772,Snow,2009-10-18T00:00:00.0000000-06:00,0.000000,,,0,,NOAA,2015-01-28T14:16:02.2030000-07:00,in
37,USC00051772,Snow,2009-10-19T00:00:00.0000000-06:00,0.000000,,,0,,NOAA,2015-01-28T14:16:02.2030000-07:00,in
37,USC00051772,Snow,2009-10-20T00:00:00.0000000-06:00,0.000000,,,0,,NOAA,2015-01-28T14:16:02.2030000-07:00,in
37,USC00051772,Snow,2009-10-21T00:00:00.0000000-06:00,0.000000,,,0,,NOAA,2015-01-28T14:16:02.2030000-07:00,in
37,USC00051772,Snow,2009-10-22T00:00:00.0000000-06:00,0.000000,,,0,,NOAA,2015-01-28T14:16:02.2030000-07:00,in
37,USC00051772,Snow,2009-10-23T00:00:00.0000000-06:00,0.000000,,,0,,NOAA,2015-01-28T14:16:02.2030000-07:00,in
37,USC00051772,Snow,2009-10-24T00:00:00.0000000-06:00,0.000000,,,0,,NOAA,2015-01-28T14:16:02.2030000-07:00,in
37,USC00051772,Snow,2009-10-25T00:00:00.0000000-06:00,0.000000,,,0,,NOAA,2015-01-28T14:16:02.2030000-07:00,in
37,USC00051772,Snow,2009-10-26T00:00:00.0000000-06:00,0.000000,,,0,,NOAA,2015-01-28T14:16:02.2030000-07:00,in
37,USC00051772,Snow,2009-10-27T00:00:00.0000000-06:00,0.000000,,,0,,NOAA,2015-01-28T14:16:02.2030000-07:00,in
37,USC00051772,Snow,2009-10-28T00:00:00.0000000-06:00,2.007874,,,0,,NOAA,2015-01-28T14:16:02.2030000-07:00,in
37,USC00051772,Snow,2009-10-29T00:00:00.0000000-06:00,0.314961,,,0,,NOAA,2015-01-28T14:16:02.2030000-07:00,in
37,USC00051772,Snow,2009-10-30T00:00:00.0000000-06:00,0.000000,,,0,,NOAA,2015-01-28T14:16:02.2030000-07:00,in
37,USC00051772,Snow,2009-10-31T00:00:00.0000000-06:00,0.000000,,,0,,NOAA,2015-01-28T14:16:02.2030000-07:00,in
37,USC00051772,Snow,2009-11-01T00:00:00.0000000-06:00,0.000000,,,0,,NOAA,2015-01-28T14:16:02.2030000-07:00,in
37,USC00051772,Snow,2009-11-02T00:00:00.0000000-07:00,0.000000,,,0,,NOAA,2015-01-28T14:16:02.2030000-07:00,in
37,USC00051772,Snow,2009-11-03T00:00:00.0000000-07:00,0.000000,,,0,,NOAA,2015-01-28T14:16:02.2030000-07:00,in
37,USC00051772,Snow,2009-11-04T00:00:00.0000000-07:00,0.000000,,,0,,NOAA,2015-01-28T14:16:02.2030000-07:00,in
37,USC00051772,Snow,2009-11-05T00:00:00.0000000-07:00,0.000000,,,0,,NOAA,2015-01-28T14:16:02.2030000-07:00,in
37,USC00051772,Snow,2009-11-06T00:00:00.0000000-07:00,0.000000,,,0,,NOAA,2015-01-28T14:16:02.2030000-07:00,in
37,USC00051772,Snow,2009-11-07T00:00:00.0000000-07:00,0.000000,,,0,,NOAA,2015-01-28T14:16:02.2030000-07:00,in
37,USC00051772,Snow,2009-11-08T00:00:00.0000000-07:00,0.000000,,,0,,NOAA,2015-01-28T14:16:02.2030000-07:00,in
37,USC00051772,Snow,2009-11-09T00:00:00.0000000-07:00,0.000000,,,0,,NOAA,2015-01-28T14:16:02.2030000-07:00,in
37,USC00051772,Snow,2009-11-10T00:00:00.0000000-07:00,0.000000,,,0,,NOAA,2015-01-28T14:16:02.2030000-07:00,in
37,USC00051772,Snow,2009-11-11T00:00:00.0000000-07:00,0.000000,,,0,,NOAA,2015-01-28T14:16:02.2030000-07:00,in
37,USC00051772,Snow,2009-11-12T00:00:00.0000000-07:00,0.000000,,,0,,NOAA,2015-01-28T14:16:02.2030000-07:00,in
37,USC00051772,Snow,2009-11-13T00:00:00.0000000-07:00,0.000000,,,0,,NOAA,2015-01-28T14:16:02.2030000-07:00,in
37,USC00051772,Snow,2009-11-14T00:00:00.0000000-07:00,0.984252,,,0,,NOAA,2015-01-28T14:16:02.2030000-07:00,in
37,USC00051772,Snow,2009-11-15T00:00:00.0000000-07:00,2.007874,,,0,,NOAA,2015-01-28T14:16:02.2030000-07:00,in
37,USC00051772,Snow,2009-11-16T00:00:00.0000000-07:00,0.000000,,,0,,NOAA,2015-01-28T14:16:02.2030000-07:00,in
37,USC00051772,Snow,2009-11-17T00:00:00.0000000-07:00,0.000000,,,0,,NOAA,2015-01-28T14:16:02.2030000-07:00,in
37,USC00051772,Snow,2009-11-18T00:00:00.0000000-07:00,0.000000,,,0,,NOAA,2015-01-28T14:16:02.2030000-07:00,in
37,USC00051772,Snow,2009-11-19T00:00:00.0000000-07:00,0.000000,,,0,,NOAA,2015-01-28T14:16:02.2030000-07:00,in
37,USC00051772,Snow,2009-11-20T00:00:00.0000000-07:00,0.000000,,,0,,NOAA,2015-01-28T14:16:02.2030000-07:00,in
37,USC00051772,Snow,2009-11-21T00:00:00.0000000-07:00,0.000000,,,0,,NOAA,2015-01-28T14:16:02.2030000-07:00,in
37,USC00051772,Snow,2009-11-22T00:00:00.0000000-07:00,0.000000,,,0,,NOAA,2015-01-28T14:16:02.2030000-07:00,in
37,USC00051772,Snow,2009-11-23T00:00:00.0000000-07:00,0.000000,,,0,,NOAA,2015-01-28T14:16:02.2030000-07:00,in
37,USC00051772,Snow,2009-11-24T00:00:00.0000000-07:00,0.000000,,,0,,NOAA,2015-01-28T14:16:02.2030000-07:00,in
37,USC00051772,Snow,2009-11-25T00:00:00.0000000-07:00,0.000000,,,0,,NOAA,2015-01-28T14:16:02.2030000-07:00,in
37,USC00051772,Snow,2009-11-26T00:00:00.0000000-07:00,0.000000,,,0,,NOAA,2015-01-28T14:16:02.2030000-07:00,in
37,USC00051772,Snow,2009-11-27T00:00:00.0000000-07:00,0.000000,,,0,,NOAA,2015-01-28T14:16:02.2030000-07:00,in
37,USC00051772,Snow,2009-11-28T00:00:00.0000000-07:00,0.000000,,,0,,NOAA,2015-01-28T14:16:02.2030000-07:00,in
37,USC00051772,Snow,2009-11-29T00:00:00.0000000-07:00,0.000000,,,0,,NOAA,2015-01-28T14:16:02.2030000-07:00,in
37,USC00051772,Snow,2009-11-30T00:00:00.0000000-07:00,0.000000,,,0,,NOAA,2015-01-28T14:16:02.2030000-07:00,in
37,USC00051772,Snow,2009-12-01T00:00:00.0000000-07:00,0.000000,,,0,,NOAA,2015-01-28T14:16:02.2030000-07:00,in
37,USC00051772,Snow,2009-12-02T00:00:00.0000000-07:00,0.000000,,,0,,NOAA,2015-01-28T14:16:02.2030000-07:00,in
37,USC00051772,Snow,2009-12-03T00:00:00.0000000-07:00,0.000000,,,0,,NOAA,2015-01-28T14:16:02.2030000-07:00,in
37,USC00051772,Snow,2009-12-04T00:00:00.0000000-07:00,0.000000,,,0,,NOAA,2015-01-28T14:16:02.2030000-07:00,in
37,USC00051772,Snow,2009-12-05T00:00:00.0000000-07:00,0.000000,,,0,,NOAA,2015-01-28T14:16:02.2030000-07:00,in
37,USC00051772,Snow,2009-12-06T00:00:00.0000000-07:00,0.000000,,,0,,NOAA,2015-01-28T14:16:02.2030000-07:00,in
37,USC00051772,Snow,2009-12-07T00:00:00.0000000-07:00,0.000000,,,0,,NOAA,2015-01-28T14:16:02.2030000-07:00,in
37,USC00051772,Snow,2009-12-08T00:00:00.0000000-07:00,7.519685,,,0,,NOAA,2015-01-28T14:16:02.2030000-07:00,in
37,USC00051772,Snow,2009-12-09T00:00:00.0000000-07:00,0.511811,,,0,,NOAA,2015-01-28T14:16:02.2030000-07:00,in
37,USC00051772,Snow,2009-12-10T00:00:00.0000000-07:00,0.000000,,,0,,NOAA,2015-01-28T14:16:02.2030000-07:00,in
37,USC00051772,Snow,2009-12-11T00:00:00.0000000-07:00,0.000000,,,0,,NOAA,2015-01-28T14:16:02.2030000-07:00,in
37,USC00051772,Snow,2009-12-12T00:00:00.0000000-07:00,0.196850,,,0,,NOAA,2015-01-28T14:16:02.2030000-07:00,in
37,USC00051772,Snow,2009-12-13T00:00:00.0000000-07:00,0.000000,,,0,,NOAA,2015-01-28T14:16:02.2030000-07:00,in
37,USC00051772,Snow,2009-12-14T00:00:00.0000000-07:00,0.000000,,,0,,NOAA,2015-01-28T14:16:02.2030000-07:00,in
37,USC00051772,Snow,2009-12-15T00:00:00.0000000-07:00,0.000000,,,0,,NOAA,2015-01-28T14:16:02.2030000-07:00,in
37,USC00051772,Snow,2009-12-16T00:00:00.0000000-07:00,0.000000,,,0,,NOAA,2015-01-28T14:16:02.2030000-07:00,in
37,USC00051772,Snow,2009-12-17T00:00:00.0000000-07:00,0.000000,,,0,,NOAA,2015-01-28T14:16:02.2030000-07:00,in
37,USC00051772,Snow,2009-12-18T00:00:00.0000000-07:00,0.000000,,,0,,NOAA,2015-01-28T14:16:02.2030000-07:00,in
37,USC00051772,Snow,2009-12-19T00:00:00.0000000-07:00,0.000000,,,0,,NOAA,2015-01-28T14:16:02.2030000-07:00,in
37,USC00051772,Snow,2009-12-20T00:00:00.0000000-07:00,0.000000,,,0,,NOAA,2015-01-28T14:16:02.2030000-07:00,in
37,USC00051772,Snow,2009-12-21T00:00:00.0000000-07:00,0.000000,,,0,,NOAA,2015-01-28T14:16:02.2030000-07:00,in
37,USC00051772,Snow,2009-12-22T00:00:00.0000000-07:00,0.000000,,,0,,NOAA,2015-01-28T14:16:02.2030000-07:00,in
37,USC00051772,Snow,2009-12-23T00:00:00.0000000-07:00,1.496063,,,0,,NOAA,2015-01-28T14:16:02.2030000-07:00,in
37,USC00051772,Snow,2009-12-24T00:00:00.0000000-07:00,0.000000,,,0,,NOAA,2015-01-28T14:16:02.2030000-07:00,in
37,USC00051772,Snow,2009-12-25T00:00:00.0000000-07:00,0.000000,,,0,,NOAA,2015-01-28T14:16:02.2030000-07:00,in
37,USC00051772,Snow,2009-12-26T00:00:00.0000000-07:00,0.000000,,,0,,NOAA,2015-01-28T14:16:02.2030000-07:00,in
37,USC00051772,Snow,2009-12-27T00:00:00.0000000-07:00,0.000000,,,0,,NOAA,2015-01-28T14:16:02.2030000-07:00,in
37,USC00051772,Snow,2009-12-28T00:00:00.0000000-07:00,0.000000,,,0,,NOAA,2015-01-28T14:16:02.2030000-07:00,in
37,USC00051772,Snow,2009-12-29T00:00:00.0000000-07:00,0.000000,,,0,,NOAA,2015-01-28T14:16:02.2030000-07:00,in
37,USC00051772,Snow,2009-12-30T00:00:00.0000000-07:00,1.417323,,,0,,NOAA,2015-01-28T14:16:02.2030000-07:00,in
37,USC00051772,Snow,2009-12-31T00:00:00.0000000-07:00,0.393701,,,0,,NOAA,2015-01-28T14:16:02.2030000-07:00,in
37,USC00051772,Snow,2010-01-01T00:00:00.0000000-07:00,0.000000,,,0,,NOAA,2015-01-28T14:16:02.2030000-07:00,in
37,USC00051772,Snow,2010-01-02T00:00:00.0000000-07:00,0.000000,,,0,,NOAA,2015-01-28T14:16:02.2030000-07:00,in
37,USC00051772,Snow,2010-01-03T00:00:00.0000000-07:00,0.000000,,,0,,NOAA,2015-01-28T14:16:02.2030000-07:00,in
37,USC00051772,Snow,2010-01-04T00:00:00.0000000-07:00,0.000000,,,0,,NOAA,2015-01-28T14:16:02.2030000-07:00,in
37,USC00051772,Snow,2010-01-05T00:00:00.0000000-07:00,0.000000,,,0,,NOAA,2015-01-28T14:16:02.2030000-07:00,in
37,USC00051772,Snow,2010-01-06T00:00:00.0000000-07:00,0.000000,,,0,,NOAA,2015-01-28T14:16:02.2030000-07:00,in
37,USC00051772,Snow,2010-01-07T00:00:00.0000000-07:00,0.000000,,,0,,NOAA,2015-01-28T14:16:02.2030000-07:00,in
37,USC00051772,Snow,2010-01-08T00:00:00.0000000-07:00,0.000000,,,0,,NOAA,2015-01-28T14:16:02.2030000-07:00,in
37,USC00051772,Snow,2010-01-09T00:00:00.0000000-07:00,0.000000,,,0,,NOAA,2015-01-28T14:16:02.2030000-07:00,in
37,USC00051772,Snow,2010-01-10T00:00:00.0000000-07:00,0.000000,,,0,,NOAA,2015-01-28T14:16:02.2030000-07:00,in
37,USC00051772,Snow,2010-01-11T00:00:00.0000000-07:00,0.000000,,,0,,NOAA,2015-01-28T14:16:02.2030000-07:00,in
37,USC00051772,Snow,2010-01-12T00:00:00.0000000-07:00,0.000000,,,0,,NOAA,2015-01-28T14:16:02.2030000-07:00,in
37,USC00051772,Snow,2010-01-13T00:00:00.0000000-07:00,0.000000,,,0,,NOAA,2015-01-28T14:16:02.2030000-07:00,in
37,USC00051772,Snow,2010-01-14T00:00:00.0000000-07:00,0.000000,,,0,,NOAA,2015-01-28T14:16:02.2030000-07:00,in
37,USC00051772,Snow,2010-01-15T00:00:00.0000000-07:00,0.000000,,,0,,NOAA,2015-01-28T14:16:02.2030000-07:00,in
37,USC00051772,Snow,2010-01-16T00:00:00.0000000-07:00,0.000000,,,0,,NOAA,2015-01-28T14:16:02.2030000-07:00,in
37,USC00051772,Snow,2010-01-17T00:00:00.0000000-07:00,0.000000,,,0,,NOAA,2015-01-28T14:16:02.2030000-07:00,in
37,USC00051772,Snow,2010-01-18T00:00:00.0000000-07:00,0.000000,,,0,,NOAA,2015-01-28T14:16:02.2030000-07:00,in
37,USC00051772,Snow,2010-01-19T00:00:00.0000000-07:00,0.118110,,,0,,NOAA,2015-01-28T14:16:02.2030000-07:00,in
37,USC00051772,Snow,2010-01-20T00:00:00.0000000-07:00,0.000000,,,0,,NOAA,2015-01-28T14:16:02.2030000-07:00,in
37,USC00051772,Snow,2010-01-21T00:00:00.0000000-07:00,0.000000,,,0,,NOAA,2015-01-28T14:16:02.2030000-07:00,in
37,USC00051772,Snow,2010-01-22T00:00:00.0000000-07:00,0.000000,,,0,,NOAA,2015-01-28T14:16:02.2030000-07:00,in
37,USC00051772,Snow,2010-01-23T00:00:00.0000000-07:00,0.118110,,,0,,NOAA,2015-01-28T14:16:02.2030000-07:00,in
37,USC00051772,Snow,2010-01-24T00:00:00.0000000-07:00,0.000000,,,0,,NOAA,2015-01-28T14:16:02.2030000-07:00,in
37,USC00051772,Snow,2010-01-25T00:00:00.0000000-07:00,0.000000,,,0,,NOAA,2015-01-28T14:16:02.2030000-07:00,in
37,USC00051772,Snow,2010-01-26T00:00:00.0000000-07:00,0.000000,,,0,,NOAA,2015-01-28T14:16:02.2030000-07:00,in
37,USC00051772,Snow,2010-01-27T00:00:00.0000000-07:00,0.196850,,,0,,NOAA,2015-01-28T14:16:02.2030000-07:00,in
37,USC00051772,Snow,2010-01-28T00:00:00.0000000-07:00,3.897638,,,0,,NOAA,2015-01-28T14:16:02.2030000-07:00,in
37,USC00051772,Snow,2010-01-29T00:00:00.0000000-07:00,0.000000,,,0,,NOAA,2015-01-28T14:16:02.2030000-07:00,in
37,USC00051772,Snow,2010-01-30T00:00:00.0000000-07:00,0.000000,,,0,,NOAA,2015-01-28T14:16:02.2030000-07:00,in
37,USC00051772,Snow,2010-01-31T00:00:00.0000000-07:00,0.000000,T,,0,,NOAA,2015-01-28T14:16:02.2030000-07:00,in
37,USC00051772,Snow,2010-02-01T00:00:00.0000000-07:00,0.000000,,,0,,NOAA,2015-01-28T14:16:02.2030000-07:00,in
37,USC00051772,Snow,2010-02-02T00:00:00.0000000-07:00,0.000000,,,0,,NOAA,2015-01-28T14:16:02.2030000-07:00,in
37,USC00051772,Snow,2010-02-03T00:00:00.0000000-07:00,0.000000,,,0,,NOAA,2015-01-28T14:16:02.2030000-07:00,in
37,USC00051772,Snow,2010-02-04T00:00:00.0000000-07:00,0.000000,,,0,,NOAA,2015-01-28T14:16:02.2030000-07:00,in
37,USC00051772,Snow,2010-02-05T00:00:00.0000000-07:00,0.000000,,,0,,NOAA,2015-01-28T14:16:02.2030000-07:00,in
37,USC00051772,Snow,2010-02-06T00:00:00.0000000-07:00,0.787402,,,0,,NOAA,2015-01-28T14:16:02.2030000-07:00,in
37,USC00051772,Snow,2010-02-07T00:00:00.0000000-07:00,2.795276,,,0,,NOAA,2015-01-28T14:16:02.2030000-07:00,in
37,USC00051772,Snow,2010-02-08T00:00:00.0000000-07:00,0.590551,,,0,,NOAA,2015-01-28T14:16:02.2030000-07:00,in
37,USC00051772,Snow,2010-02-09T00:00:00.0000000-07:00,0.000000,,,0,,NOAA,2015-01-28T14:16:02.2030000-07:00,in
37,USC00051772,Snow,2010-02-10T00:00:00.0000000-07:00,0.000000,,,0,,NOAA,2015-01-28T14:16:02.2030000-07:00,in
37,USC00051772,Snow,2010-02-11T00:00:00.0000000-07:00,0.000000,,,0,,NOAA,2015-01-28T14:16:02.2030000-07:00,in
37,USC00051772,Snow,2010-02-12T00:00:00.0000000-07:00,0.000000,,,0,,NOAA,2015-01-28T14:16:02.2030000-07:00,in
37,USC00051772,Snow,2010-02-13T00:00:00.0000000-07:00,0.000000,,,0,,NOAA,2015-01-28T14:16:02.2030000-07:00,in
37,USC00051772,Snow,2010-02-14T00:00:00.0000000-07:00,0.000000,T,,0,,NOAA,2015-01-28T14:16:02.2030000-07:00,in
37,USC00051772,Snow,2010-02-15T00:00:00.0000000-07:00,0.000000,,,0,,NOAA,2015-01-28T14:16:02.2030000-07:00,in
37,USC00051772,Snow,2010-02-16T00:00:00.0000000-07:00,0.511811,,,0,,NOAA,2015-01-28T14:16:02.2030000-07:00,in
37,USC00051772,Snow,2010-02-17T00:00:00.0000000-07:00,0.000000,,,0,,NOAA,2015-01-28T14:16:02.2030000-07:00,in
37,USC00051772,Snow,2010-02-18T00:00:00.0000000-07:00,0.000000,,,0,,NOAA,2015-01-28T14:16:02.2030000-07:00,in
37,USC00051772,Snow,2010-02-19T00:00:00.0000000-07:00,0.000000,,,0,,NOAA,2015-01-28T14:16:02.2030000-07:00,in
37,USC00051772,Snow,2010-02-20T00:00:00.0000000-07:00,4.212598,,,0,,NOAA,2015-01-28T14:16:02.2030000-07:00,in
37,USC00051772,Snow,2010-02-21T00:00:00.0000000-07:00,1.811024,,,0,,NOAA,2015-01-28T14:16:02.2030000-07:00,in
37,USC00051772,Snow,2010-02-22T00:00:00.0000000-07:00,1.181102,,,0,,NOAA,2015-01-28T14:16:02.2030000-07:00,in
37,USC00051772,Snow,2010-02-23T00:00:00.0000000-07:00,0.000000,,,0,,NOAA,2015-01-28T14:16:02.2030000-07:00,in
37,USC00051772,Snow,2010-02-24T00:00:00.0000000-07:00,0.000000,,,0,,NOAA,2015-01-28T14:16:02.2030000-07:00,in
37,USC00051772,Snow,2010-02-25T00:00:00.0000000-07:00,0.314961,,,0,,NOAA,2015-01-28T14:16:02.2030000-07:00,in
37,USC00051772,Snow,2010-02-26T00:00:00.0000000-07:00,0.000000,,,0,,NOAA,2015-01-28T14:16:02.2030000-07:00,in
37,USC00051772,Snow,2010-02-27T00:00:00.0000000-07:00,0.000000,,,0,,NOAA,2015-01-28T14:16:02.2030000-07:00,in
37,USC00051772,Snow,2010-02-28T00:00:00.0000000-07:00,0.000000,,,0,,NOAA,2015-01-28T14:16:02.2030000-07:00,in
37,USC00051772,Snow,2010-03-01T00:00:00.0000000-07:00,0.000000,,,0,,NOAA,2015-01-28T14:16:02.2030000-07:00,in
37,USC00051772,Snow,2010-03-02T00:00:00.0000000-07:00,0.000000,,,0,,NOAA,2015-01-28T14:16:02.2030000-07:00,in
37,USC00051772,Snow,2010-03-03T00:00:00.0000000-07:00,0.000000,,,0,,NOAA,2015-01-28T14:16:02.2030000-07:00,in
37,USC00051772,Snow,2010-03-04T00:00:00.0000000-07:00,0.000000,,,0,,NOAA,2015-01-28T14:16:02.2030000-07:00,in
37,USC00051772,Snow,2010-03-05T00:00:00.0000000-07:00,0.511811,,,0,,NOAA,2015-01-28T14:16:02.2030000-07:00,in
37,USC00051772,Snow,2010-03-06T00:00:00.0000000-07:00,0.000000,,,0,,NOAA,2015-01-28T14:16:02.2030000-07:00,in
37,USC00051772,Snow,2010-03-07T00:00:00.0000000-07:00,0.000000,,,0,,NOAA,2015-01-28T14:16:02.2030000-07:00,in
37,USC00051772,Snow,2010-03-08T00:00:00.0000000-07:00,0.000000,,,0,,NOAA,2015-01-28T14:16:02.2030000-07:00,in
37,USC00051772,Snow,2010-03-09T00:00:00.0000000-07:00,0.000000,,,0,,NOAA,2015-01-28T14:16:02.2030000-07:00,in
37,USC00051772,Snow,2010-03-10T00:00:00.0000000-07:00,0.000000,T,,0,,NOAA,2015-01-28T14:16:02.2030000-07:00,in
37,USC00051772,Snow,2010-03-11T00:00:00.0000000-07:00,1.811024,,,0,,NOAA,2015-01-28T14:16:02.2030000-07:00,in
37,USC00051772,Snow,2010-03-12T00:00:00.0000000-07:00,0.000000,,,0,,NOAA,2015-01-28T14:16:02.2030000-07:00,in
37,USC00051772,Snow,2010-03-13T00:00:00.0000000-07:00,0.000000,,,0,,NOAA,2015-01-28T14:16:02.2030000-07:00,in
37,USC00051772,Snow,2010-03-14T00:00:00.0000000-07:00,0.787402,,,0,,NOAA,2015-01-28T14:16:02.2030000-07:00,in
37,USC00051772,Snow,2010-03-15T00:00:00.0000000-06:00,0.000000,,,0,,NOAA,2015-01-28T14:16:02.2030000-07:00,in
37,USC00051772,Snow,2010-03-16T00:00:00.0000000-06:00,0.000000,,,0,,NOAA,2015-01-28T14:16:02.2030000-07:00,in
37,USC00051772,Snow,2010-03-17T00:00:00.0000000-06:00,0.000000,,,0,,NOAA,2015-01-28T14:16:02.2030000-07:00,in
37,USC00051772,Snow,2010-03-18T00:00:00.0000000-06:00,0.000000,,,0,,NOAA,2015-01-28T14:16:02.2030000-07:00,in
37,USC00051772,Snow,2010-03-19T00:00:00.0000000-06:00,0.511811,,,0,,NOAA,2015-01-28T14:16:02.2030000-07:00,in
37,USC00051772,Snow,2010-03-20T00:00:00.0000000-06:00,0.000000,,,0,,NOAA,2015-01-28T14:16:02.2030000-07:00,in
37,USC00051772,Snow,2010-03-21T00:00:00.0000000-06:00,0.000000,,,0,,NOAA,2015-01-28T14:16:02.2030000-07:00,in
37,USC00051772,Snow,2010-03-22T00:00:00.0000000-06:00,0.000000,,,0,,NOAA,2015-01-28T14:16:02.2030000-07:00,in
37,USC00051772,Snow,2010-03-23T00:00:00.0000000-06:00,0.000000,,,0,,NOAA,2015-01-28T14:16:02.2030000-07:00,in
37,USC00051772,Snow,2010-03-24T00:00:00.0000000-06:00,0.000000,,,0,,NOAA,2015-01-28T14:16:02.2030000-07:00,in
37,USC00051772,Snow,2010-03-25T00:00:00.0000000-06:00,0.000000,,,0,,NOAA,2015-01-28T14:16:02.2030000-07:00,in
37,USC00051772,Snow,2010-03-26T00:00:00.0000000-06:00,0.000000,,,0,,NOAA,2015-01-28T14:16:02.2030000-07:00,in
37,USC00051772,Snow,2010-03-27T00:00:00.0000000-06:00,0.511811,,,0,,NOAA,2015-01-28T14:16:02.2030000-07:00,in
37,USC00051772,Snow,2010-03-28T00:00:00.0000000-06:00,0.000000,,,0,,NOAA,2015-01-28T14:16:02.2030000-07:00,in
37,USC00051772,Snow,2010-03-29T00:00:00.0000000-06:00,0.000000,,,0,,NOAA,2015-01-28T14:16:02.2030000-07:00,in
37,USC00051772,Snow,2010-03-30T00:00:00.0000000-06:00,0.000000,,,0,,NOAA,2015-01-28T14:16:02.2030000-07:00,in
37,USC00051772,Snow,2010-03-31T00:00:00.0000000-06:00,0.000000,,,0,,NOAA,2015-01-28T14:16:02.2030000-07:00,in
37,USC00051772,Snow,2010-04-01T00:00:00.0000000-06:00,0.393701,,,0,,NOAA,2015-01-28T14:16:02.2030000-07:00,in
37,USC00051772,Snow,2010-04-02T00:00:00.0000000-06:00,0.590551,,,0,,NOAA,2015-01-28T14:16:02.2030000-07:00,in
37,USC00051772,Snow,2010-04-03T00:00:00.0000000-06:00,0.000000,,,0,,NOAA,2015-01-28T14:16:02.2030000-07:00,in
37,USC00051772,Snow,2010-04-04T00:00:00.0000000-06:00,0.000000,,,0,,NOAA,2015-01-28T14:16:02.2030000-07:00,in
37,USC00051772,Snow,2010-04-05T00:00:00.0000000-06:00,0.000000,,,0,,NOAA,2015-01-28T14:16:02.2030000-07:00,in
37,USC00051772,Snow,2010-04-06T00:00:00.0000000-06:00,0.000000,,,0,,NOAA,2015-01-28T14:16:02.2030000-07:00,in
37,USC00051772,Snow,2010-04-07T00:00:00.0000000-06:00,0.000000,,,0,,NOAA,2015-01-28T14:16:02.2030000-07:00,in
37,USC00051772,Snow,2010-04-08T00:00:00.0000000-06:00,0.000000,,,0,,NOAA,2015-01-28T14:16:02.2030000-07:00,in
37,USC00051772,Snow,2010-04-09T00:00:00.0000000-06:00,0.000000,,,0,,NOAA,2015-01-28T14:16:02.2030000-07:00,in
37,USC00051772,Snow,2010-04-10T00:00:00.0000000-06:00,0.000000,,,0,,NOAA,2015-01-28T14:16:02.2030000-07:00,in
37,USC00051772,Snow,2010-04-11T00:00:00.0000000-06:00,0.000000,,,0,,NOAA,2015-01-28T14:16:02.2030000-07:00,in
37,USC00051772,Snow,2010-04-12T00:00:00.0000000-06:00,0.000000,,,0,,NOAA,2015-01-28T14:16:02.2030000-07:00,in
37,USC00051772,Snow,2010-04-13T00:00:00.0000000-06:00,0.000000,,,0,,NOAA,2015-01-28T14:16:02.2030000-07:00,in
37,USC00051772,Snow,2010-04-14T00:00:00.0000000-06:00,0.000000,,,0,,NOAA,2015-01-28T14:16:02.2030000-07:00,in
37,USC00051772,Snow,2010-04-15T00:00:00.0000000-06:00,0.000000,,,0,,NOAA,2015-01-28T14:16:02.2030000-07:00,in
37,USC00051772,Snow,2010-04-16T00:00:00.0000000-06:00,0.000000,,,0,,NOAA,2015-01-28T14:16:02.2030000-07:00,in
37,USC00051772,Snow,2010-04-17T00:00:00.0000000-06:00,0.000000,,,0,,NOAA,2015-01-28T14:16:02.2030000-07:00,in
37,USC00051772,Snow,2010-04-18T00:00:00.0000000-06:00,0.000000,,,0,,NOAA,2015-01-28T14:16:02.2030000-07:00,in
37,USC00051772,Snow,2010-04-19T00:00:00.0000000-06:00,0.000000,,,0,,NOAA,2015-01-28T14:16:02.2030000-07:00,in
37,USC00051772,Snow,2010-04-20T00:00:00.0000000-06:00,0.000000,,,0,,NOAA,2015-01-28T14:16:02.2030000-07:00,in
37,USC00051772,Snow,2010-04-21T00:00:00.0000000-06:00,0.000000,,,0,,NOAA,2015-01-28T14:16:02.2030000-07:00,in
37,USC00051772,Snow,2010-04-22T00:00:00.0000000-06:00,0.000000,,,0,,NOAA,2015-01-28T14:16:02.2030000-07:00,in
37,USC00051772,Snow,2010-04-23T00:00:00.0000000-06:00,0.000000,,,0,,NOAA,2015-01-28T14:16:02.2030000-07:00,in
37,USC00051772,Snow,2010-04-24T00:00:00.0000000-06:00,0.000000,,,0,,NOAA,2015-01-28T14:16:02.2030000-07:00,in
37,USC00051772,Snow,2010-04-25T00:00:00.0000000-06:00,0.000000,,,0,,NOAA,2015-01-28T14:16:02.2030000-07:00,in
37,USC00051772,Snow,2010-04-26T00:00:00.0000000-06:00,0.000000,,,0,,NOAA,2015-01-28T14:16:02.2030000-07:00,in
37,USC00051772,Snow,2010-04-27T00:00:00.0000000-06:00,0.000000,,,0,,NOAA,2015-01-28T14:16:02.2030000-07:00,in
37,USC00051772,Snow,2010-04-28T00:00:00.0000000-06:00,0.000000,,,0,,NOAA,2015-01-28T14:16:02.2030000-07:00,in
37,USC00051772,Snow,2010-04-29T00:00:00.0000000-06:00,0.000000,T,,0,,NOAA,2015-01-28T14:16:02.2030000-07:00,in
37,USC00051772,Snow,2010-04-30T00:00:00.0000000-06:00,0.000000,T,,0,,NOAA,2015-01-28T14:16:02.2030000-07:00,in
37,USC00051772,Snow,2010-05-01T00:00:00.0000000-06:00,0.000000,T,,0,,NOAA,2015-01-28T14:16:02.2030000-07:00,in
37,USC00051772,Snow,2010-05-02T00:00:00.0000000-06:00,0.000000,,,0,,NOAA,2015-01-28T14:16:02.2030000-07:00,in
37,USC00051772,Snow,2010-05-03T00:00:00.0000000-06:00,0.000000,,,0,,NOAA,2015-01-28T14:16:02.2030000-07:00,in
37,USC00051772,Snow,2010-05-04T00:00:00.0000000-06:00,0.000000,,,0,,NOAA,2015-01-28T14:16:02.2030000-07:00,in
37,USC00051772,Snow,2010-05-05T00:00:00.0000000-06:00,0.000000,,,0,,NOAA,2015-01-28T14:16:02.2030000-07:00,in
37,USC00051772,Snow,2010-05-06T00:00:00.0000000-06:00,0.000000,,,0,,NOAA,2015-01-28T14:16:02.2030000-07:00,in
37,USC00051772,Snow,2010-05-07T00:00:00.0000000-06:00,0.000000,,,0,,NOAA,2015-01-28T14:16:02.2030000-07:00,in
37,USC00051772,Snow,2010-05-08T00:00:00.0000000-06:00,0.000000,,,0,,NOAA,2015-01-28T14:16:02.2030000-07:00,in
37,USC00051772,Snow,2010-05-09T00:00:00.0000000-06:00,0.000000,,,0,,NOAA,2015-01-28T14:16:02.2030000-07:00,in
37,USC00051772,Snow,2010-05-10T00:00:00.0000000-06:00,0.000000,,,0,,NOAA,2015-01-28T14:16:02.2030000-07:00,in
37,USC00051772,Snow,2010-05-11T00:00:00.0000000-06:00,0.000000,,,0,,NOAA,2015-01-28T14:16:02.2030000-07:00,in
37,USC00051772,Snow,2010-05-12T00:00:00.0000000-06:00,0.000000,,,0,,NOAA,2015-01-28T14:16:02.2030000-07:00,in
37,USC00051772,Snow,2010-05-13T00:00:00.0000000-06:00,0.000000,,,0,,NOAA,2015-01-28T14:16:02.2030000-07:00,in
37,USC00051772,Snow,2010-05-14T00:00:00.0000000-06:00,0.000000,,,0,,NOAA,2015-01-28T14:16:02.2030000-07:00,in
37,USC00051772,Snow,2010-05-15T00:00:00.0000000-06:00,0.000000,,,0,,NOAA,2015-01-28T14:16:02.2030000-07:00,in
37,USC00051772,Snow,2010-05-16T00:00:00.0000000-06:00,0.000000,,,0,,NOAA,2015-01-28T14:16:02.2030000-07:00,in
37,USC00051772,Snow,2010-05-17T00:00:00.0000000-06:00,0.000000,,,0,,NOAA,2015-01-28T14:16:02.2030000-07:00,in
37,USC00051772,Snow,2010-05-18T00:00:00.0000000-06:00,0.000000,,,0,,NOAA,2015-01-28T14:16:02.2030000-07:00,in
37,USC00051772,Snow,2010-05-19T00:00:00.0000000-06:00,0.000000,,,0,,NOAA,2015-01-28T14:16:02.2030000-07:00,in
37,USC00051772,Snow,2010-05-20T00:00:00.0000000-06:00,0.000000,,,0,,NOAA,2015-01-28T14:16:02.2030000-07:00,in
37,USC00051772,Snow,2010-05-21T00:00:00.0000000-06:00,0.000000,,,0,,NOAA,2015-01-28T14:16:02.2030000-07:00,in
37,USC00051772,Snow,2010-05-22T00:00:00.0000000-06:00,0.000000,,,0,,NOAA,2015-01-28T14:16:02.2030000-07:00,in
37,USC00051772,Snow,2010-05-23T00:00:00.0000000-06:00,0.000000,,,0,,NOAA,2015-01-28T14:16:02.2030000-07:00,in
37,USC00051772,Snow,2010-05-24T00:00:00.0000000-06:00,0.000000,,,0,,NOAA,2015-01-28T14:16:02.2030000-07:00,in
37,USC00051772,Snow,2010-05-25T00:00:00.0000000-06:00,0.000000,,,0,,NOAA,2015-01-28T14:16:02.2030000-07:00,in
37,USC00051772,Snow,2010-05-26T00:00:00.0000000-06:00,0.000000,,,0,,NOAA,2015-01-28T14:16:02.2030000-07:00,in
37,USC00051772,Snow,2010-05-27T00:00:00.0000000-06:00,0.000000,,,0,,NOAA,2015-01-28T14:16:02.2030000-07:00,in
37,USC00051772,Snow,2010-05-28T00:00:00.0000000-06:00,0.000000,,,0,,NOAA,2015-01-28T14:16:02.2030000-07:00,in
37,USC00051772,Snow,2010-05-29T00:00:00.0000000-06:00,0.000000,,,0,,NOAA,2015-01-28T14:16:02.2030000-07:00,in
37,USC00051772,Snow,2010-05-30T00:00:00.0000000-06:00,0.000000,,,0,,NOAA,2015-01-28T14:16:02.2030000-07:00,in
37,USC00051772,Snow,2010-05-31T00:00:00.0000000-06:00,0.000000,,,0,,NOAA,2015-01-28T14:16:02.2030000-07:00,in
37,USC00051772,Snow,2010-06-01T00:00:00.0000000-06:00,0.000000,,,0,,NOAA,2015-01-28T14:16:02.2030000-07:00,in
37,USC00051772,Snow,2010-06-02T00:00:00.0000000-06:00,0.000000,,,0,,NOAA,2015-01-28T14:16:02.2030000-07:00,in
37,USC00051772,Snow,2010-06-03T00:00:00.0000000-06:00,0.000000,,,0,,NOAA,2015-01-28T14:16:02.2030000-07:00,in
37,USC00051772,Snow,2010-06-04T00:00:00.0000000-06:00,0.000000,,,0,,NOAA,2015-01-28T14:16:02.2030000-07:00,in
37,USC00051772,Snow,2010-06-05T00:00:00.0000000-06:00,0.000000,,,0,,NOAA,2015-01-28T14:16:02.2030000-07:00,in
37,USC00051772,Snow,2010-06-06T00:00:00.0000000-06:00,0.000000,,,0,,NOAA,2015-01-28T14:16:02.2030000-07:00,in
37,USC00051772,Snow,2010-06-07T00:00:00.0000000-06:00,0.000000,,,0,,NOAA,2015-01-28T14:16:02.2030000-07:00,in
37,USC00051772,Snow,2010-06-08T00:00:00.0000000-06:00,0.000000,,,0,,NOAA,2015-01-28T14:16:02.2030000-07:00,in
37,USC00051772,Snow,2010-06-09T00:00:00.0000000-06:00,0.000000,,,0,,NOAA,2015-01-28T14:16:02.2030000-07:00,in
37,USC00051772,Snow,2010-06-10T00:00:00.0000000-06:00,0.000000,,,0,,NOAA,2015-01-28T14:16:02.2030000-07:00,in
37,USC00051772,Snow,2010-06-11T00:00:00.0000000-06:00,0.000000,,,0,,NOAA,2015-01-28T14:16:02.2030000-07:00,in
37,USC00051772,Snow,2010-06-12T00:00:00.0000000-06:00,0.000000,,,0,,NOAA,2015-01-28T14:16:02.2030000-07:00,in
37,USC00051772,Snow,2010-06-13T00:00:00.0000000-06:00,0.000000,,,0,,NOAA,2015-01-28T14:16:02.2030000-07:00,in
37,USC00051772,Snow,2010-06-14T00:00:00.0000000-06:00,0.000000,,,0,,NOAA,2015-01-28T14:16:02.2030000-07:00,in
37,USC00051772,Snow,2010-06-15T00:00:00.0000000-06:00,0.000000,,,0,,NOAA,2015-01-28T14:16:02.2030000-07:00,in
37,USC00051772,Snow,2010-06-16T00:00:00.0000000-06:00,0.000000,,,0,,NOAA,2015-01-28T14:16:02.2030000-07:00,in
37,USC00051772,Snow,2010-06-17T00:00:00.0000000-06:00,0.000000,,,0,,NOAA,2015-01-28T14:16:02.2030000-07:00,in
37,USC00051772,Snow,2010-06-18T00:00:00.0000000-06:00,0.000000,,,0,,NOAA,2015-01-28T14:16:02.2030000-07:00,in
37,USC00051772,Snow,2010-06-19T00:00:00.0000000-06:00,0.000000,,,0,,NOAA,2015-01-28T14:16:02.2030000-07:00,in
37,USC00051772,Snow,2010-06-20T00:00:00.0000000-06:00,0.000000,,,0,,NOAA,2015-01-28T14:16:02.2030000-07:00,in
37,USC00051772,Snow,2010-06-21T00:00:00.0000000-06:00,0.000000,,,0,,NOAA,2015-01-28T14:16:02.2030000-07:00,in
37,USC00051772,Snow,2010-06-22T00:00:00.0000000-06:00,0.000000,,,0,,NOAA,2015-01-28T14:16:02.2030000-07:00,in
37,USC00051772,Snow,2010-06-23T00:00:00.0000000-06:00,0.000000,,,0,,NOAA,2015-01-28T14:16:02.2030000-07:00,in
37,USC00051772,Snow,2010-06-24T00:00:00.0000000-06:00,0.000000,,,0,,NOAA,2015-01-28T14:16:02.2030000-07:00,in
37,USC00051772,Snow,2010-06-25T00:00:00.0000000-06:00,0.000000,,,0,,NOAA,2015-01-28T14:16:02.2030000-07:00,in
37,USC00051772,Snow,2010-06-26T00:00:00.0000000-06:00,0.000000,,,0,,NOAA,2015-01-28T14:16:02.2030000-07:00,in
37,USC00051772,Snow,2010-06-27T00:00:00.0000000-06:00,0.000000,,,0,,NOAA,2015-01-28T14:16:02.2030000-07:00,in
37,USC00051772,Snow,2010-06-28T00:00:00.0000000-06:00,0.000000,,,0,,NOAA,2015-01-28T14:16:02.2030000-07:00,in
37,USC00051772,Snow,2010-06-29T00:00:00.0000000-06:00,0.000000,,,0,,NOAA,2015-01-28T14:16:02.2030000-07:00,in
37,USC00051772,Snow,2010-06-30T00:00:00.0000000-06:00,0.000000,,,0,,NOAA,2015-01-28T14:16:02.2030000-07:00,in
37,USC00051772,Snow,2010-07-01T00:00:00.0000000-06:00,0.000000,,,0,,NOAA,2015-01-28T14:16:02.2030000-07:00,in
37,USC00051772,Snow,2010-07-02T00:00:00.0000000-06:00,0.000000,,,0,,NOAA,2015-01-28T14:16:02.2030000-07:00,in
37,USC00051772,Snow,2010-07-03T00:00:00.0000000-06:00,0.000000,P,,0,,NOAA,2015-01-28T14:16:02.2030000-07:00,in
37,USC00051772,Snow,2010-07-04T00:00:00.0000000-06:00,0.000000,P,,0,,NOAA,2015-01-28T14:16:02.2030000-07:00,in
37,USC00051772,Snow,2010-07-05T00:00:00.0000000-06:00,0.000000,P,,0,,NOAA,2015-01-28T14:16:02.2030000-07:00,in
37,USC00051772,Snow,2010-07-06T00:00:00.0000000-06:00,0.000000,,,0,,NOAA,2015-01-28T14:16:02.2030000-07:00,in
37,USC00051772,Snow,2010-07-07T00:00:00.0000000-06:00,0.000000,,,0,,NOAA,2015-01-28T14:16:02.2030000-07:00,in
37,USC00051772,Snow,2010-07-08T00:00:00.0000000-06:00,0.000000,,,0,,NOAA,2015-01-28T14:16:02.2030000-07:00,in
37,USC00051772,Snow,2010-07-09T00:00:00.0000000-06:00,0.000000,,,0,,NOAA,2015-01-28T14:16:02.2030000-07:00,in
37,USC00051772,Snow,2010-07-10T00:00:00.0000000-06:00,0.000000,,,0,,NOAA,2015-01-28T14:16:02.2030000-07:00,in
37,USC00051772,Snow,2010-07-11T00:00:00.0000000-06:00,0.000000,P,,0,,NOAA,2015-01-28T14:16:02.2030000-07:00,in
37,USC00051772,Snow,2010-07-12T00:00:00.0000000-06:00,0.000000,,,0,,NOAA,2015-01-28T14:16:02.2030000-07:00,in
37,USC00051772,Snow,2010-07-13T00:00:00.0000000-06:00,0.000000,,,0,,NOAA,2015-01-28T14:16:02.2030000-07:00,in
37,USC00051772,Snow,2010-07-14T00:00:00.0000000-06:00,0.000000,,,0,,NOAA,2015-01-28T14:16:02.2030000-07:00,in
37,USC00051772,Snow,2010-07-15T00:00:00.0000000-06:00,0.000000,,,0,,NOAA,2015-01-28T14:16:02.2030000-07:00,in
37,USC00051772,Snow,2010-07-16T00:00:00.0000000-06:00,0.000000,,,0,,NOAA,2015-01-28T14:16:02.2030000-07:00,in
37,USC00051772,Snow,2010-07-17T00:00:00.0000000-06:00,0.000000,P,,0,,NOAA,2015-01-28T14:16:02.2030000-07:00,in
37,USC00051772,Snow,2010-07-18T00:00:00.0000000-06:00,0.000000,P,,0,,NOAA,2015-01-28T14:16:02.2030000-07:00,in
37,USC00051772,Snow,2010-07-19T00:00:00.0000000-06:00,0.000000,,,0,,NOAA,2015-01-28T14:16:02.2030000-07:00,in
37,USC00051772,Snow,2010-07-20T00:00:00.0000000-06:00,0.000000,,,0,,NOAA,2015-01-28T14:16:02.2030000-07:00,in
37,USC00051772,Snow,2010-07-21T00:00:00.0000000-06:00,0.000000,,,0,,NOAA,2015-01-28T14:16:02.2030000-07:00,in
37,USC00051772,Snow,2010-07-22T00:00:00.0000000-06:00,0.000000,,,0,,NOAA,2015-01-28T14:16:02.2030000-07:00,in
37,USC00051772,Snow,2010-07-23T00:00:00.0000000-06:00,0.000000,,,0,,NOAA,2015-01-28T14:16:02.2030000-07:00,in
37,USC00051772,Snow,2010-07-24T00:00:00.0000000-06:00,0.000000,P,,0,,NOAA,2015-01-28T14:16:02.2030000-07:00,in
37,USC00051772,Snow,2010-07-25T00:00:00.0000000-06:00,0.000000,P,,0,,NOAA,2015-01-28T14:16:02.2030000-07:00,in
37,USC00051772,Snow,2010-07-26T00:00:00.0000000-06:00,0.000000,,,0,,NOAA,2015-01-28T14:16:02.2030000-07:00,in
37,USC00051772,Snow,2010-07-27T00:00:00.0000000-06:00,0.000000,,,0,,NOAA,2015-01-28T14:16:02.2030000-07:00,in
37,USC00051772,Snow,2010-07-28T00:00:00.0000000-06:00,0.000000,,,0,,NOAA,2015-01-28T14:16:02.2030000-07:00,in
37,USC00051772,Snow,2010-07-29T00:00:00.0000000-06:00,0.000000,,,0,,NOAA,2015-01-28T14:16:02.2030000-07:00,in
37,USC00051772,Snow,2010-07-30T00:00:00.0000000-06:00,0.000000,,,0,,NOAA,2015-01-28T14:16:02.2030000-07:00,in
37,USC00051772,Snow,2010-07-31T00:00:00.0000000-06:00,0.000000,,,0,,NOAA,2015-01-28T14:16:02.2030000-07:00,in
37,USC00051772,Snow,2010-08-01T00:00:00.0000000-06:00,0.000000,P,,0,,NOAA,2015-01-28T14:16:02.2030000-07:00,in
37,USC00051772,Snow,2010-08-02T00:00:00.0000000-06:00,0.000000,,,0,,NOAA,2015-01-28T14:16:02.2030000-07:00,in
37,USC00051772,Snow,2010-08-03T00:00:00.0000000-06:00,0.000000,,,0,,NOAA,2015-01-28T14:16:02.2030000-07:00,in
37,USC00051772,Snow,2010-08-04T00:00:00.0000000-06:00,0.000000,,,0,,NOAA,2015-01-28T14:16:02.2030000-07:00,in
37,USC00051772,Snow,2010-08-05T00:00:00.0000000-06:00,0.000000,,,0,,NOAA,2015-01-28T14:16:02.2030000-07:00,in
37,USC00051772,Snow,2010-08-06T00:00:00.0000000-06:00,0.000000,,,0,,NOAA,2015-01-28T14:16:02.2030000-07:00,in
37,USC00051772,Snow,2010-08-07T00:00:00.0000000-06:00,0.000000,,,0,,NOAA,2015-01-28T14:16:02.2030000-07:00,in
37,USC00051772,Snow,2010-08-08T00:00:00.0000000-06:00,0.000000,,,0,,NOAA,2015-01-28T14:16:02.2030000-07:00,in
37,USC00051772,Snow,2010-08-09T00:00:00.0000000-06:00,0.000000,,,0,,NOAA,2015-01-28T14:16:02.2030000-07:00,in
37,USC00051772,Snow,2010-08-10T00:00:00.0000000-06:00,0.000000,,,0,,NOAA,2015-01-28T14:16:02.2030000-07:00,in
37,USC00051772,Snow,2010-08-11T00:00:00.0000000-06:00,0.000000,,,0,,NOAA,2015-01-28T14:16:02.2030000-07:00,in
37,USC00051772,Snow,2010-08-12T00:00:00.0000000-06:00,0.000000,,,0,,NOAA,2015-01-28T14:16:02.2030000-07:00,in
37,USC00051772,Snow,2010-08-13T00:00:00.0000000-06:00,0.000000,,,0,,NOAA,2015-01-28T14:16:02.2030000-07:00,in
37,USC00051772,Snow,2010-08-14T00:00:00.0000000-06:00,0.000000,P,,0,,NOAA,2015-01-28T14:16:02.2030000-07:00,in
37,USC00051772,Snow,2010-08-15T00:00:00.0000000-06:00,0.000000,,,0,,NOAA,2015-01-28T14:16:02.2030000-07:00,in
37,USC00051772,Snow,2010-08-16T00:00:00.0000000-06:00,0.000000,,,0,,NOAA,2015-01-28T14:16:02.2030000-07:00,in
37,USC00051772,Snow,2010-08-17T00:00:00.0000000-06:00,0.000000,,,0,,NOAA,2015-01-28T14:16:02.2030000-07:00,in
37,USC00051772,Snow,2010-08-18T00:00:00.0000000-06:00,0.000000,,,0,,NOAA,2015-01-28T14:16:02.2030000-07:00,in
37,USC00051772,Snow,2010-08-19T00:00:00.0000000-06:00,0.000000,,,0,,NOAA,2015-01-28T14:16:02.2030000-07:00,in
37,USC00051772,Snow,2010-08-20T00:00:00.0000000-06:00,0.000000,,,0,,NOAA,2015-01-28T14:16:02.2030000-07:00,in
37,USC00051772,Snow,2010-08-21T00:00:00.0000000-06:00,0.000000,P,,0,,NOAA,2015-01-28T14:16:02.2030000-07:00,in
37,USC00051772,Snow,2010-08-22T00:00:00.0000000-06:00,0.000000,,,0,,NOAA,2015-01-28T14:16:02.2030000-07:00,in
37,USC00051772,Snow,2010-08-23T00:00:00.0000000-06:00,0.000000,,,0,,NOAA,2015-01-28T14:16:02.2030000-07:00,in
37,USC00051772,Snow,2010-08-24T00:00:00.0000000-06:00,0.000000,,,0,,NOAA,2015-01-28T14:16:02.2030000-07:00,in
37,USC00051772,Snow,2010-08-25T00:00:00.0000000-06:00,0.000000,,,0,,NOAA,2015-01-28T14:16:02.2030000-07:00,in
37,USC00051772,Snow,2010-08-26T00:00:00.0000000-06:00,0.000000,,,0,,NOAA,2015-01-28T14:16:02.2030000-07:00,in
37,USC00051772,Snow,2010-08-27T00:00:00.0000000-06:00,0.000000,,,0,,NOAA,2015-01-28T14:16:02.2030000-07:00,in
37,USC00051772,Snow,2010-08-28T00:00:00.0000000-06:00,0.000000,,,0,,NOAA,2015-01-28T14:16:02.2030000-07:00,in
37,USC00051772,Snow,2010-08-29T00:00:00.0000000-06:00,0.000000,,,0,,NOAA,2015-01-28T14:16:02.2030000-07:00,in
37,USC00051772,Snow,2010-08-30T00:00:00.0000000-06:00,0.000000,,,0,,NOAA,2015-01-28T14:16:02.2030000-07:00,in
37,USC00051772,Snow,2010-08-31T00:00:00.0000000-06:00,0.000000,,,0,,NOAA,2015-01-28T14:16:02.2030000-07:00,in
37,USC00051772,Snow,2010-09-01T00:00:00.0000000-06:00,0.000000,,,0,,NOAA,2015-01-28T14:16:02.2030000-07:00,in
37,USC00051772,Snow,2010-09-02T00:00:00.0000000-06:00,0.000000,,,0,,NOAA,2015-01-28T14:16:02.2030000-07:00,in
37,USC00051772,Snow,2010-09-03T00:00:00.0000000-06:00,0.000000,,,0,,NOAA,2015-01-28T14:16:02.2030000-07:00,in
37,USC00051772,Snow,2010-09-04T00:00:00.0000000-06:00,0.000000,P,,0,,NOAA,2015-01-28T14:16:02.2030000-07:00,in
37,USC00051772,Snow,2010-09-05T00:00:00.0000000-06:00,0.000000,P,,0,,NOAA,2015-01-28T14:16:02.2030000-07:00,in
37,USC00051772,Snow,2010-09-06T00:00:00.0000000-06:00,0.000000,P,,0,,NOAA,2015-01-28T14:16:02.2030000-07:00,in
37,USC00051772,Snow,2010-09-07T00:00:00.0000000-06:00,0.000000,,,0,,NOAA,2015-01-28T14:16:02.2030000-07:00,in
37,USC00051772,Snow,2010-09-08T00:00:00.0000000-06:00,0.000000,,,0,,NOAA,2015-01-28T14:16:02.2030000-07:00,in
37,USC00051772,Snow,2010-09-09T00:00:00.0000000-06:00,0.000000,,,0,,NOAA,2015-01-28T14:16:02.2030000-07:00,in
37,USC00051772,Snow,2010-09-10T00:00:00.0000000-06:00,0.000000,,,0,,NOAA,2015-01-28T14:16:02.2030000-07:00,in
37,USC00051772,Snow,2010-09-11T00:00:00.0000000-06:00,0.000000,,,0,,NOAA,2015-01-28T14:16:02.2030000-07:00,in
37,USC00051772,Snow,2010-09-12T00:00:00.0000000-06:00,0.000000,,,0,,NOAA,2015-01-28T14:16:02.2030000-07:00,in
37,USC00051772,Snow,2010-09-13T00:00:00.0000000-06:00,0.000000,,,0,,NOAA,2015-01-28T14:16:02.2030000-07:00,in
37,USC00051772,Snow,2010-09-14T00:00:00.0000000-06:00,0.000000,,,0,,NOAA,2015-01-28T14:16:02.2030000-07:00,in
37,USC00051772,Snow,2010-09-15T00:00:00.0000000-06:00,0.000000,,,0,,NOAA,2015-01-28T14:16:02.2030000-07:00,in
37,USC00051772,Snow,2010-09-16T00:00:00.0000000-06:00,0.000000,,,0,,NOAA,2015-01-28T14:16:02.2030000-07:00,in
37,USC00051772,Snow,2010-09-17T00:00:00.0000000-06:00,0.000000,,,0,,NOAA,2015-01-28T14:16:02.2030000-07:00,in
37,USC00051772,Snow,2010-09-18T00:00:00.0000000-06:00,0.000000,,,0,,NOAA,2015-01-28T14:16:02.2030000-07:00,in
37,USC00051772,Snow,2010-09-19T00:00:00.0000000-06:00,0.000000,,,0,,NOAA,2015-01-28T14:16:02.2030000-07:00,in
37,USC00051772,Snow,2010-09-20T00:00:00.0000000-06:00,0.000000,,,0,,NOAA,2015-01-28T14:16:02.2030000-07:00,in
37,USC00051772,Snow,2010-09-21T00:00:00.0000000-06:00,0.000000,,,0,,NOAA,2015-01-28T14:16:02.2030000-07:00,in
37,USC00051772,Snow,2010-09-22T00:00:00.0000000-06:00,0.000000,,,0,,NOAA,2015-01-28T14:16:02.2030000-07:00,in
37,USC00051772,Snow,2010-09-23T00:00:00.0000000-06:00,0.000000,,,0,,NOAA,2015-01-28T14:16:02.2030000-07:00,in
37,USC00051772,Snow,2010-09-24T00:00:00.0000000-06:00,0.000000,,,0,,NOAA,2015-01-28T14:16:02.2030000-07:00,in
37,USC00051772,Snow,2010-09-25T00:00:00.0000000-06:00,0.000000,,,0,,NOAA,2015-01-28T14:16:02.2030000-07:00,in
37,USC00051772,Snow,2010-09-26T00:00:00.0000000-06:00,0.000000,,,0,,NOAA,2015-01-28T14:16:02.2030000-07:00,in
37,USC00051772,Snow,2010-09-27T00:00:00.0000000-06:00,0.000000,,,0,,NOAA,2015-01-28T14:16:02.2030000-07:00,in
37,USC00051772,Snow,2010-09-28T00:00:00.0000000-06:00,0.000000,,,0,,NOAA,2015-01-28T14:16:02.2030000-07:00,in
37,USC00051772,Snow,2010-09-29T00:00:00.0000000-06:00,0.000000,,,0,,NOAA,2015-01-28T14:16:02.2030000-07:00,in
37,USC00051772,Snow,2010-09-30T00:00:00.0000000-06:00,0.000000,,,0,,NOAA,2015-01-28T14:16:02.2030000-07:00,in
37,USC00051772,Snow,2010-10-01T00:00:00.0000000-06:00,0.000000,,,0,,NOAA,2015-01-28T14:16:02.2030000-07:00,in
37,USC00051772,Snow,2010-10-02T00:00:00.0000000-06:00,0.000000,,,0,,NOAA,2015-01-28T14:16:02.2030000-07:00,in
37,USC00051772,Snow,2010-10-03T00:00:00.0000000-06:00,0.000000,,,0,,NOAA,2015-01-28T14:16:02.2030000-07:00,in
37,USC00051772,Snow,2010-10-04T00:00:00.0000000-06:00,0.000000,,,0,,NOAA,2015-01-28T14:16:02.2030000-07:00,in
37,USC00051772,Snow,2010-10-05T00:00:00.0000000-06:00,0.000000,,,0,,NOAA,2015-01-28T14:16:02.2030000-07:00,in
37,USC00051772,Snow,2010-10-06T00:00:00.0000000-06:00,0.000000,,,0,,NOAA,2015-01-28T14:16:02.2030000-07:00,in
37,USC00051772,Snow,2010-10-07T00:00:00.0000000-06:00,0.000000,,,0,,NOAA,2015-01-28T14:16:02.2030000-07:00,in
37,USC00051772,Snow,2010-10-08T00:00:00.0000000-06:00,0.000000,T,,0,,NOAA,2015-01-28T14:16:02.2030000-07:00,in
37,USC00051772,Snow,2010-10-09T00:00:00.0000000-06:00,0.000000,,,0,,NOAA,2015-01-28T14:16:02.2030000-07:00,in
37,USC00051772,Snow,2010-10-10T00:00:00.0000000-06:00,0.000000,,,0,,NOAA,2015-01-28T14:16:02.2030000-07:00,in
37,USC00051772,Snow,2010-10-11T00:00:00.0000000-06:00,0.000000,,,0,,NOAA,2015-01-28T14:16:02.2030000-07:00,in
37,USC00051772,Snow,2010-10-12T00:00:00.0000000-06:00,0.000000,,,0,,NOAA,2015-01-28T14:16:02.2030000-07:00,in
37,USC00051772,Snow,2010-10-13T00:00:00.0000000-06:00,0.000000,,,0,,NOAA,2015-01-28T14:16:02.2030000-07:00,in
37,USC00051772,Snow,2010-10-14T00:00:00.0000000-06:00,0.000000,,,0,,NOAA,2015-01-28T14:16:02.2030000-07:00,in
37,USC00051772,Snow,2010-10-15T00:00:00.0000000-06:00,0.000000,,,0,,NOAA,2015-01-28T14:16:02.2030000-07:00,in
37,USC00051772,Snow,2010-10-16T00:00:00.0000000-06:00,0.000000,,,0,,NOAA,2015-01-28T14:16:02.2030000-07:00,in
37,USC00051772,Snow,2010-10-17T00:00:00.0000000-06:00,0.000000,,,0,,NOAA,2015-01-28T14:16:02.2030000-07:00,in
37,USC00051772,Snow,2010-10-18T00:00:00.0000000-06:00,0.000000,,,0,,NOAA,2015-01-28T14:16:02.2030000-07:00,in
37,USC00051772,Snow,2010-10-19T00:00:00.0000000-06:00,0.000000,,,0,,NOAA,2015-01-28T14:16:02.2030000-07:00,in
37,USC00051772,Snow,2010-10-20T00:00:00.0000000-06:00,0.000000,,,0,,NOAA,2015-01-28T14:16:02.2030000-07:00,in
37,USC00051772,Snow,2010-10-21T00:00:00.0000000-06:00,0.000000,,,0,,NOAA,2015-01-28T14:16:02.2030000-07:00,in
37,USC00051772,Snow,2010-10-22T00:00:00.0000000-06:00,0.000000,P,,0,,NOAA,2015-01-28T14:16:02.2030000-07:00,in
37,USC00051772,Snow,2010-10-23T00:00:00.0000000-06:00,0.000000,,,0,,NOAA,2015-01-28T14:16:02.2030000-07:00,in
37,USC00051772,Snow,2010-10-24T00:00:00.0000000-06:00,0.000000,,,0,,NOAA,2015-01-28T14:16:02.2030000-07:00,in
37,USC00051772,Snow,2010-10-25T00:00:00.0000000-06:00,0.000000,,,0,,NOAA,2015-01-28T14:16:02.2030000-07:00,in
37,USC00051772,Snow,2010-10-26T00:00:00.0000000-06:00,0.000000,,,0,,NOAA,2015-01-28T14:16:02.2030000-07:00,in
37,USC00051772,Snow,2010-10-27T00:00:00.0000000-06:00,0.000000,,,0,,NOAA,2015-01-28T14:16:02.2030000-07:00,in
37,USC00051772,Snow,2010-10-28T00:00:00.0000000-06:00,0.000000,,,0,,NOAA,2015-01-28T14:16:02.2030000-07:00,in
37,USC00051772,Snow,2010-10-29T00:00:00.0000000-06:00,0.000000,,,0,,NOAA,2015-01-28T14:16:02.2030000-07:00,in
37,USC00051772,Snow,2010-10-30T00:00:00.0000000-06:00,0.000000,,,0,,NOAA,2015-01-28T14:16:02.2030000-07:00,in
37,USC00051772,Snow,2010-10-31T00:00:00.0000000-06:00,0.000000,,,0,,NOAA,2015-01-28T14:16:02.2030000-07:00,in
37,USC00051772,Snow,2010-11-01T00:00:00.0000000-06:00,0.000000,P,,0,,NOAA,2015-01-28T14:16:02.2030000-07:00,in
37,USC00051772,Snow,2010-11-02T00:00:00.0000000-06:00,0.000000,,,0,,NOAA,2015-01-28T14:16:02.2030000-07:00,in
37,USC00051772,Snow,2010-11-03T00:00:00.0000000-06:00,0.000000,P,,0,,NOAA,2015-01-28T14:16:02.2030000-07:00,in
37,USC00051772,Snow,2010-11-04T00:00:00.0000000-06:00,0.000000,,,0,,NOAA,2015-01-28T14:16:02.2030000-07:00,in
37,USC00051772,Snow,2010-11-05T00:00:00.0000000-06:00,0.000000,,,0,,NOAA,2015-01-28T14:16:02.2030000-07:00,in
37,USC00051772,Snow,2010-11-06T00:00:00.0000000-06:00,0.000000,,,0,,NOAA,2015-01-28T14:16:02.2030000-07:00,in
37,USC00051772,Snow,2010-11-07T00:00:00.0000000-06:00,0.000000,,,0,,NOAA,2015-01-28T14:16:02.2030000-07:00,in
37,USC00051772,Snow,2010-11-08T00:00:00.0000000-07:00,0.000000,P,,0,,NOAA,2015-01-28T14:16:02.2030000-07:00,in
37,USC00051772,Snow,2010-11-09T00:00:00.0000000-07:00,0.000000,,,0,,NOAA,2015-01-28T14:16:02.2030000-07:00,in
37,USC00051772,Snow,2010-11-10T00:00:00.0000000-07:00,0.000000,P,,0,,NOAA,2015-01-28T14:16:02.2030000-07:00,in
37,USC00051772,Snow,2010-11-11T00:00:00.0000000-07:00,0.511811,,,0,,NOAA,2015-01-28T14:16:02.2030000-07:00,in
37,USC00051772,Snow,2010-11-12T00:00:00.0000000-07:00,0.000000,,,0,,NOAA,2015-01-28T14:16:02.2030000-07:00,in
37,USC00051772,Snow,2010-11-13T00:00:00.0000000-07:00,0.000000,,,0,,NOAA,2015-01-28T14:16:02.2030000-07:00,in
37,USC00051772,Snow,2010-11-14T00:00:00.0000000-07:00,0.000000,,,0,,NOAA,2015-01-28T14:16:02.2030000-07:00,in
37,USC00051772,Snow,2010-11-15T00:00:00.0000000-07:00,1.614173,,,0,,NOAA,2015-01-28T14:16:02.2030000-07:00,in
37,USC00051772,Snow,2010-11-16T00:00:00.0000000-07:00,0.000000,,,0,,NOAA,2015-01-28T14:16:02.2030000-07:00,in
37,USC00051772,Snow,2010-11-17T00:00:00.0000000-07:00,0.000000,,,0,,NOAA,2015-01-28T14:16:02.2030000-07:00,in
37,USC00051772,Snow,2010-11-18T00:00:00.0000000-07:00,0.000000,,,0,,NOAA,2015-01-28T14:16:02.2030000-07:00,in
37,USC00051772,Snow,2010-11-19T00:00:00.0000000-07:00,0.000000,P,,0,,NOAA,2015-01-28T14:16:02.2030000-07:00,in
37,USC00051772,Snow,2010-11-20T00:00:00.0000000-07:00,0.000000,,,0,,NOAA,2015-01-28T14:16:02.2030000-07:00,in
37,USC00051772,Snow,2010-11-21T00:00:00.0000000-07:00,0.000000,,,0,,NOAA,2015-01-28T14:16:02.2030000-07:00,in
37,USC00051772,Snow,2010-11-22T00:00:00.0000000-07:00,0.511811,,,0,,NOAA,2015-01-28T14:16:02.2030000-07:00,in
37,USC00051772,Snow,2010-11-23T00:00:00.0000000-07:00,0.000000,P,,0,,NOAA,2015-01-28T14:16:02.2030000-07:00,in
37,USC00051772,Snow,2010-11-24T00:00:00.0000000-07:00,1.417323,,,0,,NOAA,2015-01-28T14:16:02.2030000-07:00,in
37,USC00051772,Snow,2010-11-25T00:00:00.0000000-07:00,0.000000,P,,0,,NOAA,2015-01-28T14:16:02.2030000-07:00,in
37,USC00051772,Snow,2010-11-26T00:00:00.0000000-07:00,0.000000,P,,0,,NOAA,2015-01-28T14:16:02.2030000-07:00,in
37,USC00051772,Snow,2010-11-27T00:00:00.0000000-07:00,0.000000,P,,0,,NOAA,2015-01-28T14:16:02.2030000-07:00,in
37,USC00051772,Snow,2010-11-28T00:00:00.0000000-07:00,0.000000,P,,0,,NOAA,2015-01-28T14:16:02.2030000-07:00,in
37,USC00051772,Snow,2010-11-29T00:00:00.0000000-07:00,0.314961,,,0,,NOAA,2015-01-28T14:16:02.2030000-07:00,in
37,USC00051772,Snow,2010-11-30T00:00:00.0000000-07:00,0.000000,P,,0,,NOAA,2015-01-28T14:16:02.2030000-07:00,in
37,USC00051772,Snow,2010-12-01T00:00:00.0000000-07:00,0.000000,P,,0,,NOAA,2015-01-28T14:16:02.2030000-07:00,in
37,USC00051772,Snow,2010-12-03T00:00:00.0000000-07:00,0.000000,P,,0,,NOAA,2015-01-28T14:16:02.2030000-07:00,in
37,USC00051772,Snow,2010-12-04T00:00:00.0000000-07:00,0.000000,P,,0,,NOAA,2015-01-28T14:16:02.2030000-07:00,in
37,USC00051772,Snow,2010-12-05T00:00:00.0000000-07:00,0.000000,P,,0,,NOAA,2015-01-28T14:16:02.2030000-07:00,in
37,USC00051772,Snow,2010-12-06T00:00:00.0000000-07:00,0.000000,,,0,,NOAA,2015-01-28T14:16:02.2030000-07:00,in
37,USC00051772,Snow,2010-12-07T00:00:00.0000000-07:00,0.000000,,,0,,NOAA,2015-01-28T14:16:02.2030000-07:00,in
37,USC00051772,Snow,2010-12-08T00:00:00.0000000-07:00,0.000000,,,0,,NOAA,2015-01-28T14:16:02.2030000-07:00,in
37,USC00051772,Snow,2010-12-09T00:00:00.0000000-07:00,0.000000,P,,0,,NOAA,2015-01-28T14:16:02.2030000-07:00,in
37,USC00051772,Snow,2010-12-10T00:00:00.0000000-07:00,0.000000,P,,0,,NOAA,2015-01-28T14:16:02.2030000-07:00,in
37,USC00051772,Snow,2010-12-11T00:00:00.0000000-07:00,0.000000,,,0,,NOAA,2015-01-28T14:16:02.2030000-07:00,in
37,USC00051772,Snow,2010-12-12T00:00:00.0000000-07:00,0.000000,,,0,,NOAA,2015-01-28T14:16:02.2030000-07:00,in
37,USC00051772,Snow,2010-12-13T00:00:00.0000000-07:00,0.000000,,,0,,NOAA,2015-01-28T14:16:02.2030000-07:00,in
37,USC00051772,Snow,2010-12-14T00:00:00.0000000-07:00,0.000000,,,0,,NOAA,2015-01-28T14:16:02.2030000-07:00,in
37,USC00051772,Snow,2010-12-15T00:00:00.0000000-07:00,0.000000,P,,0,,NOAA,2015-01-28T14:16:02.2030000-07:00,in
37,USC00051772,Snow,2010-12-16T00:00:00.0000000-07:00,0.000000,,,0,,NOAA,2015-01-28T14:16:02.2030000-07:00,in
37,USC00051772,Snow,2010-12-17T00:00:00.0000000-07:00,0.000000,P,,0,,NOAA,2015-01-28T14:16:02.2030000-07:00,in
37,USC00051772,Snow,2010-12-18T00:00:00.0000000-07:00,0.000000,,,0,,NOAA,2015-01-28T14:16:02.2030000-07:00,in
37,USC00051772,Snow,2010-12-19T00:00:00.0000000-07:00,0.000000,,,0,,NOAA,2015-01-28T14:16:02.2030000-07:00,in
37,USC00051772,Snow,2010-12-20T00:00:00.0000000-07:00,0.000000,,,0,,NOAA,2015-01-28T14:16:02.2030000-07:00,in
37,USC00051772,Snow,2010-12-21T00:00:00.0000000-07:00,0.000000,,,0,,NOAA,2015-01-28T14:16:02.2030000-07:00,in
37,USC00051772,Snow,2010-12-22T00:00:00.0000000-07:00,0.000000,,,0,,NOAA,2015-01-28T14:16:02.2030000-07:00,in
37,USC00051772,Snow,2010-12-23T00:00:00.0000000-07:00,0.000000,,,0,,NOAA,2015-01-28T14:16:02.2030000-07:00,in
37,USC00051772,Snow,2010-12-24T00:00:00.0000000-07:00,0.000000,,,0,,NOAA,2015-01-28T14:16:02.2030000-07:00,in
37,USC00051772,Snow,2010-12-26T00:00:00.0000000-07:00,0.000000,,,0,,NOAA,2015-01-28T14:16:02.2030000-07:00,in
37,USC00051772,Snow,2010-12-27T00:00:00.0000000-07:00,0.000000,,,0,,NOAA,2015-01-28T14:16:02.2030000-07:00,in
37,USC00051772,Snow,2010-12-28T00:00:00.0000000-07:00,0.000000,,,0,,NOAA,2015-01-28T14:16:02.2030000-07:00,in
37,USC00051772,Snow,2010-12-29T00:00:00.0000000-07:00,0.787402,,,0,,NOAA,2015-01-28T14:16:02.2030000-07:00,in
37,USC00051772,Snow,2010-12-30T00:00:00.0000000-07:00,0.787402,,,0,,NOAA,2015-01-28T14:16:02.2030000-07:00,in
37,USC00051772,Snow,2011-01-01T00:00:00.0000000-07:00,0.000000,,,7,,NOAA,2015-01-28T14:16:02.2030000-07:00,in
37,USC00051772,Snow,2011-01-02T00:00:00.0000000-07:00,0.000000,,,7,,NOAA,2015-01-28T14:16:02.2030000-07:00,in
37,USC00051772,Snow,2011-01-03T00:00:00.0000000-07:00,0.000000,,,7,,NOAA,2015-01-28T14:16:02.2030000-07:00,in
37,USC00051772,Snow,2011-01-04T00:00:00.0000000-07:00,0.314961,,,7,,NOAA,2015-01-28T14:16:02.2030000-07:00,in
37,USC00051772,Snow,2011-01-05T00:00:00.0000000-07:00,0.314961,,,7,,NOAA,2015-01-28T14:16:02.2030000-07:00,in
37,USC00051772,Snow,2011-01-06T00:00:00.0000000-07:00,0.000000,,,7,,NOAA,2015-01-28T14:16:02.2030000-07:00,in
37,USC00051772,Snow,2011-01-07T00:00:00.0000000-07:00,0.000000,,,7,,NOAA,2015-01-28T14:16:02.2030000-07:00,in
37,USC00051772,Snow,2011-01-08T00:00:00.0000000-07:00,0.000000,,,7,,NOAA,2015-01-28T14:16:02.2030000-07:00,in
37,USC00051772,Snow,2011-01-09T00:00:00.0000000-07:00,1.181102,,,7,,NOAA,2015-01-28T14:16:02.2030000-07:00,in
37,USC00051772,Snow,2011-01-10T00:00:00.0000000-07:00,0.196850,,,7,,NOAA,2015-01-28T14:16:02.2030000-07:00,in
37,USC00051772,Snow,2011-01-11T00:00:00.0000000-07:00,0.000000,,,7,,NOAA,2015-01-28T14:16:02.2030000-07:00,in
37,USC00051772,Snow,2011-01-12T00:00:00.0000000-07:00,0.000000,,,7,,NOAA,2015-01-28T14:16:02.2030000-07:00,in
37,USC00051772,Snow,2011-01-14T00:00:00.0000000-07:00,0.118110,,,7,,NOAA,2015-01-28T14:16:02.2030000-07:00,in
37,USC00051772,Snow,2011-01-15T00:00:00.0000000-07:00,0.000000,,,7,,NOAA,2015-01-28T14:16:02.2030000-07:00,in
37,USC00051772,Snow,2011-01-16T00:00:00.0000000-07:00,0.000000,,,7,,NOAA,2015-01-28T14:16:02.2030000-07:00,in
37,USC00051772,Snow,2011-01-17T00:00:00.0000000-07:00,0.000000,,,7,,NOAA,2015-01-28T14:16:02.2030000-07:00,in
37,USC00051772,Snow,2011-01-18T00:00:00.0000000-07:00,0.000000,,,7,,NOAA,2015-01-28T14:16:02.2030000-07:00,in
37,USC00051772,Snow,2011-01-19T00:00:00.0000000-07:00,0.000000,,,7,,NOAA,2015-01-28T14:16:02.2030000-07:00,in
37,USC00051772,Snow,2011-01-20T00:00:00.0000000-07:00,0.000000,,,7,,NOAA,2015-01-28T14:16:02.2030000-07:00,in
37,USC00051772,Snow,2011-01-22T00:00:00.0000000-07:00,0.000000,,,7,,NOAA,2015-01-28T14:16:02.2030000-07:00,in
37,USC00051772,Snow,2011-01-23T00:00:00.0000000-07:00,0.000000,,,7,,NOAA,2015-01-28T14:16:02.2030000-07:00,in
37,USC00051772,Snow,2011-01-24T00:00:00.0000000-07:00,0.000000,,,7,,NOAA,2015-01-28T14:16:02.2030000-07:00,in
37,USC00051772,Snow,2011-01-25T00:00:00.0000000-07:00,0.000000,,,7,,NOAA,2015-01-28T14:16:02.2030000-07:00,in
37,USC00051772,Snow,2011-01-26T00:00:00.0000000-07:00,0.000000,,,7,,NOAA,2015-01-28T14:16:02.2030000-07:00,in
37,USC00051772,Snow,2011-01-27T00:00:00.0000000-07:00,0.000000,,,7,,NOAA,2015-01-28T14:16:02.2030000-07:00,in
37,USC00051772,Snow,2011-01-28T00:00:00.0000000-07:00,0.000000,,,7,,NOAA,2015-01-28T14:16:02.2030000-07:00,in
37,USC00051772,Snow,2011-01-29T00:00:00.0000000-07:00,0.000000,,,7,,NOAA,2015-01-28T14:16:02.2030000-07:00,in
37,USC00051772,Snow,2011-01-30T00:00:00.0000000-07:00,0.000000,,,7,,NOAA,2015-01-28T14:16:02.2030000-07:00,in
37,USC00051772,Snow,2011-01-31T00:00:00.0000000-07:00,0.000000,,,7,,NOAA,2015-01-28T14:16:02.2030000-07:00,in
37,USC00051772,Snow,2011-02-01T00:00:00.0000000-07:00,0.000000,,,7,,NOAA,2015-01-28T14:16:02.2030000-07:00,in
37,USC00051772,Snow,2011-02-02T00:00:00.0000000-07:00,0.000000,,,7,,NOAA,2015-01-28T14:16:02.2030000-07:00,in
37,USC00051772,Snow,2011-02-06T00:00:00.0000000-07:00,0.000000,,,7,,NOAA,2015-01-28T14:16:02.2030000-07:00,in
37,USC00051772,Snow,2011-02-07T00:00:00.0000000-07:00,0.000000,,,7,,NOAA,2015-01-28T14:16:02.2030000-07:00,in
37,USC00051772,Snow,2011-02-08T00:00:00.0000000-07:00,4.015748,,,7,,NOAA,2015-01-28T14:16:02.2030000-07:00,in
37,USC00051772,Snow,2011-02-09T00:00:00.0000000-07:00,0.000000,,,7,,NOAA,2015-01-28T14:16:02.2030000-07:00,in
37,USC00051772,Snow,2011-02-10T00:00:00.0000000-07:00,0.000000,,,7,,NOAA,2015-01-28T14:16:02.2030000-07:00,in
37,USC00051772,Snow,2011-02-11T00:00:00.0000000-07:00,0.000000,,,7,,NOAA,2015-01-28T14:16:02.2030000-07:00,in
37,USC00051772,Snow,2011-02-12T00:00:00.0000000-07:00,0.000000,,,7,,NOAA,2015-01-28T14:16:02.2030000-07:00,in
37,USC00051772,Snow,2011-02-13T00:00:00.0000000-07:00,0.000000,,,7,,NOAA,2015-01-28T14:16:02.2030000-07:00,in
37,USC00051772,Snow,2011-02-14T00:00:00.0000000-07:00,0.000000,,,7,,NOAA,2015-01-28T14:16:02.2030000-07:00,in
37,USC00051772,Snow,2011-02-15T00:00:00.0000000-07:00,0.000000,,,7,,NOAA,2015-01-28T14:16:02.2030000-07:00,in
37,USC00051772,Snow,2011-02-17T00:00:00.0000000-07:00,0.314961,,,7,,NOAA,2015-01-28T14:16:02.2030000-07:00,in
37,USC00051772,Snow,2011-02-18T00:00:00.0000000-07:00,0.000000,,,7,,NOAA,2015-01-28T14:16:02.2030000-07:00,in
37,USC00051772,Snow,2011-02-19T00:00:00.0000000-07:00,0.000000,,,7,,NOAA,2015-01-28T14:16:02.2030000-07:00,in
37,USC00051772,Snow,2011-02-20T00:00:00.0000000-07:00,0.000000,,,7,,NOAA,2015-01-28T14:16:02.2030000-07:00,in
37,USC00051772,Snow,2011-02-21T00:00:00.0000000-07:00,0.000000,,,7,,NOAA,2015-01-28T14:16:02.2030000-07:00,in
37,USC00051772,Snow,2011-02-22T00:00:00.0000000-07:00,0.000000,,,7,,NOAA,2015-01-28T14:16:02.2030000-07:00,in
37,USC00051772,Snow,2011-02-26T00:00:00.0000000-07:00,0.000000,,,7,,NOAA,2015-01-28T14:16:02.2030000-07:00,in
37,USC00051772,Snow,2011-02-27T00:00:00.0000000-07:00,0.000000,,,7,,NOAA,2015-01-28T14:16:02.2030000-07:00,in
37,USC00051772,Snow,2011-02-28T00:00:00.0000000-07:00,0.000000,,,7,,NOAA,2015-01-28T14:16:02.2030000-07:00,in
37,USC00051772,Snow,2011-03-01T00:00:00.0000000-07:00,0.000000,,,7,,NOAA,2015-01-28T14:16:02.2030000-07:00,in
37,USC00051772,Snow,2011-03-02T00:00:00.0000000-07:00,0.000000,,,7,,NOAA,2015-01-28T14:16:02.2030000-07:00,in
37,USC00051772,Snow,2011-03-03T00:00:00.0000000-07:00,0.000000,,,7,,NOAA,2015-01-28T14:16:02.2030000-07:00,in
37,USC00051772,Snow,2011-03-04T00:00:00.0000000-07:00,0.984252,,,7,,NOAA,2015-01-28T14:16:02.2030000-07:00,in
37,USC00051772,Snow,2011-03-06T00:00:00.0000000-07:00,0.000000,,,7,,NOAA,2015-01-28T14:16:02.2030000-07:00,in
37,USC00051772,Snow,2011-03-07T00:00:00.0000000-07:00,0.000000,,,7,,NOAA,2015-01-28T14:16:02.2030000-07:00,in
37,USC00051772,Snow,2011-03-08T00:00:00.0000000-07:00,0.590551,,,7,,NOAA,2015-01-28T14:16:02.2030000-07:00,in
37,USC00051772,Snow,2011-03-09T00:00:00.0000000-07:00,0.000000,,,7,,NOAA,2015-01-28T14:16:02.2030000-07:00,in
37,USC00051772,Snow,2011-03-13T00:00:00.0000000-07:00,0.000000,,,7,,NOAA,2015-01-28T14:16:02.2030000-07:00,in
37,USC00051772,Snow,2011-03-17T00:00:00.0000000-06:00,0.000000,,,7,,NOAA,2015-01-28T14:16:02.2030000-07:00,in
37,USC00051772,Snow,2011-03-18T00:00:00.0000000-06:00,0.984252,,,7,,NOAA,2015-01-28T14:16:02.2030000-07:00,in
37,USC00051772,Snow,2011-03-20T00:00:00.0000000-06:00,0.000000,,,7,,NOAA,2015-01-28T14:16:02.2030000-07:00,in
37,USC00051772,Snow,2011-03-22T00:00:00.0000000-06:00,0.000000,,,7,,NOAA,2015-01-28T14:16:02.2030000-07:00,in
37,USC00051772,Snow,2011-03-26T00:00:00.0000000-06:00,0.000000,,,7,,NOAA,2015-01-28T14:16:02.2030000-07:00,in
37,USC00051772,Snow,2011-03-27T00:00:00.0000000-06:00,0.000000,,,7,,NOAA,2015-01-28T14:16:02.2030000-07:00,in
37,USC00051772,Snow,2011-03-28T00:00:00.0000000-06:00,0.000000,,,7,,NOAA,2015-01-28T14:16:02.2030000-07:00,in
37,USC00051772,Snow,2011-03-29T00:00:00.0000000-06:00,0.000000,,,7,,NOAA,2015-01-28T14:16:02.2030000-07:00,in
37,USC00051772,Snow,2011-03-30T00:00:00.0000000-06:00,0.000000,,,7,,NOAA,2015-01-28T14:16:02.2030000-07:00,in
37,USC00051772,Snow,2011-04-01T00:00:00.0000000-06:00,0.000000,,,7,,NOAA,2015-01-28T14:16:02.2030000-07:00,in
37,USC00051772,Snow,2011-04-02T00:00:00.0000000-06:00,0.000000,,,7,,NOAA,2015-01-28T14:16:02.2030000-07:00,in
37,USC00051772,Snow,2011-04-03T00:00:00.0000000-06:00,0.000000,,,7,,NOAA,2015-01-28T14:16:02.2030000-07:00,in
37,USC00051772,Snow,2011-04-04T00:00:00.0000000-06:00,0.000000,,,7,,NOAA,2015-01-28T14:16:02.2030000-07:00,in
37,USC00051772,Snow,2011-04-06T00:00:00.0000000-06:00,0.000000,,,7,,NOAA,2015-01-28T14:16:02.2030000-07:00,in
37,USC00051772,Snow,2011-04-08T00:00:00.0000000-06:00,0.000000,,,7,,NOAA,2015-01-28T14:16:02.2030000-07:00,in
37,USC00051772,Snow,2011-04-09T00:00:00.0000000-06:00,0.000000,,,7,,NOAA,2015-01-28T14:16:02.2030000-07:00,in
37,USC00051772,Snow,2011-04-10T00:00:00.0000000-06:00,0.000000,,,7,,NOAA,2015-01-28T14:16:02.2030000-07:00,in
37,USC00051772,Snow,2011-04-11T00:00:00.0000000-06:00,0.000000,,,7,,NOAA,2015-01-28T14:16:02.2030000-07:00,in
37,USC00051772,Snow,2011-04-13T00:00:00.0000000-06:00,0.000000,,,7,,NOAA,2015-01-28T14:16:02.2030000-07:00,in
37,USC00051772,Snow,2011-04-14T00:00:00.0000000-06:00,0.000000,,,7,,NOAA,2015-01-28T14:16:02.2030000-07:00,in
37,USC00051772,Snow,2011-04-15T00:00:00.0000000-06:00,0.000000,,,7,,NOAA,2015-01-28T14:16:02.2030000-07:00,in
37,USC00051772,Snow,2011-04-16T00:00:00.0000000-06:00,0.000000,,,7,,NOAA,2015-01-28T14:16:02.2030000-07:00,in
37,USC00051772,Snow,2011-04-17T00:00:00.0000000-06:00,0.000000,,,7,,NOAA,2015-01-28T14:16:02.2030000-07:00,in
37,USC00051772,Snow,2011-04-19T00:00:00.0000000-06:00,0.000000,,,7,,NOAA,2015-01-28T14:16:02.2030000-07:00,in
37,USC00051772,Snow,2011-04-20T00:00:00.0000000-06:00,0.000000,,,7,,NOAA,2015-01-28T14:16:02.2030000-07:00,in
37,USC00051772,Snow,2011-04-21T00:00:00.0000000-06:00,0.000000,,,7,,NOAA,2015-01-28T14:16:02.2030000-07:00,in
37,USC00051772,Snow,2011-04-28T00:00:00.0000000-06:00,0.000000,,,7,,NOAA,2015-01-28T14:16:02.2030000-07:00,in
37,USC00051772,Snow,2011-04-29T00:00:00.0000000-06:00,0.000000,,,7,,NOAA,2015-01-28T14:16:02.2030000-07:00,in
37,USC00051772,Snow,2011-05-09T00:00:00.0000000-06:00,0.000000,,,7,,NOAA,2015-01-28T14:16:02.2030000-07:00,in
37,USC00051772,Snow,2011-05-18T00:00:00.0000000-06:00,0.000000,,,7,,NOAA,2015-01-28T14:16:02.2030000-07:00,in
37,USC00051772,Snow,2011-05-25T00:00:00.0000000-06:00,0.000000,,,7,,NOAA,2015-01-28T14:16:02.2030000-07:00,in
37,USC00051772,Snow,2011-05-27T00:00:00.0000000-06:00,0.000000,,,7,,NOAA,2015-01-28T14:16:02.2030000-07:00,in
37,USC00051772,Snow,2011-05-30T00:00:00.0000000-06:00,0.000000,,,7,,NOAA,2015-01-28T14:16:02.2030000-07:00,in
37,USC00051772,Snow,2011-05-31T00:00:00.0000000-06:00,0.000000,,,7,,NOAA,2015-01-28T14:16:02.2030000-07:00,in
37,USC00051772,Snow,2011-06-02T00:00:00.0000000-06:00,0.000000,,,7,,NOAA,2015-01-28T14:16:02.2030000-07:00,in
37,USC00051772,Snow,2011-06-08T00:00:00.0000000-06:00,0.000000,,,7,,NOAA,2015-01-28T14:16:02.2030000-07:00,in
37,USC00051772,Snow,2011-06-13T00:00:00.0000000-06:00,0.000000,,,7,,NOAA,2015-01-28T14:16:02.2030000-07:00,in
37,USC00051772,Snow,2011-06-14T00:00:00.0000000-06:00,0.000000,,,7,,NOAA,2015-01-28T14:16:02.2030000-07:00,in
37,USC00051772,Snow,2011-06-19T00:00:00.0000000-06:00,0.000000,,,7,,NOAA,2015-01-28T14:16:02.2030000-07:00,in
37,USC00051772,Snow,2011-06-20T00:00:00.0000000-06:00,0.000000,,,7,,NOAA,2015-01-28T14:16:02.2030000-07:00,in
37,USC00051772,Snow,2011-06-22T00:00:00.0000000-06:00,0.000000,,,7,,NOAA,2015-01-28T14:16:02.2030000-07:00,in
37,USC00051772,Snow,2011-06-26T00:00:00.0000000-06:00,0.000000,,,7,,NOAA,2015-01-28T14:16:02.2030000-07:00,in
37,USC00051772,Snow,2011-06-29T00:00:00.0000000-06:00,0.000000,,,7,,NOAA,2015-01-28T14:16:02.2030000-07:00,in
37,USC00051772,Snow,2011-07-01T00:00:00.0000000-06:00,0.000000,,,7,,NOAA,2015-01-28T14:16:02.2030000-07:00,in
37,USC00051772,Snow,2011-07-02T00:00:00.0000000-06:00,0.000000,,,7,,NOAA,2015-01-28T14:16:02.2030000-07:00,in
37,USC00051772,Snow,2011-07-07T00:00:00.0000000-06:00,0.000000,,,7,,NOAA,2015-01-28T14:16:02.2030000-07:00,in
37,USC00051772,Snow,2011-07-11T00:00:00.0000000-06:00,0.000000,,,7,,NOAA,2015-01-28T14:16:02.2030000-07:00,in
37,USC00051772,Snow,2011-07-16T00:00:00.0000000-06:00,0.000000,,,7,,NOAA,2015-01-28T14:16:02.2030000-07:00,in
37,USC00051772,Snow,2011-07-20T00:00:00.0000000-06:00,0.000000,,,7,,NOAA,2015-01-28T14:16:02.2030000-07:00,in
37,USC00051772,Snow,2011-07-25T00:00:00.0000000-06:00,0.000000,,,7,,NOAA,2015-01-28T14:16:02.2030000-07:00,in
37,USC00051772,Snow,2011-07-27T00:00:00.0000000-06:00,0.000000,,,7,,NOAA,2015-01-28T14:16:02.2030000-07:00,in
37,USC00051772,Snow,2011-08-09T00:00:00.0000000-06:00,0.000000,,,7,,NOAA,2015-01-28T14:16:02.2030000-07:00,in
37,USC00051772,Snow,2011-08-10T00:00:00.0000000-06:00,0.000000,,,7,,NOAA,2015-01-28T14:16:02.2030000-07:00,in
37,USC00051772,Snow,2011-08-11T00:00:00.0000000-06:00,0.000000,,,7,,NOAA,2015-01-28T14:16:02.2030000-07:00,in
37,USC00051772,Snow,2011-08-12T00:00:00.0000000-06:00,0.000000,,,7,,NOAA,2015-01-28T14:16:02.2030000-07:00,in
37,USC00051772,Snow,2011-08-23T00:00:00.0000000-06:00,0.000000,,,7,,NOAA,2015-01-28T14:16:02.2030000-07:00,in
37,USC00051772,Snow,2011-08-29T00:00:00.0000000-06:00,0.000000,,,7,,NOAA,2015-01-28T14:16:02.2030000-07:00,in
37,USC00051772,Snow,2011-08-30T00:00:00.0000000-06:00,0.000000,,,7,,NOAA,2015-01-28T14:16:02.2030000-07:00,in
37,USC00051772,Snow,2011-09-02T00:00:00.0000000-06:00,0.000000,,,7,,NOAA,2015-01-28T14:16:02.2030000-07:00,in
37,USC00051772,Snow,2011-09-08T00:00:00.0000000-06:00,0.000000,,,7,,NOAA,2015-01-28T14:16:02.2030000-07:00,in
37,USC00051772,Snow,2011-09-09T00:00:00.0000000-06:00,0.000000,,,7,,NOAA,2015-01-28T14:16:02.2030000-07:00,in
37,USC00051772,Snow,2011-09-10T00:00:00.0000000-06:00,0.000000,T,,7,,NOAA,2015-01-28T14:16:02.2030000-07:00,in
37,USC00051772,Snow,2011-09-11T00:00:00.0000000-06:00,0.000000,,,7,,NOAA,2015-01-28T14:16:02.2030000-07:00,in
37,USC00051772,Snow,2011-09-17T00:00:00.0000000-06:00,0.000000,,,7,,NOAA,2015-01-28T14:16:02.2030000-07:00,in
37,USC00051772,Snow,2011-09-22T00:00:00.0000000-06:00,0.000000,,,7,,NOAA,2015-01-28T14:16:02.2030000-07:00,in
37,USC00051772,Snow,2011-09-23T00:00:00.0000000-06:00,0.000000,,,7,,NOAA,2015-01-28T14:16:02.2030000-07:00,in
37,USC00051772,Snow,2011-09-24T00:00:00.0000000-06:00,0.000000,,,7,,NOAA,2015-01-28T14:16:02.2030000-07:00,in
37,USC00051772,Snow,2011-09-25T00:00:00.0000000-06:00,0.000000,,,7,,NOAA,2015-01-28T14:16:02.2030000-07:00,in
37,USC00051772,Snow,2011-09-26T00:00:00.0000000-06:00,0.000000,,,7,,NOAA,2015-01-28T14:16:02.2030000-07:00,in
37,USC00051772,Snow,2011-09-29T00:00:00.0000000-06:00,0.000000,,,7,,NOAA,2015-01-28T14:16:02.2030000-07:00,in
37,USC00051772,Snow,2011-09-30T00:00:00.0000000-06:00,0.000000,,,7,,NOAA,2015-01-28T14:16:02.2030000-07:00,in
37,USC00051772,Snow,2011-10-01T00:00:00.0000000-06:00,0.000000,,,7,,NOAA,2015-01-28T14:16:02.2030000-07:00,in
37,USC00051772,Snow,2011-10-02T00:00:00.0000000-06:00,0.000000,,,7,,NOAA,2015-01-28T14:16:02.2030000-07:00,in
37,USC00051772,Snow,2011-10-03T00:00:00.0000000-06:00,0.000000,,,7,,NOAA,2015-01-28T14:16:02.2030000-07:00,in
37,USC00051772,Snow,2011-10-04T00:00:00.0000000-06:00,0.000000,,,7,,NOAA,2015-01-28T14:16:02.2030000-07:00,in
37,USC00051772,Snow,2011-10-05T00:00:00.0000000-06:00,0.000000,,,7,,NOAA,2015-01-28T14:16:02.2030000-07:00,in
37,USC00051772,Snow,2011-10-06T00:00:00.0000000-06:00,0.000000,,,7,,NOAA,2015-01-28T14:16:02.2030000-07:00,in
37,USC00051772,Snow,2011-10-07T00:00:00.0000000-06:00,0.000000,T,,7,,NOAA,2015-01-28T14:16:02.2030000-07:00,in
37,USC00051772,Snow,2011-10-08T00:00:00.0000000-06:00,0.000000,,,7,,NOAA,2015-01-28T14:16:02.2030000-07:00,in
37,USC00051772,Snow,2011-10-09T00:00:00.0000000-06:00,0.000000,,,7,,NOAA,2015-01-28T14:16:02.2030000-07:00,in
37,USC00051772,Snow,2011-10-11T00:00:00.0000000-06:00,0.000000,,,7,,NOAA,2015-01-28T14:16:02.2030000-07:00,in
37,USC00051772,Snow,2011-10-12T00:00:00.0000000-06:00,0.000000,,,7,,NOAA,2015-01-28T14:16:02.2030000-07:00,in
37,USC00051772,Snow,2011-10-13T00:00:00.0000000-06:00,0.000000,,,7,,NOAA,2015-01-28T14:16:02.2030000-07:00,in
37,USC00051772,Snow,2011-10-14T00:00:00.0000000-06:00,0.000000,,,7,,NOAA,2015-01-28T14:16:02.2030000-07:00,in
37,USC00051772,Snow,2011-10-15T00:00:00.0000000-06:00,0.000000,,,7,,NOAA,2015-01-28T14:16:02.2030000-07:00,in
37,USC00051772,Snow,2011-10-20T00:00:00.0000000-06:00,0.000000,,,7,,NOAA,2015-01-28T14:16:02.2030000-07:00,in
37,USC00051772,Snow,2011-10-22T00:00:00.0000000-06:00,0.000000,,,7,,NOAA,2015-01-28T14:16:02.2030000-07:00,in
37,USC00051772,Snow,2011-11-01T00:00:00.0000000-06:00,0.000000,,,7,,NOAA,2015-01-28T14:16:02.2030000-07:00,in
37,USC00051772,Snow,2011-11-02T00:00:00.0000000-06:00,0.000000,T,,7,,NOAA,2015-01-28T14:16:02.2030000-07:00,in
37,USC00051772,Snow,2011-11-03T00:00:00.0000000-06:00,0.000000,,,7,,NOAA,2015-01-28T14:16:02.2030000-07:00,in
37,USC00051772,Snow,2011-11-05T00:00:00.0000000-06:00,0.000000,,,7,,NOAA,2015-01-28T14:16:02.2030000-07:00,in
37,USC00051772,Snow,2011-11-06T00:00:00.0000000-06:00,0.000000,,,7,,NOAA,2015-01-28T14:16:02.2030000-07:00,in
37,USC00051772,Snow,2011-11-10T00:00:00.0000000-07:00,0.000000,,,7,,NOAA,2015-01-28T14:16:02.2030000-07:00,in
37,USC00051772,Snow,2011-11-13T00:00:00.0000000-07:00,0.000000,,,7,,NOAA,2015-01-28T14:16:02.2030000-07:00,in
37,USC00051772,Snow,2011-11-16T00:00:00.0000000-07:00,0.000000,,,7,,NOAA,2015-01-28T14:16:02.2030000-07:00,in
37,USC00051772,Snow,2011-11-17T00:00:00.0000000-07:00,0.000000,,,7,,NOAA,2015-01-28T14:16:02.2030000-07:00,in
37,USC00051772,Snow,2011-11-18T00:00:00.0000000-07:00,0.000000,,,7,,NOAA,2015-01-28T14:16:02.2030000-07:00,in
37,USC00051772,Snow,2011-11-19T00:00:00.0000000-07:00,0.000000,,,7,,NOAA,2015-01-28T14:16:02.2030000-07:00,in
37,USC00051772,Snow,2011-11-21T00:00:00.0000000-07:00,0.000000,,,7,,NOAA,2015-01-28T14:16:02.2030000-07:00,in
37,USC00051772,Snow,2011-11-22T00:00:00.0000000-07:00,0.000000,,,7,,NOAA,2015-01-28T14:16:02.2030000-07:00,in
37,USC00051772,Snow,2011-11-23T00:00:00.0000000-07:00,0.000000,,,7,,NOAA,2015-01-28T14:16:02.2030000-07:00,in
37,USC00051772,Snow,2011-11-26T00:00:00.0000000-07:00,0.000000,,,7,,NOAA,2015-01-28T14:16:02.2030000-07:00,in
37,USC00051772,Snow,2011-11-27T00:00:00.0000000-07:00,0.000000,,,7,,NOAA,2015-01-28T14:16:02.2030000-07:00,in
37,USC00051772,Snow,2011-11-29T00:00:00.0000000-07:00,0.000000,,,7,,NOAA,2015-01-28T14:16:02.2030000-07:00,in
37,USC00051772,Snow,2011-11-30T00:00:00.0000000-07:00,0.000000,,,7,,NOAA,2015-01-28T14:16:02.2030000-07:00,in
37,USC00051772,Snow,2011-12-01T00:00:00.0000000-07:00,0.000000,,,7,,NOAA,2015-01-28T14:16:02.2030000-07:00,in
37,USC00051772,Snow,2011-12-02T00:00:00.0000000-07:00,0.000000,,,7,,NOAA,2015-01-28T14:16:02.2030000-07:00,in
37,USC00051772,Snow,2011-12-03T00:00:00.0000000-07:00,0.000000,,,7,,NOAA,2015-01-28T14:16:02.2030000-07:00,in
37,USC00051772,Snow,2011-12-04T00:00:00.0000000-07:00,0.000000,,,7,,NOAA,2015-01-28T14:16:02.2030000-07:00,in
37,USC00051772,Snow,2011-12-06T00:00:00.0000000-07:00,0.000000,,,7,,NOAA,2015-01-28T14:16:02.2030000-07:00,in
37,USC00051772,Snow,2011-12-07T00:00:00.0000000-07:00,0.000000,,,7,,NOAA,2015-01-28T14:16:02.2030000-07:00,in
37,USC00051772,Snow,2011-12-08T00:00:00.0000000-07:00,0.000000,,,7,,NOAA,2015-01-28T14:16:02.2030000-07:00,in
37,USC00051772,Snow,2011-12-09T00:00:00.0000000-07:00,0.000000,,,7,,NOAA,2015-01-28T14:16:02.2030000-07:00,in
37,USC00051772,Snow,2011-12-10T00:00:00.0000000-07:00,0.000000,,,7,,NOAA,2015-01-28T14:16:02.2030000-07:00,in
37,USC00051772,Snow,2011-12-11T00:00:00.0000000-07:00,0.000000,,,7,,NOAA,2015-01-28T14:16:02.2030000-07:00,in
37,USC00051772,Snow,2011-12-12T00:00:00.0000000-07:00,0.000000,,,7,,NOAA,2015-01-28T14:16:02.2030000-07:00,in
37,USC00051772,Snow,2011-12-13T00:00:00.0000000-07:00,0.118110,,,7,,NOAA,2015-01-28T14:16:02.2030000-07:00,in
37,USC00051772,Snow,2011-12-14T00:00:00.0000000-07:00,0.314961,,,7,,NOAA,2015-01-28T14:16:02.2030000-07:00,in
37,USC00051772,Snow,2011-12-15T00:00:00.0000000-07:00,0.000000,,,7,,NOAA,2015-01-28T14:16:02.2030000-07:00,in
37,USC00051772,Snow,2011-12-17T00:00:00.0000000-07:00,0.000000,,,7,,NOAA,2015-01-28T14:16:02.2030000-07:00,in
37,USC00051772,Snow,2011-12-18T00:00:00.0000000-07:00,0.000000,,,7,,NOAA,2015-01-28T14:16:02.2030000-07:00,in
37,USC00051772,Snow,2011-12-21T00:00:00.0000000-07:00,0.000000,,,7,,NOAA,2015-01-28T14:16:02.2030000-07:00,in
37,USC00051772,Snow,2011-12-22T00:00:00.0000000-07:00,0.196850,,,7,,NOAA,2015-01-28T14:16:02.2030000-07:00,in
37,USC00051772,Snow,2011-12-23T00:00:00.0000000-07:00,0.511811,,,7,,NOAA,2015-01-28T14:16:02.2030000-07:00,in
37,USC00051772,Snow,2011-12-24T00:00:00.0000000-07:00,0.000000,,,7,,NOAA,2015-01-28T14:16:02.2030000-07:00,in
37,USC00051772,Snow,2011-12-25T00:00:00.0000000-07:00,0.000000,,,7,,NOAA,2015-01-28T14:16:02.2030000-07:00,in
37,USC00051772,Snow,2011-12-28T00:00:00.0000000-07:00,0.000000,,,7,,NOAA,2015-01-28T14:16:02.2030000-07:00,in
37,USC00051772,Snow,2011-12-29T00:00:00.0000000-07:00,0.000000,,,7,,NOAA,2015-01-28T14:16:02.2030000-07:00,in
37,USC00051772,Snow,2011-12-30T00:00:00.0000000-07:00,0.000000,,,7,,NOAA,2015-01-28T14:16:02.2030000-07:00,in
37,USC00051772,Snow,2011-12-31T00:00:00.0000000-07:00,0.000000,,,7,,NOAA,2015-01-28T14:16:02.2030000-07:00,in
37,USC00051772,Snow,2012-01-01T00:00:00.0000000-07:00,0.000000,,,7,,NOAA,2015-01-27T07:11:20.7070000-07:00,in
37,USC00051772,Snow,2012-01-05T00:00:00.0000000-07:00,0.000000,,,7,,NOAA,2015-01-27T07:11:20.7070000-07:00,in
37,USC00051772,Snow,2012-01-07T00:00:00.0000000-07:00,0.000000,,,7,,NOAA,2015-01-27T07:11:20.7070000-07:00,in
37,USC00051772,Snow,2012-01-08T00:00:00.0000000-07:00,0.000000,,,7,,NOAA,2015-01-27T07:11:20.7070000-07:00,in
37,USC00051772,Snow,2012-01-15T00:00:00.0000000-07:00,0.000000,,,7,,NOAA,2015-01-27T07:11:20.7070000-07:00,in
37,USC00051772,Snow,2012-01-22T00:00:00.0000000-07:00,0.000000,,,7,,NOAA,2015-01-27T07:11:20.7070000-07:00,in
37,USC00051772,Snow,2012-01-24T00:00:00.0000000-07:00,1.181102,,,7,,NOAA,2015-01-27T07:11:20.7070000-07:00,in
37,USC00051772,Snow,2012-01-25T00:00:00.0000000-07:00,0.000000,,,7,,NOAA,2015-01-27T07:11:20.7070000-07:00,in
37,USC00051772,Snow,2012-01-27T00:00:00.0000000-07:00,0.118110,,,7,,NOAA,2015-01-27T07:11:20.7070000-07:00,in
37,USC00051772,Snow,2012-01-29T00:00:00.0000000-07:00,0.000000,,,7,,NOAA,2015-01-27T07:11:20.7070000-07:00,in
37,USC00051772,Snow,2012-01-31T00:00:00.0000000-07:00,0.000000,,,7,,NOAA,2015-01-27T07:11:20.7070000-07:00,in
37,USC00051772,Snow,2012-02-02T00:00:00.0000000-07:00,0.000000,,,7,,NOAA,2015-01-27T07:11:20.7070000-07:00,in
37,USC00051772,Snow,2012-02-04T00:00:00.0000000-07:00,0.000000,,,7,,NOAA,2015-01-27T07:11:20.7070000-07:00,in
37,USC00051772,Snow,2012-02-06T00:00:00.0000000-07:00,0.000000,T,,7,,NOAA,2015-01-27T07:11:20.7070000-07:00,in
37,USC00051772,Snow,2012-02-07T00:00:00.0000000-07:00,0.000000,,,7,,NOAA,2015-01-27T07:11:20.7070000-07:00,in
37,USC00051772,Snow,2012-02-09T00:00:00.0000000-07:00,0.590551,,,7,,NOAA,2015-01-27T07:11:20.7070000-07:00,in
37,USC00051772,Snow,2012-02-10T00:00:00.0000000-07:00,0.000000,,,7,,NOAA,2015-01-27T07:11:20.7070000-07:00,in
37,USC00051772,Snow,2012-02-11T00:00:00.0000000-07:00,0.000000,,,7,,NOAA,2015-01-27T07:11:20.7070000-07:00,in
37,USC00051772,Snow,2012-02-12T00:00:00.0000000-07:00,0.000000,,,7,,NOAA,2015-01-27T07:11:20.7070000-07:00,in
37,USC00051772,Snow,2012-02-13T00:00:00.0000000-07:00,0.000000,T,,7,,NOAA,2015-01-27T07:11:20.7070000-07:00,in
37,USC00051772,Snow,2012-02-14T00:00:00.0000000-07:00,0.000000,T,,7,,NOAA,2015-01-27T07:11:20.7070000-07:00,in
37,USC00051772,Snow,2012-02-15T00:00:00.0000000-07:00,0.000000,,,7,,NOAA,2015-01-27T07:11:20.7070000-07:00,in
37,USC00051772,Snow,2012-02-17T00:00:00.0000000-07:00,0.000000,,,7,,NOAA,2015-01-27T07:11:20.7070000-07:00,in
37,USC00051772,Snow,2012-02-19T00:00:00.0000000-07:00,0.000000,,,7,,NOAA,2015-01-27T07:11:20.7070000-07:00,in
37,USC00051772,Snow,2012-02-20T00:00:00.0000000-07:00,1.299213,,,7,,NOAA,2015-01-27T07:11:20.7070000-07:00,in
37,USC00051772,Snow,2012-02-21T00:00:00.0000000-07:00,0.000000,,,7,,NOAA,2015-01-27T07:11:20.7070000-07:00,in
37,USC00051772,Snow,2012-02-22T00:00:00.0000000-07:00,0.000000,,,7,,NOAA,2015-01-27T07:11:20.7070000-07:00,in
37,USC00051772,Snow,2012-02-25T00:00:00.0000000-07:00,0.000000,,,7,,NOAA,2015-01-27T07:11:20.7070000-07:00,in
37,USC00051772,Snow,2012-02-26T00:00:00.0000000-07:00,0.000000,,,7,,NOAA,2015-01-27T07:11:20.7070000-07:00,in
37,USC00051772,Snow,2012-02-27T00:00:00.0000000-07:00,0.000000,,,7,,NOAA,2015-01-27T07:11:20.7070000-07:00,in
37,USC00051772,Snow,2012-02-28T00:00:00.0000000-07:00,0.708661,,,7,,NOAA,2015-01-27T07:11:20.7070000-07:00,in
37,USC00051772,Snow,2012-03-01T00:00:00.0000000-07:00,2.795276,,,7,,NOAA,2015-01-27T07:11:20.7070000-07:00,in
37,USC00051772,Snow,2012-03-02T00:00:00.0000000-07:00,0.984252,,,7,,NOAA,2015-01-27T07:11:20.7070000-07:00,in
37,USC00051772,Snow,2012-03-04T00:00:00.0000000-07:00,0.000000,,,7,,NOAA,2015-01-27T07:11:20.7070000-07:00,in
37,USC00051772,Snow,2012-03-05T00:00:00.0000000-07:00,0.000000,,,7,,NOAA,2015-01-27T07:11:20.7070000-07:00,in
37,USC00051772,Snow,2012-03-06T00:00:00.0000000-07:00,0.000000,,,7,,NOAA,2015-01-27T07:11:20.7070000-07:00,in
37,USC00051772,Snow,2012-03-08T00:00:00.0000000-07:00,0.000000,,,7,,NOAA,2015-01-27T07:11:20.7070000-07:00,in
37,USC00051772,Snow,2012-03-11T00:00:00.0000000-07:00,0.000000,,,7,,NOAA,2015-01-27T07:11:20.7070000-07:00,in
37,USC00051772,Snow,2012-03-12T00:00:00.0000000-06:00,0.000000,,,7,,NOAA,2015-01-27T07:11:20.7070000-07:00,in
37,USC00051772,Snow,2012-03-13T00:00:00.0000000-06:00,0.000000,,,7,,NOAA,2015-01-27T07:11:20.7070000-07:00,in
37,USC00051772,Snow,2012-03-14T00:00:00.0000000-06:00,0.000000,,,7,,NOAA,2015-01-27T07:11:20.7070000-07:00,in
37,USC00051772,Snow,2012-03-15T00:00:00.0000000-06:00,0.000000,,,7,,NOAA,2015-01-27T07:11:20.7070000-07:00,in
37,USC00051772,Snow,2012-03-16T00:00:00.0000000-06:00,0.000000,,,7,,NOAA,2015-01-27T07:11:20.7070000-07:00,in
37,USC00051772,Snow,2012-03-17T00:00:00.0000000-06:00,0.000000,,,7,,NOAA,2015-01-27T07:11:20.7070000-07:00,in
37,USC00051772,Snow,2012-03-18T00:00:00.0000000-06:00,0.000000,,,7,,NOAA,2015-01-27T07:11:20.7070000-07:00,in
37,USC00051772,Snow,2012-03-19T00:00:00.0000000-06:00,0.000000,T,,7,,NOAA,2015-01-27T07:11:20.7070000-07:00,in
37,USC00051772,Snow,2012-03-21T00:00:00.0000000-06:00,0.000000,,,7,,NOAA,2015-01-27T07:11:20.7070000-07:00,in
37,USC00051772,Snow,2012-03-22T00:00:00.0000000-06:00,0.000000,,,7,,NOAA,2015-01-27T07:11:20.7070000-07:00,in
37,USC00051772,Snow,2012-03-23T00:00:00.0000000-06:00,0.000000,,,7,,NOAA,2015-01-27T07:11:20.7070000-07:00,in
37,USC00051772,Snow,2012-03-24T00:00:00.0000000-06:00,0.000000,,,7,,NOAA,2015-01-27T07:11:20.7070000-07:00,in
37,USC00051772,Snow,2012-03-25T00:00:00.0000000-06:00,0.000000,,,7,,NOAA,2015-01-27T07:11:20.7070000-07:00,in
37,USC00051772,Snow,2012-03-26T00:00:00.0000000-06:00,0.000000,,,7,,NOAA,2015-01-27T07:11:20.7070000-07:00,in
37,USC00051772,Snow,2012-04-01T00:00:00.0000000-06:00,0.000000,,,7,,NOAA,2015-01-27T07:11:20.7070000-07:00,in
37,USC00051772,Snow,2012-04-02T00:00:00.0000000-06:00,0.000000,,,7,,NOAA,2015-01-27T07:11:20.7070000-07:00,in
37,USC00051772,Snow,2012-04-04T00:00:00.0000000-06:00,0.000000,,,7,,NOAA,2015-01-27T07:11:20.7070000-07:00,in
37,USC00051772,Snow,2012-04-05T00:00:00.0000000-06:00,0.000000,,,7,,NOAA,2015-01-27T07:11:20.7070000-07:00,in
37,USC00051772,Snow,2012-04-11T00:00:00.0000000-06:00,0.000000,,,7,,NOAA,2015-01-27T07:11:20.7070000-07:00,in
37,USC00051772,Snow,2012-04-13T00:00:00.0000000-06:00,0.000000,,,7,,NOAA,2015-01-27T07:11:20.7070000-07:00,in
37,USC00051772,Snow,2012-04-15T00:00:00.0000000-06:00,0.000000,,,7,,NOAA,2015-01-27T07:11:20.7070000-07:00,in
37,USC00051772,Snow,2012-04-19T00:00:00.0000000-06:00,0.000000,,,7,,NOAA,2015-01-27T07:11:20.7070000-07:00,in
37,USC00051772,Snow,2012-05-06T00:00:00.0000000-06:00,0.000000,,,7,,NOAA,2015-01-27T07:11:20.7070000-07:00,in
37,USC00051772,Snow,2012-05-09T00:00:00.0000000-06:00,0.000000,,,7,,NOAA,2015-01-27T07:11:20.7070000-07:00,in
37,USC00051772,Snow,2012-05-14T00:00:00.0000000-06:00,0.000000,,,7,,NOAA,2015-01-27T07:11:20.7070000-07:00,in
37,USC00051772,Snow,2012-05-17T00:00:00.0000000-06:00,0.000000,,,7,,NOAA,2015-01-27T07:11:20.7070000-07:00,in
37,USC00051772,Snow,2012-05-20T00:00:00.0000000-06:00,0.000000,,,7,,NOAA,2015-01-27T07:11:20.7070000-07:00,in
37,USC00051772,Snow,2012-05-22T00:00:00.0000000-06:00,0.000000,,,7,,NOAA,2015-01-27T07:11:20.7070000-07:00,in
37,USC00051772,Snow,2012-05-24T00:00:00.0000000-06:00,0.000000,,,7,,NOAA,2015-01-27T07:11:20.7070000-07:00,in
37,USC00051772,Snow,2012-05-28T00:00:00.0000000-06:00,0.000000,,,7,,NOAA,2015-01-27T07:11:20.7070000-07:00,in
37,USC00051772,Snow,2012-05-30T00:00:00.0000000-06:00,0.000000,,,7,,NOAA,2015-01-27T07:11:20.7070000-07:00,in
37,USC00051772,Snow,2012-05-31T00:00:00.0000000-06:00,0.000000,,,7,,NOAA,2015-01-27T07:11:20.7070000-07:00,in
37,USC00051772,Snow,2012-06-11T00:00:00.0000000-06:00,0.000000,,,7,,NOAA,2015-01-27T07:11:20.7070000-07:00,in
37,USC00051772,Snow,2012-06-12T00:00:00.0000000-06:00,0.000000,,,7,,NOAA,2015-01-27T07:11:20.7070000-07:00,in
37,USC00051772,Snow,2012-06-13T00:00:00.0000000-06:00,0.000000,,,7,,NOAA,2015-01-27T07:11:20.7070000-07:00,in
37,USC00051772,Snow,2012-06-15T00:00:00.0000000-06:00,0.000000,,,7,,NOAA,2015-01-27T07:11:20.7070000-07:00,in
37,USC00051772,Snow,2012-06-16T00:00:00.0000000-06:00,0.000000,,,7,,NOAA,2015-01-27T07:11:20.7070000-07:00,in
37,USC00051772,Snow,2012-06-17T00:00:00.0000000-06:00,0.000000,,,7,,NOAA,2015-01-27T07:11:20.7070000-07:00,in
37,USC00051772,Snow,2012-06-21T00:00:00.0000000-06:00,0.000000,,,7,,NOAA,2015-01-27T07:11:20.7070000-07:00,in
37,USC00051772,Snow,2012-06-22T00:00:00.0000000-06:00,0.000000,,,7,,NOAA,2015-01-27T07:11:20.7070000-07:00,in
37,USC00051772,Snow,2012-06-23T00:00:00.0000000-06:00,0.000000,,,7,,NOAA,2015-01-27T07:11:20.7070000-07:00,in
37,USC00051772,Snow,2012-06-24T00:00:00.0000000-06:00,0.000000,,,7,,NOAA,2015-01-27T07:11:20.7070000-07:00,in
37,USC00051772,Snow,2012-06-25T00:00:00.0000000-06:00,0.000000,,,7,,NOAA,2015-01-27T07:11:20.7070000-07:00,in
37,USC00051772,Snow,2012-06-27T00:00:00.0000000-06:00,0.000000,,,7,,NOAA,2015-01-27T07:11:20.7070000-07:00,in
37,USC00051772,Snow,2012-07-05T00:00:00.0000000-06:00,0.000000,,,7,,NOAA,2015-01-27T07:11:20.7070000-07:00,in
37,USC00051772,Snow,2012-07-09T00:00:00.0000000-06:00,0.000000,,,7,,NOAA,2015-01-27T07:11:20.7070000-07:00,in
37,USC00051772,Snow,2012-07-11T00:00:00.0000000-06:00,0.000000,,,7,,NOAA,2015-01-27T07:11:20.7070000-07:00,in
37,USC00051772,Snow,2012-07-18T00:00:00.0000000-06:00,0.000000,,,7,,NOAA,2015-01-27T07:11:20.7070000-07:00,in
37,USC00051772,Snow,2012-08-01T00:00:00.0000000-06:00,0.000000,,,7,,NOAA,2015-01-27T07:11:20.7070000-07:00,in
37,USC00051772,Snow,2012-08-07T00:00:00.0000000-06:00,0.000000,,,7,,NOAA,2015-01-27T07:11:20.7070000-07:00,in
37,USC00051772,Snow,2012-08-08T00:00:00.0000000-06:00,0.000000,,,7,,NOAA,2015-01-27T07:11:20.7070000-07:00,in
37,USC00051772,Snow,2012-08-13T00:00:00.0000000-06:00,0.000000,,,7,,NOAA,2015-01-27T07:11:20.7070000-07:00,in
37,USC00051772,Snow,2012-08-14T00:00:00.0000000-06:00,0.000000,,,7,,NOAA,2015-01-27T07:11:20.7070000-07:00,in
37,USC00051772,Snow,2012-08-15T00:00:00.0000000-06:00,0.000000,,,7,,NOAA,2015-01-27T07:11:20.7070000-07:00,in
37,USC00051772,Snow,2012-08-16T00:00:00.0000000-06:00,0.000000,,,7,,NOAA,2015-01-27T07:11:20.7070000-07:00,in
37,USC00051772,Snow,2012-08-22T00:00:00.0000000-06:00,0.000000,,,7,,NOAA,2015-01-27T07:11:20.7070000-07:00,in
37,USC00051772,Snow,2012-08-23T00:00:00.0000000-06:00,0.000000,,,7,,NOAA,2015-01-27T07:11:20.7070000-07:00,in
37,USC00051772,Snow,2012-08-26T00:00:00.0000000-06:00,0.000000,,,7,,NOAA,2015-01-27T07:11:20.7070000-07:00,in
37,USC00051772,Snow,2012-08-27T00:00:00.0000000-06:00,0.000000,,,7,,NOAA,2015-01-27T07:11:20.7070000-07:00,in
37,USC00051772,Snow,2012-09-01T00:00:00.0000000-06:00,0.000000,,,7,,NOAA,2015-01-27T07:11:20.7070000-07:00,in
37,USC00051772,Snow,2012-09-02T00:00:00.0000000-06:00,0.000000,,,7,,NOAA,2015-01-27T07:11:20.7070000-07:00,in
37,USC00051772,Snow,2012-09-03T00:00:00.0000000-06:00,0.000000,,,7,,NOAA,2015-01-27T07:11:20.7070000-07:00,in
37,USC00051772,Snow,2012-09-05T00:00:00.0000000-06:00,0.000000,,,7,,NOAA,2015-01-27T07:11:20.7070000-07:00,in
37,USC00051772,Snow,2012-09-06T00:00:00.0000000-06:00,0.000000,,,7,,NOAA,2015-01-27T07:11:20.7070000-07:00,in
37,USC00051772,Snow,2012-09-08T00:00:00.0000000-06:00,0.000000,,,7,,NOAA,2015-01-27T07:11:20.7070000-07:00,in
37,USC00051772,Snow,2012-09-09T00:00:00.0000000-06:00,0.000000,,,7,,NOAA,2015-01-27T07:11:20.7070000-07:00,in
37,USC00051772,Snow,2012-09-10T00:00:00.0000000-06:00,0.000000,,,7,,NOAA,2015-01-27T07:11:20.7070000-07:00,in
37,USC00051772,Snow,2012-09-11T00:00:00.0000000-06:00,0.000000,,,7,,NOAA,2015-01-27T07:11:20.7070000-07:00,in
37,USC00051772,Snow,2012-09-24T00:00:00.0000000-06:00,0.000000,,,7,,NOAA,2015-01-27T07:11:20.7070000-07:00,in
37,USC00051772,Snow,2012-09-27T00:00:00.0000000-06:00,0.000000,,,7,,NOAA,2015-01-27T07:11:20.7070000-07:00,in
37,USC00051772,Snow,2012-10-02T00:00:00.0000000-06:00,0.000000,,,7,,NOAA,2015-01-27T07:11:20.7070000-07:00,in
37,USC00051772,Snow,2012-10-03T00:00:00.0000000-06:00,0.000000,,,7,,NOAA,2015-01-27T07:11:20.7070000-07:00,in
37,USC00051772,Snow,2012-10-04T00:00:00.0000000-06:00,0.000000,,,7,,NOAA,2015-01-27T07:11:20.7070000-07:00,in
37,USC00051772,Snow,2012-10-06T00:00:00.0000000-06:00,0.000000,,,7,,NOAA,2015-01-27T07:11:20.7070000-07:00,in
37,USC00051772,Snow,2012-10-08T00:00:00.0000000-06:00,0.000000,,,7,,NOAA,2015-01-27T07:11:20.7070000-07:00,in
37,USC00051772,Snow,2012-10-10T00:00:00.0000000-06:00,0.000000,,,7,,NOAA,2015-01-27T07:11:20.7070000-07:00,in
37,USC00051772,Snow,2012-10-11T00:00:00.0000000-06:00,0.000000,,,7,,NOAA,2015-01-27T07:11:20.7070000-07:00,in
37,USC00051772,Snow,2012-10-12T00:00:00.0000000-06:00,0.000000,,,7,,NOAA,2015-01-27T07:11:20.7070000-07:00,in
37,USC00051772,Snow,2012-10-18T00:00:00.0000000-06:00,0.000000,,,7,,NOAA,2015-01-27T07:11:20.7070000-07:00,in
37,USC00051772,Snow,2012-10-23T00:00:00.0000000-06:00,0.000000,,,7,,NOAA,2015-01-27T07:11:20.7070000-07:00,in
37,USC00051772,Snow,2012-10-24T00:00:00.0000000-06:00,0.000000,,,7,,NOAA,2015-01-27T07:11:20.7070000-07:00,in
37,USC00051772,Snow,2012-10-25T00:00:00.0000000-06:00,0.000000,,,7,,NOAA,2015-01-27T07:11:20.7070000-07:00,in
37,USC00051772,Snow,2012-10-28T00:00:00.0000000-06:00,0.000000,,,7,,NOAA,2015-01-27T07:11:20.7070000-07:00,in
37,USC00051772,Snow,2012-10-30T00:00:00.0000000-06:00,0.000000,,,7,,NOAA,2015-01-27T07:11:20.7070000-07:00,in
37,USC00051772,Snow,2012-11-01T00:00:00.0000000-06:00,0.000000,,,7,,NOAA,2015-01-27T07:11:20.7070000-07:00,in
37,USC00051772,Snow,2012-11-02T00:00:00.0000000-06:00,0.000000,,,7,,NOAA,2015-01-27T07:11:20.7070000-07:00,in
37,USC00051772,Snow,2012-11-03T00:00:00.0000000-06:00,0.000000,,,7,,NOAA,2015-01-27T07:11:20.7070000-07:00,in
37,USC00051772,Snow,2012-11-04T00:00:00.0000000-06:00,0.000000,,,7,,NOAA,2015-01-27T07:11:20.7070000-07:00,in
37,USC00051772,Snow,2012-11-05T00:00:00.0000000-07:00,0.000000,,,7,,NOAA,2015-01-27T07:11:20.7070000-07:00,in
37,USC00051772,Snow,2012-11-06T00:00:00.0000000-07:00,0.000000,,,7,,NOAA,2015-01-27T07:11:20.7070000-07:00,in
37,USC00051772,Snow,2012-11-07T00:00:00.0000000-07:00,0.000000,,,7,,NOAA,2015-01-27T07:11:20.7070000-07:00,in
37,USC00051772,Snow,2012-11-08T00:00:00.0000000-07:00,0.000000,,,7,,NOAA,2015-01-27T07:11:20.7070000-07:00,in
37,USC00051772,Snow,2012-11-09T00:00:00.0000000-07:00,0.000000,,,7,,NOAA,2015-01-27T07:11:20.7070000-07:00,in
37,USC00051772,Snow,2012-11-10T00:00:00.0000000-07:00,0.000000,T,,7,,NOAA,2015-01-27T07:11:20.7070000-07:00,in
37,USC00051772,Snow,2012-11-11T00:00:00.0000000-07:00,0.984252,,,7,,NOAA,2015-01-27T07:11:20.7070000-07:00,in
37,USC00051772,Snow,2012-11-12T00:00:00.0000000-07:00,0.000000,,,7,,NOAA,2015-01-27T07:11:20.7070000-07:00,in
37,USC00051772,Snow,2012-11-13T00:00:00.0000000-07:00,0.000000,,,7,,NOAA,2015-01-27T07:11:20.7070000-07:00,in
37,USC00051772,Snow,2012-11-14T00:00:00.0000000-07:00,0.000000,,,7,,NOAA,2015-01-27T07:11:20.7070000-07:00,in
37,USC00051772,Snow,2012-11-15T00:00:00.0000000-07:00,0.000000,,,7,,NOAA,2015-01-27T07:11:20.7070000-07:00,in
37,USC00051772,Snow,2012-11-16T00:00:00.0000000-07:00,0.000000,,,7,,NOAA,2015-01-27T07:11:20.7070000-07:00,in
37,USC00051772,Snow,2012-11-17T00:00:00.0000000-07:00,0.000000,,,7,,NOAA,2015-01-27T07:11:20.7070000-07:00,in
37,USC00051772,Snow,2012-11-18T00:00:00.0000000-07:00,0.000000,,,7,,NOAA,2015-01-27T07:11:20.7070000-07:00,in
37,USC00051772,Snow,2012-11-19T00:00:00.0000000-07:00,0.000000,,,7,,NOAA,2015-01-27T07:11:20.7070000-07:00,in
37,USC00051772,Snow,2012-11-20T00:00:00.0000000-07:00,0.000000,,,7,,NOAA,2015-01-27T07:11:20.7070000-07:00,in
37,USC00051772,Snow,2012-11-21T00:00:00.0000000-07:00,0.000000,,,7,,NOAA,2015-01-27T07:11:20.7070000-07:00,in
37,USC00051772,Snow,2012-11-22T00:00:00.0000000-07:00,0.000000,,,7,,NOAA,2015-01-27T07:11:20.7070000-07:00,in
37,USC00051772,Snow,2012-11-23T00:00:00.0000000-07:00,0.000000,,,7,,NOAA,2015-01-27T07:11:20.7070000-07:00,in
37,USC00051772,Snow,2012-11-24T00:00:00.0000000-07:00,0.000000,,,7,,NOAA,2015-01-27T07:11:20.7070000-07:00,in
37,USC00051772,Snow,2012-11-25T00:00:00.0000000-07:00,0.000000,,,7,,NOAA,2015-01-27T07:11:20.7070000-07:00,in
37,USC00051772,Snow,2012-11-26T00:00:00.0000000-07:00,0.000000,,,7,,NOAA,2015-01-27T07:11:20.7070000-07:00,in
37,USC00051772,Snow,2012-11-27T00:00:00.0000000-07:00,0.000000,,,7,,NOAA,2015-01-27T07:11:20.7070000-07:00,in
37,USC00051772,Snow,2012-11-28T00:00:00.0000000-07:00,0.000000,,,7,,NOAA,2015-01-27T07:11:20.7070000-07:00,in
37,USC00051772,Snow,2012-11-29T00:00:00.0000000-07:00,0.000000,,,7,,NOAA,2015-01-27T07:11:20.7070000-07:00,in
37,USC00051772,Snow,2012-11-30T00:00:00.0000000-07:00,0.000000,,,7,,NOAA,2015-01-27T07:11:20.7070000-07:00,in
37,USC00051772,Snow,2012-12-01T00:00:00.0000000-07:00,0.000000,,,7,,NOAA,2015-01-27T07:11:20.7070000-07:00,in
37,USC00051772,Snow,2012-12-02T00:00:00.0000000-07:00,0.000000,,,7,,NOAA,2015-01-27T07:11:20.7070000-07:00,in
37,USC00051772,Snow,2012-12-03T00:00:00.0000000-07:00,0.000000,,,7,,NOAA,2015-01-27T07:11:20.7070000-07:00,in
37,USC00051772,Snow,2012-12-04T00:00:00.0000000-07:00,0.000000,,,7,,NOAA,2015-01-27T07:11:20.7070000-07:00,in
37,USC00051772,Snow,2012-12-05T00:00:00.0000000-07:00,0.000000,,,7,,NOAA,2015-01-27T07:11:20.7070000-07:00,in
37,USC00051772,Snow,2012-12-07T00:00:00.0000000-07:00,0.000000,,,7,,NOAA,2015-01-27T07:11:20.7070000-07:00,in
37,USC00051772,Snow,2012-12-08T00:00:00.0000000-07:00,0.000000,,,7,,NOAA,2015-01-27T07:11:20.7070000-07:00,in
37,USC00051772,Snow,2012-12-09T00:00:00.0000000-07:00,0.984252,,,7,,NOAA,2015-01-27T07:11:20.7070000-07:00,in
37,USC00051772,Snow,2012-12-14T00:00:00.0000000-07:00,0.000000,,,7,,NOAA,2015-01-27T07:11:20.7070000-07:00,in
37,USC00051772,Snow,2012-12-15T00:00:00.0000000-07:00,0.000000,,,7,,NOAA,2015-01-27T07:11:20.7070000-07:00,in
37,USC00051772,Snow,2012-12-16T00:00:00.0000000-07:00,0.984252,,,7,,NOAA,2015-01-27T07:11:20.7070000-07:00,in
37,USC00051772,Snow,2012-12-17T00:00:00.0000000-07:00,0.000000,,,7,,NOAA,2015-01-27T07:11:20.7070000-07:00,in
37,USC00051772,Snow,2012-12-18T00:00:00.0000000-07:00,0.000000,,,7,,NOAA,2015-01-27T07:11:20.7070000-07:00,in
37,USC00051772,Snow,2012-12-19T00:00:00.0000000-07:00,6.181102,,,7,,NOAA,2015-01-27T07:11:20.7070000-07:00,in
37,USC00051772,Snow,2012-12-21T00:00:00.0000000-07:00,0.000000,,,7,,NOAA,2015-01-27T07:11:20.7070000-07:00,in
37,USC00051772,Snow,2012-12-22T00:00:00.0000000-07:00,0.000000,,,7,,NOAA,2015-01-27T07:11:20.7070000-07:00,in
37,USC00051772,Snow,2012-12-23T00:00:00.0000000-07:00,0.000000,,,7,,NOAA,2015-01-27T07:11:20.7070000-07:00,in
37,USC00051772,Snow,2012-12-24T00:00:00.0000000-07:00,0.314961,,,7,,NOAA,2015-01-27T07:11:20.7070000-07:00,in
37,USC00051772,Snow,2012-12-26T00:00:00.0000000-07:00,3.582677,,,7,,NOAA,2015-01-27T07:11:20.7070000-07:00,in
37,USC00051772,Snow,2012-12-27T00:00:00.0000000-07:00,0.905512,,,7,,NOAA,2015-01-27T07:11:20.7070000-07:00,in
37,USC00051772,Snow,2012-12-28T00:00:00.0000000-07:00,0.984252,,,7,,NOAA,2015-01-27T07:11:20.7070000-07:00,in
37,USC00051772,Snow,2012-12-30T00:00:00.0000000-07:00,0.000000,,,7,,NOAA,2015-01-27T07:11:20.7070000-07:00,in
37,USC00051772,Snow,2012-12-31T00:00:00.0000000-07:00,0.984252,,,7,,NOAA,2015-01-27T07:11:20.7070000-07:00,in
37,USC00051772,Snow,2013-01-01T00:00:00.0000000-07:00,0.000000,T,,7,,NOAA,2015-01-14T13:31:30.5870000-07:00,in
37,USC00051772,Snow,2013-01-02T00:00:00.0000000-07:00,0.000000,,,7,,NOAA,2015-01-14T13:31:30.5870000-07:00,in
37,USC00051772,Snow,2013-01-06T00:00:00.0000000-07:00,0.000000,,,7,,NOAA,2015-01-14T13:31:30.5870000-07:00,in
37,USC00051772,Snow,2013-01-07T00:00:00.0000000-07:00,0.000000,,,7,,NOAA,2015-01-14T13:31:30.5870000-07:00,in
37,USC00051772,Snow,2013-01-08T00:00:00.0000000-07:00,0.000000,,,7,,NOAA,2015-01-14T13:31:30.5870000-07:00,in
37,USC00051772,Snow,2013-01-09T00:00:00.0000000-07:00,0.000000,,,7,,NOAA,2015-01-14T13:31:30.5870000-07:00,in
37,USC00051772,Snow,2013-01-10T00:00:00.0000000-07:00,0.000000,,,7,,NOAA,2015-01-14T13:31:30.5870000-07:00,in
37,USC00051772,Snow,2013-01-11T00:00:00.0000000-07:00,4.803150,,,7,,NOAA,2015-01-14T13:31:30.5870000-07:00,in
37,USC00051772,Snow,2013-01-12T00:00:00.0000000-07:00,0.000000,,,7,,NOAA,2015-01-14T13:31:30.5870000-07:00,in
37,USC00051772,Snow,2013-01-13T00:00:00.0000000-07:00,0.393701,,,7,,NOAA,2015-01-14T13:31:30.5870000-07:00,in
37,USC00051772,Snow,2013-01-14T00:00:00.0000000-07:00,0.000000,,,7,,NOAA,2015-01-14T13:31:30.5870000-07:00,in
37,USC00051772,Snow,2013-01-15T00:00:00.0000000-07:00,0.000000,,,7,,NOAA,2015-01-14T13:31:30.5870000-07:00,in
37,USC00051772,Snow,2013-01-17T00:00:00.0000000-07:00,0.000000,,,7,,NOAA,2015-01-14T13:31:30.5870000-07:00,in
37,USC00051772,Snow,2013-01-18T00:00:00.0000000-07:00,0.000000,,,7,,NOAA,2015-01-14T13:31:30.5870000-07:00,in
37,USC00051772,Snow,2013-01-19T00:00:00.0000000-07:00,0.000000,,,7,,NOAA,2015-01-14T13:31:30.5870000-07:00,in
37,USC00051772,Snow,2013-01-20T00:00:00.0000000-07:00,0.000000,,,7,,NOAA,2015-01-14T13:31:30.5870000-07:00,in
37,USC00051772,Snow,2013-01-21T00:00:00.0000000-07:00,0.000000,,,7,,NOAA,2015-01-14T13:31:30.5870000-07:00,in
37,USC00051772,Snow,2013-01-22T00:00:00.0000000-07:00,0.000000,,,7,,NOAA,2015-01-14T13:31:30.5870000-07:00,in
37,USC00051772,Snow,2013-01-23T00:00:00.0000000-07:00,0.000000,,,7,,NOAA,2015-01-14T13:31:30.5870000-07:00,in
37,USC00051772,Snow,2013-01-24T00:00:00.0000000-07:00,0.000000,,,7,,NOAA,2015-01-14T13:31:30.5870000-07:00,in
37,USC00051772,Snow,2013-01-25T00:00:00.0000000-07:00,0.000000,,,7,,NOAA,2015-01-14T13:31:30.5870000-07:00,in
37,USC00051772,Snow,2013-01-26T00:00:00.0000000-07:00,0.000000,,,7,,NOAA,2015-01-14T13:31:30.5870000-07:00,in
37,USC00051772,Snow,2013-01-27T00:00:00.0000000-07:00,0.000000,T,,7,,NOAA,2015-01-14T13:31:30.5870000-07:00,in
37,USC00051772,Snow,2013-01-28T00:00:00.0000000-07:00,0.000000,,,7,,NOAA,2015-01-14T13:31:30.5870000-07:00,in
37,USC00051772,Snow,2013-01-29T00:00:00.0000000-07:00,0.511811,,,7,,NOAA,2015-01-14T13:31:30.5870000-07:00,in
37,USC00051772,Snow,2013-01-30T00:00:00.0000000-07:00,0.000000,,,7,,NOAA,2015-01-14T13:31:30.5870000-07:00,in
37,USC00051772,Snow,2013-02-03T00:00:00.0000000-07:00,0.000000,,,7,,NOAA,2015-01-14T13:31:30.5870000-07:00,in
37,USC00051772,Snow,2013-02-04T00:00:00.0000000-07:00,0.000000,,,7,,NOAA,2015-01-14T13:31:30.5870000-07:00,in
37,USC00051772,Snow,2013-02-13T00:00:00.0000000-07:00,0.000000,,,7,,NOAA,2015-01-14T13:31:30.5870000-07:00,in
37,USC00051772,Snow,2013-02-17T00:00:00.0000000-07:00,0.000000,,,7,,NOAA,2015-01-14T13:31:30.5870000-07:00,in
37,USC00051772,Snow,2013-02-18T00:00:00.0000000-07:00,0.000000,,,7,,NOAA,2015-01-14T13:31:30.5870000-07:00,in
37,USC00051772,Snow,2013-02-19T00:00:00.0000000-07:00,0.000000,,,7,,NOAA,2015-01-14T13:31:30.5870000-07:00,in
37,USC00051772,Snow,2013-02-22T00:00:00.0000000-07:00,2.007874,,,7,,NOAA,2015-01-14T13:31:30.5870000-07:00,in
37,USC00051772,Snow,2013-02-24T00:00:00.0000000-07:00,2.204724,,,7,,NOAA,2015-01-14T13:31:30.5870000-07:00,in
37,USC00051772,Snow,2013-02-25T00:00:00.0000000-07:00,0.000000,,,7,,NOAA,2015-01-14T13:31:30.5870000-07:00,in
37,USC00051772,Snow,2013-02-26T00:00:00.0000000-07:00,0.708661,,,7,,NOAA,2015-01-14T13:31:30.5870000-07:00,in
37,USC00051772,Snow,2013-02-27T00:00:00.0000000-07:00,0.000000,,,7,,NOAA,2015-01-14T13:31:30.5870000-07:00,in
37,USC00051772,Snow,2013-02-28T00:00:00.0000000-07:00,0.000000,,,7,,NOAA,2015-01-14T13:31:30.5870000-07:00,in
37,USC00051772,Snow,2013-03-03T00:00:00.0000000-07:00,0.000000,,,7,,NOAA,2015-01-14T13:31:30.5870000-07:00,in
37,USC00051772,Snow,2013-03-05T00:00:00.0000000-07:00,0.000000,,,7,,NOAA,2015-01-14T13:31:30.5870000-07:00,in
37,USC00051772,Snow,2013-03-06T00:00:00.0000000-07:00,0.000000,,,7,,NOAA,2015-01-14T13:31:30.5870000-07:00,in
37,USC00051772,Snow,2013-03-07T00:00:00.0000000-07:00,0.000000,,,7,,NOAA,2015-01-14T13:31:30.5870000-07:00,in
37,USC00051772,Snow,2013-03-08T00:00:00.0000000-07:00,0.000000,,,7,,NOAA,2015-01-14T13:31:30.5870000-07:00,in
37,USC00051772,Snow,2013-03-11T00:00:00.0000000-06:00,0.000000,,,7,,NOAA,2015-01-14T13:31:30.5870000-07:00,in
37,USC00051772,Snow,2013-03-12T00:00:00.0000000-06:00,0.000000,,,7,,NOAA,2015-01-14T13:31:30.5870000-07:00,in
37,USC00051772,Snow,2013-03-14T00:00:00.0000000-06:00,0.000000,,,7,,NOAA,2015-01-14T13:31:30.5870000-07:00,in
37,USC00051772,Snow,2013-03-16T00:00:00.0000000-06:00,0.000000,,,7,,NOAA,2015-01-14T13:31:30.5870000-07:00,in
37,USC00051772,Snow,2013-03-22T00:00:00.0000000-06:00,0.000000,,,7,,NOAA,2015-01-14T13:31:30.5870000-07:00,in
37,USC00051772,Snow,2013-03-23T00:00:00.0000000-06:00,0.000000,,,7,,NOAA,2015-01-14T13:31:30.5870000-07:00,in
37,USC00051772,Snow,2013-03-26T00:00:00.0000000-06:00,0.000000,,,7,,NOAA,2015-01-14T13:31:30.5870000-07:00,in
37,USC00051772,Snow,2013-03-27T00:00:00.0000000-06:00,0.000000,,,7,,NOAA,2015-01-14T13:31:30.5870000-07:00,in
37,USC00051772,Snow,2013-03-29T00:00:00.0000000-06:00,0.000000,,,7,,NOAA,2015-01-14T13:31:30.5870000-07:00,in
37,USC00051772,Snow,2013-03-30T00:00:00.0000000-06:00,0.000000,,,7,,NOAA,2015-01-14T13:31:30.5870000-07:00,in
37,USC00051772,Snow,2013-04-03T00:00:00.0000000-06:00,0.000000,T,,7,,NOAA,2015-01-14T13:31:30.5870000-07:00,in
37,USC00051772,Snow,2013-04-06T00:00:00.0000000-06:00,0.000000,,,7,,NOAA,2015-01-14T13:31:30.5870000-07:00,in
37,USC00051772,Snow,2013-04-10T00:00:00.0000000-06:00,0.000000,T,,7,,NOAA,2015-01-14T13:31:30.5870000-07:00,in
37,USC00051772,Snow,2013-04-17T00:00:00.0000000-06:00,5.000000,,,7,,NOAA,2015-01-14T13:31:30.5870000-07:00,in
37,USC00051772,Snow,2013-05-24T00:00:00.0000000-06:00,0.000000,,,7,,NOAA,2015-01-14T13:31:30.5870000-07:00,in
37,USC00051772,Snow,2013-05-27T00:00:00.0000000-06:00,0.000000,,,7,,NOAA,2015-01-14T13:31:30.5870000-07:00,in
37,USC00051772,Snow,2013-05-28T00:00:00.0000000-06:00,0.000000,,,7,,NOAA,2015-01-14T13:31:30.5870000-07:00,in
37,USC00051772,Snow,2013-06-03T00:00:00.0000000-06:00,0.000000,,,7,,NOAA,2015-01-14T13:31:30.5870000-07:00,in
37,USC00051772,Snow,2013-06-08T00:00:00.0000000-06:00,0.000000,,,7,,NOAA,2015-01-14T13:31:30.5870000-07:00,in
37,USC00051772,Snow,2013-06-09T00:00:00.0000000-06:00,0.000000,,,7,,NOAA,2015-01-14T13:31:30.5870000-07:00,in
37,USC00051772,Snow,2013-06-10T00:00:00.0000000-06:00,0.000000,,,7,,NOAA,2015-01-14T13:31:30.5870000-07:00,in
37,USC00051772,Snow,2013-06-11T00:00:00.0000000-06:00,0.000000,,,7,,NOAA,2015-01-14T13:31:30.5870000-07:00,in
37,USC00051772,Snow,2013-06-17T00:00:00.0000000-06:00,0.000000,,,7,,NOAA,2015-01-14T13:31:30.5870000-07:00,in
37,USC00051772,Snow,2013-06-18T00:00:00.0000000-06:00,0.000000,,,7,,NOAA,2015-01-14T13:31:30.5870000-07:00,in
37,USC00051772,Snow,2013-06-24T00:00:00.0000000-06:00,0.000000,,,7,,NOAA,2015-01-14T13:31:30.5870000-07:00,in
37,USC00051772,Snow,2013-06-25T00:00:00.0000000-06:00,0.000000,,,7,,NOAA,2015-01-14T13:31:30.5870000-07:00,in
37,USC00051772,Snow,2013-07-01T00:00:00.0000000-06:00,0.000000,,,7,,NOAA,2015-01-14T13:31:30.5870000-07:00,in
37,USC00051772,Snow,2013-07-02T00:00:00.0000000-06:00,0.000000,,,7,,NOAA,2015-01-14T13:31:30.5870000-07:00,in
37,USC00051772,Snow,2013-07-04T00:00:00.0000000-06:00,0.000000,,,7,,NOAA,2015-01-14T13:31:30.5870000-07:00,in
37,USC00051772,Snow,2013-07-09T00:00:00.0000000-06:00,0.000000,,,7,,NOAA,2015-01-14T13:31:30.5870000-07:00,in
37,USC00051772,Snow,2013-07-16T00:00:00.0000000-06:00,0.000000,,,7,,NOAA,2015-01-14T13:31:30.5870000-07:00,in
37,USC00051772,Snow,2013-07-20T00:00:00.0000000-06:00,0.000000,,,7,,NOAA,2015-01-14T13:31:30.5870000-07:00,in
37,USC00051772,Snow,2013-07-23T00:00:00.0000000-06:00,0.000000,,,7,,NOAA,2015-01-14T13:31:30.5870000-07:00,in
37,USC00051772,Snow,2013-07-29T00:00:00.0000000-06:00,0.000000,,,7,,NOAA,2015-01-14T13:31:30.5870000-07:00,in
37,USC00051772,Snow,2013-10-24T00:00:00.0000000-06:00,0.000000,,,7,,NOAA,2015-01-14T13:31:30.5870000-07:00,in
37,USC00051772,Snow,2013-10-25T00:00:00.0000000-06:00,0.000000,,,7,,NOAA,2015-01-14T13:31:30.5870000-07:00,in
37,USC00051772,Snow,2013-11-21T00:00:00.0000000-07:00,0.000000,,,7,,NOAA,2015-01-14T13:31:30.5870000-07:00,in
37,USC00051772,Snow,2013-11-23T00:00:00.0000000-07:00,3.582677,,,7,,NOAA,2015-01-14T13:31:30.5870000-07:00,in
37,USC00051772,Snow,2013-11-24T00:00:00.0000000-07:00,0.000000,,,7,,NOAA,2015-01-14T13:31:30.5870000-07:00,in
37,USC00051772,Snow,2013-11-25T00:00:00.0000000-07:00,0.000000,,,7,,NOAA,2015-01-14T13:31:30.5870000-07:00,in
37,USC00051772,Snow,2013-11-26T00:00:00.0000000-07:00,0.000000,,,7,,NOAA,2015-01-14T13:31:30.5870000-07:00,in
37,USC00051772,Snow,2013-11-27T00:00:00.0000000-07:00,0.000000,,,7,,NOAA,2015-01-14T13:31:30.5870000-07:00,in
37,USC00051772,Snow,2013-12-04T00:00:00.0000000-07:00,7.007874,,,7,,NOAA,2015-01-14T13:31:30.5870000-07:00,in
37,USC00051772,Snow,2013-12-05T00:00:00.0000000-07:00,0.000000,,,7,,NOAA,2015-01-14T13:31:30.5870000-07:00,in
37,USC00051772,Snow,2013-12-06T00:00:00.0000000-07:00,0.000000,,,7,,NOAA,2015-01-14T13:31:30.5870000-07:00,in
37,USC00051772,Snow,2013-12-08T00:00:00.0000000-07:00,2.992126,,,7,,NOAA,2015-01-14T13:31:30.5870000-07:00,in
37,USC00051772,Snow,2013-12-12T00:00:00.0000000-07:00,0.000000,,,7,,NOAA,2015-01-14T13:31:30.5870000-07:00,in
37,USC00051772,Snow,2013-12-13T00:00:00.0000000-07:00,0.000000,,,7,,NOAA,2015-01-14T13:31:30.5870000-07:00,in
37,USC00051772,Snow,2013-12-19T00:00:00.0000000-07:00,0.000000,,,7,,NOAA,2015-01-14T13:31:30.5870000-07:00,in
37,USC00051772,Snow,2013-12-20T00:00:00.0000000-07:00,0.000000,,,7,,NOAA,2015-01-14T13:31:30.5870000-07:00,in
37,USC00051772,Snow,2013-12-21T00:00:00.0000000-07:00,0.000000,T,,7,,NOAA,2015-01-14T13:31:30.5870000-07:00,in
37,USC00051772,Snow,2013-12-22T00:00:00.0000000-07:00,0.000000,T,,7,,NOAA,2015-01-14T13:31:30.5870000-07:00,in
37,USC00051772,Snow,2014-01-04T00:00:00.0000000-07:00,0.000000,T,,7,,NOAA,2016-01-16T01:40:16.4930000-07:00,in
37,USC00051772,Snow,2014-01-12T00:00:00.0000000-07:00,0.000000,T,,7,,NOAA,2016-01-16T01:40:16.4930000-07:00,in
37,USC00051772,Snow,2014-01-23T00:00:00.0000000-07:00,0.000000,,,7,,NOAA,2016-01-16T01:40:16.4930000-07:00,in
37,USC00051772,Snow,2014-01-24T00:00:00.0000000-07:00,0.000000,,,7,,NOAA,2016-01-16T01:40:16.4930000-07:00,in
37,USC00051772,Snow,2014-01-28T00:00:00.0000000-07:00,0.000000,,,7,,NOAA,2016-01-16T01:40:16.4930000-07:00,in
37,USC00051772,Snow,2014-01-29T00:00:00.0000000-07:00,0.000000,,,7,,NOAA,2016-01-16T01:40:16.4930000-07:00,in
37,USC00051772,Snow,2014-01-30T00:00:00.0000000-07:00,0.000000,,,7,,NOAA,2016-01-16T01:40:16.4930000-07:00,in
37,USC00051772,Snow,2014-01-31T00:00:00.0000000-07:00,5.511811,,,7,,NOAA,2016-01-16T01:40:16.4930000-07:00,in
37,USC00051772,Snow,2014-02-01T00:00:00.0000000-07:00,2.992126,,,7,,NOAA,2016-01-16T01:40:16.4930000-07:00,in
37,USC00051772,Snow,2014-02-02T00:00:00.0000000-07:00,0.000000,,,7,,NOAA,2016-01-16T01:40:16.4930000-07:00,in
37,USC00051772,Snow,2014-02-03T00:00:00.0000000-07:00,0.511811,,,7,,NOAA,2016-01-16T01:40:16.4930000-07:00,in
37,USC00051772,Snow,2014-02-04T00:00:00.0000000-07:00,2.519685,,,7,,NOAA,2016-01-16T01:40:16.4930000-07:00,in
37,USC00051772,Snow,2014-02-05T00:00:00.0000000-07:00,0.511811,,,7,,NOAA,2016-01-16T01:40:16.4930000-07:00,in
37,USC00051772,Snow,2014-02-06T00:00:00.0000000-07:00,0.000000,,,7,,NOAA,2016-01-16T01:40:16.4930000-07:00,in
37,USC00051772,Snow,2014-02-07T00:00:00.0000000-07:00,0.000000,,,7,,NOAA,2016-01-16T01:40:16.4930000-07:00,in
37,USC00051772,Snow,2014-02-08T00:00:00.0000000-07:00,0.000000,,,7,,NOAA,2016-01-16T01:40:16.4930000-07:00,in
37,USC00051772,Snow,2014-02-09T00:00:00.0000000-07:00,0.000000,,,7,,NOAA,2016-01-16T01:40:16.4930000-07:00,in
37,USC00051772,Snow,2014-02-10T00:00:00.0000000-07:00,0.511811,,,7,,NOAA,2016-01-16T01:40:16.4930000-07:00,in
37,USC00051772,Snow,2014-02-11T00:00:00.0000000-07:00,0.000000,,,7,,NOAA,2016-01-16T01:40:16.4930000-07:00,in
37,USC00051772,Snow,2014-02-12T00:00:00.0000000-07:00,0.000000,,,7,,NOAA,2016-01-16T01:40:16.4930000-07:00,in
37,USC00051772,Snow,2014-02-13T00:00:00.0000000-07:00,0.000000,,,7,,NOAA,2016-01-16T01:40:16.4930000-07:00,in
37,USC00051772,Snow,2014-02-17T00:00:00.0000000-07:00,0.000000,,,7,,NOAA,2016-01-16T01:40:16.4930000-07:00,in
37,USC00051772,Snow,2014-02-18T00:00:00.0000000-07:00,0.000000,,,7,,NOAA,2016-01-16T01:40:16.4930000-07:00,in
37,USC00051772,Snow,2014-02-20T00:00:00.0000000-07:00,0.000000,,,7,,NOAA,2016-01-16T01:40:16.4930000-07:00,in
37,USC00051772,Snow,2014-02-28T00:00:00.0000000-07:00,0.000000,,,7,,NOAA,2016-01-16T01:40:16.4930000-07:00,in
37,USC00051772,Snow,2014-04-02T00:00:00.0000000-06:00,0.000000,T,,7,,NOAA,2016-01-16T01:40:16.4930000-07:00,in
37,USC00051772,Snow,2014-04-14T00:00:00.0000000-06:00,0.000000,T,,7,,NOAA,2016-01-16T01:40:16.4930000-07:00,in
37,USC00051772,Snow,2014-05-12T00:00:00.0000000-06:00,0.000000,T,,7,,NOAA,2016-01-16T01:40:16.4930000-07:00,in
37,USC00051772,Snow,2014-06-22T00:00:00.0000000-06:00,0.000000,,,7,,NOAA,2016-01-16T01:40:16.4930000-07:00,in
37,USC00051772,Snow,2014-06-23T00:00:00.0000000-06:00,0.000000,,,7,,NOAA,2016-01-16T01:40:16.4930000-07:00,in
37,USC00051772,Snow,2014-07-07T00:00:00.0000000-06:00,0.000000,,,7,,NOAA,2016-01-16T01:40:16.4930000-07:00,in
37,USC00051772,Snow,2014-07-15T00:00:00.0000000-06:00,0.000000,,,7,,NOAA,2016-01-16T01:40:16.4930000-07:00,in
37,USC00051772,Snow,2014-07-21T00:00:00.0000000-06:00,0.000000,,,7,,NOAA,2016-01-16T01:40:16.4930000-07:00,in
37,USC00051772,Snow,2014-08-10T00:00:00.0000000-06:00,0.000000,,,7,,NOAA,2016-01-16T01:40:16.4930000-07:00,in
37,USC00051772,Snow,2014-08-11T00:00:00.0000000-06:00,0.000000,,,7,,NOAA,2016-01-16T01:40:16.4930000-07:00,in
37,USC00051772,Snow,2014-09-16T00:00:00.0000000-06:00,0.000000,,,7,,NOAA,2016-01-16T01:40:16.4930000-07:00,in
37,USC00051772,Snow,2014-11-01T00:00:00.0000000-06:00,0.000000,,,7,,NOAA,2016-01-16T01:40:16.4930000-07:00,in
37,USC00051772,Snow,2014-11-02T00:00:00.0000000-06:00,0.000000,,,7,,NOAA,2016-01-16T01:40:16.4930000-07:00,in
37,USC00051772,Snow,2014-11-03T00:00:00.0000000-07:00,0.000000,,,7,,NOAA,2016-01-16T01:40:16.4930000-07:00,in
37,USC00051772,Snow,2014-11-04T00:00:00.0000000-07:00,0.000000,,,7,,NOAA,2016-01-16T01:40:16.4930000-07:00,in
37,USC00051772,Snow,2014-11-05T00:00:00.0000000-07:00,0.000000,,,7,,NOAA,2016-01-16T01:40:16.4930000-07:00,in
37,USC00051772,Snow,2014-11-06T00:00:00.0000000-07:00,0.000000,,,7,,NOAA,2016-01-16T01:40:16.4930000-07:00,in
37,USC00051772,Snow,2014-11-07T00:00:00.0000000-07:00,0.000000,,,7,,NOAA,2016-01-16T01:40:16.4930000-07:00,in
37,USC00051772,Snow,2014-11-08T00:00:00.0000000-07:00,0.000000,,,7,,NOAA,2016-01-16T01:40:16.4930000-07:00,in
37,USC00051772,Snow,2014-11-09T00:00:00.0000000-07:00,0.000000,,,7,,NOAA,2016-01-16T01:40:16.4930000-07:00,in
37,USC00051772,Snow,2014-11-10T00:00:00.0000000-07:00,0.000000,,,7,,NOAA,2016-01-16T01:40:16.4930000-07:00,in
37,USC00051772,Snow,2014-11-11T00:00:00.0000000-07:00,0.000000,,,7,,NOAA,2016-01-16T01:40:16.4930000-07:00,in
37,USC00051772,Snow,2014-11-12T00:00:00.0000000-07:00,0.000000,,,7,,NOAA,2016-01-16T01:40:16.4930000-07:00,in
37,USC00051772,Snow,2014-11-13T00:00:00.0000000-07:00,0.000000,,,7,,NOAA,2016-01-16T01:40:16.4930000-07:00,in
37,USC00051772,Snow,2014-11-14T00:00:00.0000000-07:00,0.000000,,,7,,NOAA,2016-01-16T01:40:16.4930000-07:00,in
37,USC00051772,Snow,2014-11-15T00:00:00.0000000-07:00,0.000000,,,7,,NOAA,2016-01-16T01:40:16.4930000-07:00,in
37,USC00051772,Snow,2014-11-16T00:00:00.0000000-07:00,0.000000,,,7,,NOAA,2016-01-16T01:40:16.4930000-07:00,in
37,USC00051772,Snow,2014-11-17T00:00:00.0000000-07:00,0.000000,,,7,,NOAA,2016-01-16T01:40:16.4930000-07:00,in
37,USC00051772,Snow,2014-11-18T00:00:00.0000000-07:00,0.000000,,,7,,NOAA,2016-01-16T01:40:16.4930000-07:00,in
37,USC00051772,Snow,2014-11-19T00:00:00.0000000-07:00,0.000000,,,7,,NOAA,2016-01-16T01:40:16.4930000-07:00,in
37,USC00051772,Snow,2014-11-20T00:00:00.0000000-07:00,0.000000,,,7,,NOAA,2016-01-16T01:40:16.4930000-07:00,in
37,USC00051772,Snow,2014-11-21T00:00:00.0000000-07:00,0.000000,,,7,,NOAA,2016-01-16T01:40:16.4930000-07:00,in
37,USC00051772,Snow,2014-11-22T00:00:00.0000000-07:00,0.000000,,,7,,NOAA,2016-01-16T01:40:16.4930000-07:00,in
37,USC00051772,Snow,2014-11-23T00:00:00.0000000-07:00,0.314961,,,7,,NOAA,2016-01-16T01:40:16.4930000-07:00,in
37,USC00051772,Snow,2014-11-24T00:00:00.0000000-07:00,0.118110,,,7,,NOAA,2016-01-16T01:40:16.4930000-07:00,in
37,USC00051772,Snow,2014-11-25T00:00:00.0000000-07:00,0.000000,,,7,,NOAA,2016-01-16T01:40:16.4930000-07:00,in
37,USC00051772,Snow,2014-11-26T00:00:00.0000000-07:00,0.000000,,,7,,NOAA,2016-01-16T01:40:16.4930000-07:00,in
37,USC00051772,Snow,2014-11-27T00:00:00.0000000-07:00,0.000000,,,7,,NOAA,2016-01-16T01:40:16.4930000-07:00,in
37,USC00051772,Snow,2014-11-28T00:00:00.0000000-07:00,0.000000,,,7,,NOAA,2016-01-16T01:40:16.4930000-07:00,in
37,USC00051772,Snow,2014-11-29T00:00:00.0000000-07:00,0.000000,,,7,,NOAA,2016-01-16T01:40:16.4930000-07:00,in
37,USC00051772,Snow,2014-11-30T00:00:00.0000000-07:00,0.000000,,,7,,NOAA,2016-01-16T01:40:16.4930000-07:00,in
37,USC00051772,Snow,2014-12-01T00:00:00.0000000-07:00,0.000000,,,7,,NOAA,2016-01-16T01:40:16.4930000-07:00,in
37,USC00051772,Snow,2014-12-02T00:00:00.0000000-07:00,0.000000,,,7,,NOAA,2016-01-16T01:40:16.4930000-07:00,in
37,USC00051772,Snow,2014-12-03T00:00:00.0000000-07:00,0.000000,,,7,,NOAA,2016-01-16T01:40:16.4930000-07:00,in
37,USC00051772,Snow,2014-12-04T00:00:00.0000000-07:00,0.000000,,,7,,NOAA,2016-01-16T01:40:16.4930000-07:00,in
37,USC00051772,Snow,2014-12-05T00:00:00.0000000-07:00,0.000000,,,7,,NOAA,2016-01-16T01:40:16.4930000-07:00,in
37,USC00051772,Snow,2014-12-09T00:00:00.0000000-07:00,0.000000,,,7,,NOAA,2016-01-16T01:40:16.4930000-07:00,in
37,USC00051772,Snow,2014-12-10T00:00:00.0000000-07:00,0.000000,,,7,,NOAA,2016-01-16T01:40:16.4930000-07:00,in
37,USC00051772,Snow,2014-12-11T00:00:00.0000000-07:00,0.000000,,,7,,NOAA,2016-01-16T01:40:16.4930000-07:00,in
37,USC00051772,Snow,2014-12-12T00:00:00.0000000-07:00,0.000000,,,7,,NOAA,2016-01-16T01:40:16.4930000-07:00,in
37,USC00051772,Snow,2014-12-13T00:00:00.0000000-07:00,0.000000,,,7,,NOAA,2016-01-16T01:40:16.4930000-07:00,in
37,USC00051772,Snow,2014-12-14T00:00:00.0000000-07:00,0.511811,,,7,,NOAA,2016-01-16T01:40:16.4930000-07:00,in
37,USC00051772,Snow,2014-12-15T00:00:00.0000000-07:00,0.000000,,,7,,NOAA,2016-01-16T01:40:16.4930000-07:00,in
37,USC00051772,Snow,2014-12-16T00:00:00.0000000-07:00,0.000000,,,7,,NOAA,2016-01-16T01:40:16.4930000-07:00,in
37,USC00051772,Snow,2014-12-17T00:00:00.0000000-07:00,0.000000,,,7,,NOAA,2016-01-16T01:40:16.4930000-07:00,in
37,USC00051772,Snow,2014-12-18T00:00:00.0000000-07:00,0.196850,,,7,,NOAA,2016-01-16T01:40:16.4930000-07:00,in
37,USC00051772,Snow,2014-12-19T00:00:00.0000000-07:00,0.314961,,,7,,NOAA,2016-01-16T01:40:16.4930000-07:00,in
37,USC00051772,Snow,2014-12-20T00:00:00.0000000-07:00,0.000000,,,7,,NOAA,2016-01-16T01:40:16.4930000-07:00,in
37,USC00051772,Snow,2014-12-21T00:00:00.0000000-07:00,0.196850,,,7,,NOAA,2016-01-16T01:40:16.4930000-07:00,in
37,USC00051772,Snow,2014-12-22T00:00:00.0000000-07:00,0.118110,,,7,,NOAA,2016-01-16T01:40:16.4930000-07:00,in
37,USC00051772,Snow,2014-12-23T00:00:00.0000000-07:00,0.984252,,,7,,NOAA,2016-01-16T01:40:16.4930000-07:00,in
37,USC00051772,Snow,2014-12-26T00:00:00.0000000-07:00,0.787402,,,7,,NOAA,2016-01-16T01:40:16.4930000-07:00,in
37,USC00051772,Snow,2014-12-27T00:00:00.0000000-07:00,0.314961,,,7,,NOAA,2016-01-16T01:40:16.4930000-07:00,in
37,USC00051772,Snow,2014-12-29T00:00:00.0000000-07:00,2.007874,,,7,,NOAA,2016-01-16T01:40:16.4930000-07:00,in
37,USC00051772,Snow,2014-12-30T00:00:00.0000000-07:00,3.818898,,,7,,NOAA,2016-01-16T01:40:16.4930000-07:00,in
37,USC00051772,Snow,2014-12-31T00:00:00.0000000-07:00,0.000000,,,7,,NOAA,2016-01-16T01:40:16.4930000-07:00,in
37,USC00051772,Snow,2015-01-01T00:00:00.0000000-07:00,0.000000,,,7,,NOAA,2017-01-14T03:50:51.2400000-07:00,in
37,USC00051772,Snow,2015-01-02T00:00:00.0000000-07:00,0.000000,,,7,,NOAA,2017-01-14T03:50:51.2400000-07:00,in
37,USC00051772,Snow,2015-01-03T00:00:00.0000000-07:00,0.000000,,,7,,NOAA,2017-01-14T03:50:51.2400000-07:00,in
37,USC00051772,Snow,2015-01-06T00:00:00.0000000-07:00,0.000000,,,7,,NOAA,2017-01-14T03:50:51.2400000-07:00,in
37,USC00051772,Snow,2015-01-07T00:00:00.0000000-07:00,0.000000,,,7,,NOAA,2017-01-14T03:50:51.2400000-07:00,in
37,USC00051772,Snow,2015-01-08T00:00:00.0000000-07:00,0.000000,,,7,,NOAA,2017-01-14T03:50:51.2400000-07:00,in
37,USC00051772,Snow,2015-01-09T00:00:00.0000000-07:00,0.000000,,,7,,NOAA,2017-01-14T03:50:51.2400000-07:00,in
37,USC00051772,Snow,2015-01-10T00:00:00.0000000-07:00,0.000000,,,7,,NOAA,2017-01-14T03:50:51.2400000-07:00,in
37,USC00051772,Snow,2015-01-11T00:00:00.0000000-07:00,2.007874,,,7,,NOAA,2017-01-14T03:50:51.2400000-07:00,in
37,USC00051772,Snow,2015-01-15T00:00:00.0000000-07:00,0.000000,,,7,,NOAA,2017-01-14T03:50:51.2400000-07:00,in
37,USC00051772,Snow,2015-01-16T00:00:00.0000000-07:00,0.000000,,,7,,NOAA,2017-01-14T03:50:51.2400000-07:00,in
37,USC00051772,Snow,2015-01-17T00:00:00.0000000-07:00,0.000000,,,7,,NOAA,2017-01-14T03:50:51.2400000-07:00,in
37,USC00051772,Snow,2015-01-18T00:00:00.0000000-07:00,0.000000,,,7,,NOAA,2017-01-14T03:50:51.2400000-07:00,in
37,USC00051772,Snow,2015-01-19T00:00:00.0000000-07:00,0.000000,,,7,,NOAA,2017-01-14T03:50:51.2400000-07:00,in
37,USC00051772,Snow,2015-01-22T00:00:00.0000000-07:00,0.000000,,,7,,NOAA,2017-01-14T03:50:51.2400000-07:00,in
37,USC00051772,Snow,2015-01-23T00:00:00.0000000-07:00,0.000000,,,7,,NOAA,2017-01-14T03:50:51.2400000-07:00,in
37,USC00051772,Snow,2015-01-24T00:00:00.0000000-07:00,0.000000,,,7,,NOAA,2017-01-14T03:50:51.2400000-07:00,in
37,USC00051772,Snow,2015-01-25T00:00:00.0000000-07:00,0.000000,,,7,,NOAA,2017-01-14T03:50:51.2400000-07:00,in
37,USC00051772,Snow,2015-01-26T00:00:00.0000000-07:00,0.000000,,,7,,NOAA,2017-01-14T03:50:51.2400000-07:00,in
37,USC00051772,Snow,2015-01-27T00:00:00.0000000-07:00,0.000000,,,7,,NOAA,2017-01-14T03:50:51.2400000-07:00,in
37,USC00051772,Snow,2015-01-28T00:00:00.0000000-07:00,0.000000,,,7,,NOAA,2017-01-14T03:50:51.2400000-07:00,in
37,USC00051772,Snow,2015-01-30T00:00:00.0000000-07:00,0.000000,,,7,,NOAA,2017-01-14T03:50:51.2400000-07:00,in
37,USC00051772,Snow,2015-01-31T00:00:00.0000000-07:00,0.000000,,,7,,NOAA,2017-01-14T03:50:51.2400000-07:00,in
37,USC00051772,Snow,2015-02-01T00:00:00.0000000-07:00,0.000000,,,7,,NOAA,2017-01-14T03:50:51.2400000-07:00,in
37,USC00051772,Snow,2015-02-02T00:00:00.0000000-07:00,0.000000,,,7,,NOAA,2017-01-14T03:50:51.2400000-07:00,in
37,USC00051772,Snow,2015-02-05T00:00:00.0000000-07:00,0.000000,,,7,,NOAA,2017-01-14T03:50:51.2400000-07:00,in
37,USC00051772,Snow,2015-02-06T00:00:00.0000000-07:00,0.000000,,,7,,NOAA,2017-01-14T03:50:51.2400000-07:00,in
37,USC00051772,Snow,2015-02-07T00:00:00.0000000-07:00,0.000000,,,7,,NOAA,2017-01-14T03:50:51.2400000-07:00,in
37,USC00051772,Snow,2015-02-08T00:00:00.0000000-07:00,0.000000,,,7,,NOAA,2017-01-14T03:50:51.2400000-07:00,in
37,USC00051772,Snow,2015-02-09T00:00:00.0000000-07:00,0.000000,,,7,,NOAA,2017-01-14T03:50:51.2400000-07:00,in
37,USC00051772,Snow,2015-02-11T00:00:00.0000000-07:00,0.000000,,,7,,NOAA,2017-01-14T03:50:51.2400000-07:00,in
37,USC00051772,Snow,2015-02-12T00:00:00.0000000-07:00,0.000000,,,7,,NOAA,2017-01-14T03:50:51.2400000-07:00,in
37,USC00051772,Snow,2015-02-13T00:00:00.0000000-07:00,0.000000,,,7,,NOAA,2017-01-14T03:50:51.2400000-07:00,in
37,USC00051772,Snow,2015-02-14T00:00:00.0000000-07:00,0.000000,,,7,,NOAA,2017-01-14T03:50:51.2400000-07:00,in
37,USC00051772,Snow,2015-02-15T00:00:00.0000000-07:00,0.000000,,,7,,NOAA,2017-01-14T03:50:51.2400000-07:00,in
37,USC00051772,Snow,2015-02-16T00:00:00.0000000-07:00,0.000000,,,7,,NOAA,2017-01-14T03:50:51.2400000-07:00,in
37,USC00051772,Snow,2015-02-17T00:00:00.0000000-07:00,0.000000,,,7,,NOAA,2017-01-14T03:50:51.2400000-07:00,in
37,USC00051772,Snow,2015-02-18T00:00:00.0000000-07:00,0.000000,,,7,,NOAA,2017-01-14T03:50:51.2400000-07:00,in
37,USC00051772,Snow,2015-02-19T00:00:00.0000000-07:00,0.000000,,,7,,NOAA,2017-01-14T03:50:51.2400000-07:00,in
37,USC00051772,Snow,2015-02-20T00:00:00.0000000-07:00,0.000000,,,7,,NOAA,2017-01-14T03:50:51.2400000-07:00,in
37,USC00051772,Snow,2015-02-21T00:00:00.0000000-07:00,0.000000,,,7,,NOAA,2017-01-14T03:50:51.2400000-07:00,in
37,USC00051772,Snow,2015-02-22T00:00:00.0000000-07:00,0.000000,,,7,,NOAA,2017-01-14T03:50:51.2400000-07:00,in
37,USC00051772,Snow,2015-02-23T00:00:00.0000000-07:00,1.811024,,,7,,NOAA,2017-01-14T03:50:51.2400000-07:00,in
37,USC00051772,Snow,2015-02-24T00:00:00.0000000-07:00,0.000000,,,7,,NOAA,2017-01-14T03:50:51.2400000-07:00,in
37,USC00051772,Snow,2015-02-25T00:00:00.0000000-07:00,0.000000,,,7,,NOAA,2017-01-14T03:50:51.2400000-07:00,in
37,USC00051772,Snow,2015-02-26T00:00:00.0000000-07:00,0.000000,T,,7,,NOAA,2017-01-14T03:50:51.2400000-07:00,in
37,USC00051772,Snow,2015-02-27T00:00:00.0000000-07:00,0.393701,,,7,,NOAA,2017-01-14T03:50:51.2400000-07:00,in
37,USC00051772,Snow,2015-02-28T00:00:00.0000000-07:00,0.984252,,,7,,NOAA,2017-01-14T03:50:51.2400000-07:00,in
37,USC00051772,Snow,2015-03-04T00:00:00.0000000-07:00,0.984252,,,7,,NOAA,2017-01-14T03:50:51.2400000-07:00,in
37,USC00051772,Snow,2015-03-08T00:00:00.0000000-07:00,0.000000,,,7,,NOAA,2017-01-14T03:50:51.2400000-07:00,in
37,USC00051772,Snow,2015-03-09T00:00:00.0000000-06:00,0.000000,,,7,,NOAA,2017-01-14T03:50:51.2400000-07:00,in
37,USC00051772,Snow,2015-03-13T00:00:00.0000000-06:00,0.000000,,,7,,NOAA,2017-01-14T03:50:51.2400000-07:00,in
37,USC00051772,Snow,2015-03-14T00:00:00.0000000-06:00,0.000000,,,7,,NOAA,2017-01-14T03:50:51.2400000-07:00,in
37,USC00051772,Snow,2015-03-15T00:00:00.0000000-06:00,0.000000,,,7,,NOAA,2017-01-14T03:50:51.2400000-07:00,in
37,USC00051772,Snow,2015-03-16T00:00:00.0000000-06:00,0.000000,,,7,,NOAA,2017-01-14T03:50:51.2400000-07:00,in
37,USC00051772,Snow,2015-03-19T00:00:00.0000000-06:00,0.000000,,,7,,NOAA,2017-01-14T03:50:51.2400000-07:00,in
37,USC00051772,Snow,2015-03-20T00:00:00.0000000-06:00,0.000000,,,7,,NOAA,2017-01-14T03:50:51.2400000-07:00,in
37,USC00051772,Snow,2015-03-21T00:00:00.0000000-06:00,0.000000,,,7,,NOAA,2017-01-14T03:50:51.2400000-07:00,in
37,USC00051772,Snow,2015-03-22T00:00:00.0000000-06:00,0.000000,,,7,,NOAA,2017-01-14T03:50:51.2400000-07:00,in
37,USC00051772,Snow,2015-03-27T00:00:00.0000000-06:00,0.000000,,,7,,NOAA,2017-01-14T03:50:51.2400000-07:00,in
37,USC00051772,Snow,2015-03-28T00:00:00.0000000-06:00,0.000000,,,7,,NOAA,2017-01-14T03:50:51.2400000-07:00,in
37,USC00051772,Snow,2015-03-29T00:00:00.0000000-06:00,0.000000,,,7,,NOAA,2017-01-14T03:50:51.2400000-07:00,in
37,USC00051772,Snow,2015-03-30T00:00:00.0000000-06:00,0.000000,,,7,,NOAA,2017-01-14T03:50:51.2400000-07:00,in
37,USC00051772,Snow,2015-04-04T00:00:00.0000000-06:00,0.000000,,,7,,NOAA,2017-01-14T03:50:51.2400000-07:00,in
37,USC00051772,Snow,2015-04-17T00:00:00.0000000-06:00,2.007874,,,7,,NOAA,2017-01-14T03:50:51.2400000-07:00,in
37,USC00051772,Snow,2015-05-20T00:00:00.0000000-06:00,0.000000,,,7,,NOAA,2017-01-14T03:50:51.2400000-07:00,in
37,USC00051772,Snow,2015-06-01T00:00:00.0000000-06:00,0.000000,,,H,,NOAA,2015-07-14T07:04:31.0800000-06:00,in
37,USC00051772,Snow,2015-06-04T00:00:00.0000000-06:00,0.000000,,,H,,NOAA,2015-07-14T07:04:31.0800000-06:00,in
37,USC00051772,Snow,2015-06-05T00:00:00.0000000-06:00,0.000000,,,H,,NOAA,2015-07-14T07:04:31.0800000-06:00,in
37,USC00051772,Snow,2015-06-06T00:00:00.0000000-06:00,0.000000,,,H,,NOAA,2015-07-14T07:04:31.0800000-06:00,in
37,USC00051772,Snow,2015-06-07T00:00:00.0000000-06:00,0.000000,,,H,,NOAA,2015-07-14T07:04:31.0800000-06:00,in
37,USC00051772,Snow,2015-06-08T00:00:00.0000000-06:00,0.000000,,,H,,NOAA,2015-07-14T07:04:31.0800000-06:00,in
37,USC00051772,Snow,2015-06-09T00:00:00.0000000-06:00,0.000000,,,H,,NOAA,2015-07-14T07:04:31.0800000-06:00,in
37,USC00051772,Snow,2015-06-10T00:00:00.0000000-06:00,0.000000,,,H,,NOAA,2015-07-14T07:04:31.0800000-06:00,in
37,USC00051772,Snow,2015-06-11T00:00:00.0000000-06:00,0.000000,,,H,,NOAA,2015-07-14T07:04:31.0800000-06:00,in
37,USC00051772,Snow,2015-06-12T00:00:00.0000000-06:00,0.000000,,,H,,NOAA,2015-07-14T07:04:31.0800000-06:00,in
37,USC00051772,Snow,2015-06-13T00:00:00.0000000-06:00,0.000000,,,H,,NOAA,2015-07-14T07:04:31.0800000-06:00,in
37,USC00051772,Snow,2015-06-14T00:00:00.0000000-06:00,0.000000,,,H,,NOAA,2015-07-14T07:04:31.0800000-06:00,in
37,USC00051772,Snow,2015-06-16T00:00:00.0000000-06:00,0.000000,,,H,,NOAA,2015-07-14T07:04:31.0800000-06:00,in
37,USC00051772,Snow,2015-06-17T00:00:00.0000000-06:00,0.000000,,,H,,NOAA,2015-07-14T07:04:31.0800000-06:00,in
37,USC00051772,Snow,2015-06-18T00:00:00.0000000-06:00,0.000000,,,H,,NOAA,2015-07-14T07:04:31.0800000-06:00,in
37,USC00051772,Snow,2015-06-19T00:00:00.0000000-06:00,0.000000,,,H,,NOAA,2015-07-14T07:04:31.0800000-06:00,in
37,USC00051772,Snow,2015-06-20T00:00:00.0000000-06:00,0.000000,,,H,,NOAA,2015-07-14T07:04:31.0800000-06:00,in
37,USC00051772,Snow,2015-06-21T00:00:00.0000000-06:00,0.000000,,,H,,NOAA,2015-07-14T07:04:31.0800000-06:00,in
37,USC00051772,Snow,2015-06-22T00:00:00.0000000-06:00,0.000000,,,H,,NOAA,2015-07-14T07:04:31.0800000-06:00,in
37,USC00051772,Snow,2015-06-23T00:00:00.0000000-06:00,0.000000,,,H,,NOAA,2015-07-14T07:04:31.0800000-06:00,in
37,USC00051772,Snow,2015-06-24T00:00:00.0000000-06:00,0.000000,,,H,,NOAA,2015-07-14T07:04:31.0800000-06:00,in
37,USC00051772,Snow,2015-06-25T00:00:00.0000000-06:00,0.000000,,,H,,NOAA,2015-07-14T07:04:31.0800000-06:00,in
37,USC00051772,Snow,2015-06-26T00:00:00.0000000-06:00,0.000000,,,H,,NOAA,2015-07-14T07:04:31.0800000-06:00,in
37,USC00051772,Snow,2015-06-27T00:00:00.0000000-06:00,0.000000,,,H,,NOAA,2015-07-14T07:04:31.0800000-06:00,in
37,USC00051772,Snow,2015-06-28T00:00:00.0000000-06:00,0.000000,,,H,,NOAA,2015-07-14T07:04:31.0800000-06:00,in
37,USC00051772,Snow,2015-06-30T00:00:00.0000000-06:00,0.000000,,,H,,NOAA,2015-07-14T07:04:31.0800000-06:00,in
37,USC00051772,Snow,2015-07-01T00:00:00.0000000-06:00,0.000000,,,H,,NOAA,2015-08-17T06:20:49.0870000-06:00,in
37,USC00051772,Snow,2015-07-02T00:00:00.0000000-06:00,0.000000,,,H,,NOAA,2015-08-17T06:20:49.0870000-06:00,in
37,USC00051772,Snow,2015-07-03T00:00:00.0000000-06:00,0.000000,,,H,,NOAA,2015-08-17T06:20:49.0870000-06:00,in
37,USC00051772,Snow,2015-07-04T00:00:00.0000000-06:00,0.000000,,,H,,NOAA,2015-08-17T06:20:49.0870000-06:00,in
37,USC00051772,Snow,2015-07-05T00:00:00.0000000-06:00,0.000000,,,H,,NOAA,2015-08-17T06:20:49.0870000-06:00,in
37,USC00051772,Snow,2015-07-06T00:00:00.0000000-06:00,0.000000,,,H,,NOAA,2015-08-17T06:20:49.0870000-06:00,in
37,USC00051772,Snow,2015-07-07T00:00:00.0000000-06:00,0.000000,,,H,,NOAA,2015-08-17T06:20:49.0870000-06:00,in
37,USC00051772,Snow,2015-07-08T00:00:00.0000000-06:00,0.000000,,,H,,NOAA,2015-08-17T06:20:49.0870000-06:00,in
37,USC00051772,Snow,2015-07-09T00:00:00.0000000-06:00,0.000000,,,H,,NOAA,2015-08-17T06:20:49.0870000-06:00,in
37,USC00051772,Snow,2015-07-10T00:00:00.0000000-06:00,0.000000,,,H,,NOAA,2015-08-17T06:20:49.0870000-06:00,in
37,USC00051772,Snow,2015-07-11T00:00:00.0000000-06:00,0.000000,,,H,,NOAA,2015-08-17T06:20:49.0870000-06:00,in
37,USC00051772,Snow,2015-07-12T00:00:00.0000000-06:00,0.000000,,,H,,NOAA,2015-08-17T06:20:49.0870000-06:00,in
37,USC00051772,Snow,2015-07-13T00:00:00.0000000-06:00,0.000000,,,H,,NOAA,2015-08-17T06:20:49.0870000-06:00,in
37,USC00051772,Snow,2015-07-14T00:00:00.0000000-06:00,0.000000,,,H,,NOAA,2015-08-17T06:20:49.0870000-06:00,in
37,USC00051772,Snow,2015-07-15T00:00:00.0000000-06:00,0.000000,,,H,,NOAA,2015-08-17T06:20:49.0870000-06:00,in
37,USC00051772,Snow,2015-07-16T00:00:00.0000000-06:00,0.000000,,,H,,NOAA,2015-08-17T06:20:49.0870000-06:00,in
37,USC00051772,Snow,2015-07-17T00:00:00.0000000-06:00,0.000000,,,H,,NOAA,2015-08-17T06:20:49.0870000-06:00,in
37,USC00051772,Snow,2015-07-18T00:00:00.0000000-06:00,0.000000,,,H,,NOAA,2015-08-17T06:20:49.0870000-06:00,in
37,USC00051772,Snow,2015-07-19T00:00:00.0000000-06:00,0.000000,,,H,,NOAA,2015-08-17T06:20:49.0870000-06:00,in
37,USC00051772,Snow,2015-07-20T00:00:00.0000000-06:00,0.000000,,,H,,NOAA,2015-08-17T06:20:49.0870000-06:00,in
37,USC00051772,Snow,2015-07-21T00:00:00.0000000-06:00,0.000000,,,H,,NOAA,2015-08-17T06:20:49.0870000-06:00,in
37,USC00051772,Snow,2015-07-22T00:00:00.0000000-06:00,0.000000,,,H,,NOAA,2015-08-17T06:20:49.0870000-06:00,in
37,USC00051772,Snow,2015-07-23T00:00:00.0000000-06:00,0.000000,,,H,,NOAA,2015-08-17T06:20:49.0870000-06:00,in
37,USC00051772,Snow,2015-07-24T00:00:00.0000000-06:00,0.000000,,,H,,NOAA,2015-08-17T06:20:49.0870000-06:00,in
37,USC00051772,Snow,2015-07-25T00:00:00.0000000-06:00,0.000000,,,H,,NOAA,2015-08-17T06:20:49.0870000-06:00,in
37,USC00051772,Snow,2015-07-26T00:00:00.0000000-06:00,0.000000,,,H,,NOAA,2015-08-17T06:20:49.0870000-06:00,in
37,USC00051772,Snow,2015-07-27T00:00:00.0000000-06:00,0.000000,,,H,,NOAA,2015-08-17T06:20:49.0870000-06:00,in
37,USC00051772,Snow,2015-07-28T00:00:00.0000000-06:00,0.000000,,,H,,NOAA,2015-08-17T06:20:49.0870000-06:00,in
37,USC00051772,Snow,2015-07-29T00:00:00.0000000-06:00,0.000000,,,H,,NOAA,2015-08-17T06:20:49.0870000-06:00,in
37,USC00051772,Snow,2015-07-30T00:00:00.0000000-06:00,0.000000,,,H,,NOAA,2015-08-17T06:20:49.0870000-06:00,in
37,USC00051772,Snow,2015-07-31T00:00:00.0000000-06:00,0.000000,,,H,,NOAA,2015-08-17T06:20:49.0870000-06:00,in
37,USC00051772,Snow,2015-08-08T00:00:00.0000000-06:00,0.000000,,,7,,NOAA,2017-01-14T03:50:51.2400000-07:00,in
37,USC00051772,Snow,2015-09-01T00:00:00.0000000-06:00,0.000000,,,H,,NOAA,2015-10-15T08:48:28.1300000-06:00,in
37,USC00051772,Snow,2015-09-02T00:00:00.0000000-06:00,0.000000,,,H,,NOAA,2015-10-15T08:48:28.1300000-06:00,in
37,USC00051772,Snow,2015-09-03T00:00:00.0000000-06:00,0.000000,,,H,,NOAA,2015-10-15T08:48:28.1300000-06:00,in
37,USC00051772,Snow,2015-09-04T00:00:00.0000000-06:00,0.000000,,,H,,NOAA,2015-10-15T08:48:28.1300000-06:00,in
37,USC00051772,Snow,2015-09-05T00:00:00.0000000-06:00,0.000000,,,H,,NOAA,2015-10-15T08:48:28.1300000-06:00,in
37,USC00051772,Snow,2015-09-06T00:00:00.0000000-06:00,0.000000,,,H,,NOAA,2015-10-15T08:48:28.1300000-06:00,in
37,USC00051772,Snow,2015-09-07T00:00:00.0000000-06:00,0.000000,,,H,,NOAA,2015-10-15T08:48:28.1300000-06:00,in
37,USC00051772,Snow,2015-09-08T00:00:00.0000000-06:00,0.000000,,,H,,NOAA,2015-10-15T08:48:28.1300000-06:00,in
37,USC00051772,Snow,2015-09-09T00:00:00.0000000-06:00,0.000000,,,H,,NOAA,2015-10-15T08:48:28.1300000-06:00,in
37,USC00051772,Snow,2015-09-10T00:00:00.0000000-06:00,0.000000,,,H,,NOAA,2015-10-15T08:48:28.1300000-06:00,in
37,USC00051772,Snow,2015-09-11T00:00:00.0000000-06:00,0.000000,,,H,,NOAA,2015-10-15T08:48:28.1300000-06:00,in
37,USC00051772,Snow,2015-09-12T00:00:00.0000000-06:00,0.000000,,,H,,NOAA,2015-10-15T08:48:28.1300000-06:00,in
37,USC00051772,Snow,2015-09-13T00:00:00.0000000-06:00,0.000000,,,H,,NOAA,2015-10-15T08:48:28.1300000-06:00,in
37,USC00051772,Snow,2015-09-14T00:00:00.0000000-06:00,0.000000,,,H,,NOAA,2015-10-15T08:48:28.1300000-06:00,in
37,USC00051772,Snow,2015-09-16T00:00:00.0000000-06:00,0.000000,,,H,,NOAA,2015-10-15T08:48:28.1300000-06:00,in
37,USC00051772,Snow,2015-09-17T00:00:00.0000000-06:00,0.000000,,,H,,NOAA,2015-10-15T08:48:28.1300000-06:00,in
37,USC00051772,Snow,2015-09-18T00:00:00.0000000-06:00,0.000000,,,H,,NOAA,2015-10-15T08:48:28.1300000-06:00,in
37,USC00051772,Snow,2015-09-20T00:00:00.0000000-06:00,0.000000,,,H,,NOAA,2015-10-15T08:48:28.1300000-06:00,in
37,USC00051772,Snow,2015-09-21T00:00:00.0000000-06:00,0.000000,,,H,,NOAA,2015-10-15T08:48:28.1300000-06:00,in
37,USC00051772,Snow,2015-09-22T00:00:00.0000000-06:00,0.000000,,,H,,NOAA,2015-10-15T08:48:28.1300000-06:00,in
37,USC00051772,Snow,2015-09-23T00:00:00.0000000-06:00,0.000000,,,H,,NOAA,2015-10-15T08:48:28.1300000-06:00,in
37,USC00051772,Snow,2015-09-24T00:00:00.0000000-06:00,0.000000,,,H,,NOAA,2015-10-15T08:48:28.1300000-06:00,in
37,USC00051772,Snow,2015-09-25T00:00:00.0000000-06:00,0.000000,,,H,,NOAA,2015-10-15T08:48:28.1300000-06:00,in
37,USC00051772,Snow,2015-09-26T00:00:00.0000000-06:00,0.000000,,,H,,NOAA,2015-10-15T08:48:28.1300000-06:00,in
37,USC00051772,Snow,2015-09-27T00:00:00.0000000-06:00,0.000000,,,H,,NOAA,2015-10-15T08:48:28.1300000-06:00,in
37,USC00051772,Snow,2015-09-28T00:00:00.0000000-06:00,0.000000,,,H,,NOAA,2015-10-15T08:48:28.1300000-06:00,in
37,USC00051772,Snow,2015-09-29T00:00:00.0000000-06:00,0.000000,,,H,,NOAA,2015-10-15T08:48:28.1300000-06:00,in
37,USC00051772,Snow,2015-09-30T00:00:00.0000000-06:00,0.000000,,,H,,NOAA,2015-10-15T08:48:28.1300000-06:00,in
37,USC00051772,Snow,2015-10-01T00:00:00.0000000-06:00,0.000000,,,H,,NOAA,2015-11-16T06:18:05.2870000-07:00,in
37,USC00051772,Snow,2015-10-02T00:00:00.0000000-06:00,0.000000,,,H,,NOAA,2015-11-16T06:18:05.2870000-07:00,in
37,USC00051772,Snow,2015-10-03T00:00:00.0000000-06:00,0.000000,,,H,,NOAA,2015-11-16T06:18:05.2870000-07:00,in
37,USC00051772,Snow,2015-10-04T00:00:00.0000000-06:00,0.000000,,,H,,NOAA,2015-11-16T06:18:05.2870000-07:00,in
37,USC00051772,Snow,2015-10-05T00:00:00.0000000-06:00,0.000000,,,H,,NOAA,2015-11-16T06:18:05.2870000-07:00,in
37,USC00051772,Snow,2015-10-06T00:00:00.0000000-06:00,0.000000,,,H,,NOAA,2015-11-16T06:18:05.2870000-07:00,in
37,USC00051772,Snow,2015-10-07T00:00:00.0000000-06:00,0.000000,,,H,,NOAA,2015-11-16T06:18:05.2870000-07:00,in
37,USC00051772,Snow,2015-10-08T00:00:00.0000000-06:00,0.000000,,,H,,NOAA,2015-11-16T06:18:05.2870000-07:00,in
37,USC00051772,Snow,2015-10-11T00:00:00.0000000-06:00,0.000000,,,H,,NOAA,2015-11-16T06:18:05.2870000-07:00,in
37,USC00051772,Snow,2015-10-12T00:00:00.0000000-06:00,0.000000,,,H,,NOAA,2015-11-16T06:18:05.2870000-07:00,in
37,USC00051772,Snow,2015-10-14T00:00:00.0000000-06:00,0.000000,,,H,,NOAA,2015-11-16T06:18:05.2870000-07:00,in
37,USC00051772,Snow,2015-10-15T00:00:00.0000000-06:00,0.000000,,,H,,NOAA,2015-11-16T06:18:05.2870000-07:00,in
37,USC00051772,Snow,2015-10-16T00:00:00.0000000-06:00,0.000000,,,H,,NOAA,2015-11-16T06:18:05.2870000-07:00,in
37,USC00051772,Snow,2015-10-17T00:00:00.0000000-06:00,0.000000,,,H,,NOAA,2015-11-16T06:18:05.2870000-07:00,in
37,USC00051772,Snow,2015-10-18T00:00:00.0000000-06:00,0.000000,,,H,,NOAA,2015-11-16T06:18:05.2870000-07:00,in
37,USC00051772,Snow,2015-10-19T00:00:00.0000000-06:00,0.000000,,,H,,NOAA,2015-11-16T06:18:05.2870000-07:00,in
37,USC00051772,Snow,2015-10-20T00:00:00.0000000-06:00,0.000000,,,H,,NOAA,2015-11-16T06:18:05.2870000-07:00,in
37,USC00051772,Snow,2015-10-21T00:00:00.0000000-06:00,0.000000,,,H,,NOAA,2015-11-16T06:18:05.2870000-07:00,in
37,USC00051772,Snow,2015-10-22T00:00:00.0000000-06:00,0.000000,,,H,,NOAA,2015-11-16T06:18:05.2870000-07:00,in
37,USC00051772,Snow,2015-10-24T00:00:00.0000000-06:00,0.000000,,,H,,NOAA,2015-11-16T06:18:05.2870000-07:00,in
37,USC00051772,Snow,2015-10-25T00:00:00.0000000-06:00,0.000000,,,H,,NOAA,2015-11-16T06:18:05.2870000-07:00,in
37,USC00051772,Snow,2015-10-26T00:00:00.0000000-06:00,0.000000,,,H,,NOAA,2015-11-16T06:18:05.2870000-07:00,in
37,USC00051772,Snow,2015-10-27T00:00:00.0000000-06:00,0.000000,,,H,,NOAA,2015-11-16T06:18:05.2870000-07:00,in
37,USC00051772,Snow,2015-10-28T00:00:00.0000000-06:00,0.000000,,,H,,NOAA,2015-11-16T06:18:05.2870000-07:00,in
37,USC00051772,Snow,2015-10-30T00:00:00.0000000-06:00,0.000000,,,H,,NOAA,2015-11-16T06:18:05.2870000-07:00,in
37,USC00051772,Snow,2015-10-31T00:00:00.0000000-06:00,0.000000,,,H,,NOAA,2015-11-16T06:18:05.2870000-07:00,in
37,USC00051772,Snow,2015-11-28T00:00:00.0000000-07:00,1.614173,,,7,,NOAA,2017-01-14T03:50:51.2400000-07:00,in
37,USC00051772,Snow,2015-11-29T00:00:00.0000000-07:00,0.984252,,,7,,NOAA,2017-01-14T03:50:51.2400000-07:00,in
37,USC00051772,Snow,2015-11-30T00:00:00.0000000-07:00,0.393701,,,7,,NOAA,2017-01-14T03:50:51.2400000-07:00,in
37,USC00051772,Snow,2015-12-12T00:00:00.0000000-07:00,0.708661,,,7,,NOAA,2017-01-14T03:50:51.2400000-07:00,in
37,USC00051772,Snow,2015-12-14T00:00:00.0000000-07:00,0.314961,,,7,,NOAA,2017-01-14T03:50:51.2400000-07:00,in
37,USC00051772,Snow,2015-12-15T00:00:00.0000000-07:00,0.314961,,,7,,NOAA,2017-01-14T03:50:51.2400000-07:00,in
37,USC00051772,Snow,2015-12-17T00:00:00.0000000-07:00,0.196850,,,7,,NOAA,2017-01-14T03:50:51.2400000-07:00,in
37,USC00051772,Snow,2015-12-21T00:00:00.0000000-07:00,0.118110,,,7,,NOAA,2017-01-14T03:50:51.2400000-07:00,in
37,USC00051772,Snow,2015-12-22T00:00:00.0000000-07:00,0.511811,,,7,,NOAA,2017-01-14T03:50:51.2400000-07:00,in
37,USC00051772,Snow,2015-12-24T00:00:00.0000000-07:00,0.118110,,,7,,NOAA,2017-01-14T03:50:51.2400000-07:00,in
37,USC00051772,Snow,2015-12-26T00:00:00.0000000-07:00,4.015748,,,7,,NOAA,2017-01-14T03:50:51.2400000-07:00,in
37,USC00051772,Snow,2015-12-30T00:00:00.0000000-07:00,0.196850,,,7,,NOAA,2017-01-14T03:50:51.2400000-07:00,in
37,USC00051772,Snow,2015-12-31T00:00:00.0000000-07:00,1.181102,,,7,,NOAA,2017-01-14T03:50:51.2400000-07:00,in
37,USC00051772,Snow,2016-01-05T00:00:00.0000000-07:00,0.196850,,,7,,NOAA,2018-01-14T03:41:40.4300000-07:00,in
37,USC00051772,Snow,2016-01-07T00:00:00.0000000-07:00,2.401575,,,7,,NOAA,2018-01-14T03:41:40.4300000-07:00,in
37,USC00051772,Snow,2016-01-11T00:00:00.0000000-07:00,0.000000,,,7,,NOAA,2018-01-14T03:41:40.4300000-07:00,in
37,USC00051772,Snow,2016-01-13T00:00:00.0000000-07:00,0.000000,,,7,,NOAA,2018-01-14T03:41:40.4300000-07:00,in
37,USC00051772,Snow,2016-01-14T00:00:00.0000000-07:00,0.000000,,,7,,NOAA,2018-01-14T03:41:40.4300000-07:00,in
37,USC00051772,Snow,2016-01-15T00:00:00.0000000-07:00,1.496063,,,7,,NOAA,2018-01-14T03:41:40.4300000-07:00,in
37,USC00051772,Snow,2016-01-19T00:00:00.0000000-07:00,1.417323,,,7,,NOAA,2018-01-14T03:41:40.4300000-07:00,in
37,USC00051772,Snow,2016-01-20T00:00:00.0000000-07:00,0.196850,,,7,,NOAA,2018-01-14T03:41:40.4300000-07:00,in
37,USC00051772,Snow,2016-01-21T00:00:00.0000000-07:00,0.984252,,,7,,NOAA,2018-01-14T03:41:40.4300000-07:00,in
37,USC00051772,Snow,2016-01-29T00:00:00.0000000-07:00,0.118110,,,7,,NOAA,2018-01-14T03:41:40.4300000-07:00,in
37,USC00051772,Snow,2016-01-31T00:00:00.0000000-07:00,5.511811,,,7,,NOAA,2018-01-14T03:41:40.4300000-07:00,in
37,USC00051772,Snow,2016-02-01T00:00:00.0000000-07:00,5.118110,,,7,,NOAA,2018-01-14T03:41:40.4300000-07:00,in
37,USC00051772,Snow,2016-02-02T00:00:00.0000000-07:00,0.393701,,,7,,NOAA,2018-01-14T03:41:40.4300000-07:00,in
37,USC00051772,Snow,2016-02-04T00:00:00.0000000-07:00,0.000000,,,7,,NOAA,2018-01-14T03:41:40.4300000-07:00,in
37,USC00051772,Snow,2016-02-05T00:00:00.0000000-07:00,0.984252,,,7,,NOAA,2018-01-14T03:41:40.4300000-07:00,in
37,USC00051772,Snow,2016-02-13T00:00:00.0000000-07:00,0.000000,,,7,,NOAA,2018-01-14T03:41:40.4300000-07:00,in
37,USC00051772,Snow,2016-02-23T00:00:00.0000000-07:00,0.787402,,,7,,NOAA,2018-01-14T03:41:40.4300000-07:00,in
37,USC00051772,Snow,2016-02-24T00:00:00.0000000-07:00,0.000000,,,7,,NOAA,2018-01-14T03:41:40.4300000-07:00,in
37,USC00051772,Snow,2016-02-25T00:00:00.0000000-07:00,0.000000,,,7,,NOAA,2018-01-14T03:41:40.4300000-07:00,in
37,USC00051772,Snow,2016-03-16T00:00:00.0000000-06:00,0.196850,,,7,,NOAA,2018-01-14T03:41:40.4300000-07:00,in
37,USC00051772,Snow,2016-03-23T00:00:00.0000000-06:00,0.511811,,,7,,NOAA,2018-01-14T03:41:40.4300000-07:00,in
37,USC00051772,Snow,2016-03-24T00:00:00.0000000-06:00,0.000000,,,7,,NOAA,2018-01-14T03:41:40.4300000-07:00,in
37,USC00051772,Snow,2016-03-29T00:00:00.0000000-06:00,0.000000,,,7,,NOAA,2018-01-14T03:41:40.4300000-07:00,in
37,USC00051772,Snow,2016-03-30T00:00:00.0000000-06:00,2.007874,,,7,,NOAA,2018-01-14T03:41:40.4300000-07:00,in
37,USC00051772,Snow,2016-04-01T00:00:00.0000000-06:00,0.000000,,,7,,NOAA,2018-01-14T03:41:40.4300000-07:00,in
37,USC00051772,Snow,2016-04-05T00:00:00.0000000-06:00,0.000000,,,7,,NOAA,2018-01-14T03:41:40.4300000-07:00,in
37,USC00051772,Snow,2016-05-01T00:00:00.0000000-06:00,0.000000,,,H,,NOAA,2016-05-15T03:51:34.1000000-06:00,in
37,USC00051772,Snow,2016-05-02T00:00:00.0000000-06:00,0.000000,,,H,,NOAA,2016-05-15T03:51:34.1000000-06:00,in
37,USC00051772,Snow,2016-05-03T00:00:00.0000000-06:00,0.000000,,,H,,NOAA,2016-05-15T03:51:34.1000000-06:00,in
37,USC00051772,Snow,2016-05-04T00:00:00.0000000-06:00,0.000000,,,H,,NOAA,2016-05-15T03:51:34.1000000-06:00,in
37,USC00051772,Snow,2016-05-05T00:00:00.0000000-06:00,0.000000,,,H,,NOAA,2016-05-15T03:51:34.1000000-06:00,in
37,USC00051772,Snow,2016-05-06T00:00:00.0000000-06:00,0.000000,,,H,,NOAA,2016-05-15T03:51:34.1000000-06:00,in
37,USC00051772,Snow,2016-05-07T00:00:00.0000000-06:00,0.000000,,,H,,NOAA,2016-05-15T03:51:34.1000000-06:00,in
37,USC00051772,Snow,2016-05-08T00:00:00.0000000-06:00,0.000000,,,H,,NOAA,2016-05-15T03:51:34.1000000-06:00,in
37,USC00051772,Snow,2016-05-09T00:00:00.0000000-06:00,0.000000,,,H,,NOAA,2016-05-15T03:51:34.1000000-06:00,in
37,USC00051772,Snow,2016-05-10T00:00:00.0000000-06:00,0.000000,,,H,,NOAA,2016-05-15T03:51:34.1000000-06:00,in
37,USC00051772,Snow,2016-05-11T00:00:00.0000000-06:00,0.000000,,,H,,NOAA,2016-05-15T03:51:34.1000000-06:00,in
37,USC00051772,Snow,2016-06-20T00:00:00.0000000-06:00,0.000000,,,7,,NOAA,2018-01-14T03:41:40.4300000-07:00,in
37,USC00051772,Snow,2016-06-21T00:00:00.0000000-06:00,0.000000,,,7,,NOAA,2018-01-14T03:41:40.4300000-07:00,in
37,USC00051772,Snow,2016-06-22T00:00:00.0000000-06:00,0.000000,,,7,,NOAA,2018-01-14T03:41:40.4300000-07:00,in
37,USC00051772,Snow,2016-06-23T00:00:00.0000000-06:00,0.000000,,,7,,NOAA,2018-01-14T03:41:40.4300000-07:00,in
37,USC00051772,Snow,2016-06-27T00:00:00.0000000-06:00,0.000000,,,7,,NOAA,2018-01-14T03:41:40.4300000-07:00,in
37,USC00051772,Snow,2016-06-28T00:00:00.0000000-06:00,0.000000,,,7,,NOAA,2018-01-14T03:41:40.4300000-07:00,in
37,USC00051772,Snow,2016-07-04T00:00:00.0000000-06:00,0.000000,,,7,,NOAA,2018-01-14T03:41:40.4300000-07:00,in
37,USC00051772,Snow,2016-07-08T00:00:00.0000000-06:00,0.000000,,,7,,NOAA,2018-01-14T03:41:40.4300000-07:00,in
37,USC00051772,Snow,2016-07-09T00:00:00.0000000-06:00,0.000000,,,7,,NOAA,2018-01-14T03:41:40.4300000-07:00,in
37,USC00051772,Snow,2016-07-10T00:00:00.0000000-06:00,0.000000,,,7,,NOAA,2018-01-14T03:41:40.4300000-07:00,in
37,USC00051772,Snow,2016-07-11T00:00:00.0000000-06:00,0.000000,,,7,,NOAA,2018-01-14T03:41:40.4300000-07:00,in
37,USC00051772,Snow,2016-07-18T00:00:00.0000000-06:00,0.000000,,,7,,NOAA,2018-01-14T03:41:40.4300000-07:00,in
37,USC00051772,Snow,2016-07-25T00:00:00.0000000-06:00,0.000000,,,7,,NOAA,2018-01-14T03:41:40.4300000-07:00,in
37,USC00051772,Snow,2016-08-01T00:00:00.0000000-06:00,0.000000,,,7,,NOAA,2018-01-14T03:41:40.4300000-07:00,in
37,USC00051772,Snow,2016-08-02T00:00:00.0000000-06:00,0.000000,,,7,,NOAA,2018-01-14T03:41:40.4300000-07:00,in
37,USC00051772,Snow,2016-08-06T00:00:00.0000000-06:00,0.000000,,,7,,NOAA,2018-01-14T03:41:40.4300000-07:00,in
37,USC00051772,Snow,2016-08-07T00:00:00.0000000-06:00,0.000000,,,7,,NOAA,2018-01-14T03:41:40.4300000-07:00,in
37,USC00051772,Snow,2016-08-08T00:00:00.0000000-06:00,0.000000,,,7,,NOAA,2018-01-14T03:41:40.4300000-07:00,in
37,USC00051772,Snow,2016-08-15T00:00:00.0000000-06:00,0.000000,,,7,,NOAA,2018-01-14T03:41:40.4300000-07:00,in
37,USC00051772,Snow,2016-08-23T00:00:00.0000000-06:00,0.000000,T,,7,,NOAA,2018-01-14T03:41:40.4300000-07:00,in
37,USC00051772,Snow,2016-11-16T00:00:00.0000000-07:00,0.000000,,,7,,NOAA,2018-01-14T03:41:40.4300000-07:00,in
37,USC00051772,Snow,2016-11-17T00:00:00.0000000-07:00,0.000000,,,7,,NOAA,2018-01-14T03:41:40.4300000-07:00,in
37,USC00051772,Snow,2016-11-18T00:00:00.0000000-07:00,0.984252,,,7,,NOAA,2018-01-14T03:41:40.4300000-07:00,in
37,USC00051772,Snow,2016-11-27T00:00:00.0000000-07:00,0.118110,,,7,,NOAA,2018-01-14T03:41:40.4300000-07:00,in
37,USC00051772,Snow,2016-11-29T00:00:00.0000000-07:00,1.181102,,,7,,NOAA,2018-01-14T03:41:40.4300000-07:00,in
37,USC00051772,Snow,2016-12-02T00:00:00.0000000-07:00,0.000000,,,7,,NOAA,2018-01-14T03:41:40.4300000-07:00,in
37,USC00051772,Snow,2016-12-03T00:00:00.0000000-07:00,0.000000,,,7,,NOAA,2018-01-14T03:41:40.4300000-07:00,in
37,USC00051772,Snow,2016-12-05T00:00:00.0000000-07:00,0.000000,,,7,,NOAA,2018-01-14T03:41:40.4300000-07:00,in
37,USC00051772,Snow,2016-12-07T00:00:00.0000000-07:00,0.393701,,,7,,NOAA,2018-01-14T03:41:40.4300000-07:00,in
37,USC00051772,Snow,2016-12-08T00:00:00.0000000-07:00,0.000000,,,7,,NOAA,2018-01-14T03:41:40.4300000-07:00,in
37,USC00051772,Snow,2016-12-09T00:00:00.0000000-07:00,0.000000,,,7,,NOAA,2018-01-14T03:41:40.4300000-07:00,in
37,USC00051772,Snow,2016-12-10T00:00:00.0000000-07:00,0.000000,,,7,,NOAA,2018-01-14T03:41:40.4300000-07:00,in
37,USC00051772,Snow,2016-12-14T00:00:00.0000000-07:00,0.000000,,,7,,NOAA,2018-01-14T03:41:40.4300000-07:00,in
37,USC00051772,Snow,2016-12-15T00:00:00.0000000-07:00,0.000000,,,7,,NOAA,2018-01-14T03:41:40.4300000-07:00,in
37,USC00051772,Snow,2016-12-17T00:00:00.0000000-07:00,1.811024,,,7,,NOAA,2018-01-14T03:41:40.4300000-07:00,in
37,USC00051772,Snow,2016-12-18T00:00:00.0000000-07:00,0.000000,,,7,,NOAA,2018-01-14T03:41:40.4300000-07:00,in
37,USC00051772,Snow,2016-12-19T00:00:00.0000000-07:00,0.000000,,,7,,NOAA,2018-01-14T03:41:40.4300000-07:00,in
37,USC00051772,Snow,2016-12-20T00:00:00.0000000-07:00,0.000000,,,7,,NOAA,2018-01-14T03:41:40.4300000-07:00,in
37,USC00051772,Snow,2016-12-21T00:00:00.0000000-07:00,0.000000,,,7,,NOAA,2018-01-14T03:41:40.4300000-07:00,in
37,USC00051772,Snow,2016-12-22T00:00:00.0000000-07:00,0.000000,,,7,,NOAA,2018-01-14T03:41:40.4300000-07:00,in
37,USC00051772,Snow,2016-12-23T00:00:00.0000000-07:00,2.992126,,,7,,NOAA,2018-01-14T03:41:40.4300000-07:00,in
37,USC00051772,Snow,2016-12-24T00:00:00.0000000-07:00,0.000000,,,7,,NOAA,2018-01-14T03:41:40.4300000-07:00,in
37,USC00051772,Snow,2016-12-26T00:00:00.0000000-07:00,0.118110,,,7,,NOAA,2018-01-14T03:41:40.4300000-07:00,in
37,USC00051772,Snow,2016-12-27T00:00:00.0000000-07:00,0.000000,,,7,,NOAA,2018-01-14T03:41:40.4300000-07:00,in
37,USC00051772,Snow,2016-12-28T00:00:00.0000000-07:00,0.000000,,,7,,NOAA,2018-01-14T03:41:40.4300000-07:00,in
37,USC00051772,Snow,2016-12-29T00:00:00.0000000-07:00,0.000000,,,7,,NOAA,2018-01-14T03:41:40.4300000-07:00,in
37,USC00051772,Snow,2016-12-30T00:00:00.0000000-07:00,0.000000,,,7,,NOAA,2018-01-14T03:41:40.4300000-07:00,in
37,USC00051772,Snow,2016-12-31T00:00:00.0000000-07:00,0.000000,,,7,,NOAA,2018-01-14T03:41:40.4300000-07:00,in
37,USC00051772,Snow,2017-01-02T00:00:00.0000000-07:00,0.000000,,,7,,NOAA,2018-05-14T03:18:51.3300000-06:00,in
37,USC00051772,Snow,2017-01-03T00:00:00.0000000-07:00,0.000000,,,7,,NOAA,2018-05-14T03:18:51.3300000-06:00,in
37,USC00051772,Snow,2017-01-04T00:00:00.0000000-07:00,0.000000,,,7,,NOAA,2018-05-14T03:18:51.3300000-06:00,in
37,USC00051772,Snow,2017-01-05T00:00:00.0000000-07:00,2.992126,,,7,,NOAA,2018-05-14T03:18:51.3300000-06:00,in
37,USC00051772,Snow,2017-01-06T00:00:00.0000000-07:00,4.409449,,,7,,NOAA,2018-05-14T03:18:51.3300000-06:00,in
37,USC00051772,Snow,2017-01-07T00:00:00.0000000-07:00,0.000000,,,7,,NOAA,2018-05-14T03:18:51.3300000-06:00,in
37,USC00051772,Snow,2017-01-08T00:00:00.0000000-07:00,0.314961,,,7,,NOAA,2018-05-14T03:18:51.3300000-06:00,in
37,USC00051772,Snow,2017-01-09T00:00:00.0000000-07:00,0.118110,,,7,,NOAA,2018-05-14T03:18:51.3300000-06:00,in
37,USC00051772,Snow,2017-01-10T00:00:00.0000000-07:00,0.393701,,,7,,NOAA,2018-05-14T03:18:51.3300000-06:00,in
37,USC00051772,Snow,2017-01-11T00:00:00.0000000-07:00,0.000000,,,7,,NOAA,2018-05-14T03:18:51.3300000-06:00,in
37,USC00051772,Snow,2017-01-12T00:00:00.0000000-07:00,0.984252,,,7,,NOAA,2018-05-14T03:18:51.3300000-06:00,in
37,USC00051772,Snow,2017-01-13T00:00:00.0000000-07:00,0.000000,,,7,,NOAA,2018-05-14T03:18:51.3300000-06:00,in
37,USC00051772,Snow,2017-01-15T00:00:00.0000000-07:00,0.000000,,,7,,NOAA,2018-05-14T03:18:51.3300000-06:00,in
37,USC00051772,Snow,2017-01-16T00:00:00.0000000-07:00,0.000000,,,7,,NOAA,2018-05-14T03:18:51.3300000-06:00,in
37,USC00051772,Snow,2017-01-18T00:00:00.0000000-07:00,0.000000,,,7,,NOAA,2018-05-14T03:18:51.3300000-06:00,in
37,USC00051772,Snow,2017-01-20T00:00:00.0000000-07:00,1.496063,,,7,,NOAA,2018-05-14T03:18:51.3300000-06:00,in
37,USC00051772,Snow,2017-01-21T00:00:00.0000000-07:00,1.102362,,,7,,NOAA,2018-05-14T03:18:51.3300000-06:00,in
37,USC00051772,Snow,2017-01-22T00:00:00.0000000-07:00,0.196850,,,7,,NOAA,2018-05-14T03:18:51.3300000-06:00,in
37,USC00051772,Snow,2017-01-23T00:00:00.0000000-07:00,0.787402,,,7,,NOAA,2018-05-14T03:18:51.3300000-06:00,in
37,USC00051772,Snow,2017-01-24T00:00:00.0000000-07:00,0.905512,,,7,,NOAA,2018-05-14T03:18:51.3300000-06:00,in
37,USC00051772,Snow,2017-01-26T00:00:00.0000000-07:00,0.511811,,,7,,NOAA,2018-05-14T03:18:51.3300000-06:00,in
37,USC00051772,Snow,2017-01-27T00:00:00.0000000-07:00,0.000000,,,7,,NOAA,2018-05-14T03:18:51.3300000-06:00,in
37,USC00051772,Snow,2017-01-28T00:00:00.0000000-07:00,0.000000,,,7,,NOAA,2018-05-14T03:18:51.3300000-06:00,in
37,USC00051772,Snow,2017-01-29T00:00:00.0000000-07:00,0.000000,,,7,,NOAA,2018-05-14T03:18:51.3300000-06:00,in
37,USC00051772,Snow,2017-02-06T00:00:00.0000000-07:00,0.000000,,,7,,NOAA,2018-05-14T03:18:51.3300000-06:00,in
37,USC00051772,Snow,2017-02-07T00:00:00.0000000-07:00,0.000000,,,7,,NOAA,2018-05-14T03:18:51.3300000-06:00,in
37,USC00051772,Snow,2017-02-13T00:00:00.0000000-07:00,0.000000,,,7,,NOAA,2018-05-14T03:18:51.3300000-06:00,in
37,USC00051772,Snow,2017-02-14T00:00:00.0000000-07:00,0.000000,,,7,,NOAA,2018-05-14T03:18:51.3300000-06:00,in
37,USC00051772,Snow,2017-02-21T00:00:00.0000000-07:00,0.000000,,,7,,NOAA,2018-05-14T03:18:51.3300000-06:00,in
37,USC00051772,Snow,2017-02-22T00:00:00.0000000-07:00,0.000000,,,7,,NOAA,2018-05-14T03:18:51.3300000-06:00,in
37,USC00051772,Snow,2017-02-23T00:00:00.0000000-07:00,0.000000,,,7,,NOAA,2018-05-14T03:18:51.3300000-06:00,in
37,USC00051772,Snow,2017-02-24T00:00:00.0000000-07:00,0.000000,,,7,,NOAA,2018-05-14T03:18:51.3300000-06:00,in
37,USC00051772,Snow,2017-02-27T00:00:00.0000000-07:00,0.000000,T,,7,,NOAA,2018-05-14T03:18:51.3300000-06:00,in
37,USC00051772,Snow,2017-02-28T00:00:00.0000000-07:00,0.905512,,,7,,NOAA,2018-05-14T03:18:51.3300000-06:00,in
37,USC00051772,Snow,2017-03-03T00:00:00.0000000-07:00,0.000000,,,7,,NOAA,2018-05-14T03:18:51.3300000-06:00,in
37,USC00051772,Snow,2017-03-06T00:00:00.0000000-07:00,0.590551,,,7,,NOAA,2018-05-14T03:18:51.3300000-06:00,in
37,USC00051772,Snow,2017-03-08T00:00:00.0000000-07:00,0.000000,,,7,,NOAA,2018-05-14T03:18:51.3300000-06:00,in
37,USC00051772,Snow,2017-04-17T00:00:00.0000000-06:00,0.000000,,,7,,NOAA,2018-05-14T03:18:51.3300000-06:00,in
37,USC00051772,Snow,2017-04-20T00:00:00.0000000-06:00,0.000000,,,7,,NOAA,2018-05-14T03:18:51.3300000-06:00,in
37,USC00051772,Snow,2017-04-26T00:00:00.0000000-06:00,0.000000,T,,7,,NOAA,2018-05-14T03:18:51.3300000-06:00,in
37,USC00051772,Snow,2017-04-27T00:00:00.0000000-06:00,0.000000,,,7,,NOAA,2018-05-14T03:18:51.3300000-06:00,in
37,USC00051772,Snow,2017-04-29T00:00:00.0000000-06:00,0.000000,,,7,,NOAA,2018-05-14T03:18:51.3300000-06:00,in
37,USC00051772,Snow,2017-04-30T00:00:00.0000000-06:00,0.000000,,,7,,NOAA,2018-05-14T03:18:51.3300000-06:00,in
37,USC00051772,Snow,2017-05-03T00:00:00.0000000-06:00,0.000000,,,7,,NOAA,2018-05-14T03:18:51.3300000-06:00,in
37,USC00051772,Snow,2017-05-04T00:00:00.0000000-06:00,0.000000,,,7,,NOAA,2018-05-14T03:18:51.3300000-06:00,in
37,USC00051772,Snow,2017-05-05T00:00:00.0000000-06:00,0.000000,,,7,,NOAA,2018-05-14T03:18:51.3300000-06:00,in
37,USC00051772,Snow,2017-05-10T00:00:00.0000000-06:00,0.000000,,,7,,NOAA,2018-05-14T03:18:51.3300000-06:00,in
37,USC00051772,Snow,2017-05-11T00:00:00.0000000-06:00,0.000000,,,7,,NOAA,2018-05-14T03:18:51.3300000-06:00,in
37,USC00051772,Snow,2017-05-18T00:00:00.0000000-06:00,0.118110,,,7,,NOAA,2018-05-14T03:18:51.3300000-06:00,in
37,USC00051772,Snow,2017-05-25T00:00:00.0000000-06:00,0.000000,,,7,,NOAA,2018-05-14T03:18:51.3300000-06:00,in
37,USC00051772,Snow,2017-06-02T00:00:00.0000000-06:00,0.000000,,,H,,NOAA,2017-07-14T05:08:41.0200000-06:00,in
37,USC00051772,Snow,2017-06-03T00:00:00.0000000-06:00,0.000000,,,H,,NOAA,2017-07-14T05:08:41.0200000-06:00,in
37,USC00051772,Snow,2017-06-06T00:00:00.0000000-06:00,0.000000,,,H,,NOAA,2017-07-14T05:08:41.0200000-06:00,in
37,USC00051772,Snow,2017-06-07T00:00:00.0000000-06:00,0.000000,,,H,,NOAA,2017-07-14T05:08:41.0200000-06:00,in
37,USC00051772,Snow,2017-06-08T00:00:00.0000000-06:00,0.000000,,,H,,NOAA,2017-07-14T05:08:41.0200000-06:00,in
37,USC00051772,Snow,2017-06-10T00:00:00.0000000-06:00,0.000000,,,H,,NOAA,2017-07-14T05:08:41.0200000-06:00,in
37,USC00051772,Snow,2017-06-11T00:00:00.0000000-06:00,0.000000,,,H,,NOAA,2017-07-14T05:08:41.0200000-06:00,in
37,USC00051772,Snow,2017-06-18T00:00:00.0000000-06:00,0.000000,,,H,,NOAA,2017-07-14T05:08:41.0200000-06:00,in
37,USC00051772,Snow,2017-06-23T00:00:00.0000000-06:00,0.000000,,,H,,NOAA,2017-07-14T05:08:41.0200000-06:00,in
37,USC00051772,Snow,2017-06-24T00:00:00.0000000-06:00,0.000000,,,H,,NOAA,2017-07-14T05:08:41.0200000-06:00,in
37,USC00051772,Snow,2017-06-25T00:00:00.0000000-06:00,0.000000,,,H,,NOAA,2017-07-14T05:08:41.0200000-06:00,in
37,USC00051772,Snow,2017-06-26T00:00:00.0000000-06:00,0.000000,,,H,,NOAA,2017-07-14T05:08:41.0200000-06:00,in
37,USC00051772,Snow,2017-06-27T00:00:00.0000000-06:00,0.000000,,,H,,NOAA,2017-07-14T05:08:41.0200000-06:00,in
37,USC00051772,Snow,2017-07-02T00:00:00.0000000-06:00,0.000000,,,H,,NOAA,2017-08-14T03:32:15.0900000-06:00,in
37,USC00051772,Snow,2017-07-03T00:00:00.0000000-06:00,0.000000,,,H,,NOAA,2017-08-14T03:32:15.0900000-06:00,in
37,USC00051772,Snow,2017-07-07T00:00:00.0000000-06:00,0.000000,,,H,,NOAA,2017-08-14T03:32:15.0900000-06:00,in
37,USC00051772,Snow,2017-07-08T00:00:00.0000000-06:00,0.000000,,,H,,NOAA,2017-08-14T03:32:15.0900000-06:00,in
37,USC00051772,Snow,2017-07-09T00:00:00.0000000-06:00,0.000000,,,H,,NOAA,2017-08-14T03:32:15.0900000-06:00,in
37,USC00051772,Snow,2017-07-11T00:00:00.0000000-06:00,0.000000,,,H,,NOAA,2017-08-14T03:32:15.0900000-06:00,in
37,USC00051772,Snow,2017-07-13T00:00:00.0000000-06:00,0.000000,,,H,,NOAA,2017-08-14T03:32:15.0900000-06:00,in
37,USC00051772,Snow,2017-07-17T00:00:00.0000000-06:00,0.000000,,,H,,NOAA,2017-08-14T03:32:15.0900000-06:00,in
37,USC00051772,Snow,2017-07-18T00:00:00.0000000-06:00,0.000000,,,H,,NOAA,2017-08-14T03:32:15.0900000-06:00,in
37,USC00051772,Snow,2017-07-19T00:00:00.0000000-06:00,0.000000,,,H,,NOAA,2017-08-14T03:32:15.0900000-06:00,in
37,USC00051772,Snow,2017-07-20T00:00:00.0000000-06:00,0.000000,,,H,,NOAA,2017-08-14T03:32:15.0900000-06:00,in
37,USC00051772,Snow,2017-07-21T00:00:00.0000000-06:00,0.000000,,,H,,NOAA,2017-08-14T03:32:15.0900000-06:00,in
37,USC00051772,Snow,2017-07-23T00:00:00.0000000-06:00,0.000000,,,H,,NOAA,2017-08-14T03:32:15.0900000-06:00,in
37,USC00051772,Snow,2017-07-24T00:00:00.0000000-06:00,0.000000,,,H,,NOAA,2017-08-14T03:32:15.0900000-06:00,in
37,USC00051772,Snow,2017-07-25T00:00:00.0000000-06:00,0.000000,,,H,,NOAA,2017-08-14T03:32:15.0900000-06:00,in
37,USC00051772,Snow,2017-07-26T00:00:00.0000000-06:00,0.000000,,,H,,NOAA,2017-08-14T03:32:15.0900000-06:00,in
37,USC00051772,Snow,2017-07-28T00:00:00.0000000-06:00,0.000000,,,H,,NOAA,2017-08-14T03:32:15.0900000-06:00,in
37,USC00051772,Snow,2017-07-29T00:00:00.0000000-06:00,0.000000,,,H,,NOAA,2017-08-14T03:32:15.0900000-06:00,in
37,USC00051772,Snow,2017-07-30T00:00:00.0000000-06:00,0.000000,,,H,,NOAA,2017-08-14T03:32:15.0900000-06:00,in
37,USC00051772,Snow,2017-08-02T00:00:00.0000000-06:00,0.000000,,,H,,NOAA,2017-09-14T03:42:12.0530000-06:00,in
37,USC00051772,Snow,2017-08-03T00:00:00.0000000-06:00,0.000000,,,H,,NOAA,2017-09-14T03:42:12.0530000-06:00,in
37,USC00051772,Snow,2017-08-04T00:00:00.0000000-06:00,0.000000,,,H,,NOAA,2017-09-14T03:42:12.0530000-06:00,in
37,USC00051772,Snow,2017-08-05T00:00:00.0000000-06:00,0.000000,,,H,,NOAA,2017-09-14T03:42:12.0530000-06:00,in
37,USC00051772,Snow,2017-08-07T00:00:00.0000000-06:00,0.000000,,,H,,NOAA,2017-09-14T03:42:12.0530000-06:00,in
37,USC00051772,Snow,2017-08-09T00:00:00.0000000-06:00,0.000000,,,H,,NOAA,2017-09-14T03:42:12.0530000-06:00,in
37,USC00051772,Snow,2017-08-10T00:00:00.0000000-06:00,0.000000,,,H,,NOAA,2017-09-14T03:42:12.0530000-06:00,in
37,USC00051772,Snow,2017-08-11T00:00:00.0000000-06:00,0.000000,,,H,,NOAA,2017-09-14T03:42:12.0530000-06:00,in
37,USC00051772,Snow,2017-08-12T00:00:00.0000000-06:00,0.000000,,,H,,NOAA,2017-09-14T03:42:12.0530000-06:00,in
37,USC00051772,Snow,2017-08-13T00:00:00.0000000-06:00,0.000000,,,H,,NOAA,2017-09-14T03:42:12.0530000-06:00,in
37,USC00051772,Snow,2017-08-14T00:00:00.0000000-06:00,0.000000,,,H,,NOAA,2017-09-14T03:42:12.0530000-06:00,in
37,USC00051772,Snow,2017-08-17T00:00:00.0000000-06:00,0.000000,,,H,,NOAA,2017-09-14T03:42:12.0530000-06:00,in
37,USC00051772,Snow,2017-08-18T00:00:00.0000000-06:00,0.000000,,,H,,NOAA,2017-09-14T03:42:12.0530000-06:00,in
37,USC00051772,Snow,2017-08-19T00:00:00.0000000-06:00,0.000000,,,H,,NOAA,2017-09-14T03:42:12.0530000-06:00,in
37,USC00051772,Snow,2017-08-21T00:00:00.0000000-06:00,0.000000,,,H,,NOAA,2017-09-14T03:42:12.0530000-06:00,in
37,USC00051772,Snow,2017-08-22T00:00:00.0000000-06:00,0.000000,,,H,,NOAA,2017-09-14T03:42:12.0530000-06:00,in
37,USC00051772,Snow,2017-08-25T00:00:00.0000000-06:00,0.000000,,,H,,NOAA,2017-09-14T03:42:12.0530000-06:00,in
37,USC00051772,Snow,2017-08-27T00:00:00.0000000-06:00,0.000000,,,H,,NOAA,2017-09-14T03:42:12.0530000-06:00,in
37,USC00051772,Snow,2017-08-28T00:00:00.0000000-06:00,0.000000,,,H,,NOAA,2017-09-14T03:42:12.0530000-06:00,in
37,USC00051772,Snow,2017-10-08T00:00:00.0000000-06:00,0.000000,,,7,,NOAA,2018-05-14T03:18:51.3300000-06:00,in
37,USC00051772,Snow,2017-11-01T00:00:00.0000000-06:00,0.000000,,,7,,NOAA,2018-05-14T03:18:51.3300000-06:00,in
37,USC00051772,Snow,2017-11-02T00:00:00.0000000-06:00,0.000000,,,7,,NOAA,2018-05-14T03:18:51.3300000-06:00,in
37,USC00051772,Snow,2017-11-03T00:00:00.0000000-06:00,0.000000,,,7,,NOAA,2018-05-14T03:18:51.3300000-06:00,in
37,USC00051772,Snow,2017-11-04T00:00:00.0000000-06:00,0.000000,,,7,,NOAA,2018-05-14T03:18:51.3300000-06:00,in
37,USC00051772,Snow,2017-11-05T00:00:00.0000000-06:00,0.000000,,,7,,NOAA,2018-05-14T03:18:51.3300000-06:00,in
37,USC00051772,Snow,2017-11-06T00:00:00.0000000-07:00,0.000000,,,7,,NOAA,2018-05-14T03:18:51.3300000-06:00,in
37,USC00051772,Snow,2017-11-07T00:00:00.0000000-07:00,0.000000,,,7,,NOAA,2018-05-14T03:18:51.3300000-06:00,in
37,USC00051772,Snow,2017-11-08T00:00:00.0000000-07:00,0.000000,,,7,,NOAA,2018-05-14T03:18:51.3300000-06:00,in
37,USC00051772,Snow,2017-11-09T00:00:00.0000000-07:00,0.000000,,,7,,NOAA,2018-05-14T03:18:51.3300000-06:00,in
37,USC00051772,Snow,2017-11-10T00:00:00.0000000-07:00,0.000000,,,7,,NOAA,2018-05-14T03:18:51.3300000-06:00,in
37,USC00051772,Snow,2017-11-11T00:00:00.0000000-07:00,0.000000,,,7,,NOAA,2018-05-14T03:18:51.3300000-06:00,in
37,USC00051772,Snow,2017-11-12T00:00:00.0000000-07:00,0.000000,,,7,,NOAA,2018-05-14T03:18:51.3300000-06:00,in
37,USC00051772,Snow,2017-11-13T00:00:00.0000000-07:00,0.000000,,,7,,NOAA,2018-05-14T03:18:51.3300000-06:00,in
37,USC00051772,Snow,2017-11-14T00:00:00.0000000-07:00,0.000000,,,7,,NOAA,2018-05-14T03:18:51.3300000-06:00,in
37,USC00051772,Snow,2017-11-15T00:00:00.0000000-07:00,0.000000,,,7,,NOAA,2018-05-14T03:18:51.3300000-06:00,in
37,USC00051772,Snow,2017-11-16T00:00:00.0000000-07:00,0.000000,,,7,,NOAA,2018-05-14T03:18:51.3300000-06:00,in
37,USC00051772,Snow,2017-11-17T00:00:00.0000000-07:00,0.000000,,,7,,NOAA,2018-05-14T03:18:51.3300000-06:00,in
37,USC00051772,Snow,2017-11-18T00:00:00.0000000-07:00,0.000000,,,7,,NOAA,2018-05-14T03:18:51.3300000-06:00,in
37,USC00051772,Snow,2017-11-19T00:00:00.0000000-07:00,0.000000,,,7,,NOAA,2018-05-14T03:18:51.3300000-06:00,in
37,USC00051772,Snow,2017-11-20T00:00:00.0000000-07:00,0.000000,,,7,,NOAA,2018-05-14T03:18:51.3300000-06:00,in
37,USC00051772,Snow,2017-11-21T00:00:00.0000000-07:00,0.000000,,,7,,NOAA,2018-05-14T03:18:51.3300000-06:00,in
37,USC00051772,Snow,2017-11-22T00:00:00.0000000-07:00,0.000000,,,7,,NOAA,2018-05-14T03:18:51.3300000-06:00,in
37,USC00051772,Snow,2017-11-23T00:00:00.0000000-07:00,0.000000,,,7,,NOAA,2018-05-14T03:18:51.3300000-06:00,in
37,USC00051772,Snow,2017-11-24T00:00:00.0000000-07:00,0.000000,,,7,,NOAA,2018-05-14T03:18:51.3300000-06:00,in
37,USC00051772,Snow,2017-11-25T00:00:00.0000000-07:00,0.000000,,,7,,NOAA,2018-05-14T03:18:51.3300000-06:00,in
37,USC00051772,Snow,2017-11-26T00:00:00.0000000-07:00,0.000000,,,7,,NOAA,2018-05-14T03:18:51.3300000-06:00,in
37,USC00051772,Snow,2017-11-27T00:00:00.0000000-07:00,0.000000,,,7,,NOAA,2018-05-14T03:18:51.3300000-06:00,in
37,USC00051772,Snow,2017-11-28T00:00:00.0000000-07:00,0.000000,,,7,,NOAA,2018-05-14T03:18:51.3300000-06:00,in
37,USC00051772,Snow,2017-11-29T00:00:00.0000000-07:00,0.000000,,,7,,NOAA,2018-05-14T03:18:51.3300000-06:00,in
37,USC00051772,Snow,2017-11-30T00:00:00.0000000-07:00,0.000000,,,7,,NOAA,2018-05-14T03:18:51.3300000-06:00,in
37,USC00051772,Snow,2017-12-01T00:00:00.0000000-07:00,0.000000,,,7,,NOAA,2018-05-14T03:18:51.3300000-06:00,in
37,USC00051772,Snow,2017-12-02T00:00:00.0000000-07:00,0.000000,,,7,,NOAA,2018-05-14T03:18:51.3300000-06:00,in
37,USC00051772,Snow,2017-12-03T00:00:00.0000000-07:00,0.000000,,,7,,NOAA,2018-05-14T03:18:51.3300000-06:00,in
37,USC00051772,Snow,2017-12-04T00:00:00.0000000-07:00,0.000000,,,7,,NOAA,2018-05-14T03:18:51.3300000-06:00,in
37,USC00051772,Snow,2017-12-05T00:00:00.0000000-07:00,0.000000,,,7,,NOAA,2018-05-14T03:18:51.3300000-06:00,in
37,USC00051772,Snow,2017-12-06T00:00:00.0000000-07:00,0.000000,,,7,,NOAA,2018-05-14T03:18:51.3300000-06:00,in
37,USC00051772,Snow,2017-12-07T00:00:00.0000000-07:00,0.000000,,,7,,NOAA,2018-05-14T03:18:51.3300000-06:00,in
37,USC00051772,Snow,2017-12-08T00:00:00.0000000-07:00,0.000000,,,7,,NOAA,2018-05-14T03:18:51.3300000-06:00,in
37,USC00051772,Snow,2017-12-09T00:00:00.0000000-07:00,0.000000,,,7,,NOAA,2018-05-14T03:18:51.3300000-06:00,in
37,USC00051772,Snow,2017-12-10T00:00:00.0000000-07:00,0.000000,,,7,,NOAA,2018-05-14T03:18:51.3300000-06:00,in
37,USC00051772,Snow,2017-12-11T00:00:00.0000000-07:00,0.000000,,,7,,NOAA,2018-05-14T03:18:51.3300000-06:00,in
37,USC00051772,Snow,2017-12-12T00:00:00.0000000-07:00,0.000000,,,7,,NOAA,2018-05-14T03:18:51.3300000-06:00,in
37,USC00051772,Snow,2017-12-13T00:00:00.0000000-07:00,0.000000,,,7,,NOAA,2018-05-14T03:18:51.3300000-06:00,in
37,USC00051772,Snow,2017-12-14T00:00:00.0000000-07:00,0.000000,,,7,,NOAA,2018-05-14T03:18:51.3300000-06:00,in
37,USC00051772,Snow,2017-12-15T00:00:00.0000000-07:00,0.000000,,,7,,NOAA,2018-05-14T03:18:51.3300000-06:00,in
37,USC00051772,Snow,2017-12-16T00:00:00.0000000-07:00,0.000000,,,7,,NOAA,2018-05-14T03:18:51.3300000-06:00,in
37,USC00051772,Snow,2017-12-17T00:00:00.0000000-07:00,0.000000,,,7,,NOAA,2018-05-14T03:18:51.3300000-06:00,in
37,USC00051772,Snow,2017-12-18T00:00:00.0000000-07:00,0.000000,,,7,,NOAA,2018-05-14T03:18:51.3300000-06:00,in
37,USC00051772,Snow,2017-12-19T00:00:00.0000000-07:00,0.000000,,,7,,NOAA,2018-05-14T03:18:51.3300000-06:00,in
37,USC00051772,Snow,2017-12-20T00:00:00.0000000-07:00,0.000000,,,7,,NOAA,2018-05-14T03:18:51.3300000-06:00,in
37,USC00051772,Snow,2017-12-21T00:00:00.0000000-07:00,0.000000,,,7,,NOAA,2018-05-14T03:18:51.3300000-06:00,in
37,USC00051772,Snow,2017-12-22T00:00:00.0000000-07:00,0.000000,,,7,,NOAA,2018-05-14T03:18:51.3300000-06:00,in
37,USC00051772,Snow,2017-12-23T00:00:00.0000000-07:00,0.000000,,,7,,NOAA,2018-05-14T03:18:51.3300000-06:00,in
37,USC00051772,Snow,2017-12-24T00:00:00.0000000-07:00,0.000000,,,7,,NOAA,2018-05-14T03:18:51.3300000-06:00,in
37,USC00051772,Snow,2017-12-25T00:00:00.0000000-07:00,0.000000,,,7,,NOAA,2018-05-14T03:18:51.3300000-06:00,in
37,USC00051772,Snow,2017-12-26T00:00:00.0000000-07:00,0.000000,,,7,,NOAA,2018-05-14T03:18:51.3300000-06:00,in
37,USC00051772,Snow,2017-12-27T00:00:00.0000000-07:00,0.000000,,,7,,NOAA,2018-05-14T03:18:51.3300000-06:00,in
37,USC00051772,Snow,2017-12-28T00:00:00.0000000-07:00,0.000000,,,7,,NOAA,2018-05-14T03:18:51.3300000-06:00,in
37,USC00051772,Snow,2017-12-29T00:00:00.0000000-07:00,0.000000,,,7,,NOAA,2018-05-14T03:18:51.3300000-06:00,in
37,USC00051772,Snow,2017-12-30T00:00:00.0000000-07:00,0.000000,,,7,,NOAA,2018-05-14T03:18:51.3300000-06:00,in
37,USC00051772,Snow,2017-12-31T00:00:00.0000000-07:00,0.000000,,,7,,NOAA,2018-05-14T03:18:51.3300000-06:00,in
37,USC00051772,Snow,2018-01-01T00:00:00.0000000-07:00,0.000000,,,7,,NOAA,2018-05-14T03:18:51.3300000-06:00,in
37,USC00051772,Snow,2018-01-02T00:00:00.0000000-07:00,0.000000,,,7,,NOAA,2018-05-14T03:18:51.3300000-06:00,in
37,USC00051772,Snow,2018-01-03T00:00:00.0000000-07:00,0.000000,,,7,,NOAA,2018-05-14T03:18:51.3300000-06:00,in
37,USC00051772,Snow,2018-01-04T00:00:00.0000000-07:00,0.000000,,,7,,NOAA,2018-05-14T03:18:51.3300000-06:00,in
37,USC00051772,Snow,2018-01-05T00:00:00.0000000-07:00,0.000000,,,7,,NOAA,2018-05-14T03:18:51.3300000-06:00,in
37,USC00051772,Snow,2018-01-06T00:00:00.0000000-07:00,0.000000,,,7,,NOAA,2018-05-14T03:18:51.3300000-06:00,in
37,USC00051772,Snow,2018-01-07T00:00:00.0000000-07:00,0.000000,,,7,,NOAA,2018-05-14T03:18:51.3300000-06:00,in
37,USC00051772,Snow,2018-01-08T00:00:00.0000000-07:00,0.000000,,,7,,NOAA,2018-05-14T03:18:51.3300000-06:00,in
37,USC00051772,Snow,2018-01-09T00:00:00.0000000-07:00,0.000000,,,7,,NOAA,2018-05-14T03:18:51.3300000-06:00,in
37,USC00051772,Snow,2018-01-10T00:00:00.0000000-07:00,0.000000,,,7,,NOAA,2018-05-14T03:18:51.3300000-06:00,in
37,USC00051772,Snow,2018-01-11T00:00:00.0000000-07:00,0.000000,,,7,,NOAA,2018-05-14T03:18:51.3300000-06:00,in
37,USC00051772,Snow,2018-01-12T00:00:00.0000000-07:00,0.000000,,,7,,NOAA,2018-05-14T03:18:51.3300000-06:00,in
37,USC00051772,Snow,2018-01-13T00:00:00.0000000-07:00,0.000000,,,7,,NOAA,2018-05-14T03:18:51.3300000-06:00,in
37,USC00051772,Snow,2018-01-14T00:00:00.0000000-07:00,0.000000,,,7,,NOAA,2018-05-14T03:18:51.3300000-06:00,in
37,USC00051772,Snow,2018-01-15T00:00:00.0000000-07:00,0.000000,,,7,,NOAA,2018-05-14T03:18:51.3300000-06:00,in
37,USC00051772,Snow,2018-01-16T00:00:00.0000000-07:00,0.000000,,,7,,NOAA,2018-05-14T03:18:51.3300000-06:00,in
37,USC00051772,Snow,2018-01-17T00:00:00.0000000-07:00,0.000000,,,7,,NOAA,2018-05-14T03:18:51.3300000-06:00,in
37,USC00051772,Snow,2018-01-18T00:00:00.0000000-07:00,0.000000,,,7,,NOAA,2018-05-14T03:18:51.3300000-06:00,in
37,USC00051772,Snow,2018-01-19T00:00:00.0000000-07:00,0.000000,,,7,,NOAA,2018-05-14T03:18:51.3300000-06:00,in
37,USC00051772,Snow,2018-01-20T00:00:00.0000000-07:00,0.000000,,,7,,NOAA,2018-05-14T03:18:51.3300000-06:00,in
37,USC00051772,Snow,2018-01-21T00:00:00.0000000-07:00,2.007874,,,7,,NOAA,2018-05-14T03:18:51.3300000-06:00,in
37,USC00051772,Snow,2018-01-23T00:00:00.0000000-07:00,0.393701,,,7,,NOAA,2018-05-14T03:18:51.3300000-06:00,in
37,USC00051772,Snow,2018-01-24T00:00:00.0000000-07:00,0.000000,T,,7,,NOAA,2018-05-14T03:18:51.3300000-06:00,in
37,USC00051772,Snow,2018-01-25T00:00:00.0000000-07:00,0.000000,,,7,,NOAA,2018-05-14T03:18:51.3300000-06:00,in
37,USC00051772,Snow,2018-01-26T00:00:00.0000000-07:00,0.000000,,,7,,NOAA,2018-05-14T03:18:51.3300000-06:00,in
37,USC00051772,Snow,2018-01-27T00:00:00.0000000-07:00,0.000000,,,7,,NOAA,2018-05-14T03:18:51.3300000-06:00,in
37,USC00051772,Snow,2018-01-28T00:00:00.0000000-07:00,0.000000,,,7,,NOAA,2018-05-14T03:18:51.3300000-06:00,in
37,USC00051772,Snow,2018-01-29T00:00:00.0000000-07:00,0.000000,,,7,,NOAA,2018-05-14T03:18:51.3300000-06:00,in
37,USC00051772,Snow,2018-01-30T00:00:00.0000000-07:00,0.000000,,,7,,NOAA,2018-05-14T03:18:51.3300000-06:00,in
37,USC00051772,Snow,2018-01-31T00:00:00.0000000-07:00,0.000000,,,7,,NOAA,2018-05-14T03:18:51.3300000-06:00,in
37,USC00051772,Snow,2018-02-01T00:00:00.0000000-07:00,0.000000,,,7,,NOAA,2018-05-14T03:18:51.3300000-06:00,in
37,USC00051772,Snow,2018-02-02T00:00:00.0000000-07:00,0.000000,,,7,,NOAA,2018-05-14T03:18:51.3300000-06:00,in
37,USC00051772,Snow,2018-02-03T00:00:00.0000000-07:00,0.000000,,,7,,NOAA,2018-05-14T03:18:51.3300000-06:00,in
37,USC00051772,Snow,2018-02-04T00:00:00.0000000-07:00,0.000000,,,7,,NOAA,2018-05-14T03:18:51.3300000-06:00,in
37,USC00051772,Snow,2018-02-05T00:00:00.0000000-07:00,0.000000,,,7,,NOAA,2018-05-14T03:18:51.3300000-06:00,in
37,USC00051772,Snow,2018-02-06T00:00:00.0000000-07:00,0.000000,,,7,,NOAA,2018-05-14T03:18:51.3300000-06:00,in
37,USC00051772,Snow,2018-02-07T00:00:00.0000000-07:00,0.000000,,,7,,NOAA,2018-05-14T03:18:51.3300000-06:00,in
37,USC00051772,Snow,2018-02-08T00:00:00.0000000-07:00,0.000000,,,7,,NOAA,2018-05-14T03:18:51.3300000-06:00,in
37,USC00051772,Snow,2018-02-09T00:00:00.0000000-07:00,0.000000,,,7,,NOAA,2018-05-14T03:18:51.3300000-06:00,in
37,USC00051772,Snow,2018-02-10T00:00:00.0000000-07:00,0.000000,,,7,,NOAA,2018-05-14T03:18:51.3300000-06:00,in
37,USC00051772,Snow,2018-02-11T00:00:00.0000000-07:00,1.102362,,,7,,NOAA,2018-05-14T03:18:51.3300000-06:00,in
37,USC00051772,Snow,2018-02-12T00:00:00.0000000-07:00,0.000000,,,7,,NOAA,2018-05-14T03:18:51.3300000-06:00,in
37,USC00051772,Snow,2018-02-13T00:00:00.0000000-07:00,3.307087,,,7,,NOAA,2018-05-14T03:18:51.3300000-06:00,in
37,USC00051772,Snow,2018-02-14T00:00:00.0000000-07:00,0.590551,,,7,,NOAA,2018-05-14T03:18:51.3300000-06:00,in
37,USC00051772,Snow,2018-02-15T00:00:00.0000000-07:00,0.000000,,,7,,NOAA,2018-05-14T03:18:51.3300000-06:00,in
37,USC00051772,Snow,2018-02-16T00:00:00.0000000-07:00,0.000000,,,7,,NOAA,2018-05-14T03:18:51.3300000-06:00,in
37,USC00051772,Snow,2018-02-17T00:00:00.0000000-07:00,0.000000,,,7,,NOAA,2018-05-14T03:18:51.3300000-06:00,in
37,USC00051772,Snow,2018-02-18T00:00:00.0000000-07:00,0.000000,,,7,,NOAA,2018-05-14T03:18:51.3300000-06:00,in
37,USC00051772,Snow,2018-02-19T00:00:00.0000000-07:00,0.000000,,,7,,NOAA,2018-05-14T03:18:51.3300000-06:00,in
37,USC00051772,Snow,2018-02-20T00:00:00.0000000-07:00,2.204724,,,7,,NOAA,2018-05-14T03:18:51.3300000-06:00,in
37,USC00051772,Snow,2018-02-21T00:00:00.0000000-07:00,0.000000,,,7,,NOAA,2018-05-14T03:18:51.3300000-06:00,in
37,USC00051772,Snow,2018-02-22T00:00:00.0000000-07:00,0.984252,,,7,,NOAA,2018-05-14T03:18:51.3300000-06:00,in
37,USC00051772,Snow,2018-02-23T00:00:00.0000000-07:00,0.314961,,,7,,NOAA,2018-05-14T03:18:51.3300000-06:00,in
37,USC00051772,Snow,2018-02-24T00:00:00.0000000-07:00,0.000000,,,7,,NOAA,2018-05-14T03:18:51.3300000-06:00,in
37,USC00051772,Snow,2018-02-25T00:00:00.0000000-07:00,0.000000,T,,7,,NOAA,2018-05-14T03:18:51.3300000-06:00,in
37,USC00051772,Snow,2018-02-26T00:00:00.0000000-07:00,0.000000,,,7,,NOAA,2018-05-14T03:18:51.3300000-06:00,in
37,USC00051772,Snow,2018-02-27T00:00:00.0000000-07:00,0.000000,,,7,,NOAA,2018-05-14T03:18:51.3300000-06:00,in
37,USC00051772,Snow,2018-02-28T00:00:00.0000000-07:00,0.000000,,,7,,NOAA,2018-05-14T03:18:51.3300000-06:00,in
37,USC00051772,Snow,2018-03-01T00:00:00.0000000-07:00,0.000000,,,7,,NOAA,2018-05-14T03:18:51.3300000-06:00,in
37,USC00051772,Snow,2018-03-02T00:00:00.0000000-07:00,0.000000,,,7,,NOAA,2018-05-14T03:18:51.3300000-06:00,in
37,USC00051772,Snow,2018-03-03T00:00:00.0000000-07:00,0.000000,,,7,,NOAA,2018-05-14T03:18:51.3300000-06:00,in
37,USC00051772,Snow,2018-03-04T00:00:00.0000000-07:00,0.000000,,,7,,NOAA,2018-05-14T03:18:51.3300000-06:00,in
37,USC00051772,Snow,2018-03-05T00:00:00.0000000-07:00,0.393701,,,7,,NOAA,2018-05-14T03:18:51.3300000-06:00,in
37,USC00051772,Snow,2018-03-06T00:00:00.0000000-07:00,0.000000,,,7,,NOAA,2018-05-14T03:18:51.3300000-06:00,in
37,USC00051772,Snow,2018-03-07T00:00:00.0000000-07:00,0.000000,,,7,,NOAA,2018-05-14T03:18:51.3300000-06:00,in
37,USC00051772,Snow,2018-03-09T00:00:00.0000000-07:00,0.000000,,,7,,NOAA,2018-05-14T03:18:51.3300000-06:00,in
37,USC00051772,Snow,2018-03-10T00:00:00.0000000-07:00,0.000000,,,7,,NOAA,2018-05-14T03:18:51.3300000-06:00,in
37,USC00051772,Snow,2018-03-11T00:00:00.0000000-07:00,0.000000,,,7,,NOAA,2018-05-14T03:18:51.3300000-06:00,in
37,USC00051772,Snow,2018-03-12T00:00:00.0000000-06:00,0.000000,,,7,,NOAA,2018-05-14T03:18:51.3300000-06:00,in
37,USC00051772,Snow,2018-03-13T00:00:00.0000000-06:00,0.000000,,,7,,NOAA,2018-05-14T03:18:51.3300000-06:00,in
37,USC00051772,Snow,2018-03-14T00:00:00.0000000-06:00,0.000000,,,7,,NOAA,2018-05-14T03:18:51.3300000-06:00,in
37,USC00051772,Snow,2018-03-15T00:00:00.0000000-06:00,0.000000,,,7,,NOAA,2018-05-14T03:18:51.3300000-06:00,in
37,USC00051772,Snow,2018-03-16T00:00:00.0000000-06:00,0.000000,,,7,,NOAA,2018-05-14T03:18:51.3300000-06:00,in
37,USC00051772,Snow,2018-03-17T00:00:00.0000000-06:00,0.000000,,,7,,NOAA,2018-05-14T03:18:51.3300000-06:00,in
37,USC00051772,Snow,2018-03-18T00:00:00.0000000-06:00,0.000000,,,7,,NOAA,2018-05-14T03:18:51.3300000-06:00,in
37,USC00051772,Snow,2018-03-19T00:00:00.0000000-06:00,0.000000,T,,7,,NOAA,2018-05-14T03:18:51.3300000-06:00,in
37,USC00051772,Snow,2018-03-20T00:00:00.0000000-06:00,0.000000,,,7,,NOAA,2018-05-14T03:18:51.3300000-06:00,in
37,USC00051772,Snow,2018-03-21T00:00:00.0000000-06:00,0.000000,,,7,,NOAA,2018-05-14T03:18:51.3300000-06:00,in
37,USC00051772,Snow,2018-03-22T00:00:00.0000000-06:00,0.000000,,,7,,NOAA,2018-05-14T03:18:51.3300000-06:00,in
37,USC00051772,Snow,2018-03-23T00:00:00.0000000-06:00,0.000000,,,7,,NOAA,2018-05-14T03:18:51.3300000-06:00,in
37,USC00051772,Snow,2018-03-24T00:00:00.0000000-06:00,0.000000,,,7,,NOAA,2018-05-14T03:18:51.3300000-06:00,in
37,USC00051772,Snow,2018-03-25T00:00:00.0000000-06:00,0.000000,,,7,,NOAA,2018-05-14T03:18:51.3300000-06:00,in
37,USC00051772,Snow,2018-03-26T00:00:00.0000000-06:00,0.000000,,,7,,NOAA,2018-05-14T03:18:51.3300000-06:00,in
37,USC00051772,Snow,2018-03-27T00:00:00.0000000-06:00,0.000000,,,7,,NOAA,2018-05-14T03:18:51.3300000-06:00,in
37,USC00051772,Snow,2018-03-28T00:00:00.0000000-06:00,0.000000,,,7,,NOAA,2018-05-14T03:18:51.3300000-06:00,in
37,USC00051772,Snow,2018-03-29T00:00:00.0000000-06:00,0.000000,,,7,,NOAA,2018-05-14T03:18:51.3300000-06:00,in
37,USC00051772,Snow,2018-03-30T00:00:00.0000000-06:00,0.000000,,,7,,NOAA,2018-05-14T03:18:51.3300000-06:00,in
37,USC00051772,Snow,2018-03-31T00:00:00.0000000-06:00,0.000000,,,7,,NOAA,2018-05-14T03:18:51.3300000-06:00,in
37,USC00051772,Snow,2018-04-01T00:00:00.0000000-06:00,0.000000,,,H,,NOAA,2018-05-14T03:18:51.3300000-06:00,in
37,USC00051772,Snow,2018-04-02T00:00:00.0000000-06:00,0.000000,,,H,,NOAA,2018-05-14T03:18:51.3300000-06:00,in
37,USC00051772,Snow,2018-04-03T00:00:00.0000000-06:00,0.000000,,,H,,NOAA,2018-05-14T03:18:51.3300000-06:00,in
37,USC00051772,Snow,2018-04-07T00:00:00.0000000-06:00,0.000000,,,H,,NOAA,2018-05-14T03:18:51.3300000-06:00,in